term,freq,range,score,doc_ids
urban planning,16,16,32,"[27, 81, 131, 136, 167, 190, 248, 253, 258, 263, 311, 329, 351, 482, 514, 552]"
landslide susceptibility,24,6,30,"[27, 81, 131, 248, 329, 514]"
urban area,16,11,27,"[3, 20, 69, 159, 176, 217, 254, 274, 335, 351, 552]"
land use,22,5,27,"[45, 81, 258, 311, 514]"
machine learning,13,11,24,"[20, 22, 53, 112, 131, 136, 159, 190, 217, 248, 274]"
urban land,14,3,17,"[45, 167, 258]"
neural network,8,6,14,"[27, 112, 176, 190, 253, 254]"
susceptibility map,8,6,14,"[27, 81, 131, 176, 248, 514]"
susceptibility mapping,8,6,14,"[131, 159, 176, 248, 329, 514]"
study area,7,5,12,"[248, 253, 254, 274, 351]"
big data,6,5,11,"[3, 20, 45, 335, 353]"
support vector,6,5,11,"[112, 167, 253, 482, 514]"
vector machine,6,5,11,"[112, 167, 253, 482, 514]"
experimental result,5,5,10,"[45, 69, 112, 167, 552]"
urban study,5,5,10,"[45, 53, 124, 185, 482]"
case study,6,4,10,"[217, 254, 262, 364]"
transit mobility,8,1,9,[69]
urban data,5,3,8,"[22, 69, 364]"
mobility structure,7,1,8,[69]
life circle,7,1,8,[136]
land cover,6,2,8,"[167, 361]"
overall accuracy,4,4,8,"[167, 254, 311, 361]"
rf model,6,2,8,"[248, 329]"
conditioning factor,4,3,7,"[27, 248, 253]"
learning technique,4,3,7,"[131, 136, 248]"
random forest,4,3,7,"[159, 176, 329]"
spatial resolution,4,3,7,"[167, 254, 353]"
view image,5,2,7,"[185, 482]"
deep learning,4,3,7,"[185, 254, 263]"
rockfall hazard,6,1,7,[253]
block level,5,2,7,"[311, 482]"
heritage area,5,1,6,[20]
susceptibility evaluation,3,3,6,"[27, 248, 329]"
urban environment,4,2,6,"[53, 254]"
mobility pattern,5,1,6,[69]
model performance,3,3,6,"[81, 176, 248]"
landslide inventory,3,3,6,"[81, 248, 329]"
susceptibility model,3,3,6,"[81, 131, 514]"
human activity,3,3,6,"[81, 124, 258]"
landslide risk,3,3,6,"[81, 131, 329]"
climate change,3,3,6,"[112, 159, 351]"
shallow landslide,5,1,6,[131]
street view,5,1,6,[185]
pluvial flooding,4,2,6,"[217, 351]"
result show,3,3,6,"[253, 482, 552]"
scene classification,4,2,6,"[254, 482]"
commercial district,4,1,5,[22]
historical landslide,3,2,5,"[27, 248]"
susceptibility modeling,3,2,5,"[27, 81]"
use classification,3,2,5,"[45, 311]"
urban function,3,2,5,"[53, 69]"
ml algorithms,3,2,5,"[53, 159]"
urban flood,3,2,5,"[112, 176]"
estimation model,4,1,5,[136]
area change,4,1,5,[167]
socioeconomic data,3,2,5,"[185, 353]"
pluvial flood,3,2,5,"[217, 351]"
frequency ratio,3,2,5,"[248, 329]"
hazard assessment,4,1,5,[253]
spatial information,3,2,5,"[254, 258]"
data source,3,2,5,"[258, 364]"
address record,4,1,5,[263]
lst image,4,1,5,[274]
express service,4,1,5,[335]
emergency response,4,1,5,[351]
retail store,4,1,5,[364]
gsv image,4,1,5,[482]
water type,4,1,5,[552]
urban governance,3,1,4,[3]
historical heritage,3,1,4,[20]
spatial distribution,2,2,4,"[20, 248]"
chinese city,2,2,4,"[20, 353]"
rapid development,2,2,4,"[22, 254]"
district discovery,3,1,4,[22]
graph convolution,3,1,4,[22]
convolution network,3,1,4,[22]
natural disaster,2,2,4,"[27, 248]"
spatial database,2,2,4,"[27, 514]"
training phase,2,2,4,"[27, 514]"
hybrid model,2,2,4,"[27, 253]"
ensemble learning,2,2,4,"[45, 136]"
use mix,3,1,4,[45]
land parcel,2,2,4,"[45, 185]"
linear regression,2,2,4,"[45, 335]"
classification accuracy,2,2,4,"[45, 361]"
parcel scale,2,2,4,"[45, 185]"
generated land,2,2,4,"[45, 361]"
building structure,3,1,4,[53]
vector representation,2,2,4,"[69, 263]"
metropolitan area,2,2,4,"[69, 159]"
decision maker,2,2,4,"[69, 131]"
inventory map,2,2,4,"[81, 329]"
training dataset,2,2,4,"[81, 248]"
low susceptibility,2,2,4,"[81, 248]"
high landslide,2,2,4,"[81, 159]"
global climate,2,2,4,"[112, 351]"
rapid urbanization,2,2,4,"[112, 552]"
decision tree,2,2,4,"[112, 136]"
community life,3,1,4,[136]
gps data,3,1,4,[136]
internal structure,3,1,4,[136]
behavioral demand,3,1,4,[136]
logistic regression,2,2,4,"[136, 253]"
environmental planning,2,2,4,"[159, 274]"
spatial prediction,2,2,4,"[176, 329]"
predictive performance,2,2,4,"[176, 514]"
hydraulic model,2,2,4,"[176, 217]"
water demand,3,1,4,[190]
predictive model,3,1,4,[190]
spatial scale,2,2,4,"[190, 311]"
urban water,2,2,4,"[217, 552]"
flood event,2,2,4,"[217, 351]"
different combination,2,2,4,"[217, 329]"
urban catchment,2,2,4,"[217, 361]"
satellite image,2,2,4,"[248, 361]"
field survey,2,2,4,"[248, 329]"
test dataset,2,2,4,"[248, 353]"
model training,2,2,4,"[248, 329]"
fr model,3,1,4,[248]
kinematic model,3,1,4,[253]
use type,2,2,4,"[258, 311]"
crucial step,2,2,4,"[263, 351]"
important role,2,2,4,"[263, 552]"
unstructured address,3,1,4,[263]
address data,3,1,4,[263]
automatic identification,2,2,4,"[311, 552]"
social function,3,1,4,[311]
image interpretation,2,2,4,"[311, 552]"
statistical model,3,1,4,[329]
roc curve,2,2,4,"[329, 514]"
quantitative relationship,3,1,4,[335]
service network,3,1,4,[335]
demand point,3,1,4,[351]
residential building,2,2,4,"[351, 482]"
human life,2,2,4,"[351, 514]"
catchment scale,3,1,4,[361]
cover classification,3,1,4,[361]
store placement,3,1,4,[364]
geographic feature,3,1,4,[364]
building block,3,1,4,[482]
spatiotemporal pattern,2,1,3,[3]
social sensing,2,1,3,[3]
area vitality,2,1,3,[20]
urban morphology,2,1,3,[20]
economic development,2,1,3,[20]
heritage conservation,2,1,3,[20]
morphological element,2,1,3,[20]
geospatial data,2,1,3,[20]
human mobility,2,1,3,[22]
use composition,2,1,3,[45]
urban mobility,2,1,3,[69]
transit data,2,1,3,[69]
attributed feature,2,1,3,[69]
auc value,2,1,3,[81]
susceptibility zone,2,1,3,[81]
flood disaster,2,1,3,[112]
urban waterlogging,2,1,3,[112]
rnn model,2,1,3,[112]
human presence,2,1,3,[124]
commercial establishment,2,1,3,[124]
circle planning,2,1,3,[136]
environmental contexts,2,1,3,[136]
delineation method,2,1,3,[136]
behavioral data,2,1,3,[136]
demand estimation,2,1,3,[136]
landslide prediction,2,1,3,[159]
regional climate,2,1,3,[159]
climate model,2,1,3,[159]
flood susceptibility,2,1,3,[176]
neighborhood information,2,1,3,[185]
neighborhood method,2,1,3,[185]
fine scale,2,1,3,[190]
census block,2,1,3,[190]
coarse scale,2,1,3,[190]
shenzhen city,2,1,3,[217]
rainfall threshold,2,1,3,[217]
ml model,2,1,3,[217]
rockfall trajectory,2,1,3,[253]
local climate,2,1,3,[254]
climate zone,2,1,3,[254]
wudapt method,2,1,3,[254]
lcz mapping,2,1,3,[254]
mobile phone,2,1,3,[258]
phone data,2,1,3,[258]
historical preservation,2,1,3,[262]
policy making,2,1,3,[262]
historical site,2,1,3,[262]
address matching,2,1,3,[263]
nighttime land,2,1,3,[274]
land surface,2,1,3,[274]
surface temperature,2,1,3,[274]
explanatory variable,2,1,3,[274]
functional zoning,2,1,3,[311]
aoi sample,2,1,3,[311]
causal factor,2,1,3,[329]
landslide location,2,1,3,[329]
relationship model,2,1,3,[335]
service facility,2,1,3,[335]
service point,2,1,3,[335]
response centre,2,1,3,[351]
multiple layer,2,1,3,[351]
layer perceptron,2,1,3,[351]
maximum coverage,2,1,3,[351]
coverage location,2,1,3,[351]
location problem,2,1,3,[351]
problem model,2,1,3,[351]
pf probability,2,1,3,[351]
location allocation,2,1,3,[351]
socioeconomic attribute,2,1,3,[353]
restaurant data,2,1,3,[353]
hydrologic modelling,2,1,3,[361]
satellite imagery,2,1,3,[361]
classification result,2,1,3,[361]
supplementary data,2,1,3,[361]
placement problem,2,1,3,[364]
consumer study,2,1,3,[364]
classification algorithms,2,1,3,[482]
image feature,2,1,3,[482]
feature descriptor,2,1,3,[482]
stable area,2,1,3,[514]
radial basis,2,1,3,[514]
basis function,2,1,3,[514]
function kernel,2,1,3,[514]
water body,2,1,3,[552]
sensing perspective,1,1,2,[3]
resident complain,1,1,2,[3]
complain event,1,1,2,[3]
street vending,1,1,2,[3]
important part,1,1,2,[3]
informal economy,1,1,2,[3]
negative externality,1,1,2,[3]
positive role,1,1,2,[3]
observation data,1,1,2,[3]
vending event,1,1,2,[3]
governance platform,1,1,2,[3]
urban problem,1,1,2,[3]
problem complaint,1,1,2,[3]
complaint hotline,1,1,2,[3]
occurrence mechanism,1,1,2,[3]
urban manager,1,1,2,[3]
urban resident,1,1,2,[3]
model show,1,1,2,[3]
former concentrate,1,1,2,[3]
work time,1,1,2,[3]
finding reaffirm,1,1,2,[3]
perception bias,1,1,2,[3]
sensing data,1,1,2,[3]
governance practice,1,1,2,[3]
morphology approach,1,1,2,[20]
social benefit,1,1,2,[20]
societal creativity,1,1,2,[20]
early stage,1,1,2,[20]
individual structure,1,1,2,[20]
general conservation,1,1,2,[20]
conservation method,1,1,2,[20]
element suitable,1,1,2,[20]
big geospatial,1,1,2,[20]
daily variation,1,1,2,[20]
following result,1,1,2,[20]
urban vitality,1,1,2,[20]
diurnal variation,1,1,2,[20]
replicable framework,1,1,2,[20]
heritage adaptation,1,1,2,[20]
vitality measure,1,1,2,[20]
theoretical support,1,1,2,[20]
urban construction,1,1,2,[20]
much attention,1,1,2,[22]
commercial location,1,1,2,[22]
discovery framework,1,1,2,[22]
mobility feature,1,1,2,[22]
geographic similarity,1,1,2,[22]
hierarchical clustering,1,1,2,[22]
functional region,1,1,2,[22]
human pattern,1,1,2,[22]
kernel density,1,1,2,[22]
density estimation,1,1,2,[22]
semantic label,1,1,2,[22]
multisource data,1,1,2,[22]
metaheuristic algorithms,1,1,2,[27]
human loss,1,1,2,[27]
loss worldwide,1,1,2,[27]
main idea,1,1,2,[27]
integrative model,1,1,2,[27]
prone area,1,1,2,[27]
chaharmahal va,1,1,2,[27]
metaheuristic technique,1,1,2,[27]
chimp optimization,1,1,2,[27]
optimization algorithm,1,1,2,[27]
crow search,1,1,2,[27]
search algorithm,1,1,2,[27]
satin bowerbird,1,1,2,[27]
bowerbird optimization,1,1,2,[27]
water cycle,1,1,2,[27]
cycle algorithm,1,1,2,[27]
common conditioning,1,1,2,[27]
reliable understanding,1,1,2,[27]
landslide pattern,1,1,2,[27]
accuracy index,1,1,2,[27]
characteristic curve,1,1,2,[27]
generated susceptibility,1,1,2,[27]
alert system,1,1,2,[27]
studied area,1,1,2,[27]
essential requirement,1,1,2,[45]
land management,1,1,2,[45]
recent advance,1,1,2,[45]
remote sensing,1,1,2,[45]
holistic mapping,1,1,2,[45]
mapping framework,1,1,2,[45]
different end,1,1,2,[45]
end user,1,1,2,[45]
key component,1,1,2,[45]
urban setting,1,1,2,[45]
spatial complexity,1,1,2,[45]
use category,1,1,2,[45]
first stage,1,1,2,[45]
second stage,1,1,2,[45]
use attribute,1,1,2,[45]
dominant type,1,1,2,[45]
mixture mode,1,1,2,[45]
potential influencing,1,1,2,[45]
influencing factor,1,1,2,[45]
component analysis,1,1,2,[45]
coastal city,1,1,2,[45]
object scale,1,1,2,[45]
use map,1,1,2,[45]
industrial land,1,1,2,[45]
complicated category,1,1,2,[45]
multiple factor,1,1,2,[45]
collective impact,1,1,2,[45]
broad range,1,1,2,[45]
environment identification,1,1,2,[53]
different structure,1,1,2,[53]
structure type,1,1,2,[53]
structural attribute,1,1,2,[53]
automated classification,1,1,2,[53]
ml feature,1,1,2,[53]
common structure,1,1,2,[53]
overall performance,1,1,2,[53]
average recall,1,1,2,[53]
classification method,1,1,2,[53]
urban form,1,1,2,[53]
resource requirement,1,1,2,[53]
urban metabolism,1,1,2,[53]
ecological planning,1,1,2,[53]
structure towards,1,1,2,[69]
sustainable city,1,1,2,[69]
integrated graph,1,1,2,[69]
disjoint cluster,1,1,2,[69]
similar mobility,1,1,2,[69]
different part,1,1,2,[69]
city interact,1,1,2,[69]
urban transportation,1,1,2,[69]
transportation development,1,1,2,[69]
resilient society,1,1,2,[69]
novel transit,1,1,2,[69]
structure detection,1,1,2,[69]
detection problem,1,1,2,[69]
collective movement,1,1,2,[69]
study region,1,1,2,[69]
big transit,1,1,2,[69]
function information,1,1,2,[69]
different source,1,1,2,[69]
attributed graph,1,1,2,[69]
graph node,1,1,2,[69]
travel dynamic,1,1,2,[69]
pattern matrix,1,1,2,[69]
unsupervised clustering,1,1,2,[69]
gap statistic,1,1,2,[69]
static information,1,1,2,[69]
topological structure,1,1,2,[69]
resident movement,1,1,2,[69]
movement dynamic,1,1,2,[69]
meaningful transit,1,1,2,[69]
detected mobility,1,1,2,[69]
mobility community,1,1,2,[69]
holistic overview,1,1,2,[69]
public transit,1,1,2,[69]
transit movement,1,1,2,[69]
movement structure,1,1,2,[69]
informed decision,1,1,2,[69]
urban development,1,1,2,[69]
transit management,1,1,2,[69]
comparative study,1,1,2,[81]
bayes network,1,1,2,[81]
hoeffding tree,1,1,2,[81]
logistic model,1,1,2,[81]
model tree,1,1,2,[81]
common hazard,1,1,2,[81]
severe damage,1,1,2,[81]
various model,1,1,2,[81]
prevailing data,1,1,2,[81]
data stream,1,1,2,[81]
stream mining,1,1,2,[81]
mining algorithm,1,1,2,[81]
first time,1,1,2,[81]
landslide data,1,1,2,[81]
validation datasets,1,1,2,[81]
slope angle,1,1,2,[81]
profile curvature,1,1,2,[81]
plan curvature,1,1,2,[81]
slope aspect,1,1,2,[81]
activity concentrate,1,1,2,[81]
satisfying performance,1,1,2,[81]
lmt model,1,1,2,[81]
validation dataset,1,1,2,[81]
bn model,1,1,2,[81]
county town,1,1,2,[81]
whereas region,1,1,2,[81]
border suffer,1,1,2,[81]
ht model,1,1,2,[81]
promising classifier,1,1,2,[81]
disaster spread,1,1,2,[112]
urban rainstorm,1,1,2,[112]
urgent challenge,1,1,2,[112]
real time,1,1,2,[112]
urbanization construction,1,1,2,[112]
online monitoring,1,1,2,[112]
monitoring system,1,1,2,[112]
traditional machine,1,1,2,[112]
learning method,1,1,2,[112]
nationwide map,1,1,2,[112]
microblogging data,1,1,2,[112]
spatial granularity,1,1,2,[124]
current information,1,1,2,[124]
information technology,1,1,2,[124]
unexplored dimension,1,1,2,[124]
social outcome,1,1,2,[124]
old question,1,1,2,[124]
new technology,1,1,2,[124]
spatial boundary,1,1,2,[124]
urban space,1,1,2,[124]
urban planner,1,1,2,[124]
available smartphone,1,1,2,[124]
smartphone data,1,1,2,[124]
systematic framework,1,1,2,[124]
locational request,1,1,2,[124]
high concentration,1,1,2,[124]
direct observation,1,1,2,[124]
selected time,1,1,2,[124]
additional transportation,1,1,2,[124]
population data,1,1,2,[124]
strong approximation,1,1,2,[124]
derived place,1,1,2,[124]
commercial patch,1,1,2,[124]
spatial configuration,1,1,2,[124]
spatial variety,1,1,2,[124]
popular place,1,1,2,[124]
different lifestyle,1,1,2,[124]
income group,1,1,2,[124]
fixed location,1,1,2,[124]
unmovable boundary,1,1,2,[124]
dynamic redefinition,1,1,2,[124]
recent work,1,1,2,[124]
potential contribution,1,1,2,[124]
locational model,1,1,2,[124]
landslide detachment,1,1,2,[131]
runout susceptibility,1,1,2,[131]
serious threat,1,1,2,[131]
mountainous landscape,1,1,2,[131]
foreign tourist,1,1,2,[131]
coastal landscape,1,1,2,[131]
beach holiday,1,1,2,[131]
practice hiking,1,1,2,[131]
high level,1,1,2,[131]
landslide hazard,1,1,2,[131]
steep territory,1,1,2,[131]
severe event,1,1,2,[131]
several fatality,1,1,2,[131]
planning approach,1,1,2,[131]
runout process,1,1,2,[131]
combined approach,1,1,2,[131]
potential runout,1,1,2,[131]
ensemble approach,1,1,2,[131]
geographical information,1,1,2,[131]
potential landslide,1,1,2,[131]
landslide runout,1,1,2,[131]
reach angle,1,1,2,[131]
obtained susceptibility,1,1,2,[131]
land planning,1,1,2,[131]
hazard mitigation,1,1,2,[131]
mitigation measure,1,1,2,[131]
essential prerequisite,1,1,2,[136]
urban community,1,1,2,[136]
recent study,1,1,2,[136]
global positioning,1,1,2,[136]
positioning system,1,1,2,[136]
generalizable delineation,1,1,2,[136]
previous research,1,1,2,[136]
core task,1,1,2,[136]
generalizable method,1,1,2,[136]
environmental data,1,1,2,[136]
error rate,1,1,2,[136]
final estimation,1,1,2,[136]
population composition,1,1,2,[136]
delineation result,1,1,2,[136]
facility adjustment,1,1,2,[136]
location selection,1,1,2,[136]
activity space,1,1,2,[136]
space estimation,1,1,2,[136]
urban policy,1,1,2,[136]
change impact,1,1,2,[159]
landslide cause,1,1,2,[159]
considerable damage,1,1,2,[159]
property worldwide,1,1,2,[159]
vulnerable area,1,1,2,[159]
future landslide,1,1,2,[159]
excellent result,1,1,2,[159]
probability distribution,1,1,2,[159]
representative concentration,1,1,2,[159]
concentration pathway,1,1,2,[159]
pathway scenario,1,1,2,[159]
future uncertainty,1,1,2,[159]
model scenario,1,1,2,[159]
overall prediction,1,1,2,[159]
prediction accuracy,1,1,2,[159]
minor difference,1,1,2,[159]
average susceptibility,1,1,2,[159]
landslide vulnerability,1,1,2,[159]
important perspective,1,1,2,[159]
land expansion,1,1,2,[167]
urbanization process,1,1,2,[167]
contextual information,1,1,2,[167]
cover change,1,1,2,[167]
new method,1,1,2,[167]
resolution imagery,1,1,2,[167]
temporal texture,1,1,2,[167]
pseudo cross,1,1,2,[167]
cross multivariate,1,1,2,[167]
multivariate variogram,1,1,2,[167]
multispectral image,1,1,2,[167]
pcmv texture,1,1,2,[167]
multiple scale,1,1,2,[167]
spectral feature,1,1,2,[167]
normalized difference,1,1,2,[167]
difference vegetation,1,1,2,[167]
vegetation index,1,1,2,[167]
change mapping,1,1,2,[167]
change detection,1,1,2,[167]
tianjin area,1,1,2,[167]
feature combination,1,1,2,[167]
postclassification comparison,1,1,2,[167]
comparison method,1,1,2,[167]
result demonstrate,1,1,2,[167]
beijing area,1,1,2,[167]
reliable way,1,1,2,[167]
network model,1,1,2,[176]
ungauged area,1,1,2,[176]
flood inundation,1,1,2,[176]
inundation event,1,1,2,[176]
flood prevention,1,1,2,[176]
prevention infrastructure,1,1,2,[176]
hybridized model,1,1,2,[176]
mlpnn model,1,1,2,[176]
regression tree,1,1,2,[176]
true skill,1,1,2,[176]
matthews correlation,1,1,2,[176]
correlation coefficient,1,1,2,[176]
misclassification rate,1,1,2,[176]
realistic flood,1,1,2,[176]
available data,1,1,2,[176]
view imagery,1,1,2,[185]
empirical data,1,1,2,[185]
large city,1,1,2,[185]
social detection,1,1,2,[185]
detection model,1,1,2,[185]
potential relationship,1,1,2,[185]
entropy index,1,1,2,[185]
model performs,1,1,2,[185]
sufficient neighborhood,1,1,2,[185]
attribute consistent,1,1,2,[185]
research finding,1,1,2,[185]
spatial dynamic,1,1,2,[185]
city planning,1,1,2,[185]
recent effort,1,1,2,[190]
demand modeling,1,1,2,[190]
practical information,1,1,2,[190]
demand pattern,1,1,2,[190]
different level,1,1,2,[190]
census tract,1,1,2,[190]
cb scale,1,1,2,[190]
household characteristic,1,1,2,[190]
rf technique,1,1,2,[190]
iterative approach,1,1,2,[190]
input variable,1,1,2,[190]
minimum redundancy,1,1,2,[190]
ct scale,1,1,2,[190]
capita income,1,1,2,[190]
education level,1,1,2,[190]
economic aspect,1,1,2,[190]
direct relationship,1,1,2,[190]
water management,1,1,2,[190]
socioeconomic inequality,1,1,2,[190]
planning decision,1,1,2,[190]
flooding prediction,1,1,2,[217]
natural hazard,1,1,2,[217]
recent year,1,1,2,[217]
flood occurrence,1,1,2,[217]
subsequent aftermath,1,1,2,[217]
water manager,1,1,2,[217]
manager aim,1,1,2,[217]
precipitation characteristic,1,1,2,[217]
peak intensity,1,1,2,[217]
arrival time,1,1,2,[217]
risky area,1,1,2,[217]
emergency action,1,1,2,[217]
previous study,1,1,2,[217]
large volume,1,1,2,[217]
simulation accuracy,1,1,2,[217]
computational complexity,1,1,2,[217]
great extent,1,1,2,[217]
future climate,1,1,2,[217]
several rainfall,1,1,2,[217]
threshold line,1,1,2,[217]
principal component,1,1,2,[217]
binary result,1,1,2,[217]
critical rainfall,1,1,2,[217]
rainfall curve,1,1,2,[217]
discriminant analysis,1,1,2,[217]
rainfall intensity,1,1,2,[217]
false alert,1,1,2,[217]
alert rate,1,1,2,[217]
conventional model,1,1,2,[217]
critical index,1,1,2,[217]
positive rate,1,1,2,[217]
early warning,1,1,2,[217]
warning system,1,1,2,[217]
rational information,1,1,2,[217]
emergency planning,1,1,2,[217]
ratio model,1,1,2,[248]
yunyang county,1,1,2,[248]
historical record,1,1,2,[248]
extensive field,1,1,2,[248]
geospatial database,1,1,2,[248]
primary conditioning,1,1,2,[248]
topography factor,1,1,2,[248]
geological factor,1,1,2,[248]
environmental factor,1,1,2,[248]
human engineering,1,1,2,[248]
engineering activity,1,1,2,[248]
secondary conditioning,1,1,2,[248]
evaluation factor,1,1,2,[248]
factor library,1,1,2,[248]
mathematical analysis,1,1,2,[248]
susceptibility simulation,1,1,2,[248]
entire area,1,1,2,[248]
analysis result,1,1,2,[248]
predictive ability,1,1,2,[248]
lsm model,1,1,2,[248]
coincidence degree,1,1,2,[248]
susceptibility class,1,1,2,[248]
significant model,1,1,2,[248]
theoretical basis,1,1,2,[248]
landslide prevention,1,1,2,[248]
adequate response,1,1,2,[248]
susceptibility assessment,1,1,2,[248]
hazardous phenomenon,1,1,2,[253]
hilly region,1,1,2,[253]
steep terrain,1,1,2,[253]
massive damage,1,1,2,[253]
assessment method,1,1,2,[253]
different scale,1,1,2,[253]
airborne laser,1,1,2,[253]
laser scanning,1,1,2,[253]
accurate digital,1,1,2,[253]
digital terrain,1,1,2,[253]
terrain model,1,1,2,[253]
terrestrial laser,1,1,2,[253]
laser scanner,1,1,2,[253]
critical area,1,1,2,[253]
different classifier,1,1,2,[253]
rockfall probability,1,1,2,[253]
various rockfall,1,1,2,[253]
rockfall conditioning,1,1,2,[253]
kinetic energy,1,1,2,[253]
impact location,1,1,2,[253]
spatial model,1,1,2,[253]
analytical hierarchy,1,1,2,[253]
hierarchy process,1,1,2,[253]
different area,1,1,2,[253]
mitigation process,1,1,2,[253]
comprehensive information,1,1,2,[253]
planning management,1,1,2,[253]
tested model,1,1,2,[253]
suggested mitigation,1,1,2,[253]
geographical place,1,1,2,[253]
comprehensive rockfall,1,1,2,[253]
zone mapping,1,1,2,[254]
forty year,1,1,2,[254]
urban citizen,1,1,2,[254]
urbanization lead,1,1,2,[254]
economic progress,1,1,2,[254]
extra heat,1,1,2,[254]
air pollution,1,1,2,[254]
new concept,1,1,2,[254]
urban heat,1,1,2,[254]
heat island,1,1,2,[254]
island research,1,1,2,[254]
standard classification,1,1,2,[254]
classification system,1,1,2,[254]
minimum diameter,1,1,2,[254]
valid effect,1,1,2,[254]
urban climate,1,1,2,[254]
classification task,1,1,2,[254]
environmental context,1,1,2,[254]
fifteen city,1,1,2,[254]
economic region,1,1,2,[254]
multispectral data,1,1,2,[254]
residual learning,1,1,2,[254]
large image,1,1,2,[254]
small image,1,1,2,[254]
image representation,1,1,2,[254]
image size,1,1,2,[254]
natural class,1,1,2,[254]
urban class,1,1,2,[254]
large input,1,1,2,[254]
input size,1,1,2,[254]
environment context,1,1,2,[254]
training data,1,1,2,[254]
lcz model,1,1,2,[254]
satisfactory result,1,1,2,[254]
domain shift,1,1,2,[254]
advanced domain,1,1,2,[254]
domain adaptation,1,1,2,[254]
adaptation method,1,1,2,[254]
use detection,1,1,2,[258]
research hotspot,1,1,2,[258]
numerous method,1,1,2,[258]
gps trajectory,1,1,2,[258]
previous work,1,1,2,[258]
poi data,1,1,2,[258]
multiple data,1,1,2,[258]
information loss,1,1,2,[258]
integrated framework,1,1,2,[258]
region embeddings,1,1,2,[258]
glove model,1,1,2,[258]
lda model,1,1,2,[258]
use topic,1,1,2,[258]
topic distribution,1,1,2,[258]
similarity matrix,1,1,2,[258]
similarity measure,1,1,2,[258]
use result,1,1,2,[258]
use algorithm,1,1,2,[258]
effective information,1,1,2,[258]
information support,1,1,2,[258]
shanghai city,1,1,2,[262]
gdp contribution,1,1,2,[262]
work load,1,1,2,[262]
statistical survey,1,1,2,[262]
traditional approach,1,1,2,[262]
current condition,1,1,2,[262]
possible outcome,1,1,2,[262]
promising future,1,1,2,[262]
scientific research,1,1,2,[262]
learning architecture,1,1,2,[263]
semantic address,1,1,2,[263]
unprecedented development,1,1,2,[263]
large amount,1,1,2,[263]
traditional address,1,1,2,[263]
literal similarity,1,1,2,[263]
semantic similarity,1,1,2,[263]
corresponding vector,1,1,2,[263]
sequential inference,1,1,2,[263]
inference model,1,1,2,[263]
global inference,1,1,2,[263]
address match,1,1,2,[263]
popular address,1,1,2,[263]
matching accuracy,1,1,2,[263]
harmonic mean,1,1,2,[263]
test set,1,1,2,[263]
statistical method,1,1,2,[274]
fine resolution,1,1,2,[274]
resolution provide,1,1,2,[274]
basic data,1,1,2,[274]
satellite sensor,1,1,2,[274]
potential method,1,1,2,[274]
multiple explanatory,1,1,2,[274]
learning algorithms,1,1,2,[274]
downscaling result,1,1,2,[274]
mean absolute,1,1,2,[274]
absolute error,1,1,2,[274]
resulting image,1,1,2,[274]
spatial pattern,1,1,2,[274]
great detail,1,1,2,[274]
infrared image,1,1,2,[274]
spectral explanatory,1,1,2,[274]
lst downscalingwas,1,1,2,[274]
mechanism explanatory,1,1,2,[274]
high application,1,1,2,[274]
application value,1,1,2,[274]
practical effort,1,1,2,[274]
interface radiation,1,1,2,[274]
radiation budget,1,1,2,[274]
budget study,1,1,2,[274]
suitability assessment,1,1,2,[274]
human settlement,1,1,2,[274]
hot topic,1,1,2,[311]
various field,1,1,2,[311]
smart city,1,1,2,[311]
city field,1,1,2,[311]
scale limitation,1,1,2,[311]
low accuracy,1,1,2,[311]
high uncertainty,1,1,2,[311]
dynamic data,1,1,2,[311]
social medium,1,1,2,[311]
traffic data,1,1,2,[311]
distribution waveform,1,1,2,[311]
interpretation indicator,1,1,2,[311]
spatial error,1,1,2,[311]
taxi driver,1,1,2,[311]
spatial clustering,1,1,2,[311]
travel behavior,1,1,2,[311]
aoi type,1,1,2,[311]
hds method,1,1,2,[311]
matching test,1,1,2,[311]
similarity index,1,1,2,[311]
gaussian kernel,1,1,2,[311]
kernel function,1,1,2,[311]
pearson coefficient,1,1,2,[311]
residential district,1,1,2,[311]
taxi trajectory,1,1,2,[311]
continuous update,1,1,2,[311]
supplementary method,1,1,2,[311]
identification effect,1,1,2,[311]
risk management,1,1,2,[329]
certainty factor,1,1,2,[329]
geotechnical investigation,1,1,2,[329]
investigation report,1,1,2,[329]
aerial image,1,1,2,[329]
redundant factor,1,1,2,[329]
fourteen landslide,1,1,2,[329]
landslide causal,1,1,2,[329]
factor correlation,1,1,2,[329]
correlation analysis,1,1,2,[329]
effective causal,1,1,2,[329]
optimal case,1,1,2,[329]
curve analysis,1,1,2,[329]
ioe model,1,1,2,[329]
weight coefficient,1,1,2,[329]
life service,1,1,2,[335]
data mining,1,1,2,[335]
mining technology,1,1,2,[335]
gps location,1,1,2,[335]
residential area,1,1,2,[335]
grocery store,1,1,2,[335]
transportation station,1,1,2,[335]
integration machine,1,1,2,[335]
research idea,1,1,2,[335]
rational construction,1,1,2,[335]
logistics service,1,1,2,[335]
rainfall event,1,1,2,[351]
additional pavement,1,1,2,[351]
water storage,1,1,2,[351]
storage site,1,1,2,[351]
flood vulnerability,1,1,2,[351]
prompt emergency,1,1,2,[351]
step towards,1,1,2,[351]
risk mitigation,1,1,2,[351]
uncertainty exist,1,1,2,[351]
optimal allocation,1,1,2,[351]
current situation,1,1,2,[351]
police station,1,1,2,[351]
military camp,1,1,2,[351]
probability model,1,1,2,[351]
ideal location,1,1,2,[351]
allocation method,1,1,2,[351]
geographic information,1,1,2,[351]
information system,1,1,2,[351]
system platform,1,1,2,[351]
erc spatial,1,1,2,[351]
spatial planning,1,1,2,[351]
recent machine,1,1,2,[351]
taguchi method,1,1,2,[351]
mlp variable,1,1,2,[351]
layer attribute,1,1,2,[351]
historical flood,1,1,2,[351]
meteorological station,1,1,2,[351]
inventory event,1,1,2,[351]
current location,1,1,2,[351]
allocation model,1,1,2,[351]
ideal time,1,1,2,[351]
essential service,1,1,2,[351]
minimum impedance,1,1,2,[351]
allocated location,1,1,2,[351]
multiple scenario,1,1,2,[351]
optimal location,1,1,2,[351]
vulnerable inhabitant,1,1,2,[351]
late emergency,1,1,2,[351]
km radius,1,1,2,[351]
vulnerable people,1,1,2,[351]
river basin,1,1,2,[351]
population employment,1,1,2,[353]
enterprise activity,1,1,2,[353]
neighborhood level,1,1,2,[353]
social scientist,1,1,2,[353]
policy maker,1,1,2,[353]
updated location,1,1,2,[353]
urban neighborhood,1,1,2,[353]
online platform,1,1,2,[353]
nighttime population,1,1,2,[353]
population number,1,1,2,[353]
consumption level,1,1,2,[353]
trained model,1,1,2,[353]
predicted result,1,1,2,[353]
spatial location,1,1,2,[353]
location demographic,1,1,2,[353]
firm industry,1,1,2,[353]
restaurant model,1,1,2,[353]
data gap,1,1,2,[353]
algorithm dividend,1,1,2,[353]
geographic object,1,1,2,[361]
image analysis,1,1,2,[361]
city initiative,1,1,2,[361]
widespread installation,1,1,2,[361]
new stormwater,1,1,2,[361]
stormwater infrastructure,1,1,2,[361]
green roofs,1,1,2,[361]
permeable pavement,1,1,2,[361]
spatial data,1,1,2,[361]
model input,1,1,2,[361]
various authority,1,1,2,[361]
method show,1,1,2,[361]
great promise,1,1,2,[361]
category relevant,1,1,2,[361]
specific application,1,1,2,[361]
detailed land,1,1,2,[361]
cover map,1,1,2,[361]
catchment area,1,1,2,[361]
bayesian machine,1,1,2,[361]
overall land,1,1,2,[361]
subsequent inclusion,1,1,2,[361]
parcel delineation,1,1,2,[361]
additional rule,1,1,2,[361]
scale hydrologic,1,1,2,[361]
cover result,1,1,2,[361]
rainfall volume,1,1,2,[361]
h design,1,1,2,[361]
design storm,1,1,2,[361]
city implementation,1,1,2,[361]
retail success,1,1,2,[364]
timely solution,1,1,2,[364]
human movement,1,1,2,[364]
movement feature,1,1,2,[364]
commercial area,1,1,2,[364]
area feature,1,1,2,[364]
various machine,1,1,2,[364]
candidate area,1,1,2,[364]
real data,1,1,2,[364]
predictive power,1,1,2,[364]
information retrieval,1,1,2,[482]
important reference,1,1,2,[482]
façade appearance,1,1,2,[482]
computer vision,1,1,2,[482]
vision community,1,1,2,[482]
different photo,1,1,2,[482]
various image,1,1,2,[482]
oriented gradient,1,1,2,[482]
different building,1,1,2,[482]
svm classifier,1,1,2,[482]
assessment result,1,1,2,[482]
nonresidential building,1,1,2,[482]
new way,1,1,2,[482]
economic loss,1,1,2,[514]
main purpose,1,1,2,[514]
possible applicability,1,1,2,[514]
landslides susceptibility,1,1,2,[514]
susceptibility prediction,1,1,2,[514]
classification problem,1,1,2,[514]
svms algorithms,1,1,2,[514]
landslide area,1,1,2,[514]
svms model,1,1,2,[514]
environmental input,1,1,2,[514]
input parameter,1,1,2,[514]
machine model,1,1,2,[514]
primal objective,1,1,2,[514]
optimal set,1,1,2,[514]
kernel parameter,1,1,2,[514]
grid search,1,1,2,[514]
libsvm library,1,1,2,[514]
accuracy parameter,1,1,2,[514]
generalization ability,1,1,2,[514]
presented study,1,1,2,[514]
promising result,1,1,2,[514]
prediction performance,1,1,2,[514]
vital component,1,1,2,[552]
ecological environment,1,1,2,[552]
human survival,1,1,2,[552]
socioeconomic development,1,1,2,[552]
water resource,1,1,2,[552]
precise extraction,1,1,2,[552]
great significance,1,1,2,[552]
paper concern,1,1,2,[552]
interpretation level,1,1,2,[552]
pixel level,1,1,2,[552]
object level,1,1,2,[552]
textural feature,1,1,2,[552]
level employ,1,1,2,[552]
employ machine,1,1,2,[552]
mega city,1,1,2,[552]
satisfactory accuracy,1,1,2,[552]
water extraction,1,1,2,[552]
type classification,1,1,2,[552]
