term,freq,range,score,doc_ids
machine learning,26,23,49,"[11, 24, 42, 51, 86, 113, 128, 133, 158, 172, 189, 197, 198, 205, 227, 267, 271, 299, 352, 368, 409, 561, 580]"
urban planning,24,19,43,"[11, 24, 35, 71, 78, 113, 128, 133, 140, 158, 172, 181, 189, 227, 267, 352, 544, 566, 580]"
urban design,20,10,30,"[29, 35, 95, 205, 267, 270, 271, 349, 409, 579]"
urban environment,18,11,29,"[12, 41, 140, 197, 267, 275, 349, 357, 363, 561, 579]"
land use,21,6,27,"[24, 78, 86, 172, 181, 267]"
urban land,11,3,14,"[42, 78, 172]"
big data,7,4,11,"[78, 133, 172, 197]"
random forest,5,5,10,"[11, 35, 71, 78, 140]"
data source,5,5,10,"[51, 78, 86, 181, 561]"
deep learning,6,4,10,"[95, 113, 128, 271]"
aerial image,8,2,10,"[128, 271]"
urban street,8,1,9,[35]
street view,6,3,9,"[35, 51, 205]"
urban data,6,3,9,"[86, 205, 382]"
performance criterion,7,2,9,"[349, 409]"
classification method,4,4,8,"[11, 78, 333, 566]"
satellite image,4,4,8,"[25, 158, 267, 333]"
urban area,5,3,8,"[25, 42, 168]"
solar radiation,5,3,8,"[29, 349, 409]"
visual quality,7,1,8,[35]
computer vision,4,4,8,"[51, 128, 197, 267]"
case study,4,4,8,"[71, 168, 205, 267]"
use category,6,2,8,"[78, 172]"
interface network,7,1,8,[227]
generative design,5,3,8,"[271, 349, 409]"
modeling technique,6,2,8,"[357, 409]"
green infrastructure,4,3,7,"[11, 344, 352]"
metropolitan area,5,2,7,"[25, 78]"
sky view,4,3,7,"[35, 349, 409]"
view factor,4,3,7,"[35, 349, 409]"
urban form,4,3,7,"[41, 349, 409]"
urban expansion,4,3,7,"[71, 189, 333]"
feature extraction,4,3,7,"[95, 333, 580]"
multiple performance,5,2,7,"[349, 409]"
urban development,3,3,6,"[11, 71, 333]"
support vector,3,3,6,"[11, 113, 579]"
vector machine,3,3,6,"[11, 113, 579]"
learning algorithms,3,3,6,"[11, 158, 205]"
urban space,3,3,6,"[12, 140, 579]"
multivariate analysis,3,3,6,"[24, 349, 409]"
geospatial data,3,3,6,"[25, 51, 368]"
urban canyon,5,1,6,[29]
neural network,3,3,6,"[78, 95, 352]"
similarity analysis,5,1,6,[95]
feature vector,4,2,6,"[95, 270]"
spatial resolution,3,3,6,"[113, 198, 368]"
urban footprint,5,1,6,[299]
urban modeling,5,1,6,[357]
learning technique,3,3,6,"[409, 561, 580]"
classification accuracy,3,2,5,"[11, 189]"
canyon geometry,4,1,5,[29]
view imagery,4,1,5,[51]
use classification,4,1,5,[78]
morphological feature,4,1,5,[95]
urban morphology,3,2,5,"[95, 270]"
vehicle detection,4,1,5,[128]
data set,3,2,5,"[168, 382]"
urban growth,3,2,5,"[197, 299]"
urban region,3,2,5,"[197, 299]"
information system,3,2,5,"[197, 205]"
complex terrain,4,1,5,[198]
human health,4,1,5,[271]
data mining,3,2,5,"[333, 566]"
design parameter,4,1,5,[349]
energy performance,3,2,5,"[349, 409]"
parametric modeling,3,2,5,"[349, 409]"
design decision,3,2,5,"[349, 409]"
design approach,3,2,5,"[349, 409]"
urban model,4,1,5,[357]
performance analysis,4,1,5,[409]
natural language,3,2,5,"[566, 580]"
green roofs,3,1,4,[11]
infrastructure classification,3,1,4,[11]
aerial vehicle,2,2,4,"[11, 275]"
weather condition,2,2,4,"[11, 275]"
laboratory analysis,2,2,4,"[24, 105]"
population density,2,2,4,"[24, 41]"
road network,2,2,4,"[24, 133]"
wildfire risk,3,1,4,[25]
climate change,2,2,4,"[25, 181]"
human activity,2,2,4,"[25, 172]"
different city,2,2,4,"[29, 227]"
street level,2,2,4,"[35, 41]"
view image,2,2,4,"[35, 205]"
new approach,2,2,4,"[35, 363]"
green space,2,2,4,"[35, 168]"
grid resolution,2,2,4,"[35, 198]"
study area,2,2,4,"[35, 71]"
air pollution,2,2,4,"[41, 352]"
microscale variable,3,1,4,[41]
traditional variable,3,1,4,[41]
data collection,2,2,4,"[42, 51]"
road system,2,2,4,"[42, 181]"
data processing,2,2,4,"[42, 275]"
urban analytics,3,1,4,[51]
imagery platform,2,2,4,"[51, 86]"
artificial surface,3,1,4,[71]
energy balance,2,2,4,"[71, 349]"
correlation coefficient,2,2,4,"[71, 299]"
environmental management,2,2,4,"[78, 172]"
biodiversity conservation,2,2,4,"[78, 172]"
recent advance,2,2,4,"[78, 197]"
remote sensing,2,2,4,"[78, 113]"
mixed land,2,2,4,"[78, 172]"
social medium,2,2,4,"[78, 133]"
urban research,3,1,4,[86]
new opportunity,2,2,4,"[86, 172]"
urban analysis,2,2,4,"[86, 271]"
sustainable development,2,2,4,"[95, 275]"
decision making,2,2,4,"[95, 409]"
fecal sludge,3,1,4,[105]
decision tree,2,2,4,"[105, 344]"
change detection,3,1,4,[113]
ncbas detection,3,1,4,[113]
location data,2,2,4,"[133, 168]"
urban planner,2,2,4,"[133, 267]"
open access,2,2,4,"[133, 409]"
access article,2,2,4,"[133, 409]"
urban study,2,2,4,"[172, 198]"
earth observation,2,2,4,"[172, 197]"
advanced machine,2,2,4,"[172, 409]"
urban future,3,1,4,[181]
urban fabric,2,2,4,"[181, 271]"
satellite imagery,2,2,4,"[181, 368]"
cellular automata,2,2,4,"[181, 299]"
natural disaster,2,2,4,"[189, 368]"
functional area,3,1,4,[189]
significant impact,2,2,4,"[197, 271]"
new technology,2,2,4,"[197, 275]"
network connectivity,3,1,4,[227]
last decade,2,2,4,"[271, 561]"
artificial intelligence,2,2,4,"[271, 275]"
mental health,3,1,4,[271]
population distribution,3,1,4,[299]
storm water,3,1,4,[344]
campus design,2,2,4,"[349, 409]"
extensive research,2,2,4,"[349, 409]"
form scenario,2,2,4,"[349, 409]"
design alternative,2,2,4,"[349, 409]"
performance modeling,2,2,4,"[349, 409]"
possible design,2,2,4,"[349, 409]"
geometric form,2,2,4,"[349, 409]"
derelict site,3,1,4,[352]
monetary poverty,3,1,4,[368]
terrorist attack,3,1,4,[561]
language processing,2,2,4,"[566, 580]"
planning firm,2,2,4,"[566, 580]"
input excerpt,2,2,4,"[566, 580]"
possible personality,2,2,4,"[566, 580]"
personality class,2,2,4,"[566, 580]"
personality classification,2,2,4,"[566, 580]"
personality behavior,3,1,4,[580]
model development,2,1,3,[11]
flow field,2,1,3,[12]
uas operation,2,1,3,[12]
trace nutrient,2,1,3,[24]
forestry plantation,2,1,3,[25]
european city,2,1,3,[29]
solar exposure,2,1,3,[29]
irradiation uniformity,2,1,3,[29]
surface reflectance,2,1,3,[29]
lidar point,2,1,3,[35]
point cloud,2,1,3,[35]
empirical model,2,1,3,[41]
criterion pollutant,2,1,3,[41]
predictor variable,2,1,3,[41]
environmental impact,2,1,3,[71]
skin temperature,2,1,3,[71]
overall accuracy,2,1,3,[78]
predictive model,2,1,3,[105]
field measurement,2,1,3,[105]
treatment plant,2,1,3,[105]
probe reading,2,1,3,[105]
process control,2,1,3,[105]
filtration time,2,1,3,[105]
supernatant color,2,1,3,[105]
building area,2,1,3,[113]
high confidence,2,1,3,[113]
disaster risk,2,1,3,[140]
tree location,2,1,3,[168]
use change,2,1,3,[181]
usable floor,2,1,3,[197]
floor area,2,1,3,[197]
spatial information,2,1,3,[197]
surface climate,2,1,3,[198]
analytical approach,2,1,3,[205]
greenway planning,2,1,3,[205]
urban greenway,2,1,3,[205]
greenway suitability,2,1,3,[205]
suitability analysis,2,1,3,[205]
greenway network,2,1,3,[205]
design theory,2,1,3,[205]
key factor,2,1,3,[205]
water distribution,2,1,3,[227]
transportation system,2,1,3,[227]
geospatial colocation,2,1,3,[227]
geospatial morphology,2,1,3,[227]
network analysis,2,1,3,[227]
morphological analysis,2,1,3,[270]
allied design,2,1,3,[271]
design discipline,2,1,3,[271]
environmental monitoring,2,1,3,[275]
unmanned technology,2,1,3,[275]
new settlement,2,1,3,[333]
low impact,2,1,3,[344]
impact development,2,1,3,[344]
water management,2,1,3,[344]
land owner,2,1,3,[344]
adoption strategy,2,1,3,[344]
multivariate relationship,2,1,3,[349]
reinforcement learning,2,1,3,[349]
spatial area,2,1,3,[363]
multiple methodology,2,1,3,[368]
urban policy,2,1,3,[368]
sky opening,2,1,3,[409]
various performance,2,1,3,[409]
development requirement,2,1,3,[409]
planning data,2,1,3,[544]
terroristic attack,2,1,3,[561]
terrorist action,2,1,3,[561]
user role,2,1,3,[561]
threat event,2,1,3,[561]
mining technique,2,1,3,[566]
educational game,2,1,3,[566]
visual gaze,2,1,3,[579]
gaze analysis,2,1,3,[579]
model street,2,1,3,[579]
accurate mapping,1,1,2,[11]
surface parameterization,1,1,2,[11]
small catchment,1,1,2,[11]
catchment scale,1,1,2,[11]
digital surface,1,1,2,[11]
surface model,1,1,2,[11]
study case,1,1,2,[11]
dsm information,1,1,2,[11]
neighbor classifier,1,1,2,[11]
bayes classifier,1,1,2,[11]
regression tree,1,1,2,[11]
bare land,1,1,2,[11]
kappa coefficient,1,1,2,[11]
chessboard grid,1,1,2,[11]
classification efficiency,1,1,2,[11]
different image,1,1,2,[11]
image layer,1,1,2,[11]
overcast day,1,1,2,[11]
winter day,1,1,2,[11]
dsm layer,1,1,2,[11]
uav image,1,1,2,[11]
classification framework,1,1,2,[11]
urban stormwater,1,1,2,[11]
stormwater management,1,1,2,[11]
management model,1,1,2,[11]
close proximity,1,1,2,[12]
main concern,1,1,2,[12]
widespread adoption,1,1,2,[12]
building geometry,1,1,2,[12]
urban setup,1,1,2,[12]
isolated building,1,1,2,[12]
potential impact,1,1,2,[12]
wind gust,1,1,2,[12]
flow condition,1,1,2,[12]
condition prevalent,1,1,2,[12]
various structure,1,1,2,[12]
significant challenge,1,1,2,[12]
coherent turbulent,1,1,2,[12]
turbulent flow,1,1,2,[12]
flow structure,1,1,2,[12]
atmospheric boundary,1,1,2,[12]
boundary layer,1,1,2,[12]
layer flow,1,1,2,[12]
navigation system,1,1,2,[12]
first step,1,1,2,[12]
step towards,1,1,2,[12]
aerial infrastructure,1,1,2,[12]
spatial indicator,1,1,2,[24]
system quality,1,1,2,[24]
planning policy,1,1,2,[24]
urban agenda,1,1,2,[24]
spatial variation,1,1,2,[24]
different dimension,1,1,2,[24]
field work,1,1,2,[24]
soil sample,1,1,2,[24]
moderate percentage,1,1,2,[24]
analyzed element,1,1,2,[24]
spatial model,1,1,2,[24]
output show,1,1,2,[24]
anthropogenic factor,1,1,2,[24]
fossil fuel,1,1,2,[24]
fuel vehicle,1,1,2,[24]
planning decision,1,1,2,[24]
risk model,1,1,2,[25]
strong presence,1,1,2,[25]
representative sample,1,1,2,[25]
discernible threshold,1,1,2,[25]
fire occurrence,1,1,2,[25]
trigger fire,1,1,2,[25]
fire hazard,1,1,2,[25]
principal component,1,1,2,[25]
component analysis,1,1,2,[25]
experimental scenario,1,1,2,[25]
native forest,1,1,2,[25]
fire hotspot,1,1,2,[25]
forestry government,1,1,2,[25]
government organization,1,1,2,[25]
surface area,1,1,2,[25]
high risk,1,1,2,[25]
forest fire,1,1,2,[25]
moderate risk,1,1,2,[25]
low risk,1,1,2,[25]
main driver,1,1,2,[25]
evident proximity,1,1,2,[25]
exotic forestry,1,1,2,[25]
large wildfire,1,1,2,[25]
solar irradiation,1,1,2,[29]
methodological framework,1,1,2,[29]
different latitude,1,1,2,[29]
radiation simulation,1,1,2,[29]
qualitative classification,1,1,2,[29]
classification scheme,1,1,2,[29]
simulation result,1,1,2,[29]
canyon surface,1,1,2,[29]
study train,1,1,2,[29]
forest classifier,1,1,2,[29]
quick classification,1,1,2,[29]
symmetrical canyon,1,1,2,[29]
planning study,1,1,2,[29]
quick estimate,1,1,2,[29]
solar performance,1,1,2,[29]
quality distribution,1,1,2,[35]
lidar data,1,1,2,[35]
vital importance,1,1,2,[35]
comfortable experience,1,1,2,[35]
urban community,1,1,2,[35]
positive effect,1,1,2,[35]
urban vibrancy,1,1,2,[35]
public health,1,1,2,[35]
social connection,1,1,2,[35]
numerous study,1,1,2,[35]
spatial distribution,1,1,2,[35]
semantic information,1,1,2,[35]
point clouds,1,1,2,[35]
boosting classifier,1,1,2,[35]
key design,1,1,2,[35]
design element,1,1,2,[35]
space factor,1,1,2,[35]
enclosure rate,1,1,2,[35]
volume index,1,1,2,[35]
vehicle occurrence,1,1,2,[35]
occurrence rate,1,1,2,[35]
motorization rate,1,1,2,[35]
classified point,1,1,2,[35]
visibility model,1,1,2,[35]
forest model,1,1,2,[35]
perception sample,1,1,2,[35]
quality difference,1,1,2,[35]
common sense,1,1,2,[35]
design expert,1,1,2,[35]
planning process,1,1,2,[35]
geographic scale,1,1,2,[41]
lack microscale,1,1,2,[41]
national model,1,1,2,[41]
combined predictor,1,1,2,[41]
model type,1,1,2,[41]
average difference,1,1,2,[41]
suitable substitute,1,1,2,[41]
variable show,1,1,2,[41]
show promise,1,1,2,[41]
intermediate city,1,1,2,[42]
rapid dynamic,1,1,2,[42]
land market,1,1,2,[42]
outdated information,1,1,2,[42]
urban territory,1,1,2,[42]
adequate classification,1,1,2,[42]
mixed method,1,1,2,[42]
spatial classification,1,1,2,[42]
speculative land,1,1,2,[42]
land value,1,1,2,[42]
urbanized land,1,1,2,[42]
geospatial variable,1,1,2,[42]
collection medium,1,1,2,[42]
primary road,1,1,2,[42]
direct observation,1,1,2,[42]
observation point,1,1,2,[42]
georeferenced map,1,1,2,[42]
urban limit,1,1,2,[42]
official slope,1,1,2,[42]
judgment method,1,1,2,[42]
objective classification,1,1,2,[42]
important data,1,1,2,[51]
informed decision,1,1,2,[51]
recent paper,1,1,2,[51]
systematic review,1,1,2,[51]
study pertaining,1,1,2,[51]
main finding,1,1,2,[51]
entrenched component,1,1,2,[51]
numerous application,1,1,2,[51]
notable trend,1,1,2,[51]
crowdsourced street,1,1,2,[51]
geographical coverage,1,1,2,[51]
temporal granularity,1,1,2,[51]
permissive licence,1,1,2,[51]
inevitable process,1,1,2,[71]
critical impact,1,1,2,[71]
natural surface,1,1,2,[71]
heat energy,1,1,2,[71]
past decade,1,1,2,[71]
urban heat,1,1,2,[71]
heat island,1,1,2,[71]
ecological consequence,1,1,2,[71]
thermal comfort,1,1,2,[71]
surface temperature,1,1,2,[71]
landsat imagery,1,1,2,[71]
radiometric image,1,1,2,[71]
image processing,1,1,2,[71]
processing algorithms,1,1,2,[71]
different date,1,1,2,[71]
spectral indicator,1,1,2,[71]
continuous land,1,1,2,[71]
land transformation,1,1,2,[71]
study period,1,1,2,[71]
statistical analysis,1,1,2,[71]
urbanization indicator,1,1,2,[71]
uhi indicator,1,1,2,[71]
good correlation,1,1,2,[71]
strong link,1,1,2,[71]
ecological impact,1,1,2,[71]
accurate measure,1,1,2,[71]
upcoming year,1,1,2,[71]
various land,1,1,2,[78]
use type,1,1,2,[78]
disaster control,1,1,2,[78]
health protection,1,1,2,[78]
social sensing,1,1,2,[78]
sensing data,1,1,2,[78]
great potential,1,1,2,[78]
limited predictor,1,1,2,[78]
low accuracy,1,1,2,[78]
street block,1,1,2,[78]
minimum classification,1,1,2,[78]
classification unit,1,1,2,[78]
expansive set,1,1,2,[78]
explicit information,1,1,2,[78]
land surface,1,1,2,[78]
vertical height,1,1,2,[78]
automatic ensemble,1,1,2,[78]
classification map,1,1,2,[78]
ensemble model,1,1,2,[78]
base model,1,1,2,[78]
randomized tree,1,1,2,[78]
program imagery,1,1,2,[78]
classification result,1,1,2,[78]
model transferability,1,1,2,[78]
different region,1,1,2,[78]
feature transferability,1,1,2,[78]
important implication,1,1,2,[78]
global review,1,1,2,[86]
practical consideration,1,1,2,[86]
global capture,1,1,2,[86]
research area,1,1,2,[86]
natural environment,1,1,2,[86]
urban modelling,1,1,2,[86]
demographic surveillance,1,1,2,[86]
area quality,1,1,2,[86]
sensed imagery,1,1,2,[86]
learning data,1,1,2,[86]
data extraction,1,1,2,[86]
extraction technique,1,1,2,[86]
key advantage,1,1,2,[86]
data capture,1,1,2,[86]
remote presence,1,1,2,[86]
several limitation,1,1,2,[86]
limited ability,1,1,2,[86]
attribute information,1,1,2,[86]
temporal analysis,1,1,2,[86]
limited use,1,1,2,[86]
distance analysis,1,1,2,[86]
learning approach,1,1,2,[95]
morphology contributes,1,1,2,[95]
practical framework,1,1,2,[95]
many study,1,1,2,[95]
current built,1,1,2,[95]
built environment,1,1,2,[95]
novel design,1,1,2,[95]
conventional method,1,1,2,[95]
qualitative description,1,1,2,[95]
symbolical interpretation,1,1,2,[95]
subjective bias,1,1,2,[95]
morphological description,1,1,2,[95]
information abundance,1,1,2,[95]
residential plot,1,1,2,[95]
related infrastructure,1,1,2,[95]
infrastructure information,1,1,2,[95]
euclidean distance,1,1,2,[95]
comparison study,1,1,2,[95]
plot shape,1,1,2,[95]
overall characteristic,1,1,2,[95]
social infrastructure,1,1,2,[95]
infrastructure situation,1,1,2,[95]
adequate reference,1,1,2,[95]
learning method,1,1,2,[95]
association study,1,1,2,[95]
urban consequence,1,1,2,[95]
economic study,1,1,2,[95]
sludge management,1,1,2,[105]
management solution,1,1,2,[105]
treatment process,1,1,2,[105]
process operation,1,1,2,[105]
analytical capacity,1,1,2,[105]
many treatment,1,1,2,[105]
simple field,1,1,2,[105]
control parameter,1,1,2,[105]
questionnaire data,1,1,2,[105]
expert assessment,1,1,2,[105]
analytical measurement,1,1,2,[105]
onsite containment,1,1,2,[105]
linear regression,1,1,2,[105]
regression model,1,1,2,[105]
separation performance,1,1,2,[105]
image analysis,1,1,2,[105]
sludge color,1,1,2,[105]
simple decision,1,1,2,[105]
tree model,1,1,2,[105]
single classifier,1,1,2,[105]
containment type,1,1,2,[105]
citywide planning,1,1,2,[105]
refined method,1,1,2,[113]
automatic detection,1,1,2,[113]
important role,1,1,2,[113]
ecological environment,1,1,2,[113]
environment monitoring,1,1,2,[113]
urban management,1,1,2,[113]
resolution remote,1,1,2,[113]
spatial detail,1,1,2,[113]
spectral heterogeneity,1,1,2,[113]
technology proceed,1,1,2,[113]
new solution,1,1,2,[113]
detection method,1,1,2,[113]
generalized machine,1,1,2,[113]
building mask,1,1,2,[113]
semantic segmentation,1,1,2,[113]
low confidence,1,1,2,[113]
final vector,1,1,2,[113]
accuracy assessment,1,1,2,[113]
fringe area,1,1,2,[113]
experimental result,1,1,2,[113]
result show,1,1,2,[113]
confidence share,1,1,2,[113]
overall effect,1,1,2,[113]
final detection,1,1,2,[113]
detection result,1,1,2,[113]
assessment method,1,1,2,[113]
area registration,1,1,2,[113]
registration efficiency,1,1,2,[113]
joint use,1,1,2,[113]
prior rule,1,1,2,[113]
svm classifier,1,1,2,[113]
probability feature,1,1,2,[113]
practical application,1,1,2,[113]
various challenge,1,1,2,[128]
nowadays vehicle,1,1,2,[128]
security concern,1,1,2,[128]
vital role,1,1,2,[128]
various crime,1,1,2,[128]
child kidnapping,1,1,2,[128]
traffic misconduct,1,1,2,[128]
sexual misconduct,1,1,2,[128]
traffic management,1,1,2,[128]
rescue vehicle,1,1,2,[128]
hill area,1,1,2,[128]
digital watermarking,1,1,2,[128]
vehicle tracking,1,1,2,[128]
toll plaza,1,1,2,[128]
counting task,1,1,2,[128]
complex background,1,1,2,[128]
small size,1,1,2,[128]
visual appearance,1,1,2,[128]
appearance object,1,1,2,[128]
traditional methodology,1,1,2,[128]
robust algorithms,1,1,2,[128]
learning algorithm,1,1,2,[128]
huge amount,1,1,2,[128]
brief description,1,1,2,[128]
traditional algorithms,1,1,2,[128]
learning concept,1,1,2,[128]
comprehensive analysis,1,1,2,[128]
benchmark datasets,1,1,2,[128]
corresponding challenge,1,1,2,[128]
geolocation technique,1,1,2,[133]
medium data,1,1,2,[133]
recent attention,1,1,2,[133]
vital statistic,1,1,2,[133]
private company,1,1,2,[133]
useful data,1,1,2,[133]
urban infrastructure,1,1,2,[133]
available dataset,1,1,2,[133]
road traffic,1,1,2,[133]
traffic crash,1,1,2,[133]
crash location,1,1,2,[133]
young adult,1,1,2,[133]
research project,1,1,2,[133]
improved geoparsing,1,1,2,[133]
geoparsing algorithm,1,1,2,[133]
crash report,1,1,2,[133]
unique crash,1,1,2,[133]
motorcycle delivery,1,1,2,[133]
delivery service,1,1,2,[133]
geolocated dataset,1,1,2,[133]
first crash,1,1,2,[133]
crash map,1,1,2,[133]
spatial clustering,1,1,2,[133]
clustering algorithm,1,1,2,[133]
useful information,1,1,2,[133]
road safety,1,1,2,[133]
safety improvement,1,1,2,[133]
twitter data,1,1,2,[133]
essential data,1,1,2,[133]
poor environment,1,1,2,[133]
unrestricted use,1,1,2,[133]
original author,1,1,2,[133]
residential location,1,1,2,[140]
location choice,1,1,2,[140]
urban population,1,1,2,[140]
common approach,1,1,2,[140]
natural hazard,1,1,2,[140]
hazard risk,1,1,2,[140]
indirect approach,1,1,2,[140]
dynamic risk,1,1,2,[140]
risk component,1,1,2,[140]
continuous reorganization,1,1,2,[140]
urban dweller,1,1,2,[140]
approach reveals,1,1,2,[140]
hot spot,1,1,2,[140]
cold spot,1,1,2,[140]
residential choice,1,1,2,[140]
socioeconomic group,1,1,2,[140]
heterogeneous preference,1,1,2,[140]
future trend,1,1,2,[140]
analytical focus,1,1,2,[140]
future research,1,1,2,[140]
operational strengthening,1,1,2,[140]
effective disaster,1,1,2,[140]
risk management,1,1,2,[140]
half century,1,1,2,[158]
rational use,1,1,2,[158]
negative impact,1,1,2,[158]
human life,1,1,2,[158]
life activity,1,1,2,[158]
correct distribution,1,1,2,[158]
industrial facility,1,1,2,[158]
waste disposal,1,1,2,[158]
disposal zone,1,1,2,[158]
balanced planning,1,1,2,[158]
current state,1,1,2,[158]
integrated monitoring,1,1,2,[158]
suburban area,1,1,2,[158]
intelligent processing,1,1,2,[158]
digital map,1,1,2,[158]
population life,1,1,2,[168]
optional tree,1,1,2,[168]
financial resource,1,1,2,[168]
planting site,1,1,2,[168]
optimization problem,1,1,2,[168]
nearby venue,1,1,2,[168]
location site,1,1,2,[168]
functional category,1,1,2,[168]
tree placement,1,1,2,[168]
tree planting,1,1,2,[168]
planting policy,1,1,2,[168]
mobility data,1,1,2,[168]
different policy,1,1,2,[168]
simulated movement,1,1,2,[168]
movement data,1,1,2,[168]
overall exposure,1,1,2,[168]
much inequality,1,1,2,[168]
tree exposure,1,1,2,[168]
use information,1,1,2,[172]
landscape design,1,1,2,[172]
health promotion,1,1,2,[172]
wide spectrum,1,1,2,[172]
urban information,1,1,2,[172]
auxiliary crowdsourcing,1,1,2,[172]
crowdsourcing datasets,1,1,2,[172]
global scale,1,1,2,[172]
historical retrospect,1,1,2,[172]
euluc study,1,1,2,[172]
sample collection,1,1,2,[172]
use problem,1,1,2,[172]
model generalization,1,1,2,[172]
mapping effort,1,1,2,[172]
discuss future,1,1,2,[172]
future opportunity,1,1,2,[172]
optimal integration,1,1,2,[172]
global sample,1,1,2,[172]
sample library,1,1,2,[172]
ensembled classification,1,1,2,[172]
classification strategy,1,1,2,[172]
open portal,1,1,2,[172]
data visualization,1,1,2,[172]
euluc change,1,1,2,[172]
environmental study,1,1,2,[172]
euluc mapping,1,1,2,[172]
mapping research,1,1,2,[172]
complex system,1,1,2,[181]
technological process,1,1,2,[181]
use development,1,1,2,[181]
city grapple,1,1,2,[181]
severe weather,1,1,2,[181]
weather event,1,1,2,[181]
climate risk,1,1,2,[181]
local land,1,1,2,[181]
numerical model,1,1,2,[181]
model leverage,1,1,2,[181]
wide array,1,1,2,[181]
tax assessment,1,1,2,[181]
land cover,1,1,2,[181]
cellular automaton,1,1,2,[181]
automaton approach,1,1,2,[181]
historical land,1,1,2,[181]
future scenario,1,1,2,[181]
automata model,1,1,2,[181]
ancillary data,1,1,2,[181]
natural feature,1,1,2,[181]
probabilistic land,1,1,2,[181]
change rule,1,1,2,[181]
stakeholder priority,1,1,2,[181]
use scenario,1,1,2,[181]
historical flood,1,1,2,[181]
flood hazard,1,1,2,[181]
increase resilience,1,1,2,[181]
ecosystem service,1,1,2,[181]
rapid rate,1,1,2,[189]
many challenge,1,1,2,[189]
global urbanization,1,1,2,[189]
rational planning,1,1,2,[189]
area needs,1,1,2,[189]
scientific approach,1,1,2,[189]
user behavior,1,1,2,[189]
behavior data,1,1,2,[189]
set test,1,1,2,[189]
single modality,1,1,2,[189]
modality complement,1,1,2,[189]
ml algorithms,1,1,2,[189]
good result,1,1,2,[189]
remote measurement,1,1,2,[197]
algorithms fusion,1,1,2,[197]
rapid change,1,1,2,[197]
world compete,1,1,2,[197]
visitor satisfaction,1,1,2,[197]
force city,1,1,2,[197]
smart city,1,1,2,[197]
real estate,1,1,2,[197]
anthropogenic component,1,1,2,[197]
multidisciplinary analysis,1,1,2,[197]
information technology,1,1,2,[197]
increased availability,1,1,2,[197]
new source,1,1,2,[197]
environmental problem,1,1,2,[197]
detailed property,1,1,2,[197]
property information,1,1,2,[197]
numerical algorithm,1,1,2,[197]
author concentrate,1,1,2,[197]
automatic algorithm,1,1,2,[197]
vision technology,1,1,2,[197]
close range,1,1,2,[197]
range image,1,1,2,[197]
system requirement,1,1,2,[197]
bufa estimation,1,1,2,[197]
planning aspect,1,1,2,[197]
fine scale,1,1,2,[198]
scale surface,1,1,2,[198]
climate information,1,1,2,[198]
terrain landscape,1,1,2,[198]
resolution information,1,1,2,[198]
local variability,1,1,2,[198]
high resolution,1,1,2,[198]
variable field,1,1,2,[198]
air temperature,1,1,2,[198]
ground station,1,1,2,[198]
station observation,1,1,2,[198]
residual error,1,1,2,[198]
bias correction,1,1,2,[198]
statistical model,1,1,2,[198]
large scale,1,1,2,[198]
atmospheric condition,1,1,2,[198]
terrain variability,1,1,2,[198]
temporal variability,1,1,2,[198]
topographic index,1,1,2,[198]
dense weather,1,1,2,[198]
weather station,1,1,2,[198]
station network,1,1,2,[198]
terrain basin,1,1,2,[198]
tropical climate,1,1,2,[198]
exhaustive description,1,1,2,[198]
spatial variability,1,1,2,[198]
driven circulation,1,1,2,[198]
gcm output,1,1,2,[198]
sheltered area,1,1,2,[198]
local effect,1,1,2,[198]
extreme event,1,1,2,[198]
cold air,1,1,2,[198]
important strategy,1,1,2,[205]
current greenway,1,1,2,[205]
natural issue,1,1,2,[205]
design factor,1,1,2,[205]
destination accessibility,1,1,2,[205]
geographical information,1,1,2,[205]
optimized greenway,1,1,2,[205]
network generation,1,1,2,[205]
methodological boundary,1,1,2,[205]
new technique,1,1,2,[205]
failure propagation,1,1,2,[227]
network consist,1,1,2,[227]
multiple city,1,1,2,[227]
connectivity profile,1,1,2,[227]
forty interface,1,1,2,[227]
topological connectivity,1,1,2,[227]
predictive power,1,1,2,[227]
connectivity cluster,1,1,2,[227]
node belongs,1,1,2,[227]
shortest path,1,1,2,[227]
path length,1,1,2,[227]
nodal feature,1,1,2,[227]
hold implication,1,1,2,[227]
distribution design,1,1,2,[227]
potential cascading,1,1,2,[227]
cascading failure,1,1,2,[227]
aviation case,1,1,2,[267]
hard hit,1,1,2,[267]
global warming,1,1,2,[267]
novel workflow,1,1,2,[267]
world airport,1,1,2,[267]
use parameter,1,1,2,[267]
scalable approach,1,1,2,[267]
certain airport,1,1,2,[267]
generic nature,1,1,2,[267]
large infrastructure,1,1,2,[267]
specific feature,1,1,2,[267]
large number,1,1,2,[267]
design challenge,1,1,2,[267]
campus context,1,1,2,[270]
significant part,1,1,2,[270]
morphological research,1,1,2,[270]
unique product,1,1,2,[270]
city development,1,1,2,[270]
university campus,1,1,2,[270]
widespread application,1,1,2,[270]
ai technology,1,1,2,[270]
various discipline,1,1,2,[270]
research tool,1,1,2,[270]
potential application,1,1,2,[270]
deep clustering,1,1,2,[270]
new framework,1,1,2,[270]
diagrammatic image,1,1,2,[270]
city context,1,1,2,[270]
integrated feature,1,1,2,[270]
convolutional autoencoder,1,1,2,[270]
autoencoder model,1,1,2,[270]
compressed feature,1,1,2,[270]
quantitative analysis,1,1,2,[270]
campus morphology,1,1,2,[270]
flexible means,1,1,2,[271]
generative model,1,1,2,[271]
large datasets,1,1,2,[271]
urban level,1,1,2,[271]
analytic insight,1,1,2,[271]
previous research,1,1,2,[271]
numerous correlation,1,1,2,[271]
discipline shape,1,1,2,[271]
health disorder,1,1,2,[271]
global disease,1,1,2,[271]
disease burden,1,1,2,[271]
allow architect,1,1,2,[271]
urban designer,1,1,2,[271]
design workflow,1,1,2,[271]
design task,1,1,2,[271]
anxiety prevalence,1,1,2,[271]
actionable intelligence,1,1,2,[271]
new management,1,1,2,[275]
management method,1,1,2,[275]
wide use,1,1,2,[275]
large amount,1,1,2,[275]
heterogeneous data,1,1,2,[275]
urban economy,1,1,2,[275]
environmental restriction,1,1,2,[275]
monitoring task,1,1,2,[275]
engineering facility,1,1,2,[275]
operational control,1,1,2,[275]
wide range,1,1,2,[275]
hardware technology,1,1,2,[275]
relative cheapness,1,1,2,[275]
high degree,1,1,2,[275]
whereas weakness,1,1,2,[275]
short flight,1,1,2,[275]
flight time,1,1,2,[275]
outstanding task,1,1,2,[275]
data management,1,1,2,[275]
kazakhstan megalopolis,1,1,2,[275]
geological process,1,1,2,[275]
technical construction,1,1,2,[275]
economic issue,1,1,2,[275]
necessary data,1,1,2,[275]
economic effect,1,1,2,[275]
technical problem,1,1,2,[275]
spatiotemporal modeling,1,1,2,[299]
general framework,1,1,2,[299]
important variable,1,1,2,[299]
framework model,1,1,2,[299]
spatiotemporal regression,1,1,2,[299]
regression problem,1,1,2,[299]
binary classifier,1,1,2,[299]
temporal correction,1,1,2,[299]
previous value,1,1,2,[299]
current value,1,1,2,[299]
semantic inpainting,1,1,2,[299]
inpainting algorithm,1,1,2,[299]
free data,1,1,2,[299]
landsat archive,1,1,2,[299]
layer framework,1,1,2,[299]
interested user,1,1,2,[299]
approximate growth,1,1,2,[299]
growth prediction,1,1,2,[299]
input variable,1,1,2,[299]
growth model,1,1,2,[299]
main advantage,1,1,2,[299]
historical data,1,1,2,[299]
new machine,1,1,2,[299]
explanatory input,1,1,2,[299]
american city,1,1,2,[299]
geomorphological characteristic,1,1,2,[299]
model prediction,1,1,2,[299]
close agreement,1,1,2,[299]
sensitivity analysis,1,1,2,[299]
planning cycle,1,1,2,[299]
resilient city,1,1,2,[299]
important part,1,1,2,[333]
strategic planning,1,1,2,[333]
urban settlement,1,1,2,[333]
population explosion,1,1,2,[333]
rural area,1,1,2,[333]
image need,1,1,2,[333]
water body,1,1,2,[333]
observatory image,1,1,2,[333]
adoption pattern,1,1,2,[344]
classification tree,1,1,2,[344]
local government,1,1,2,[344]
consent decree,1,1,2,[344]
private landowner,1,1,2,[344]
infiltration effort,1,1,2,[344]
infrastructure project,1,1,2,[344]
wastewater system,1,1,2,[344]
private land,1,1,2,[344]
potential opportunity,1,1,2,[344]
residential land,1,1,2,[344]
lid project,1,1,2,[344]
lid configuration,1,1,2,[344]
high performance,1,1,2,[344]
performance decision,1,1,2,[344]
adoption category,1,1,2,[344]
reliable design,1,1,2,[349]
major challenge,1,1,2,[349]
new methodology,1,1,2,[349]
parametric performance,1,1,2,[349]
adaptive regression,1,1,2,[349]
regression spline,1,1,2,[349]
spline approach,1,1,2,[349]
urban performance,1,1,2,[349]
energy efficient,1,1,2,[349]
finding show,1,1,2,[349]
solar potential,1,1,2,[349]
building coverage,1,1,2,[349]
coverage ratio,1,1,2,[349]
optimal energy,1,1,2,[349]
relationship contribute,1,1,2,[349]
design strategy,1,1,2,[349]
sustainable campus,1,1,2,[349]
linear waterway,1,1,2,[352]
analysis method,1,1,2,[352]
gi development,1,1,2,[352]
dynamic urbanscapes,1,1,2,[352]
fuzzy inference,1,1,2,[352]
inference system,1,1,2,[352]
grey transformation,1,1,2,[352]
transformation likelihood,1,1,2,[352]
vacant site,1,1,2,[352]
waterway corridor,1,1,2,[352]
social criterion,1,1,2,[352]
predictive capacity,1,1,2,[352]
logistic model,1,1,2,[352]
site size,1,1,2,[352]
population coverage,1,1,2,[352]
main influencers,1,1,2,[352]
site transformation,1,1,2,[352]
gi transformation,1,1,2,[352]
grey development,1,1,2,[352]
current trend,1,1,2,[352]
planning practice,1,1,2,[352]
uas application,1,1,2,[357]
simple representation,1,1,2,[357]
cylinderical shape,1,1,2,[357]
unmanned aircraft,1,1,2,[357]
aircraft flight,1,1,2,[357]
flight simulation,1,1,2,[357]
lidar information,1,1,2,[357]
lidar resource,1,1,2,[357]
adaptive spacing,1,1,2,[357]
spacing method,1,1,2,[357]
iterative algorithm,1,1,2,[357]
reference city,1,1,2,[357]
numerical simulation,1,1,2,[357]
safe trajectory,1,1,2,[363]
automated vehicle,1,1,2,[363]
different situation,1,1,2,[363]
future movement,1,1,2,[363]
absolute certainty,1,1,2,[363]
new concept,1,1,2,[363]
motion planning,1,1,2,[363]
reachability analysis,1,1,2,[363]
physical constraint,1,1,2,[363]
environmental information,1,1,2,[363]
maximum value,1,1,2,[363]
reachable area,1,1,2,[363]
urgent policy,1,1,2,[368]
policy issue,1,1,2,[368]
african city,1,1,2,[368]
critical step,1,1,2,[368]
household survey,1,1,2,[368]
survey data,1,1,2,[368]
census data,1,1,2,[368]
resolution satellite,1,1,2,[368]
slum area,1,1,2,[368]
poverty rate,1,1,2,[368]
neighborhood level,1,1,2,[368]
important policy,1,1,2,[368]
policy implication,1,1,2,[368]
economic opportunity,1,1,2,[368]
robust prediction,1,1,2,[382]
pedestrian behavior,1,1,2,[382]
challenging problem,1,1,2,[382]
autonomous driving,1,1,2,[382]
pedestrian crossing,1,1,2,[382]
considerable importance,1,1,2,[382]
motion tracking,1,1,2,[382]
prediction approach,1,1,2,[382]
abrupt change,1,1,2,[382]
pedestrian motion,1,1,2,[382]
hierarchical structure,1,1,2,[382]
different type,1,1,2,[382]
straight road,1,1,2,[382]
thorough analysis,1,1,2,[382]
generalization performance,1,1,2,[382]
energy demand,1,1,2,[409]
major limitation,1,1,2,[409]
limitation exist,1,1,2,[409]
performance evaluation,1,1,2,[409]
evaluation method,1,1,2,[409]
city policy,1,1,2,[409]
international campus,1,1,2,[409]
geometrical alternative,1,1,2,[409]
site constraint,1,1,2,[409]
energy consumption,1,1,2,[409]
integrated performance,1,1,2,[409]
criterion function,1,1,2,[409]
derive guideline,1,1,2,[409]
green campus,1,1,2,[409]
future conduct,1,1,2,[409]
conduct multivariate,1,1,2,[409]
geometric element,1,1,2,[409]
performance measurement,1,1,2,[409]
scientific committee,1,1,2,[409]
business zone,1,1,2,[544]
zone recommender,1,1,2,[544]
recommender system,1,1,2,[544]
zone recommendation,1,1,2,[544]
recommendation system,1,1,2,[544]
physical business,1,1,2,[544]
urban city,1,1,2,[544]
public business,1,1,2,[544]
business data,1,1,2,[544]
recommended zone,1,1,2,[544]
food business,1,1,2,[544]
different feature,1,1,2,[544]
feature group,1,1,2,[544]
recommendation quality,1,1,2,[544]
reasoning approach,1,1,2,[561]
security incident,1,1,2,[561]
numerous vulnerability,1,1,2,[561]
potential threat,1,1,2,[561]
government agency,1,1,2,[561]
early identification,1,1,2,[561]
reasoning layer,1,1,2,[561]
symbolic event,1,1,2,[561]
meaningful alert,1,1,2,[561]
information source,1,1,2,[561]
different abstraction,1,1,2,[561]
abstraction level,1,1,2,[561]
sensor information,1,1,2,[561]
police patrol,1,1,2,[561]
patrol input,1,1,2,[561]
intelligence analyst,1,1,2,[561]
analyst work,1,1,2,[561]
work flow,1,1,2,[561]
special focus,1,1,2,[561]
functional requirement,1,1,2,[561]
attack prediction,1,1,2,[561]
prediction system,1,1,2,[561]
reliable model,1,1,2,[561]
sensitive threat,1,1,2,[561]
event driven,1,1,2,[561]
driven architecture,1,1,2,[561]
complex event,1,1,2,[561]
event processing,1,1,2,[561]
processing system,1,1,2,[561]
prototype implementation,1,1,2,[561]
simulated validation,1,1,2,[561]
validation scenario,1,1,2,[561]
expert user,1,1,2,[561]
threat probability,1,1,2,[561]
physical environment,1,1,2,[561]
educational data,1,1,2,[566]
class discussion,1,1,2,[566]
individual behavior,1,1,2,[566]
major role,1,1,2,[566]
adaptable system,1,1,2,[566]
huge impact,1,1,2,[566]
novel data,1,1,2,[566]
processing approach,1,1,2,[566]
automated detection,1,1,2,[566]
detection student,1,1,2,[566]
student act,1,1,2,[566]
gaze dynamic,1,1,2,[579]
architectural feature,1,1,2,[579]
technical challenge,1,1,2,[579]
challenge arises,1,1,2,[579]
gaze direction,1,1,2,[579]
high noise,1,1,2,[579]
noise level,1,1,2,[579]
dynamic hamper,1,1,2,[579]
hamper precise,1,1,2,[579]
precise calculation,1,1,2,[579]
analysis system,1,1,2,[579]
human video,1,1,2,[579]
video data,1,1,2,[579]
manifold alignment,1,1,2,[579]
street scene,1,1,2,[579]
autonomous humanoid,1,1,2,[579]
humanoid robot,1,1,2,[579]
human pedestrian,1,1,2,[579]
several camera,1,1,2,[579]
attractive object,1,1,2,[579]
overhead recording,1,1,2,[579]
joint signal,1,1,2,[579]
true data,1,1,2,[579]
accuracy testing,1,1,2,[579]
central component,1,1,2,[579]
head direction,1,1,2,[579]
robot head,1,1,2,[579]
gaze vector,1,1,2,[579]
video sequence,1,1,2,[579]
multidimensional trajectory,1,1,2,[579]
trajectory data,1,1,2,[579]
temporal behaviour,1,1,2,[579]
behaviour analysis,1,1,2,[579]
analysis technique,1,1,2,[579]
player personality,1,1,2,[580]
processing component,1,1,2,[580]
serious game,1,1,2,[580]
player act,1,1,2,[580]
environmental science,1,1,2,[580]
vector space,1,1,2,[580]
space representation,1,1,2,[580]
classification task,1,1,2,[580]
several machine,1,1,2,[580]
feature space,1,1,2,[580]
computational linguistics,1,1,2,[580]
feature analysis,1,1,2,[580]
theoretical contribution,1,1,2,[580]
different personality,1,1,2,[580]
