dimension,min_samples,min_cluster_size,epsilon,Silhouette_score,total_clusters,outliers,cluster_results,cluster_labels
150,None,5,0.0,0.49352486049682787,14,113,"[{'cluster_no': -1, 'count': 113}, {'cluster_no': 0, 'count': 7}, {'cluster_no': 1, 'count': 6}, {'cluster_no': 2, 'count': 7}, {'cluster_no': 3, 'count': 14}, {'cluster_no': 4, 'count': 15}, {'cluster_no': 5, 'count': 6}, {'cluster_no': 6, 'count': 6}, {'cluster_no': 7, 'count': 12}, {'cluster_no': 8, 'count': 7}, {'cluster_no': 9, 'count': 16}, {'cluster_no': 10, 'count': 10}, {'cluster_no': 11, 'count': 11}, {'cluster_no': 12, 'count': 7}]","[-1, 4, 4, -1, 1, 10, 0, 4, 4, 5, -1, 4, -1, -1, -1, -1, -1, -1, -1, -1, 9, -1, -1, -1, -1, 9, -1, -1, 3, -1, 11, -1, -1, 4, 0, -1, 9, -1, 3, 1, -1, 7, 5, -1, 4, 11, -1, -1, 4, 3, -1, -1, 4, 8, -1, -1, -1, 11, -1, -1, -1, 2, -1, 8, -1, 3, -1, 4, -1, -1, -1, -1, 4, -1, 10, 10, -1, 0, 3, -1, -1, -1, -1, 6, -1, -1, 8, 7, 11, 0, 8, 9, 9, -1, -1, 10, -1, 9, -1, 0, 3, 5, 3, 2, 11, -1, 7, 3, 10, 7, -1, -1, 7, -1, 12, -1, -1, -1, 10, 9, 3, -1, -1, -1, -1, 3, 4, 3, -1, -1, -1, -1, 0, 3, -1, -1, -1, -1, -1, 9, 6, 4, 12, -1, 12, 1, 1, -1, 9, 7, -1, 5, 5, 2, 2, 12, -1, 2, 11, 7, -1, -1, 9, -1, 6, -1, -1, 7, 11, -1, 10, 4, -1, -1, 11, -1, -1, 7, 1, 6, 2, 8, 2, -1, -1, 7, 11, -1, -1, -1, 9, -1, 7, -1, 9, 9, -1, 10, 6, 10, -1, 9, 4, -1, 9, -1, 12, 12, 6, 7, -1, 12, -1, -1, -1, 3, 1, 3, 11, -1, 0, 9, -1, -1, -1, -1, -1, -1, -1, -1, 5, 10, -1, 8, 11, 8, -1]"
150,None,5,0.5,-0.10272806336048494,3,76,"[{'cluster_no': -1, 'count': 76}, {'cluster_no': 0, 'count': 154}, {'cluster_no': 1, 'count': 7}]","[-1, 0, 0, 0, 0, 0, 1, 0, 0, 0, -1, 0, -1, -1, -1, -1, -1, -1, -1, -1, 0, -1, -1, -1, 0, 0, -1, 0, 0, 0, 0, -1, -1, 0, 1, 0, 0, -1, 0, 0, 0, 0, 0, -1, 0, 0, -1, 0, 0, 0, -1, -1, 0, 0, -1, -1, -1, 0, -1, -1, 0, 0, -1, 0, -1, 0, 0, 0, -1, -1, -1, -1, 0, -1, 0, 0, 0, 1, 0, -1, 0, -1, -1, 0, 0, -1, 0, 0, 0, 1, 0, 0, 0, -1, 0, 0, -1, 0, -1, 1, 0, 0, 0, 0, 0, -1, 0, 0, 0, 0, 0, -1, 0, 0, 0, -1, 0, -1, 0, 0, 0, -1, 0, 0, 0, 0, 0, 0, -1, -1, 0, -1, 1, 0, 0, 0, 0, -1, 0, 0, 0, 0, 0, -1, 0, 0, 0, -1, 0, 0, -1, 0, 0, 0, 0, 0, -1, 0, 0, 0, 0, 0, 0, -1, 0, -1, 0, 0, 0, -1, 0, 0, 0, -1, 0, -1, -1, 0, 0, 0, 0, 0, 0, -1, 0, 0, 0, 0, 0, 0, 0, 0, 0, -1, 0, 0, -1, 0, 0, 0, -1, 0, 0, 0, 0, 0, 0, 0, 0, 0, 0, 0, 0, -1, -1, 0, 0, 0, 0, -1, 1, 0, -1, -1, -1, -1, -1, -1, -1, -1, 0, 0, -1, 0, 0, 0, -1]"
150,None,5,1.0,-0.10272806336048494,3,76,"[{'cluster_no': -1, 'count': 76}, {'cluster_no': 0, 'count': 154}, {'cluster_no': 1, 'count': 7}]","[-1, 0, 0, 0, 0, 0, 1, 0, 0, 0, -1, 0, -1, -1, -1, -1, -1, -1, -1, -1, 0, -1, -1, -1, 0, 0, -1, 0, 0, 0, 0, -1, -1, 0, 1, 0, 0, -1, 0, 0, 0, 0, 0, -1, 0, 0, -1, 0, 0, 0, -1, -1, 0, 0, -1, -1, -1, 0, -1, -1, 0, 0, -1, 0, -1, 0, 0, 0, -1, -1, -1, -1, 0, -1, 0, 0, 0, 1, 0, -1, 0, -1, -1, 0, 0, -1, 0, 0, 0, 1, 0, 0, 0, -1, 0, 0, -1, 0, -1, 1, 0, 0, 0, 0, 0, -1, 0, 0, 0, 0, 0, -1, 0, 0, 0, -1, 0, -1, 0, 0, 0, -1, 0, 0, 0, 0, 0, 0, -1, -1, 0, -1, 1, 0, 0, 0, 0, -1, 0, 0, 0, 0, 0, -1, 0, 0, 0, -1, 0, 0, -1, 0, 0, 0, 0, 0, -1, 0, 0, 0, 0, 0, 0, -1, 0, -1, 0, 0, 0, -1, 0, 0, 0, -1, 0, -1, -1, 0, 0, 0, 0, 0, 0, -1, 0, 0, 0, 0, 0, 0, 0, 0, 0, -1, 0, 0, -1, 0, 0, 0, -1, 0, 0, 0, 0, 0, 0, 0, 0, 0, 0, 0, 0, -1, -1, 0, 0, 0, 0, -1, 1, 0, -1, -1, -1, -1, -1, -1, -1, -1, 0, 0, -1, 0, 0, 0, -1]"
150,None,6,0.0,0.4915576609360858,11,123,"[{'cluster_no': -1, 'count': 123}, {'cluster_no': 0, 'count': 7}, {'cluster_no': 1, 'count': 15}, {'cluster_no': 2, 'count': 8}, {'cluster_no': 3, 'count': 7}, {'cluster_no': 4, 'count': 8}, {'cluster_no': 5, 'count': 15}, {'cluster_no': 6, 'count': 14}, {'cluster_no': 7, 'count': 10}, {'cluster_no': 8, 'count': 23}, {'cluster_no': 9, 'count': 7}]","[-1, 6, 6, -1, -1, 1, 3, 6, 6, 7, -1, 6, -1, -1, -1, -1, -1, -1, -1, -1, -1, -1, -1, -1, -1, 1, -1, -1, 5, 8, 8, -1, -1, 6, 3, -1, -1, -1, 5, -1, 1, 2, 7, -1, 6, 8, -1, -1, 6, -1, -1, -1, 6, 7, -1, -1, -1, 8, -1, -1, -1, 4, -1, 7, -1, 5, -1, 6, -1, -1, -1, -1, 6, -1, 1, -1, -1, 3, 5, -1, 8, -1, -1, 9, -1, -1, 7, 2, 8, 3, -1, 1, 0, -1, -1, 1, -1, 0, -1, 3, -1, -1, 5, 4, 8, -1, 2, 5, -1, -1, -1, -1, -1, -1, 8, -1, 8, -1, 1, 0, 5, -1, -1, -1, -1, 5, 6, 5, -1, -1, 1, -1, 3, 5, 1, -1, 8, -1, 7, 0, 9, 6, 8, -1, 8, -1, -1, -1, 1, 2, -1, -1, 7, 4, 4, 8, -1, 4, 8, 2, 9, 5, -1, -1, 9, -1, 8, 2, 8, -1, 1, 6, -1, -1, 8, -1, -1, 2, -1, 9, 4, 7, 4, -1, -1, -1, 8, -1, 4, 5, 1, -1, 2, -1, -1, -1, -1, 1, 9, 1, -1, 0, 5, 1, 0, -1, 8, 8, 9, -1, -1, 8, -1, -1, -1, 5, -1, 5, 8, -1, 3, 0, -1, -1, -1, -1, -1, -1, -1, -1, -1, -1, -1, 7, 8, 7, -1]"
150,None,6,0.5,0.17766739754466898,3,103,"[{'cluster_no': -1, 'count': 103}, {'cluster_no': 0, 'count': 70}, {'cluster_no': 1, 'count': 64}]","[-1, 0, 0, 1, -1, 0, 0, 0, 0, 1, -1, 0, -1, -1, -1, -1, -1, 0, -1, -1, -1, -1, -1, -1, 0, 0, -1, 0, 0, 1, 1, -1, -1, 0, 0, 1, 0, -1, 0, 0, 0, 0, 1, -1, 0, 1, -1, 0, 0, -1, -1, -1, 0, 1, -1, -1, -1, 1, -1, -1, 1, 1, -1, 1, -1, 0, -1, 0, -1, -1, -1, -1, 0, -1, 0, -1, -1, 0, 0, -1, 1, -1, -1, 1, -1, -1, 1, 0, 1, 0, -1, 0, 1, -1, -1, 0, -1, 1, -1, 0, -1, -1, 0, 1, 1, -1, 0, 0, -1, -1, -1, -1, -1, -1, 1, -1, 1, -1, 0, 1, 0, -1, 1, 0, 1, 0, 0, 0, -1, -1, 0, -1, 0, 0, 0, -1, 1, -1, 1, 1, 1, 0, 1, -1, 1, -1, -1, -1, 0, 0, -1, 1, 1, 1, 1, 1, -1, 1, 1, 0, 1, 0, 0, -1, 1, -1, 1, 0, 1, -1, 0, 0, -1, -1, 1, -1, -1, 0, -1, 1, 1, 1, 1, -1, 0, -1, 1, -1, 1, 0, 0, -1, 0, -1, -1, -1, 0, 0, 1, 0, -1, 1, 0, 0, 1, 1, 1, 1, 1, 1, -1, 1, 1, -1, -1, 0, 0, 0, 1, -1, 0, 1, -1, -1, -1, -1, -1, -1, -1, -1, -1, -1, -1, 1, 1, 1, -1]"
150,None,6,1.0,0.17766739754466898,3,103,"[{'cluster_no': -1, 'count': 103}, {'cluster_no': 0, 'count': 70}, {'cluster_no': 1, 'count': 64}]","[-1, 0, 0, 1, -1, 0, 0, 0, 0, 1, -1, 0, -1, -1, -1, -1, -1, 0, -1, -1, -1, -1, -1, -1, 0, 0, -1, 0, 0, 1, 1, -1, -1, 0, 0, 1, 0, -1, 0, 0, 0, 0, 1, -1, 0, 1, -1, 0, 0, -1, -1, -1, 0, 1, -1, -1, -1, 1, -1, -1, 1, 1, -1, 1, -1, 0, -1, 0, -1, -1, -1, -1, 0, -1, 0, -1, -1, 0, 0, -1, 1, -1, -1, 1, -1, -1, 1, 0, 1, 0, -1, 0, 1, -1, -1, 0, -1, 1, -1, 0, -1, -1, 0, 1, 1, -1, 0, 0, -1, -1, -1, -1, -1, -1, 1, -1, 1, -1, 0, 1, 0, -1, 1, 0, 1, 0, 0, 0, -1, -1, 0, -1, 0, 0, 0, -1, 1, -1, 1, 1, 1, 0, 1, -1, 1, -1, -1, -1, 0, 0, -1, 1, 1, 1, 1, 1, -1, 1, 1, 0, 1, 0, 0, -1, 1, -1, 1, 0, 1, -1, 0, 0, -1, -1, 1, -1, -1, 0, -1, 1, 1, 1, 1, -1, 0, -1, 1, -1, 1, 0, 0, -1, 0, -1, -1, -1, 0, 0, 1, 0, -1, 1, 0, 0, 1, 1, 1, 1, 1, 1, -1, 1, 1, -1, -1, 0, 0, 0, 1, -1, 0, 1, -1, -1, -1, -1, -1, -1, -1, -1, -1, -1, -1, 1, 1, 1, -1]"
150,None,7,0.0,0.4353240240213088,7,135,"[{'cluster_no': -1, 'count': 135}, {'cluster_no': 0, 'count': 10}, {'cluster_no': 1, 'count': 13}, {'cluster_no': 2, 'count': 15}, {'cluster_no': 3, 'count': 13}, {'cluster_no': 4, 'count': 20}, {'cluster_no': 5, 'count': 31}]","[-1, 2, 2, -1, -1, -1, -1, 2, 2, -1, -1, 2, -1, -1, -1, -1, -1, -1, -1, -1, -1, -1, -1, -1, 2, 4, -1, -1, 1, 5, 5, -1, -1, 2, -1, -1, 4, -1, 1, 2, -1, 4, -1, -1, 2, 5, -1, -1, 2, -1, -1, -1, 2, -1, -1, -1, -1, 5, -1, -1, 3, 0, -1, 3, -1, 1, -1, -1, -1, -1, -1, -1, 2, -1, 4, -1, -1, -1, 1, -1, 5, -1, -1, 5, -1, -1, 3, 4, 5, -1, -1, 4, 3, -1, -1, 4, -1, 3, -1, -1, -1, -1, 1, 0, 5, -1, -1, 1, -1, -1, -1, -1, -1, -1, 5, -1, 5, -1, 4, 3, 1, -1, 0, -1, 0, -1, 2, 1, -1, -1, 4, -1, -1, 1, -1, -1, 5, -1, 3, 3, 5, 2, 5, -1, 5, -1, -1, -1, 4, 4, -1, -1, 3, 0, 0, -1, -1, 0, 5, 4, 5, -1, -1, -1, 5, -1, 5, 4, 5, -1, 4, 2, -1, -1, 5, -1, -1, 4, -1, 5, 0, 5, 0, -1, -1, -1, 5, -1, 0, 1, 4, -1, -1, -1, -1, -1, 4, 4, 5, 4, -1, 3, 1, 4, 3, -1, 5, 5, 5, 5, -1, 5, -1, -1, -1, 1, -1, 1, 5, -1, -1, -1, -1, -1, -1, -1, -1, -1, -1, -1, -1, -1, -1, 3, 5, 3, -1]"
150,None,7,0.5,0.0052059954179210655,3,112,"[{'cluster_no': -1, 'count': 112}, {'cluster_no': 0, 'count': 115}, {'cluster_no': 1, 'count': 10}]","[-1, 0, 0, -1, -1, 0, -1, 0, 0, -1, -1, 0, -1, -1, -1, -1, -1, 0, -1, -1, -1, -1, -1, -1, 0, 0, -1, 0, 0, 0, 0, -1, -1, 0, -1, 0, 0, -1, 0, 0, 0, 0, -1, -1, 0, 0, 0, 0, 0, -1, -1, 0, 0, 0, -1, -1, -1, 0, -1, -1, 0, 1, -1, 0, -1, 0, -1, 0, -1, -1, -1, -1, 0, -1, 0, -1, -1, 0, 0, -1, 0, -1, -1, 0, -1, -1, 0, 0, 0, 0, -1, 0, 0, -1, -1, 0, -1, 0, -1, 0, 0, -1, 0, 1, 0, -1, -1, 0, -1, -1, -1, -1, -1, -1, 0, -1, 0, -1, 0, 0, 0, -1, 1, 0, 1, 0, 0, 0, -1, -1, 0, -1, -1, 0, 0, -1, 0, -1, 0, 0, 0, 0, 0, -1, 0, -1, -1, -1, 0, 0, -1, 0, 0, 1, 1, -1, -1, 1, 0, 0, 0, 0, -1, -1, 0, -1, 0, 0, 0, -1, 0, 0, -1, -1, 0, -1, -1, 0, -1, 0, 1, 0, 1, -1, 0, -1, 0, -1, 1, 0, 0, -1, -1, -1, -1, -1, 0, 0, 0, 0, -1, 0, 0, 0, 0, -1, 0, 0, 0, 0, 0, 0, 0, -1, -1, 0, 0, 0, 0, -1, -1, -1, -1, -1, -1, -1, -1, -1, -1, -1, -1, -1, -1, 0, 0, 0, -1]"
150,None,7,1.0,0.0052059954179210655,3,112,"[{'cluster_no': -1, 'count': 112}, {'cluster_no': 0, 'count': 115}, {'cluster_no': 1, 'count': 10}]","[-1, 0, 0, -1, -1, 0, -1, 0, 0, -1, -1, 0, -1, -1, -1, -1, -1, 0, -1, -1, -1, -1, -1, -1, 0, 0, -1, 0, 0, 0, 0, -1, -1, 0, -1, 0, 0, -1, 0, 0, 0, 0, -1, -1, 0, 0, 0, 0, 0, -1, -1, 0, 0, 0, -1, -1, -1, 0, -1, -1, 0, 1, -1, 0, -1, 0, -1, 0, -1, -1, -1, -1, 0, -1, 0, -1, -1, 0, 0, -1, 0, -1, -1, 0, -1, -1, 0, 0, 0, 0, -1, 0, 0, -1, -1, 0, -1, 0, -1, 0, 0, -1, 0, 1, 0, -1, -1, 0, -1, -1, -1, -1, -1, -1, 0, -1, 0, -1, 0, 0, 0, -1, 1, 0, 1, 0, 0, 0, -1, -1, 0, -1, -1, 0, 0, -1, 0, -1, 0, 0, 0, 0, 0, -1, 0, -1, -1, -1, 0, 0, -1, 0, 0, 1, 1, -1, -1, 1, 0, 0, 0, 0, -1, -1, 0, -1, 0, 0, 0, -1, 0, 0, -1, -1, 0, -1, -1, 0, -1, 0, 1, 0, 1, -1, 0, -1, 0, -1, 1, 0, 0, -1, -1, -1, -1, -1, 0, 0, 0, 0, -1, 0, 0, 0, 0, -1, 0, 0, 0, 0, 0, 0, 0, -1, -1, 0, 0, 0, 0, -1, -1, -1, -1, -1, -1, -1, -1, -1, -1, -1, -1, -1, -1, 0, 0, 0, -1]"
150,None,8,0.0,0.32099347618391033,5,146,"[{'cluster_no': -1, 'count': 146}, {'cluster_no': 0, 'count': 34}, {'cluster_no': 1, 'count': 33}, {'cluster_no': 2, 'count': 10}, {'cluster_no': 3, 'count': 14}]","[0, 0, 0, -1, -1, -1, -1, 0, 0, -1, -1, 0, -1, -1, -1, -1, -1, -1, -1, -1, -1, -1, -1, -1, 0, 3, -1, 0, 0, 1, 1, -1, -1, 0, -1, -1, 3, -1, -1, -1, -1, 1, -1, -1, 0, 1, -1, 3, 0, -1, -1, -1, 0, 2, -1, -1, -1, 1, -1, -1, 2, -1, -1, -1, -1, 0, -1, 0, -1, -1, -1, -1, 0, -1, -1, -1, -1, 0, 0, -1, 1, -1, -1, 1, -1, -1, 2, 1, 1, 0, -1, 3, -1, -1, -1, 3, -1, -1, -1, -1, 0, -1, 0, -1, 1, -1, -1, 0, -1, -1, -1, -1, -1, -1, 1, -1, -1, -1, 3, 2, 0, -1, -1, 0, -1, 0, 0, 0, -1, -1, 3, -1, -1, 0, 3, -1, 1, -1, 2, 2, 1, 0, -1, -1, 1, -1, -1, -1, 3, -1, -1, -1, 2, -1, -1, -1, -1, -1, 1, 1, 1, -1, -1, -1, 1, -1, 1, 1, 1, -1, 3, 0, -1, -1, 1, -1, -1, 1, -1, 1, -1, -1, -1, -1, -1, -1, 1, -1, -1, 0, -1, -1, -1, -1, -1, -1, 3, 3, 1, 3, -1, 2, 0, 3, 2, -1, 1, 1, 1, 1, -1, 1, -1, -1, -1, 0, -1, 0, 1, -1, -1, -1, -1, -1, -1, -1, -1, -1, -1, -1, -1, -1, -1, -1, 1, 2, -1]"
150,None,8,0.5,0.19905603308082173,3,133,"[{'cluster_no': -1, 'count': 133}, {'cluster_no': 0, 'count': 34}, {'cluster_no': 1, 'count': 70}]","[0, 0, 0, -1, -1, -1, -1, 0, 0, -1, -1, 0, -1, -1, -1, -1, -1, -1, -1, -1, -1, -1, -1, -1, 0, 1, -1, 0, 0, 1, 1, -1, -1, 0, -1, -1, 1, -1, -1, -1, 1, 1, -1, -1, 0, 1, 1, 1, 0, -1, -1, -1, 0, 1, -1, -1, -1, 1, -1, -1, 1, -1, -1, -1, -1, 0, -1, 0, -1, -1, -1, -1, 0, -1, 1, -1, -1, 0, 0, -1, 1, -1, -1, 1, -1, -1, 1, 1, 1, 0, -1, 1, -1, -1, -1, 1, -1, -1, -1, -1, 0, -1, 0, -1, 1, -1, -1, 0, -1, -1, -1, -1, -1, -1, 1, -1, 1, -1, 1, 1, 0, -1, 1, 0, -1, 0, 0, 0, -1, -1, 1, -1, -1, 0, 1, -1, 1, -1, 1, 1, 1, 0, -1, -1, 1, -1, -1, -1, 1, -1, -1, -1, 1, 1, -1, -1, -1, -1, 1, 1, 1, -1, -1, -1, 1, -1, 1, 1, 1, -1, 1, 0, -1, -1, 1, -1, -1, 1, -1, 1, 1, -1, 1, -1, -1, -1, 1, -1, 1, 0, -1, -1, -1, -1, -1, -1, 1, 1, 1, 1, -1, 1, 0, 1, 1, -1, 1, 1, 1, 1, -1, 1, 1, -1, -1, 0, 1, 0, 1, -1, -1, -1, -1, 1, -1, -1, -1, -1, -1, -1, -1, -1, -1, 1, 1, 1, -1]"
150,None,8,1.0,0.19905603308082173,3,133,"[{'cluster_no': -1, 'count': 133}, {'cluster_no': 0, 'count': 34}, {'cluster_no': 1, 'count': 70}]","[0, 0, 0, -1, -1, -1, -1, 0, 0, -1, -1, 0, -1, -1, -1, -1, -1, -1, -1, -1, -1, -1, -1, -1, 0, 1, -1, 0, 0, 1, 1, -1, -1, 0, -1, -1, 1, -1, -1, -1, 1, 1, -1, -1, 0, 1, 1, 1, 0, -1, -1, -1, 0, 1, -1, -1, -1, 1, -1, -1, 1, -1, -1, -1, -1, 0, -1, 0, -1, -1, -1, -1, 0, -1, 1, -1, -1, 0, 0, -1, 1, -1, -1, 1, -1, -1, 1, 1, 1, 0, -1, 1, -1, -1, -1, 1, -1, -1, -1, -1, 0, -1, 0, -1, 1, -1, -1, 0, -1, -1, -1, -1, -1, -1, 1, -1, 1, -1, 1, 1, 0, -1, 1, 0, -1, 0, 0, 0, -1, -1, 1, -1, -1, 0, 1, -1, 1, -1, 1, 1, 1, 0, -1, -1, 1, -1, -1, -1, 1, -1, -1, -1, 1, 1, -1, -1, -1, -1, 1, 1, 1, -1, -1, -1, 1, -1, 1, 1, 1, -1, 1, 0, -1, -1, 1, -1, -1, 1, -1, 1, 1, -1, 1, -1, -1, -1, 1, -1, 1, 0, -1, -1, -1, -1, -1, -1, 1, 1, 1, 1, -1, 1, 0, 1, 1, -1, 1, 1, 1, 1, -1, 1, 1, -1, -1, 0, 1, 0, 1, -1, -1, -1, -1, 1, -1, -1, -1, -1, -1, -1, -1, -1, -1, 1, 1, 1, -1]"
150,None,9,0.0,0.1526607469917724,4,155,"[{'cluster_no': -1, 'count': 155}, {'cluster_no': 0, 'count': 56}, {'cluster_no': 1, 'count': 13}, {'cluster_no': 2, 'count': 13}]","[-1, 2, 2, -1, -1, -1, -1, 2, 2, -1, -1, 2, -1, -1, -1, -1, -1, -1, -1, -1, -1, -1, -1, -1, -1, 0, -1, 1, 1, 0, 0, -1, -1, 2, -1, -1, -1, -1, -1, -1, -1, 0, -1, -1, 2, 0, -1, 0, 2, -1, -1, -1, 2, 0, -1, -1, -1, 0, -1, -1, 0, -1, -1, -1, -1, 1, -1, 1, -1, -1, -1, -1, 2, 0, 0, -1, -1, -1, 1, -1, 0, -1, -1, 0, -1, -1, 0, -1, 0, -1, -1, 0, -1, -1, -1, 0, -1, -1, -1, -1, 1, -1, -1, -1, 0, -1, -1, 1, -1, -1, -1, -1, -1, -1, 0, -1, 0, -1, 0, 0, -1, -1, -1, -1, -1, 1, 2, -1, -1, -1, 0, -1, -1, 1, 0, -1, 0, -1, 0, -1, 0, 2, -1, 0, 0, -1, -1, -1, 0, -1, -1, -1, 0, -1, -1, -1, -1, -1, 0, 0, 0, -1, -1, -1, 0, -1, 0, 0, 0, -1, -1, 2, -1, -1, 0, -1, -1, 0, -1, 0, -1, -1, -1, -1, -1, -1, 0, -1, -1, 1, -1, -1, -1, -1, -1, -1, 0, -1, 0, 0, -1, -1, 1, 0, 0, -1, 0, 0, 0, 0, -1, 0, -1, -1, -1, 1, -1, 1, 0, -1, -1, -1, -1, -1, -1, -1, -1, -1, -1, -1, -1, -1, -1, 0, 0, 0, -1]"
150,None,9,0.5,0.24712802045488905,3,152,"[{'cluster_no': -1, 'count': 152}, {'cluster_no': 0, 'count': 29}, {'cluster_no': 1, 'count': 56}]","[0, 0, 0, -1, -1, -1, -1, 0, 0, -1, -1, 0, -1, -1, -1, -1, 0, -1, -1, -1, -1, -1, -1, -1, -1, 1, -1, 0, 0, 1, 1, -1, -1, 0, -1, -1, -1, -1, -1, -1, -1, 1, -1, -1, 0, 1, -1, 1, 0, -1, -1, -1, 0, 1, -1, -1, -1, 1, -1, -1, 1, -1, -1, -1, -1, 0, -1, 0, -1, -1, -1, -1, 0, 1, 1, -1, -1, -1, 0, -1, 1, -1, -1, 1, -1, -1, 1, -1, 1, -1, -1, 1, -1, -1, -1, 1, -1, -1, -1, -1, 0, -1, -1, -1, 1, -1, -1, 0, -1, -1, -1, -1, -1, -1, 1, -1, 1, -1, 1, 1, -1, -1, -1, 0, -1, 0, 0, -1, -1, -1, 1, -1, -1, 0, 1, -1, 1, -1, 1, -1, 1, 0, -1, 1, 1, -1, -1, -1, 1, -1, -1, -1, 1, -1, -1, -1, -1, -1, 1, 1, 1, -1, -1, -1, 1, -1, 1, 1, 1, -1, -1, 0, -1, -1, 1, -1, -1, 1, -1, 1, -1, -1, -1, -1, -1, -1, 1, -1, -1, 0, -1, -1, -1, -1, -1, -1, 1, -1, 1, 1, -1, -1, 0, 1, 1, -1, 1, 1, 1, 1, -1, 1, -1, -1, -1, 0, -1, 0, 1, -1, -1, -1, -1, -1, -1, -1, -1, -1, -1, -1, -1, -1, -1, 1, 1, 1, -1]"
150,None,9,1.0,0.24712802045488905,3,152,"[{'cluster_no': -1, 'count': 152}, {'cluster_no': 0, 'count': 29}, {'cluster_no': 1, 'count': 56}]","[0, 0, 0, -1, -1, -1, -1, 0, 0, -1, -1, 0, -1, -1, -1, -1, 0, -1, -1, -1, -1, -1, -1, -1, -1, 1, -1, 0, 0, 1, 1, -1, -1, 0, -1, -1, -1, -1, -1, -1, -1, 1, -1, -1, 0, 1, -1, 1, 0, -1, -1, -1, 0, 1, -1, -1, -1, 1, -1, -1, 1, -1, -1, -1, -1, 0, -1, 0, -1, -1, -1, -1, 0, 1, 1, -1, -1, -1, 0, -1, 1, -1, -1, 1, -1, -1, 1, -1, 1, -1, -1, 1, -1, -1, -1, 1, -1, -1, -1, -1, 0, -1, -1, -1, 1, -1, -1, 0, -1, -1, -1, -1, -1, -1, 1, -1, 1, -1, 1, 1, -1, -1, -1, 0, -1, 0, 0, -1, -1, -1, 1, -1, -1, 0, 1, -1, 1, -1, 1, -1, 1, 0, -1, 1, 1, -1, -1, -1, 1, -1, -1, -1, 1, -1, -1, -1, -1, -1, 1, 1, 1, -1, -1, -1, 1, -1, 1, 1, 1, -1, -1, 0, -1, -1, 1, -1, -1, 1, -1, 1, -1, -1, -1, -1, -1, -1, 1, -1, -1, 0, -1, -1, -1, -1, -1, -1, 1, -1, 1, 1, -1, -1, 0, 1, 1, -1, 1, 1, 1, 1, -1, 1, -1, -1, -1, 0, -1, 0, 1, -1, -1, -1, -1, -1, -1, -1, -1, -1, -1, -1, -1, -1, -1, 1, 1, 1, -1]"
150,None,10,0.0,0.5696939260296421,4,158,"[{'cluster_no': -1, 'count': 158}, {'cluster_no': 0, 'count': 52}, {'cluster_no': 1, 'count': 13}, {'cluster_no': 2, 'count': 14}]","[-1, 2, 2, -1, -1, -1, -1, 2, 2, -1, -1, 2, -1, -1, -1, -1, -1, 1, -1, -1, -1, -1, -1, -1, -1, 1, -1, 0, -1, 0, 0, -1, -1, 2, -1, -1, -1, -1, -1, -1, -1, 0, -1, -1, 2, 0, -1, -1, 2, -1, -1, -1, 2, 0, -1, -1, -1, 0, -1, -1, 1, -1, -1, -1, -1, 0, -1, 2, -1, -1, -1, -1, 2, -1, -1, -1, -1, -1, 0, -1, 0, 0, -1, 0, -1, -1, 0, -1, 0, -1, -1, 1, -1, -1, -1, 1, -1, -1, -1, -1, -1, -1, -1, -1, 0, -1, -1, 0, -1, -1, -1, -1, -1, -1, 0, -1, 0, -1, 1, -1, -1, -1, 0, -1, -1, 0, 2, -1, -1, -1, 1, -1, -1, -1, 1, -1, 0, -1, -1, -1, 0, 2, -1, 0, 0, -1, -1, -1, 1, -1, -1, -1, 1, 0, -1, -1, -1, -1, 0, 0, 0, -1, -1, -1, 0, -1, 0, 0, 0, -1, -1, 2, -1, -1, 0, -1, -1, 0, -1, 0, 0, 0, 0, -1, -1, -1, 0, -1, -1, 0, -1, -1, -1, -1, -1, -1, -1, -1, 0, 1, -1, -1, -1, 1, 1, -1, 0, 0, 0, 0, 0, 0, -1, -1, -1, 0, -1, 0, 0, -1, -1, -1, -1, -1, -1, -1, -1, -1, -1, -1, -1, -1, -1, 0, 0, -1, -1]"
150,None,10,0.5,0.6004219359553843,3,152,"[{'cluster_no': -1, 'count': 152}, {'cluster_no': 0, 'count': 52}, {'cluster_no': 1, 'count': 33}]","[-1, 1, 1, -1, -1, -1, -1, 1, 1, -1, -1, 1, -1, -1, -1, -1, 1, 1, -1, -1, -1, -1, -1, -1, -1, 1, -1, 0, -1, 0, 0, -1, -1, 1, -1, -1, -1, -1, -1, -1, -1, 0, -1, -1, 1, 0, -1, 1, 1, -1, -1, -1, 1, 0, -1, -1, -1, 0, -1, -1, 1, -1, -1, -1, -1, 0, -1, 1, -1, -1, -1, -1, 1, -1, -1, -1, -1, -1, 0, -1, 0, 0, -1, 0, -1, -1, 0, -1, 0, -1, -1, 1, -1, -1, -1, 1, -1, -1, -1, -1, -1, -1, -1, -1, 0, -1, -1, 0, -1, -1, -1, -1, -1, -1, 0, -1, 0, -1, 1, -1, -1, -1, 0, 1, -1, 0, 1, -1, -1, -1, 1, -1, -1, -1, 1, -1, 0, -1, 1, -1, 0, 1, -1, 0, 0, -1, -1, -1, 1, -1, -1, -1, 1, 0, -1, -1, -1, -1, 0, 0, 0, -1, -1, -1, 0, -1, 0, 0, 0, -1, 1, 1, -1, -1, 0, -1, -1, 0, -1, 0, 0, 0, 0, -1, -1, -1, 0, -1, -1, 0, -1, -1, -1, -1, -1, -1, 1, -1, 0, 1, -1, -1, -1, 1, 1, -1, 0, 0, 0, 0, 0, 0, -1, -1, -1, 0, -1, 0, 0, -1, -1, -1, -1, -1, -1, -1, -1, -1, -1, -1, -1, -1, -1, 0, 0, -1, -1]"
150,None,10,1.0,0.6004219359553843,3,152,"[{'cluster_no': -1, 'count': 152}, {'cluster_no': 0, 'count': 52}, {'cluster_no': 1, 'count': 33}]","[-1, 1, 1, -1, -1, -1, -1, 1, 1, -1, -1, 1, -1, -1, -1, -1, 1, 1, -1, -1, -1, -1, -1, -1, -1, 1, -1, 0, -1, 0, 0, -1, -1, 1, -1, -1, -1, -1, -1, -1, -1, 0, -1, -1, 1, 0, -1, 1, 1, -1, -1, -1, 1, 0, -1, -1, -1, 0, -1, -1, 1, -1, -1, -1, -1, 0, -1, 1, -1, -1, -1, -1, 1, -1, -1, -1, -1, -1, 0, -1, 0, 0, -1, 0, -1, -1, 0, -1, 0, -1, -1, 1, -1, -1, -1, 1, -1, -1, -1, -1, -1, -1, -1, -1, 0, -1, -1, 0, -1, -1, -1, -1, -1, -1, 0, -1, 0, -1, 1, -1, -1, -1, 0, 1, -1, 0, 1, -1, -1, -1, 1, -1, -1, -1, 1, -1, 0, -1, 1, -1, 0, 1, -1, 0, 0, -1, -1, -1, 1, -1, -1, -1, 1, 0, -1, -1, -1, -1, 0, 0, 0, -1, -1, -1, 0, -1, 0, 0, 0, -1, 1, 1, -1, -1, 0, -1, -1, 0, -1, 0, 0, 0, 0, -1, -1, -1, 0, -1, -1, 0, -1, -1, -1, -1, -1, -1, 1, -1, 0, 1, -1, -1, -1, 1, 1, -1, 0, 0, 0, 0, 0, 0, -1, -1, -1, 0, -1, 0, 0, -1, -1, -1, -1, -1, -1, -1, -1, -1, -1, -1, -1, -1, -1, 0, 0, -1, -1]"
150,None,11,0.0,0.42282078870102074,3,173,"[{'cluster_no': -1, 'count': 173}, {'cluster_no': 0, 'count': 48}, {'cluster_no': 1, 'count': 16}]","[-1, 1, 1, -1, -1, -1, -1, 1, 1, -1, -1, 1, -1, -1, -1, -1, 1, 0, -1, -1, -1, -1, -1, -1, -1, 0, -1, 0, -1, 0, -1, -1, -1, 1, -1, -1, -1, -1, -1, -1, -1, -1, -1, -1, 1, 0, -1, -1, 1, -1, -1, -1, 1, 0, -1, -1, -1, 0, -1, -1, 0, -1, -1, -1, -1, 0, -1, 1, -1, -1, -1, -1, 1, -1, -1, -1, -1, -1, 0, -1, 0, -1, -1, 0, -1, -1, 0, -1, 0, -1, -1, 0, -1, -1, -1, 0, -1, -1, -1, -1, -1, -1, -1, -1, 0, -1, -1, 0, -1, -1, -1, -1, -1, -1, -1, -1, -1, -1, 0, -1, -1, -1, -1, 1, -1, 0, 1, -1, -1, -1, 0, -1, -1, -1, -1, -1, 0, -1, 0, -1, -1, 1, -1, 0, 0, -1, -1, -1, -1, -1, -1, -1, 0, -1, -1, -1, -1, -1, 0, 0, 0, -1, -1, -1, 0, -1, 0, 0, 0, -1, -1, 1, -1, -1, 0, -1, -1, -1, -1, -1, -1, 0, -1, -1, -1, -1, 0, -1, -1, 0, -1, -1, -1, -1, -1, -1, 0, -1, -1, -1, -1, -1, -1, -1, 0, -1, 0, 0, 0, 0, 0, 0, -1, -1, -1, 0, -1, -1, 0, -1, -1, -1, -1, -1, -1, -1, -1, -1, -1, -1, -1, -1, -1, -1, 0, -1, -1]"
150,None,11,0.5,0.42282078870102074,3,173,"[{'cluster_no': -1, 'count': 173}, {'cluster_no': 0, 'count': 48}, {'cluster_no': 1, 'count': 16}]","[-1, 1, 1, -1, -1, -1, -1, 1, 1, -1, -1, 1, -1, -1, -1, -1, 1, 0, -1, -1, -1, -1, -1, -1, -1, 0, -1, 0, -1, 0, -1, -1, -1, 1, -1, -1, -1, -1, -1, -1, -1, -1, -1, -1, 1, 0, -1, -1, 1, -1, -1, -1, 1, 0, -1, -1, -1, 0, -1, -1, 0, -1, -1, -1, -1, 0, -1, 1, -1, -1, -1, -1, 1, -1, -1, -1, -1, -1, 0, -1, 0, -1, -1, 0, -1, -1, 0, -1, 0, -1, -1, 0, -1, -1, -1, 0, -1, -1, -1, -1, -1, -1, -1, -1, 0, -1, -1, 0, -1, -1, -1, -1, -1, -1, -1, -1, -1, -1, 0, -1, -1, -1, -1, 1, -1, 0, 1, -1, -1, -1, 0, -1, -1, -1, -1, -1, 0, -1, 0, -1, -1, 1, -1, 0, 0, -1, -1, -1, -1, -1, -1, -1, 0, -1, -1, -1, -1, -1, 0, 0, 0, -1, -1, -1, 0, -1, 0, 0, 0, -1, -1, 1, -1, -1, 0, -1, -1, -1, -1, -1, -1, 0, -1, -1, -1, -1, 0, -1, -1, 0, -1, -1, -1, -1, -1, -1, 0, -1, -1, -1, -1, -1, -1, -1, 0, -1, 0, 0, 0, 0, 0, 0, -1, -1, -1, 0, -1, -1, 0, -1, -1, -1, -1, -1, -1, -1, -1, -1, -1, -1, -1, -1, -1, -1, 0, -1, -1]"
150,None,11,1.0,0.42282078870102074,3,173,"[{'cluster_no': -1, 'count': 173}, {'cluster_no': 0, 'count': 48}, {'cluster_no': 1, 'count': 16}]","[-1, 1, 1, -1, -1, -1, -1, 1, 1, -1, -1, 1, -1, -1, -1, -1, 1, 0, -1, -1, -1, -1, -1, -1, -1, 0, -1, 0, -1, 0, -1, -1, -1, 1, -1, -1, -1, -1, -1, -1, -1, -1, -1, -1, 1, 0, -1, -1, 1, -1, -1, -1, 1, 0, -1, -1, -1, 0, -1, -1, 0, -1, -1, -1, -1, 0, -1, 1, -1, -1, -1, -1, 1, -1, -1, -1, -1, -1, 0, -1, 0, -1, -1, 0, -1, -1, 0, -1, 0, -1, -1, 0, -1, -1, -1, 0, -1, -1, -1, -1, -1, -1, -1, -1, 0, -1, -1, 0, -1, -1, -1, -1, -1, -1, -1, -1, -1, -1, 0, -1, -1, -1, -1, 1, -1, 0, 1, -1, -1, -1, 0, -1, -1, -1, -1, -1, 0, -1, 0, -1, -1, 1, -1, 0, 0, -1, -1, -1, -1, -1, -1, -1, 0, -1, -1, -1, -1, -1, 0, 0, 0, -1, -1, -1, 0, -1, 0, 0, 0, -1, -1, 1, -1, -1, 0, -1, -1, -1, -1, -1, -1, 0, -1, -1, -1, -1, 0, -1, -1, 0, -1, -1, -1, -1, -1, -1, 0, -1, -1, -1, -1, -1, -1, -1, 0, -1, 0, 0, 0, 0, 0, 0, -1, -1, -1, 0, -1, -1, 0, -1, -1, -1, -1, -1, -1, -1, -1, -1, -1, -1, -1, -1, -1, -1, 0, -1, -1]"
150,None,12,0.0,0.6848680578399517,3,166,"[{'cluster_no': -1, 'count': 166}, {'cluster_no': 0, 'count': 41}, {'cluster_no': 1, 'count': 30}]","[-1, 1, 1, -1, -1, -1, -1, 1, 1, -1, -1, 1, -1, -1, -1, -1, 1, 1, 0, -1, -1, -1, -1, -1, -1, 1, -1, 0, -1, 0, 0, -1, -1, 1, -1, -1, -1, -1, -1, -1, -1, 1, -1, -1, 1, 0, -1, 1, 1, -1, -1, -1, 1, -1, -1, -1, -1, 0, -1, -1, 1, -1, -1, -1, -1, 0, -1, -1, -1, -1, -1, -1, 1, -1, 1, -1, -1, -1, 0, -1, 0, -1, -1, 0, -1, -1, -1, -1, 0, 0, -1, 1, -1, -1, -1, 1, -1, -1, -1, -1, -1, -1, -1, -1, 0, -1, -1, 0, -1, -1, -1, -1, -1, -1, -1, -1, 0, -1, 1, -1, -1, -1, -1, -1, -1, 0, 1, -1, -1, -1, 1, -1, -1, -1, 1, -1, 0, -1, -1, -1, -1, 1, 0, 0, 0, -1, -1, -1, 1, -1, -1, -1, 1, -1, -1, -1, -1, -1, 0, 0, 0, -1, -1, -1, 0, 1, 0, 0, 0, -1, -1, 1, 0, -1, 0, -1, -1, -1, -1, -1, -1, 0, -1, -1, -1, -1, 0, -1, -1, -1, -1, -1, -1, -1, -1, -1, -1, 1, -1, -1, -1, -1, 0, -1, 1, -1, 0, 0, 0, 0, 0, 0, 0, -1, -1, -1, -1, -1, 0, -1, -1, -1, -1, -1, -1, -1, -1, -1, -1, -1, -1, -1, -1, -1, 0, -1, -1]"
150,None,12,0.5,0.6848680578399517,3,166,"[{'cluster_no': -1, 'count': 166}, {'cluster_no': 0, 'count': 41}, {'cluster_no': 1, 'count': 30}]","[-1, 1, 1, -1, -1, -1, -1, 1, 1, -1, -1, 1, -1, -1, -1, -1, 1, 1, 0, -1, -1, -1, -1, -1, -1, 1, -1, 0, -1, 0, 0, -1, -1, 1, -1, -1, -1, -1, -1, -1, -1, 1, -1, -1, 1, 0, -1, 1, 1, -1, -1, -1, 1, -1, -1, -1, -1, 0, -1, -1, 1, -1, -1, -1, -1, 0, -1, -1, -1, -1, -1, -1, 1, -1, 1, -1, -1, -1, 0, -1, 0, -1, -1, 0, -1, -1, -1, -1, 0, 0, -1, 1, -1, -1, -1, 1, -1, -1, -1, -1, -1, -1, -1, -1, 0, -1, -1, 0, -1, -1, -1, -1, -1, -1, -1, -1, 0, -1, 1, -1, -1, -1, -1, -1, -1, 0, 1, -1, -1, -1, 1, -1, -1, -1, 1, -1, 0, -1, -1, -1, -1, 1, 0, 0, 0, -1, -1, -1, 1, -1, -1, -1, 1, -1, -1, -1, -1, -1, 0, 0, 0, -1, -1, -1, 0, 1, 0, 0, 0, -1, -1, 1, 0, -1, 0, -1, -1, -1, -1, -1, -1, 0, -1, -1, -1, -1, 0, -1, -1, -1, -1, -1, -1, -1, -1, -1, -1, 1, -1, -1, -1, -1, 0, -1, 1, -1, 0, 0, 0, 0, 0, 0, 0, -1, -1, -1, -1, -1, 0, -1, -1, -1, -1, -1, -1, -1, -1, -1, -1, -1, -1, -1, -1, -1, 0, -1, -1]"
150,None,12,1.0,0.6848680578399517,3,166,"[{'cluster_no': -1, 'count': 166}, {'cluster_no': 0, 'count': 41}, {'cluster_no': 1, 'count': 30}]","[-1, 1, 1, -1, -1, -1, -1, 1, 1, -1, -1, 1, -1, -1, -1, -1, 1, 1, 0, -1, -1, -1, -1, -1, -1, 1, -1, 0, -1, 0, 0, -1, -1, 1, -1, -1, -1, -1, -1, -1, -1, 1, -1, -1, 1, 0, -1, 1, 1, -1, -1, -1, 1, -1, -1, -1, -1, 0, -1, -1, 1, -1, -1, -1, -1, 0, -1, -1, -1, -1, -1, -1, 1, -1, 1, -1, -1, -1, 0, -1, 0, -1, -1, 0, -1, -1, -1, -1, 0, 0, -1, 1, -1, -1, -1, 1, -1, -1, -1, -1, -1, -1, -1, -1, 0, -1, -1, 0, -1, -1, -1, -1, -1, -1, -1, -1, 0, -1, 1, -1, -1, -1, -1, -1, -1, 0, 1, -1, -1, -1, 1, -1, -1, -1, 1, -1, 0, -1, -1, -1, -1, 1, 0, 0, 0, -1, -1, -1, 1, -1, -1, -1, 1, -1, -1, -1, -1, -1, 0, 0, 0, -1, -1, -1, 0, 1, 0, 0, 0, -1, -1, 1, 0, -1, 0, -1, -1, -1, -1, -1, -1, 0, -1, -1, -1, -1, 0, -1, -1, -1, -1, -1, -1, -1, -1, -1, -1, 1, -1, -1, -1, -1, 0, -1, 1, -1, 0, 0, 0, 0, 0, 0, 0, -1, -1, -1, -1, -1, 0, -1, -1, -1, -1, -1, -1, -1, -1, -1, -1, -1, -1, -1, -1, -1, 0, -1, -1]"
150,None,13,0.0,0.7332809084898235,3,179,"[{'cluster_no': -1, 'count': 179}, {'cluster_no': 0, 'count': 32}, {'cluster_no': 1, 'count': 26}]","[-1, 1, 1, -1, -1, -1, -1, 1, 1, -1, -1, -1, -1, -1, -1, -1, -1, 1, -1, -1, -1, -1, -1, -1, -1, 1, -1, -1, -1, 0, -1, -1, -1, 1, -1, -1, -1, -1, -1, -1, -1, 1, -1, -1, 1, 0, -1, 1, 1, -1, -1, -1, 1, -1, -1, -1, -1, 0, -1, -1, 1, -1, -1, -1, -1, 0, -1, -1, -1, -1, -1, -1, 1, -1, 1, -1, -1, -1, 0, -1, 0, -1, -1, 0, -1, -1, -1, -1, 0, -1, -1, 1, -1, -1, -1, 1, -1, -1, -1, -1, -1, -1, -1, -1, 0, -1, -1, -1, -1, -1, -1, -1, -1, -1, -1, -1, -1, -1, 1, -1, -1, -1, -1, -1, -1, 0, 1, -1, -1, -1, 1, -1, -1, -1, 1, -1, 0, -1, -1, -1, -1, 1, 0, 0, 0, -1, -1, -1, 1, -1, -1, -1, -1, -1, -1, -1, -1, -1, 0, 0, 0, -1, -1, -1, 0, 1, 0, -1, 0, -1, -1, 1, 0, -1, 0, -1, -1, -1, -1, -1, -1, 0, -1, -1, -1, -1, 0, -1, -1, -1, -1, -1, -1, -1, -1, -1, -1, -1, -1, -1, -1, -1, -1, -1, 1, -1, 0, 0, 0, 0, 0, 0, -1, -1, -1, -1, -1, -1, 0, -1, -1, -1, -1, -1, -1, -1, -1, -1, -1, -1, -1, -1, -1, -1, 0, -1, -1]"
150,None,13,0.5,0.7332809084898235,3,179,"[{'cluster_no': -1, 'count': 179}, {'cluster_no': 0, 'count': 32}, {'cluster_no': 1, 'count': 26}]","[-1, 1, 1, -1, -1, -1, -1, 1, 1, -1, -1, -1, -1, -1, -1, -1, -1, 1, -1, -1, -1, -1, -1, -1, -1, 1, -1, -1, -1, 0, -1, -1, -1, 1, -1, -1, -1, -1, -1, -1, -1, 1, -1, -1, 1, 0, -1, 1, 1, -1, -1, -1, 1, -1, -1, -1, -1, 0, -1, -1, 1, -1, -1, -1, -1, 0, -1, -1, -1, -1, -1, -1, 1, -1, 1, -1, -1, -1, 0, -1, 0, -1, -1, 0, -1, -1, -1, -1, 0, -1, -1, 1, -1, -1, -1, 1, -1, -1, -1, -1, -1, -1, -1, -1, 0, -1, -1, -1, -1, -1, -1, -1, -1, -1, -1, -1, -1, -1, 1, -1, -1, -1, -1, -1, -1, 0, 1, -1, -1, -1, 1, -1, -1, -1, 1, -1, 0, -1, -1, -1, -1, 1, 0, 0, 0, -1, -1, -1, 1, -1, -1, -1, -1, -1, -1, -1, -1, -1, 0, 0, 0, -1, -1, -1, 0, 1, 0, -1, 0, -1, -1, 1, 0, -1, 0, -1, -1, -1, -1, -1, -1, 0, -1, -1, -1, -1, 0, -1, -1, -1, -1, -1, -1, -1, -1, -1, -1, -1, -1, -1, -1, -1, -1, -1, 1, -1, 0, 0, 0, 0, 0, 0, -1, -1, -1, -1, -1, -1, 0, -1, -1, -1, -1, -1, -1, -1, -1, -1, -1, -1, -1, -1, -1, -1, 0, -1, -1]"
150,None,13,1.0,0.7332809084898235,3,179,"[{'cluster_no': -1, 'count': 179}, {'cluster_no': 0, 'count': 32}, {'cluster_no': 1, 'count': 26}]","[-1, 1, 1, -1, -1, -1, -1, 1, 1, -1, -1, -1, -1, -1, -1, -1, -1, 1, -1, -1, -1, -1, -1, -1, -1, 1, -1, -1, -1, 0, -1, -1, -1, 1, -1, -1, -1, -1, -1, -1, -1, 1, -1, -1, 1, 0, -1, 1, 1, -1, -1, -1, 1, -1, -1, -1, -1, 0, -1, -1, 1, -1, -1, -1, -1, 0, -1, -1, -1, -1, -1, -1, 1, -1, 1, -1, -1, -1, 0, -1, 0, -1, -1, 0, -1, -1, -1, -1, 0, -1, -1, 1, -1, -1, -1, 1, -1, -1, -1, -1, -1, -1, -1, -1, 0, -1, -1, -1, -1, -1, -1, -1, -1, -1, -1, -1, -1, -1, 1, -1, -1, -1, -1, -1, -1, 0, 1, -1, -1, -1, 1, -1, -1, -1, 1, -1, 0, -1, -1, -1, -1, 1, 0, 0, 0, -1, -1, -1, 1, -1, -1, -1, -1, -1, -1, -1, -1, -1, 0, 0, 0, -1, -1, -1, 0, 1, 0, -1, 0, -1, -1, 1, 0, -1, 0, -1, -1, -1, -1, -1, -1, 0, -1, -1, -1, -1, 0, -1, -1, -1, -1, -1, -1, -1, -1, -1, -1, -1, -1, -1, -1, -1, -1, -1, 1, -1, 0, 0, 0, 0, 0, 0, -1, -1, -1, -1, -1, -1, 0, -1, -1, -1, -1, -1, -1, -1, -1, -1, -1, -1, -1, -1, -1, -1, 0, -1, -1]"
150,None,14,0.0,0.7319661657265812,3,187,"[{'cluster_no': -1, 'count': 187}, {'cluster_no': 0, 'count': 18}, {'cluster_no': 1, 'count': 32}]","[-1, 0, 0, -1, -1, -1, -1, 0, -1, -1, -1, -1, -1, -1, -1, -1, -1, 0, -1, -1, -1, -1, -1, -1, -1, -1, -1, -1, -1, 1, 1, -1, -1, 0, -1, -1, -1, -1, -1, -1, -1, 0, -1, -1, 0, 1, -1, 0, 0, -1, -1, -1, 0, -1, -1, -1, -1, 1, -1, -1, -1, -1, -1, -1, -1, -1, -1, -1, -1, -1, -1, -1, 0, -1, 0, -1, -1, -1, 1, -1, 1, -1, -1, -1, -1, -1, -1, -1, 1, -1, -1, 0, -1, -1, -1, -1, -1, -1, -1, -1, -1, -1, -1, -1, 1, -1, -1, 1, -1, -1, -1, -1, -1, -1, -1, -1, 1, -1, -1, -1, -1, -1, -1, -1, -1, 1, 0, -1, -1, -1, 0, -1, -1, -1, -1, -1, 1, -1, -1, -1, -1, 0, -1, 1, -1, -1, -1, -1, -1, -1, -1, -1, -1, -1, -1, -1, -1, -1, 1, 1, 1, -1, -1, -1, 1, -1, 1, -1, 1, -1, -1, 0, -1, -1, 1, -1, -1, -1, -1, -1, -1, 1, -1, -1, 1, -1, 1, -1, -1, -1, -1, -1, -1, -1, -1, -1, 0, -1, -1, -1, -1, -1, -1, -1, -1, -1, 1, 1, 1, 1, 1, 1, -1, -1, -1, 1, -1, -1, 1, -1, -1, -1, -1, -1, -1, -1, -1, -1, -1, -1, -1, -1, -1, -1, 1, -1, -1]"
150,None,14,0.5,0.7319661657265812,3,187,"[{'cluster_no': -1, 'count': 187}, {'cluster_no': 0, 'count': 18}, {'cluster_no': 1, 'count': 32}]","[-1, 0, 0, -1, -1, -1, -1, 0, -1, -1, -1, -1, -1, -1, -1, -1, -1, 0, -1, -1, -1, -1, -1, -1, -1, -1, -1, -1, -1, 1, 1, -1, -1, 0, -1, -1, -1, -1, -1, -1, -1, 0, -1, -1, 0, 1, -1, 0, 0, -1, -1, -1, 0, -1, -1, -1, -1, 1, -1, -1, -1, -1, -1, -1, -1, -1, -1, -1, -1, -1, -1, -1, 0, -1, 0, -1, -1, -1, 1, -1, 1, -1, -1, -1, -1, -1, -1, -1, 1, -1, -1, 0, -1, -1, -1, -1, -1, -1, -1, -1, -1, -1, -1, -1, 1, -1, -1, 1, -1, -1, -1, -1, -1, -1, -1, -1, 1, -1, -1, -1, -1, -1, -1, -1, -1, 1, 0, -1, -1, -1, 0, -1, -1, -1, -1, -1, 1, -1, -1, -1, -1, 0, -1, 1, -1, -1, -1, -1, -1, -1, -1, -1, -1, -1, -1, -1, -1, -1, 1, 1, 1, -1, -1, -1, 1, -1, 1, -1, 1, -1, -1, 0, -1, -1, 1, -1, -1, -1, -1, -1, -1, 1, -1, -1, 1, -1, 1, -1, -1, -1, -1, -1, -1, -1, -1, -1, 0, -1, -1, -1, -1, -1, -1, -1, -1, -1, 1, 1, 1, 1, 1, 1, -1, -1, -1, 1, -1, -1, 1, -1, -1, -1, -1, -1, -1, -1, -1, -1, -1, -1, -1, -1, -1, -1, 1, -1, -1]"
150,None,14,1.0,0.7319661657265812,3,187,"[{'cluster_no': -1, 'count': 187}, {'cluster_no': 0, 'count': 18}, {'cluster_no': 1, 'count': 32}]","[-1, 0, 0, -1, -1, -1, -1, 0, -1, -1, -1, -1, -1, -1, -1, -1, -1, 0, -1, -1, -1, -1, -1, -1, -1, -1, -1, -1, -1, 1, 1, -1, -1, 0, -1, -1, -1, -1, -1, -1, -1, 0, -1, -1, 0, 1, -1, 0, 0, -1, -1, -1, 0, -1, -1, -1, -1, 1, -1, -1, -1, -1, -1, -1, -1, -1, -1, -1, -1, -1, -1, -1, 0, -1, 0, -1, -1, -1, 1, -1, 1, -1, -1, -1, -1, -1, -1, -1, 1, -1, -1, 0, -1, -1, -1, -1, -1, -1, -1, -1, -1, -1, -1, -1, 1, -1, -1, 1, -1, -1, -1, -1, -1, -1, -1, -1, 1, -1, -1, -1, -1, -1, -1, -1, -1, 1, 0, -1, -1, -1, 0, -1, -1, -1, -1, -1, 1, -1, -1, -1, -1, 0, -1, 1, -1, -1, -1, -1, -1, -1, -1, -1, -1, -1, -1, -1, -1, -1, 1, 1, 1, -1, -1, -1, 1, -1, 1, -1, 1, -1, -1, 0, -1, -1, 1, -1, -1, -1, -1, -1, -1, 1, -1, -1, 1, -1, 1, -1, -1, -1, -1, -1, -1, -1, -1, -1, 0, -1, -1, -1, -1, -1, -1, -1, -1, -1, 1, 1, 1, 1, 1, 1, -1, -1, -1, 1, -1, -1, 1, -1, -1, -1, -1, -1, -1, -1, -1, -1, -1, -1, -1, -1, -1, -1, 1, -1, -1]"
150,None,15,0.0,None,1,237,"[{'cluster_no': -1, 'count': 237}]","[-1, -1, -1, -1, -1, -1, -1, -1, -1, -1, -1, -1, -1, -1, -1, -1, -1, -1, -1, -1, -1, -1, -1, -1, -1, -1, -1, -1, -1, -1, -1, -1, -1, -1, -1, -1, -1, -1, -1, -1, -1, -1, -1, -1, -1, -1, -1, -1, -1, -1, -1, -1, -1, -1, -1, -1, -1, -1, -1, -1, -1, -1, -1, -1, -1, -1, -1, -1, -1, -1, -1, -1, -1, -1, -1, -1, -1, -1, -1, -1, -1, -1, -1, -1, -1, -1, -1, -1, -1, -1, -1, -1, -1, -1, -1, -1, -1, -1, -1, -1, -1, -1, -1, -1, -1, -1, -1, -1, -1, -1, -1, -1, -1, -1, -1, -1, -1, -1, -1, -1, -1, -1, -1, -1, -1, -1, -1, -1, -1, -1, -1, -1, -1, -1, -1, -1, -1, -1, -1, -1, -1, -1, -1, -1, -1, -1, -1, -1, -1, -1, -1, -1, -1, -1, -1, -1, -1, -1, -1, -1, -1, -1, -1, -1, -1, -1, -1, -1, -1, -1, -1, -1, -1, -1, -1, -1, -1, -1, -1, -1, -1, -1, -1, -1, -1, -1, -1, -1, -1, -1, -1, -1, -1, -1, -1, -1, -1, -1, -1, -1, -1, -1, -1, -1, -1, -1, -1, -1, -1, -1, -1, -1, -1, -1, -1, -1, -1, -1, -1, -1, -1, -1, -1, -1, -1, -1, -1, -1, -1, -1, -1, -1, -1, -1, -1, -1, -1]"
150,None,15,0.5,None,1,237,"[{'cluster_no': -1, 'count': 237}]","[-1, -1, -1, -1, -1, -1, -1, -1, -1, -1, -1, -1, -1, -1, -1, -1, -1, -1, -1, -1, -1, -1, -1, -1, -1, -1, -1, -1, -1, -1, -1, -1, -1, -1, -1, -1, -1, -1, -1, -1, -1, -1, -1, -1, -1, -1, -1, -1, -1, -1, -1, -1, -1, -1, -1, -1, -1, -1, -1, -1, -1, -1, -1, -1, -1, -1, -1, -1, -1, -1, -1, -1, -1, -1, -1, -1, -1, -1, -1, -1, -1, -1, -1, -1, -1, -1, -1, -1, -1, -1, -1, -1, -1, -1, -1, -1, -1, -1, -1, -1, -1, -1, -1, -1, -1, -1, -1, -1, -1, -1, -1, -1, -1, -1, -1, -1, -1, -1, -1, -1, -1, -1, -1, -1, -1, -1, -1, -1, -1, -1, -1, -1, -1, -1, -1, -1, -1, -1, -1, -1, -1, -1, -1, -1, -1, -1, -1, -1, -1, -1, -1, -1, -1, -1, -1, -1, -1, -1, -1, -1, -1, -1, -1, -1, -1, -1, -1, -1, -1, -1, -1, -1, -1, -1, -1, -1, -1, -1, -1, -1, -1, -1, -1, -1, -1, -1, -1, -1, -1, -1, -1, -1, -1, -1, -1, -1, -1, -1, -1, -1, -1, -1, -1, -1, -1, -1, -1, -1, -1, -1, -1, -1, -1, -1, -1, -1, -1, -1, -1, -1, -1, -1, -1, -1, -1, -1, -1, -1, -1, -1, -1, -1, -1, -1, -1, -1, -1]"
150,None,15,1.0,None,1,237,"[{'cluster_no': -1, 'count': 237}]","[-1, -1, -1, -1, -1, -1, -1, -1, -1, -1, -1, -1, -1, -1, -1, -1, -1, -1, -1, -1, -1, -1, -1, -1, -1, -1, -1, -1, -1, -1, -1, -1, -1, -1, -1, -1, -1, -1, -1, -1, -1, -1, -1, -1, -1, -1, -1, -1, -1, -1, -1, -1, -1, -1, -1, -1, -1, -1, -1, -1, -1, -1, -1, -1, -1, -1, -1, -1, -1, -1, -1, -1, -1, -1, -1, -1, -1, -1, -1, -1, -1, -1, -1, -1, -1, -1, -1, -1, -1, -1, -1, -1, -1, -1, -1, -1, -1, -1, -1, -1, -1, -1, -1, -1, -1, -1, -1, -1, -1, -1, -1, -1, -1, -1, -1, -1, -1, -1, -1, -1, -1, -1, -1, -1, -1, -1, -1, -1, -1, -1, -1, -1, -1, -1, -1, -1, -1, -1, -1, -1, -1, -1, -1, -1, -1, -1, -1, -1, -1, -1, -1, -1, -1, -1, -1, -1, -1, -1, -1, -1, -1, -1, -1, -1, -1, -1, -1, -1, -1, -1, -1, -1, -1, -1, -1, -1, -1, -1, -1, -1, -1, -1, -1, -1, -1, -1, -1, -1, -1, -1, -1, -1, -1, -1, -1, -1, -1, -1, -1, -1, -1, -1, -1, -1, -1, -1, -1, -1, -1, -1, -1, -1, -1, -1, -1, -1, -1, -1, -1, -1, -1, -1, -1, -1, -1, -1, -1, -1, -1, -1, -1, -1, -1, -1, -1, -1, -1]"
150,None,16,0.0,None,1,237,"[{'cluster_no': -1, 'count': 237}]","[-1, -1, -1, -1, -1, -1, -1, -1, -1, -1, -1, -1, -1, -1, -1, -1, -1, -1, -1, -1, -1, -1, -1, -1, -1, -1, -1, -1, -1, -1, -1, -1, -1, -1, -1, -1, -1, -1, -1, -1, -1, -1, -1, -1, -1, -1, -1, -1, -1, -1, -1, -1, -1, -1, -1, -1, -1, -1, -1, -1, -1, -1, -1, -1, -1, -1, -1, -1, -1, -1, -1, -1, -1, -1, -1, -1, -1, -1, -1, -1, -1, -1, -1, -1, -1, -1, -1, -1, -1, -1, -1, -1, -1, -1, -1, -1, -1, -1, -1, -1, -1, -1, -1, -1, -1, -1, -1, -1, -1, -1, -1, -1, -1, -1, -1, -1, -1, -1, -1, -1, -1, -1, -1, -1, -1, -1, -1, -1, -1, -1, -1, -1, -1, -1, -1, -1, -1, -1, -1, -1, -1, -1, -1, -1, -1, -1, -1, -1, -1, -1, -1, -1, -1, -1, -1, -1, -1, -1, -1, -1, -1, -1, -1, -1, -1, -1, -1, -1, -1, -1, -1, -1, -1, -1, -1, -1, -1, -1, -1, -1, -1, -1, -1, -1, -1, -1, -1, -1, -1, -1, -1, -1, -1, -1, -1, -1, -1, -1, -1, -1, -1, -1, -1, -1, -1, -1, -1, -1, -1, -1, -1, -1, -1, -1, -1, -1, -1, -1, -1, -1, -1, -1, -1, -1, -1, -1, -1, -1, -1, -1, -1, -1, -1, -1, -1, -1, -1]"
150,None,16,0.5,None,1,237,"[{'cluster_no': -1, 'count': 237}]","[-1, -1, -1, -1, -1, -1, -1, -1, -1, -1, -1, -1, -1, -1, -1, -1, -1, -1, -1, -1, -1, -1, -1, -1, -1, -1, -1, -1, -1, -1, -1, -1, -1, -1, -1, -1, -1, -1, -1, -1, -1, -1, -1, -1, -1, -1, -1, -1, -1, -1, -1, -1, -1, -1, -1, -1, -1, -1, -1, -1, -1, -1, -1, -1, -1, -1, -1, -1, -1, -1, -1, -1, -1, -1, -1, -1, -1, -1, -1, -1, -1, -1, -1, -1, -1, -1, -1, -1, -1, -1, -1, -1, -1, -1, -1, -1, -1, -1, -1, -1, -1, -1, -1, -1, -1, -1, -1, -1, -1, -1, -1, -1, -1, -1, -1, -1, -1, -1, -1, -1, -1, -1, -1, -1, -1, -1, -1, -1, -1, -1, -1, -1, -1, -1, -1, -1, -1, -1, -1, -1, -1, -1, -1, -1, -1, -1, -1, -1, -1, -1, -1, -1, -1, -1, -1, -1, -1, -1, -1, -1, -1, -1, -1, -1, -1, -1, -1, -1, -1, -1, -1, -1, -1, -1, -1, -1, -1, -1, -1, -1, -1, -1, -1, -1, -1, -1, -1, -1, -1, -1, -1, -1, -1, -1, -1, -1, -1, -1, -1, -1, -1, -1, -1, -1, -1, -1, -1, -1, -1, -1, -1, -1, -1, -1, -1, -1, -1, -1, -1, -1, -1, -1, -1, -1, -1, -1, -1, -1, -1, -1, -1, -1, -1, -1, -1, -1, -1]"
150,None,16,1.0,None,1,237,"[{'cluster_no': -1, 'count': 237}]","[-1, -1, -1, -1, -1, -1, -1, -1, -1, -1, -1, -1, -1, -1, -1, -1, -1, -1, -1, -1, -1, -1, -1, -1, -1, -1, -1, -1, -1, -1, -1, -1, -1, -1, -1, -1, -1, -1, -1, -1, -1, -1, -1, -1, -1, -1, -1, -1, -1, -1, -1, -1, -1, -1, -1, -1, -1, -1, -1, -1, -1, -1, -1, -1, -1, -1, -1, -1, -1, -1, -1, -1, -1, -1, -1, -1, -1, -1, -1, -1, -1, -1, -1, -1, -1, -1, -1, -1, -1, -1, -1, -1, -1, -1, -1, -1, -1, -1, -1, -1, -1, -1, -1, -1, -1, -1, -1, -1, -1, -1, -1, -1, -1, -1, -1, -1, -1, -1, -1, -1, -1, -1, -1, -1, -1, -1, -1, -1, -1, -1, -1, -1, -1, -1, -1, -1, -1, -1, -1, -1, -1, -1, -1, -1, -1, -1, -1, -1, -1, -1, -1, -1, -1, -1, -1, -1, -1, -1, -1, -1, -1, -1, -1, -1, -1, -1, -1, -1, -1, -1, -1, -1, -1, -1, -1, -1, -1, -1, -1, -1, -1, -1, -1, -1, -1, -1, -1, -1, -1, -1, -1, -1, -1, -1, -1, -1, -1, -1, -1, -1, -1, -1, -1, -1, -1, -1, -1, -1, -1, -1, -1, -1, -1, -1, -1, -1, -1, -1, -1, -1, -1, -1, -1, -1, -1, -1, -1, -1, -1, -1, -1, -1, -1, -1, -1, -1, -1]"
150,None,17,0.0,None,1,237,"[{'cluster_no': -1, 'count': 237}]","[-1, -1, -1, -1, -1, -1, -1, -1, -1, -1, -1, -1, -1, -1, -1, -1, -1, -1, -1, -1, -1, -1, -1, -1, -1, -1, -1, -1, -1, -1, -1, -1, -1, -1, -1, -1, -1, -1, -1, -1, -1, -1, -1, -1, -1, -1, -1, -1, -1, -1, -1, -1, -1, -1, -1, -1, -1, -1, -1, -1, -1, -1, -1, -1, -1, -1, -1, -1, -1, -1, -1, -1, -1, -1, -1, -1, -1, -1, -1, -1, -1, -1, -1, -1, -1, -1, -1, -1, -1, -1, -1, -1, -1, -1, -1, -1, -1, -1, -1, -1, -1, -1, -1, -1, -1, -1, -1, -1, -1, -1, -1, -1, -1, -1, -1, -1, -1, -1, -1, -1, -1, -1, -1, -1, -1, -1, -1, -1, -1, -1, -1, -1, -1, -1, -1, -1, -1, -1, -1, -1, -1, -1, -1, -1, -1, -1, -1, -1, -1, -1, -1, -1, -1, -1, -1, -1, -1, -1, -1, -1, -1, -1, -1, -1, -1, -1, -1, -1, -1, -1, -1, -1, -1, -1, -1, -1, -1, -1, -1, -1, -1, -1, -1, -1, -1, -1, -1, -1, -1, -1, -1, -1, -1, -1, -1, -1, -1, -1, -1, -1, -1, -1, -1, -1, -1, -1, -1, -1, -1, -1, -1, -1, -1, -1, -1, -1, -1, -1, -1, -1, -1, -1, -1, -1, -1, -1, -1, -1, -1, -1, -1, -1, -1, -1, -1, -1, -1]"
150,None,17,0.5,None,1,237,"[{'cluster_no': -1, 'count': 237}]","[-1, -1, -1, -1, -1, -1, -1, -1, -1, -1, -1, -1, -1, -1, -1, -1, -1, -1, -1, -1, -1, -1, -1, -1, -1, -1, -1, -1, -1, -1, -1, -1, -1, -1, -1, -1, -1, -1, -1, -1, -1, -1, -1, -1, -1, -1, -1, -1, -1, -1, -1, -1, -1, -1, -1, -1, -1, -1, -1, -1, -1, -1, -1, -1, -1, -1, -1, -1, -1, -1, -1, -1, -1, -1, -1, -1, -1, -1, -1, -1, -1, -1, -1, -1, -1, -1, -1, -1, -1, -1, -1, -1, -1, -1, -1, -1, -1, -1, -1, -1, -1, -1, -1, -1, -1, -1, -1, -1, -1, -1, -1, -1, -1, -1, -1, -1, -1, -1, -1, -1, -1, -1, -1, -1, -1, -1, -1, -1, -1, -1, -1, -1, -1, -1, -1, -1, -1, -1, -1, -1, -1, -1, -1, -1, -1, -1, -1, -1, -1, -1, -1, -1, -1, -1, -1, -1, -1, -1, -1, -1, -1, -1, -1, -1, -1, -1, -1, -1, -1, -1, -1, -1, -1, -1, -1, -1, -1, -1, -1, -1, -1, -1, -1, -1, -1, -1, -1, -1, -1, -1, -1, -1, -1, -1, -1, -1, -1, -1, -1, -1, -1, -1, -1, -1, -1, -1, -1, -1, -1, -1, -1, -1, -1, -1, -1, -1, -1, -1, -1, -1, -1, -1, -1, -1, -1, -1, -1, -1, -1, -1, -1, -1, -1, -1, -1, -1, -1]"
150,None,17,1.0,None,1,237,"[{'cluster_no': -1, 'count': 237}]","[-1, -1, -1, -1, -1, -1, -1, -1, -1, -1, -1, -1, -1, -1, -1, -1, -1, -1, -1, -1, -1, -1, -1, -1, -1, -1, -1, -1, -1, -1, -1, -1, -1, -1, -1, -1, -1, -1, -1, -1, -1, -1, -1, -1, -1, -1, -1, -1, -1, -1, -1, -1, -1, -1, -1, -1, -1, -1, -1, -1, -1, -1, -1, -1, -1, -1, -1, -1, -1, -1, -1, -1, -1, -1, -1, -1, -1, -1, -1, -1, -1, -1, -1, -1, -1, -1, -1, -1, -1, -1, -1, -1, -1, -1, -1, -1, -1, -1, -1, -1, -1, -1, -1, -1, -1, -1, -1, -1, -1, -1, -1, -1, -1, -1, -1, -1, -1, -1, -1, -1, -1, -1, -1, -1, -1, -1, -1, -1, -1, -1, -1, -1, -1, -1, -1, -1, -1, -1, -1, -1, -1, -1, -1, -1, -1, -1, -1, -1, -1, -1, -1, -1, -1, -1, -1, -1, -1, -1, -1, -1, -1, -1, -1, -1, -1, -1, -1, -1, -1, -1, -1, -1, -1, -1, -1, -1, -1, -1, -1, -1, -1, -1, -1, -1, -1, -1, -1, -1, -1, -1, -1, -1, -1, -1, -1, -1, -1, -1, -1, -1, -1, -1, -1, -1, -1, -1, -1, -1, -1, -1, -1, -1, -1, -1, -1, -1, -1, -1, -1, -1, -1, -1, -1, -1, -1, -1, -1, -1, -1, -1, -1, -1, -1, -1, -1, -1, -1]"
150,None,18,0.0,None,1,237,"[{'cluster_no': -1, 'count': 237}]","[-1, -1, -1, -1, -1, -1, -1, -1, -1, -1, -1, -1, -1, -1, -1, -1, -1, -1, -1, -1, -1, -1, -1, -1, -1, -1, -1, -1, -1, -1, -1, -1, -1, -1, -1, -1, -1, -1, -1, -1, -1, -1, -1, -1, -1, -1, -1, -1, -1, -1, -1, -1, -1, -1, -1, -1, -1, -1, -1, -1, -1, -1, -1, -1, -1, -1, -1, -1, -1, -1, -1, -1, -1, -1, -1, -1, -1, -1, -1, -1, -1, -1, -1, -1, -1, -1, -1, -1, -1, -1, -1, -1, -1, -1, -1, -1, -1, -1, -1, -1, -1, -1, -1, -1, -1, -1, -1, -1, -1, -1, -1, -1, -1, -1, -1, -1, -1, -1, -1, -1, -1, -1, -1, -1, -1, -1, -1, -1, -1, -1, -1, -1, -1, -1, -1, -1, -1, -1, -1, -1, -1, -1, -1, -1, -1, -1, -1, -1, -1, -1, -1, -1, -1, -1, -1, -1, -1, -1, -1, -1, -1, -1, -1, -1, -1, -1, -1, -1, -1, -1, -1, -1, -1, -1, -1, -1, -1, -1, -1, -1, -1, -1, -1, -1, -1, -1, -1, -1, -1, -1, -1, -1, -1, -1, -1, -1, -1, -1, -1, -1, -1, -1, -1, -1, -1, -1, -1, -1, -1, -1, -1, -1, -1, -1, -1, -1, -1, -1, -1, -1, -1, -1, -1, -1, -1, -1, -1, -1, -1, -1, -1, -1, -1, -1, -1, -1, -1]"
150,None,18,0.5,None,1,237,"[{'cluster_no': -1, 'count': 237}]","[-1, -1, -1, -1, -1, -1, -1, -1, -1, -1, -1, -1, -1, -1, -1, -1, -1, -1, -1, -1, -1, -1, -1, -1, -1, -1, -1, -1, -1, -1, -1, -1, -1, -1, -1, -1, -1, -1, -1, -1, -1, -1, -1, -1, -1, -1, -1, -1, -1, -1, -1, -1, -1, -1, -1, -1, -1, -1, -1, -1, -1, -1, -1, -1, -1, -1, -1, -1, -1, -1, -1, -1, -1, -1, -1, -1, -1, -1, -1, -1, -1, -1, -1, -1, -1, -1, -1, -1, -1, -1, -1, -1, -1, -1, -1, -1, -1, -1, -1, -1, -1, -1, -1, -1, -1, -1, -1, -1, -1, -1, -1, -1, -1, -1, -1, -1, -1, -1, -1, -1, -1, -1, -1, -1, -1, -1, -1, -1, -1, -1, -1, -1, -1, -1, -1, -1, -1, -1, -1, -1, -1, -1, -1, -1, -1, -1, -1, -1, -1, -1, -1, -1, -1, -1, -1, -1, -1, -1, -1, -1, -1, -1, -1, -1, -1, -1, -1, -1, -1, -1, -1, -1, -1, -1, -1, -1, -1, -1, -1, -1, -1, -1, -1, -1, -1, -1, -1, -1, -1, -1, -1, -1, -1, -1, -1, -1, -1, -1, -1, -1, -1, -1, -1, -1, -1, -1, -1, -1, -1, -1, -1, -1, -1, -1, -1, -1, -1, -1, -1, -1, -1, -1, -1, -1, -1, -1, -1, -1, -1, -1, -1, -1, -1, -1, -1, -1, -1]"
150,None,18,1.0,None,1,237,"[{'cluster_no': -1, 'count': 237}]","[-1, -1, -1, -1, -1, -1, -1, -1, -1, -1, -1, -1, -1, -1, -1, -1, -1, -1, -1, -1, -1, -1, -1, -1, -1, -1, -1, -1, -1, -1, -1, -1, -1, -1, -1, -1, -1, -1, -1, -1, -1, -1, -1, -1, -1, -1, -1, -1, -1, -1, -1, -1, -1, -1, -1, -1, -1, -1, -1, -1, -1, -1, -1, -1, -1, -1, -1, -1, -1, -1, -1, -1, -1, -1, -1, -1, -1, -1, -1, -1, -1, -1, -1, -1, -1, -1, -1, -1, -1, -1, -1, -1, -1, -1, -1, -1, -1, -1, -1, -1, -1, -1, -1, -1, -1, -1, -1, -1, -1, -1, -1, -1, -1, -1, -1, -1, -1, -1, -1, -1, -1, -1, -1, -1, -1, -1, -1, -1, -1, -1, -1, -1, -1, -1, -1, -1, -1, -1, -1, -1, -1, -1, -1, -1, -1, -1, -1, -1, -1, -1, -1, -1, -1, -1, -1, -1, -1, -1, -1, -1, -1, -1, -1, -1, -1, -1, -1, -1, -1, -1, -1, -1, -1, -1, -1, -1, -1, -1, -1, -1, -1, -1, -1, -1, -1, -1, -1, -1, -1, -1, -1, -1, -1, -1, -1, -1, -1, -1, -1, -1, -1, -1, -1, -1, -1, -1, -1, -1, -1, -1, -1, -1, -1, -1, -1, -1, -1, -1, -1, -1, -1, -1, -1, -1, -1, -1, -1, -1, -1, -1, -1, -1, -1, -1, -1, -1, -1]"
150,None,19,0.0,None,1,237,"[{'cluster_no': -1, 'count': 237}]","[-1, -1, -1, -1, -1, -1, -1, -1, -1, -1, -1, -1, -1, -1, -1, -1, -1, -1, -1, -1, -1, -1, -1, -1, -1, -1, -1, -1, -1, -1, -1, -1, -1, -1, -1, -1, -1, -1, -1, -1, -1, -1, -1, -1, -1, -1, -1, -1, -1, -1, -1, -1, -1, -1, -1, -1, -1, -1, -1, -1, -1, -1, -1, -1, -1, -1, -1, -1, -1, -1, -1, -1, -1, -1, -1, -1, -1, -1, -1, -1, -1, -1, -1, -1, -1, -1, -1, -1, -1, -1, -1, -1, -1, -1, -1, -1, -1, -1, -1, -1, -1, -1, -1, -1, -1, -1, -1, -1, -1, -1, -1, -1, -1, -1, -1, -1, -1, -1, -1, -1, -1, -1, -1, -1, -1, -1, -1, -1, -1, -1, -1, -1, -1, -1, -1, -1, -1, -1, -1, -1, -1, -1, -1, -1, -1, -1, -1, -1, -1, -1, -1, -1, -1, -1, -1, -1, -1, -1, -1, -1, -1, -1, -1, -1, -1, -1, -1, -1, -1, -1, -1, -1, -1, -1, -1, -1, -1, -1, -1, -1, -1, -1, -1, -1, -1, -1, -1, -1, -1, -1, -1, -1, -1, -1, -1, -1, -1, -1, -1, -1, -1, -1, -1, -1, -1, -1, -1, -1, -1, -1, -1, -1, -1, -1, -1, -1, -1, -1, -1, -1, -1, -1, -1, -1, -1, -1, -1, -1, -1, -1, -1, -1, -1, -1, -1, -1, -1]"
150,None,19,0.5,None,1,237,"[{'cluster_no': -1, 'count': 237}]","[-1, -1, -1, -1, -1, -1, -1, -1, -1, -1, -1, -1, -1, -1, -1, -1, -1, -1, -1, -1, -1, -1, -1, -1, -1, -1, -1, -1, -1, -1, -1, -1, -1, -1, -1, -1, -1, -1, -1, -1, -1, -1, -1, -1, -1, -1, -1, -1, -1, -1, -1, -1, -1, -1, -1, -1, -1, -1, -1, -1, -1, -1, -1, -1, -1, -1, -1, -1, -1, -1, -1, -1, -1, -1, -1, -1, -1, -1, -1, -1, -1, -1, -1, -1, -1, -1, -1, -1, -1, -1, -1, -1, -1, -1, -1, -1, -1, -1, -1, -1, -1, -1, -1, -1, -1, -1, -1, -1, -1, -1, -1, -1, -1, -1, -1, -1, -1, -1, -1, -1, -1, -1, -1, -1, -1, -1, -1, -1, -1, -1, -1, -1, -1, -1, -1, -1, -1, -1, -1, -1, -1, -1, -1, -1, -1, -1, -1, -1, -1, -1, -1, -1, -1, -1, -1, -1, -1, -1, -1, -1, -1, -1, -1, -1, -1, -1, -1, -1, -1, -1, -1, -1, -1, -1, -1, -1, -1, -1, -1, -1, -1, -1, -1, -1, -1, -1, -1, -1, -1, -1, -1, -1, -1, -1, -1, -1, -1, -1, -1, -1, -1, -1, -1, -1, -1, -1, -1, -1, -1, -1, -1, -1, -1, -1, -1, -1, -1, -1, -1, -1, -1, -1, -1, -1, -1, -1, -1, -1, -1, -1, -1, -1, -1, -1, -1, -1, -1]"
150,None,19,1.0,None,1,237,"[{'cluster_no': -1, 'count': 237}]","[-1, -1, -1, -1, -1, -1, -1, -1, -1, -1, -1, -1, -1, -1, -1, -1, -1, -1, -1, -1, -1, -1, -1, -1, -1, -1, -1, -1, -1, -1, -1, -1, -1, -1, -1, -1, -1, -1, -1, -1, -1, -1, -1, -1, -1, -1, -1, -1, -1, -1, -1, -1, -1, -1, -1, -1, -1, -1, -1, -1, -1, -1, -1, -1, -1, -1, -1, -1, -1, -1, -1, -1, -1, -1, -1, -1, -1, -1, -1, -1, -1, -1, -1, -1, -1, -1, -1, -1, -1, -1, -1, -1, -1, -1, -1, -1, -1, -1, -1, -1, -1, -1, -1, -1, -1, -1, -1, -1, -1, -1, -1, -1, -1, -1, -1, -1, -1, -1, -1, -1, -1, -1, -1, -1, -1, -1, -1, -1, -1, -1, -1, -1, -1, -1, -1, -1, -1, -1, -1, -1, -1, -1, -1, -1, -1, -1, -1, -1, -1, -1, -1, -1, -1, -1, -1, -1, -1, -1, -1, -1, -1, -1, -1, -1, -1, -1, -1, -1, -1, -1, -1, -1, -1, -1, -1, -1, -1, -1, -1, -1, -1, -1, -1, -1, -1, -1, -1, -1, -1, -1, -1, -1, -1, -1, -1, -1, -1, -1, -1, -1, -1, -1, -1, -1, -1, -1, -1, -1, -1, -1, -1, -1, -1, -1, -1, -1, -1, -1, -1, -1, -1, -1, -1, -1, -1, -1, -1, -1, -1, -1, -1, -1, -1, -1, -1, -1, -1]"
150,None,20,0.0,None,1,237,"[{'cluster_no': -1, 'count': 237}]","[-1, -1, -1, -1, -1, -1, -1, -1, -1, -1, -1, -1, -1, -1, -1, -1, -1, -1, -1, -1, -1, -1, -1, -1, -1, -1, -1, -1, -1, -1, -1, -1, -1, -1, -1, -1, -1, -1, -1, -1, -1, -1, -1, -1, -1, -1, -1, -1, -1, -1, -1, -1, -1, -1, -1, -1, -1, -1, -1, -1, -1, -1, -1, -1, -1, -1, -1, -1, -1, -1, -1, -1, -1, -1, -1, -1, -1, -1, -1, -1, -1, -1, -1, -1, -1, -1, -1, -1, -1, -1, -1, -1, -1, -1, -1, -1, -1, -1, -1, -1, -1, -1, -1, -1, -1, -1, -1, -1, -1, -1, -1, -1, -1, -1, -1, -1, -1, -1, -1, -1, -1, -1, -1, -1, -1, -1, -1, -1, -1, -1, -1, -1, -1, -1, -1, -1, -1, -1, -1, -1, -1, -1, -1, -1, -1, -1, -1, -1, -1, -1, -1, -1, -1, -1, -1, -1, -1, -1, -1, -1, -1, -1, -1, -1, -1, -1, -1, -1, -1, -1, -1, -1, -1, -1, -1, -1, -1, -1, -1, -1, -1, -1, -1, -1, -1, -1, -1, -1, -1, -1, -1, -1, -1, -1, -1, -1, -1, -1, -1, -1, -1, -1, -1, -1, -1, -1, -1, -1, -1, -1, -1, -1, -1, -1, -1, -1, -1, -1, -1, -1, -1, -1, -1, -1, -1, -1, -1, -1, -1, -1, -1, -1, -1, -1, -1, -1, -1]"
150,None,20,0.5,None,1,237,"[{'cluster_no': -1, 'count': 237}]","[-1, -1, -1, -1, -1, -1, -1, -1, -1, -1, -1, -1, -1, -1, -1, -1, -1, -1, -1, -1, -1, -1, -1, -1, -1, -1, -1, -1, -1, -1, -1, -1, -1, -1, -1, -1, -1, -1, -1, -1, -1, -1, -1, -1, -1, -1, -1, -1, -1, -1, -1, -1, -1, -1, -1, -1, -1, -1, -1, -1, -1, -1, -1, -1, -1, -1, -1, -1, -1, -1, -1, -1, -1, -1, -1, -1, -1, -1, -1, -1, -1, -1, -1, -1, -1, -1, -1, -1, -1, -1, -1, -1, -1, -1, -1, -1, -1, -1, -1, -1, -1, -1, -1, -1, -1, -1, -1, -1, -1, -1, -1, -1, -1, -1, -1, -1, -1, -1, -1, -1, -1, -1, -1, -1, -1, -1, -1, -1, -1, -1, -1, -1, -1, -1, -1, -1, -1, -1, -1, -1, -1, -1, -1, -1, -1, -1, -1, -1, -1, -1, -1, -1, -1, -1, -1, -1, -1, -1, -1, -1, -1, -1, -1, -1, -1, -1, -1, -1, -1, -1, -1, -1, -1, -1, -1, -1, -1, -1, -1, -1, -1, -1, -1, -1, -1, -1, -1, -1, -1, -1, -1, -1, -1, -1, -1, -1, -1, -1, -1, -1, -1, -1, -1, -1, -1, -1, -1, -1, -1, -1, -1, -1, -1, -1, -1, -1, -1, -1, -1, -1, -1, -1, -1, -1, -1, -1, -1, -1, -1, -1, -1, -1, -1, -1, -1, -1, -1]"
150,None,20,1.0,None,1,237,"[{'cluster_no': -1, 'count': 237}]","[-1, -1, -1, -1, -1, -1, -1, -1, -1, -1, -1, -1, -1, -1, -1, -1, -1, -1, -1, -1, -1, -1, -1, -1, -1, -1, -1, -1, -1, -1, -1, -1, -1, -1, -1, -1, -1, -1, -1, -1, -1, -1, -1, -1, -1, -1, -1, -1, -1, -1, -1, -1, -1, -1, -1, -1, -1, -1, -1, -1, -1, -1, -1, -1, -1, -1, -1, -1, -1, -1, -1, -1, -1, -1, -1, -1, -1, -1, -1, -1, -1, -1, -1, -1, -1, -1, -1, -1, -1, -1, -1, -1, -1, -1, -1, -1, -1, -1, -1, -1, -1, -1, -1, -1, -1, -1, -1, -1, -1, -1, -1, -1, -1, -1, -1, -1, -1, -1, -1, -1, -1, -1, -1, -1, -1, -1, -1, -1, -1, -1, -1, -1, -1, -1, -1, -1, -1, -1, -1, -1, -1, -1, -1, -1, -1, -1, -1, -1, -1, -1, -1, -1, -1, -1, -1, -1, -1, -1, -1, -1, -1, -1, -1, -1, -1, -1, -1, -1, -1, -1, -1, -1, -1, -1, -1, -1, -1, -1, -1, -1, -1, -1, -1, -1, -1, -1, -1, -1, -1, -1, -1, -1, -1, -1, -1, -1, -1, -1, -1, -1, -1, -1, -1, -1, -1, -1, -1, -1, -1, -1, -1, -1, -1, -1, -1, -1, -1, -1, -1, -1, -1, -1, -1, -1, -1, -1, -1, -1, -1, -1, -1, -1, -1, -1, -1, -1, -1]"
150,None,21,0.0,None,1,237,"[{'cluster_no': -1, 'count': 237}]","[-1, -1, -1, -1, -1, -1, -1, -1, -1, -1, -1, -1, -1, -1, -1, -1, -1, -1, -1, -1, -1, -1, -1, -1, -1, -1, -1, -1, -1, -1, -1, -1, -1, -1, -1, -1, -1, -1, -1, -1, -1, -1, -1, -1, -1, -1, -1, -1, -1, -1, -1, -1, -1, -1, -1, -1, -1, -1, -1, -1, -1, -1, -1, -1, -1, -1, -1, -1, -1, -1, -1, -1, -1, -1, -1, -1, -1, -1, -1, -1, -1, -1, -1, -1, -1, -1, -1, -1, -1, -1, -1, -1, -1, -1, -1, -1, -1, -1, -1, -1, -1, -1, -1, -1, -1, -1, -1, -1, -1, -1, -1, -1, -1, -1, -1, -1, -1, -1, -1, -1, -1, -1, -1, -1, -1, -1, -1, -1, -1, -1, -1, -1, -1, -1, -1, -1, -1, -1, -1, -1, -1, -1, -1, -1, -1, -1, -1, -1, -1, -1, -1, -1, -1, -1, -1, -1, -1, -1, -1, -1, -1, -1, -1, -1, -1, -1, -1, -1, -1, -1, -1, -1, -1, -1, -1, -1, -1, -1, -1, -1, -1, -1, -1, -1, -1, -1, -1, -1, -1, -1, -1, -1, -1, -1, -1, -1, -1, -1, -1, -1, -1, -1, -1, -1, -1, -1, -1, -1, -1, -1, -1, -1, -1, -1, -1, -1, -1, -1, -1, -1, -1, -1, -1, -1, -1, -1, -1, -1, -1, -1, -1, -1, -1, -1, -1, -1, -1]"
150,None,21,0.5,None,1,237,"[{'cluster_no': -1, 'count': 237}]","[-1, -1, -1, -1, -1, -1, -1, -1, -1, -1, -1, -1, -1, -1, -1, -1, -1, -1, -1, -1, -1, -1, -1, -1, -1, -1, -1, -1, -1, -1, -1, -1, -1, -1, -1, -1, -1, -1, -1, -1, -1, -1, -1, -1, -1, -1, -1, -1, -1, -1, -1, -1, -1, -1, -1, -1, -1, -1, -1, -1, -1, -1, -1, -1, -1, -1, -1, -1, -1, -1, -1, -1, -1, -1, -1, -1, -1, -1, -1, -1, -1, -1, -1, -1, -1, -1, -1, -1, -1, -1, -1, -1, -1, -1, -1, -1, -1, -1, -1, -1, -1, -1, -1, -1, -1, -1, -1, -1, -1, -1, -1, -1, -1, -1, -1, -1, -1, -1, -1, -1, -1, -1, -1, -1, -1, -1, -1, -1, -1, -1, -1, -1, -1, -1, -1, -1, -1, -1, -1, -1, -1, -1, -1, -1, -1, -1, -1, -1, -1, -1, -1, -1, -1, -1, -1, -1, -1, -1, -1, -1, -1, -1, -1, -1, -1, -1, -1, -1, -1, -1, -1, -1, -1, -1, -1, -1, -1, -1, -1, -1, -1, -1, -1, -1, -1, -1, -1, -1, -1, -1, -1, -1, -1, -1, -1, -1, -1, -1, -1, -1, -1, -1, -1, -1, -1, -1, -1, -1, -1, -1, -1, -1, -1, -1, -1, -1, -1, -1, -1, -1, -1, -1, -1, -1, -1, -1, -1, -1, -1, -1, -1, -1, -1, -1, -1, -1, -1]"
150,None,21,1.0,None,1,237,"[{'cluster_no': -1, 'count': 237}]","[-1, -1, -1, -1, -1, -1, -1, -1, -1, -1, -1, -1, -1, -1, -1, -1, -1, -1, -1, -1, -1, -1, -1, -1, -1, -1, -1, -1, -1, -1, -1, -1, -1, -1, -1, -1, -1, -1, -1, -1, -1, -1, -1, -1, -1, -1, -1, -1, -1, -1, -1, -1, -1, -1, -1, -1, -1, -1, -1, -1, -1, -1, -1, -1, -1, -1, -1, -1, -1, -1, -1, -1, -1, -1, -1, -1, -1, -1, -1, -1, -1, -1, -1, -1, -1, -1, -1, -1, -1, -1, -1, -1, -1, -1, -1, -1, -1, -1, -1, -1, -1, -1, -1, -1, -1, -1, -1, -1, -1, -1, -1, -1, -1, -1, -1, -1, -1, -1, -1, -1, -1, -1, -1, -1, -1, -1, -1, -1, -1, -1, -1, -1, -1, -1, -1, -1, -1, -1, -1, -1, -1, -1, -1, -1, -1, -1, -1, -1, -1, -1, -1, -1, -1, -1, -1, -1, -1, -1, -1, -1, -1, -1, -1, -1, -1, -1, -1, -1, -1, -1, -1, -1, -1, -1, -1, -1, -1, -1, -1, -1, -1, -1, -1, -1, -1, -1, -1, -1, -1, -1, -1, -1, -1, -1, -1, -1, -1, -1, -1, -1, -1, -1, -1, -1, -1, -1, -1, -1, -1, -1, -1, -1, -1, -1, -1, -1, -1, -1, -1, -1, -1, -1, -1, -1, -1, -1, -1, -1, -1, -1, -1, -1, -1, -1, -1, -1, -1]"
150,None,22,0.0,None,1,237,"[{'cluster_no': -1, 'count': 237}]","[-1, -1, -1, -1, -1, -1, -1, -1, -1, -1, -1, -1, -1, -1, -1, -1, -1, -1, -1, -1, -1, -1, -1, -1, -1, -1, -1, -1, -1, -1, -1, -1, -1, -1, -1, -1, -1, -1, -1, -1, -1, -1, -1, -1, -1, -1, -1, -1, -1, -1, -1, -1, -1, -1, -1, -1, -1, -1, -1, -1, -1, -1, -1, -1, -1, -1, -1, -1, -1, -1, -1, -1, -1, -1, -1, -1, -1, -1, -1, -1, -1, -1, -1, -1, -1, -1, -1, -1, -1, -1, -1, -1, -1, -1, -1, -1, -1, -1, -1, -1, -1, -1, -1, -1, -1, -1, -1, -1, -1, -1, -1, -1, -1, -1, -1, -1, -1, -1, -1, -1, -1, -1, -1, -1, -1, -1, -1, -1, -1, -1, -1, -1, -1, -1, -1, -1, -1, -1, -1, -1, -1, -1, -1, -1, -1, -1, -1, -1, -1, -1, -1, -1, -1, -1, -1, -1, -1, -1, -1, -1, -1, -1, -1, -1, -1, -1, -1, -1, -1, -1, -1, -1, -1, -1, -1, -1, -1, -1, -1, -1, -1, -1, -1, -1, -1, -1, -1, -1, -1, -1, -1, -1, -1, -1, -1, -1, -1, -1, -1, -1, -1, -1, -1, -1, -1, -1, -1, -1, -1, -1, -1, -1, -1, -1, -1, -1, -1, -1, -1, -1, -1, -1, -1, -1, -1, -1, -1, -1, -1, -1, -1, -1, -1, -1, -1, -1, -1]"
150,None,22,0.5,None,1,237,"[{'cluster_no': -1, 'count': 237}]","[-1, -1, -1, -1, -1, -1, -1, -1, -1, -1, -1, -1, -1, -1, -1, -1, -1, -1, -1, -1, -1, -1, -1, -1, -1, -1, -1, -1, -1, -1, -1, -1, -1, -1, -1, -1, -1, -1, -1, -1, -1, -1, -1, -1, -1, -1, -1, -1, -1, -1, -1, -1, -1, -1, -1, -1, -1, -1, -1, -1, -1, -1, -1, -1, -1, -1, -1, -1, -1, -1, -1, -1, -1, -1, -1, -1, -1, -1, -1, -1, -1, -1, -1, -1, -1, -1, -1, -1, -1, -1, -1, -1, -1, -1, -1, -1, -1, -1, -1, -1, -1, -1, -1, -1, -1, -1, -1, -1, -1, -1, -1, -1, -1, -1, -1, -1, -1, -1, -1, -1, -1, -1, -1, -1, -1, -1, -1, -1, -1, -1, -1, -1, -1, -1, -1, -1, -1, -1, -1, -1, -1, -1, -1, -1, -1, -1, -1, -1, -1, -1, -1, -1, -1, -1, -1, -1, -1, -1, -1, -1, -1, -1, -1, -1, -1, -1, -1, -1, -1, -1, -1, -1, -1, -1, -1, -1, -1, -1, -1, -1, -1, -1, -1, -1, -1, -1, -1, -1, -1, -1, -1, -1, -1, -1, -1, -1, -1, -1, -1, -1, -1, -1, -1, -1, -1, -1, -1, -1, -1, -1, -1, -1, -1, -1, -1, -1, -1, -1, -1, -1, -1, -1, -1, -1, -1, -1, -1, -1, -1, -1, -1, -1, -1, -1, -1, -1, -1]"
150,None,22,1.0,None,1,237,"[{'cluster_no': -1, 'count': 237}]","[-1, -1, -1, -1, -1, -1, -1, -1, -1, -1, -1, -1, -1, -1, -1, -1, -1, -1, -1, -1, -1, -1, -1, -1, -1, -1, -1, -1, -1, -1, -1, -1, -1, -1, -1, -1, -1, -1, -1, -1, -1, -1, -1, -1, -1, -1, -1, -1, -1, -1, -1, -1, -1, -1, -1, -1, -1, -1, -1, -1, -1, -1, -1, -1, -1, -1, -1, -1, -1, -1, -1, -1, -1, -1, -1, -1, -1, -1, -1, -1, -1, -1, -1, -1, -1, -1, -1, -1, -1, -1, -1, -1, -1, -1, -1, -1, -1, -1, -1, -1, -1, -1, -1, -1, -1, -1, -1, -1, -1, -1, -1, -1, -1, -1, -1, -1, -1, -1, -1, -1, -1, -1, -1, -1, -1, -1, -1, -1, -1, -1, -1, -1, -1, -1, -1, -1, -1, -1, -1, -1, -1, -1, -1, -1, -1, -1, -1, -1, -1, -1, -1, -1, -1, -1, -1, -1, -1, -1, -1, -1, -1, -1, -1, -1, -1, -1, -1, -1, -1, -1, -1, -1, -1, -1, -1, -1, -1, -1, -1, -1, -1, -1, -1, -1, -1, -1, -1, -1, -1, -1, -1, -1, -1, -1, -1, -1, -1, -1, -1, -1, -1, -1, -1, -1, -1, -1, -1, -1, -1, -1, -1, -1, -1, -1, -1, -1, -1, -1, -1, -1, -1, -1, -1, -1, -1, -1, -1, -1, -1, -1, -1, -1, -1, -1, -1, -1, -1]"
150,None,23,0.0,None,1,237,"[{'cluster_no': -1, 'count': 237}]","[-1, -1, -1, -1, -1, -1, -1, -1, -1, -1, -1, -1, -1, -1, -1, -1, -1, -1, -1, -1, -1, -1, -1, -1, -1, -1, -1, -1, -1, -1, -1, -1, -1, -1, -1, -1, -1, -1, -1, -1, -1, -1, -1, -1, -1, -1, -1, -1, -1, -1, -1, -1, -1, -1, -1, -1, -1, -1, -1, -1, -1, -1, -1, -1, -1, -1, -1, -1, -1, -1, -1, -1, -1, -1, -1, -1, -1, -1, -1, -1, -1, -1, -1, -1, -1, -1, -1, -1, -1, -1, -1, -1, -1, -1, -1, -1, -1, -1, -1, -1, -1, -1, -1, -1, -1, -1, -1, -1, -1, -1, -1, -1, -1, -1, -1, -1, -1, -1, -1, -1, -1, -1, -1, -1, -1, -1, -1, -1, -1, -1, -1, -1, -1, -1, -1, -1, -1, -1, -1, -1, -1, -1, -1, -1, -1, -1, -1, -1, -1, -1, -1, -1, -1, -1, -1, -1, -1, -1, -1, -1, -1, -1, -1, -1, -1, -1, -1, -1, -1, -1, -1, -1, -1, -1, -1, -1, -1, -1, -1, -1, -1, -1, -1, -1, -1, -1, -1, -1, -1, -1, -1, -1, -1, -1, -1, -1, -1, -1, -1, -1, -1, -1, -1, -1, -1, -1, -1, -1, -1, -1, -1, -1, -1, -1, -1, -1, -1, -1, -1, -1, -1, -1, -1, -1, -1, -1, -1, -1, -1, -1, -1, -1, -1, -1, -1, -1, -1]"
150,None,23,0.5,None,1,237,"[{'cluster_no': -1, 'count': 237}]","[-1, -1, -1, -1, -1, -1, -1, -1, -1, -1, -1, -1, -1, -1, -1, -1, -1, -1, -1, -1, -1, -1, -1, -1, -1, -1, -1, -1, -1, -1, -1, -1, -1, -1, -1, -1, -1, -1, -1, -1, -1, -1, -1, -1, -1, -1, -1, -1, -1, -1, -1, -1, -1, -1, -1, -1, -1, -1, -1, -1, -1, -1, -1, -1, -1, -1, -1, -1, -1, -1, -1, -1, -1, -1, -1, -1, -1, -1, -1, -1, -1, -1, -1, -1, -1, -1, -1, -1, -1, -1, -1, -1, -1, -1, -1, -1, -1, -1, -1, -1, -1, -1, -1, -1, -1, -1, -1, -1, -1, -1, -1, -1, -1, -1, -1, -1, -1, -1, -1, -1, -1, -1, -1, -1, -1, -1, -1, -1, -1, -1, -1, -1, -1, -1, -1, -1, -1, -1, -1, -1, -1, -1, -1, -1, -1, -1, -1, -1, -1, -1, -1, -1, -1, -1, -1, -1, -1, -1, -1, -1, -1, -1, -1, -1, -1, -1, -1, -1, -1, -1, -1, -1, -1, -1, -1, -1, -1, -1, -1, -1, -1, -1, -1, -1, -1, -1, -1, -1, -1, -1, -1, -1, -1, -1, -1, -1, -1, -1, -1, -1, -1, -1, -1, -1, -1, -1, -1, -1, -1, -1, -1, -1, -1, -1, -1, -1, -1, -1, -1, -1, -1, -1, -1, -1, -1, -1, -1, -1, -1, -1, -1, -1, -1, -1, -1, -1, -1]"
150,None,23,1.0,None,1,237,"[{'cluster_no': -1, 'count': 237}]","[-1, -1, -1, -1, -1, -1, -1, -1, -1, -1, -1, -1, -1, -1, -1, -1, -1, -1, -1, -1, -1, -1, -1, -1, -1, -1, -1, -1, -1, -1, -1, -1, -1, -1, -1, -1, -1, -1, -1, -1, -1, -1, -1, -1, -1, -1, -1, -1, -1, -1, -1, -1, -1, -1, -1, -1, -1, -1, -1, -1, -1, -1, -1, -1, -1, -1, -1, -1, -1, -1, -1, -1, -1, -1, -1, -1, -1, -1, -1, -1, -1, -1, -1, -1, -1, -1, -1, -1, -1, -1, -1, -1, -1, -1, -1, -1, -1, -1, -1, -1, -1, -1, -1, -1, -1, -1, -1, -1, -1, -1, -1, -1, -1, -1, -1, -1, -1, -1, -1, -1, -1, -1, -1, -1, -1, -1, -1, -1, -1, -1, -1, -1, -1, -1, -1, -1, -1, -1, -1, -1, -1, -1, -1, -1, -1, -1, -1, -1, -1, -1, -1, -1, -1, -1, -1, -1, -1, -1, -1, -1, -1, -1, -1, -1, -1, -1, -1, -1, -1, -1, -1, -1, -1, -1, -1, -1, -1, -1, -1, -1, -1, -1, -1, -1, -1, -1, -1, -1, -1, -1, -1, -1, -1, -1, -1, -1, -1, -1, -1, -1, -1, -1, -1, -1, -1, -1, -1, -1, -1, -1, -1, -1, -1, -1, -1, -1, -1, -1, -1, -1, -1, -1, -1, -1, -1, -1, -1, -1, -1, -1, -1, -1, -1, -1, -1, -1, -1]"
150,None,24,0.0,None,1,237,"[{'cluster_no': -1, 'count': 237}]","[-1, -1, -1, -1, -1, -1, -1, -1, -1, -1, -1, -1, -1, -1, -1, -1, -1, -1, -1, -1, -1, -1, -1, -1, -1, -1, -1, -1, -1, -1, -1, -1, -1, -1, -1, -1, -1, -1, -1, -1, -1, -1, -1, -1, -1, -1, -1, -1, -1, -1, -1, -1, -1, -1, -1, -1, -1, -1, -1, -1, -1, -1, -1, -1, -1, -1, -1, -1, -1, -1, -1, -1, -1, -1, -1, -1, -1, -1, -1, -1, -1, -1, -1, -1, -1, -1, -1, -1, -1, -1, -1, -1, -1, -1, -1, -1, -1, -1, -1, -1, -1, -1, -1, -1, -1, -1, -1, -1, -1, -1, -1, -1, -1, -1, -1, -1, -1, -1, -1, -1, -1, -1, -1, -1, -1, -1, -1, -1, -1, -1, -1, -1, -1, -1, -1, -1, -1, -1, -1, -1, -1, -1, -1, -1, -1, -1, -1, -1, -1, -1, -1, -1, -1, -1, -1, -1, -1, -1, -1, -1, -1, -1, -1, -1, -1, -1, -1, -1, -1, -1, -1, -1, -1, -1, -1, -1, -1, -1, -1, -1, -1, -1, -1, -1, -1, -1, -1, -1, -1, -1, -1, -1, -1, -1, -1, -1, -1, -1, -1, -1, -1, -1, -1, -1, -1, -1, -1, -1, -1, -1, -1, -1, -1, -1, -1, -1, -1, -1, -1, -1, -1, -1, -1, -1, -1, -1, -1, -1, -1, -1, -1, -1, -1, -1, -1, -1, -1]"
150,None,24,0.5,None,1,237,"[{'cluster_no': -1, 'count': 237}]","[-1, -1, -1, -1, -1, -1, -1, -1, -1, -1, -1, -1, -1, -1, -1, -1, -1, -1, -1, -1, -1, -1, -1, -1, -1, -1, -1, -1, -1, -1, -1, -1, -1, -1, -1, -1, -1, -1, -1, -1, -1, -1, -1, -1, -1, -1, -1, -1, -1, -1, -1, -1, -1, -1, -1, -1, -1, -1, -1, -1, -1, -1, -1, -1, -1, -1, -1, -1, -1, -1, -1, -1, -1, -1, -1, -1, -1, -1, -1, -1, -1, -1, -1, -1, -1, -1, -1, -1, -1, -1, -1, -1, -1, -1, -1, -1, -1, -1, -1, -1, -1, -1, -1, -1, -1, -1, -1, -1, -1, -1, -1, -1, -1, -1, -1, -1, -1, -1, -1, -1, -1, -1, -1, -1, -1, -1, -1, -1, -1, -1, -1, -1, -1, -1, -1, -1, -1, -1, -1, -1, -1, -1, -1, -1, -1, -1, -1, -1, -1, -1, -1, -1, -1, -1, -1, -1, -1, -1, -1, -1, -1, -1, -1, -1, -1, -1, -1, -1, -1, -1, -1, -1, -1, -1, -1, -1, -1, -1, -1, -1, -1, -1, -1, -1, -1, -1, -1, -1, -1, -1, -1, -1, -1, -1, -1, -1, -1, -1, -1, -1, -1, -1, -1, -1, -1, -1, -1, -1, -1, -1, -1, -1, -1, -1, -1, -1, -1, -1, -1, -1, -1, -1, -1, -1, -1, -1, -1, -1, -1, -1, -1, -1, -1, -1, -1, -1, -1]"
150,None,24,1.0,None,1,237,"[{'cluster_no': -1, 'count': 237}]","[-1, -1, -1, -1, -1, -1, -1, -1, -1, -1, -1, -1, -1, -1, -1, -1, -1, -1, -1, -1, -1, -1, -1, -1, -1, -1, -1, -1, -1, -1, -1, -1, -1, -1, -1, -1, -1, -1, -1, -1, -1, -1, -1, -1, -1, -1, -1, -1, -1, -1, -1, -1, -1, -1, -1, -1, -1, -1, -1, -1, -1, -1, -1, -1, -1, -1, -1, -1, -1, -1, -1, -1, -1, -1, -1, -1, -1, -1, -1, -1, -1, -1, -1, -1, -1, -1, -1, -1, -1, -1, -1, -1, -1, -1, -1, -1, -1, -1, -1, -1, -1, -1, -1, -1, -1, -1, -1, -1, -1, -1, -1, -1, -1, -1, -1, -1, -1, -1, -1, -1, -1, -1, -1, -1, -1, -1, -1, -1, -1, -1, -1, -1, -1, -1, -1, -1, -1, -1, -1, -1, -1, -1, -1, -1, -1, -1, -1, -1, -1, -1, -1, -1, -1, -1, -1, -1, -1, -1, -1, -1, -1, -1, -1, -1, -1, -1, -1, -1, -1, -1, -1, -1, -1, -1, -1, -1, -1, -1, -1, -1, -1, -1, -1, -1, -1, -1, -1, -1, -1, -1, -1, -1, -1, -1, -1, -1, -1, -1, -1, -1, -1, -1, -1, -1, -1, -1, -1, -1, -1, -1, -1, -1, -1, -1, -1, -1, -1, -1, -1, -1, -1, -1, -1, -1, -1, -1, -1, -1, -1, -1, -1, -1, -1, -1, -1, -1, -1]"
150,None,25,0.0,None,1,237,"[{'cluster_no': -1, 'count': 237}]","[-1, -1, -1, -1, -1, -1, -1, -1, -1, -1, -1, -1, -1, -1, -1, -1, -1, -1, -1, -1, -1, -1, -1, -1, -1, -1, -1, -1, -1, -1, -1, -1, -1, -1, -1, -1, -1, -1, -1, -1, -1, -1, -1, -1, -1, -1, -1, -1, -1, -1, -1, -1, -1, -1, -1, -1, -1, -1, -1, -1, -1, -1, -1, -1, -1, -1, -1, -1, -1, -1, -1, -1, -1, -1, -1, -1, -1, -1, -1, -1, -1, -1, -1, -1, -1, -1, -1, -1, -1, -1, -1, -1, -1, -1, -1, -1, -1, -1, -1, -1, -1, -1, -1, -1, -1, -1, -1, -1, -1, -1, -1, -1, -1, -1, -1, -1, -1, -1, -1, -1, -1, -1, -1, -1, -1, -1, -1, -1, -1, -1, -1, -1, -1, -1, -1, -1, -1, -1, -1, -1, -1, -1, -1, -1, -1, -1, -1, -1, -1, -1, -1, -1, -1, -1, -1, -1, -1, -1, -1, -1, -1, -1, -1, -1, -1, -1, -1, -1, -1, -1, -1, -1, -1, -1, -1, -1, -1, -1, -1, -1, -1, -1, -1, -1, -1, -1, -1, -1, -1, -1, -1, -1, -1, -1, -1, -1, -1, -1, -1, -1, -1, -1, -1, -1, -1, -1, -1, -1, -1, -1, -1, -1, -1, -1, -1, -1, -1, -1, -1, -1, -1, -1, -1, -1, -1, -1, -1, -1, -1, -1, -1, -1, -1, -1, -1, -1, -1]"
150,None,25,0.5,None,1,237,"[{'cluster_no': -1, 'count': 237}]","[-1, -1, -1, -1, -1, -1, -1, -1, -1, -1, -1, -1, -1, -1, -1, -1, -1, -1, -1, -1, -1, -1, -1, -1, -1, -1, -1, -1, -1, -1, -1, -1, -1, -1, -1, -1, -1, -1, -1, -1, -1, -1, -1, -1, -1, -1, -1, -1, -1, -1, -1, -1, -1, -1, -1, -1, -1, -1, -1, -1, -1, -1, -1, -1, -1, -1, -1, -1, -1, -1, -1, -1, -1, -1, -1, -1, -1, -1, -1, -1, -1, -1, -1, -1, -1, -1, -1, -1, -1, -1, -1, -1, -1, -1, -1, -1, -1, -1, -1, -1, -1, -1, -1, -1, -1, -1, -1, -1, -1, -1, -1, -1, -1, -1, -1, -1, -1, -1, -1, -1, -1, -1, -1, -1, -1, -1, -1, -1, -1, -1, -1, -1, -1, -1, -1, -1, -1, -1, -1, -1, -1, -1, -1, -1, -1, -1, -1, -1, -1, -1, -1, -1, -1, -1, -1, -1, -1, -1, -1, -1, -1, -1, -1, -1, -1, -1, -1, -1, -1, -1, -1, -1, -1, -1, -1, -1, -1, -1, -1, -1, -1, -1, -1, -1, -1, -1, -1, -1, -1, -1, -1, -1, -1, -1, -1, -1, -1, -1, -1, -1, -1, -1, -1, -1, -1, -1, -1, -1, -1, -1, -1, -1, -1, -1, -1, -1, -1, -1, -1, -1, -1, -1, -1, -1, -1, -1, -1, -1, -1, -1, -1, -1, -1, -1, -1, -1, -1]"
150,None,25,1.0,None,1,237,"[{'cluster_no': -1, 'count': 237}]","[-1, -1, -1, -1, -1, -1, -1, -1, -1, -1, -1, -1, -1, -1, -1, -1, -1, -1, -1, -1, -1, -1, -1, -1, -1, -1, -1, -1, -1, -1, -1, -1, -1, -1, -1, -1, -1, -1, -1, -1, -1, -1, -1, -1, -1, -1, -1, -1, -1, -1, -1, -1, -1, -1, -1, -1, -1, -1, -1, -1, -1, -1, -1, -1, -1, -1, -1, -1, -1, -1, -1, -1, -1, -1, -1, -1, -1, -1, -1, -1, -1, -1, -1, -1, -1, -1, -1, -1, -1, -1, -1, -1, -1, -1, -1, -1, -1, -1, -1, -1, -1, -1, -1, -1, -1, -1, -1, -1, -1, -1, -1, -1, -1, -1, -1, -1, -1, -1, -1, -1, -1, -1, -1, -1, -1, -1, -1, -1, -1, -1, -1, -1, -1, -1, -1, -1, -1, -1, -1, -1, -1, -1, -1, -1, -1, -1, -1, -1, -1, -1, -1, -1, -1, -1, -1, -1, -1, -1, -1, -1, -1, -1, -1, -1, -1, -1, -1, -1, -1, -1, -1, -1, -1, -1, -1, -1, -1, -1, -1, -1, -1, -1, -1, -1, -1, -1, -1, -1, -1, -1, -1, -1, -1, -1, -1, -1, -1, -1, -1, -1, -1, -1, -1, -1, -1, -1, -1, -1, -1, -1, -1, -1, -1, -1, -1, -1, -1, -1, -1, -1, -1, -1, -1, -1, -1, -1, -1, -1, -1, -1, -1, -1, -1, -1, -1, -1, -1]"
150,None,26,0.0,None,1,237,"[{'cluster_no': -1, 'count': 237}]","[-1, -1, -1, -1, -1, -1, -1, -1, -1, -1, -1, -1, -1, -1, -1, -1, -1, -1, -1, -1, -1, -1, -1, -1, -1, -1, -1, -1, -1, -1, -1, -1, -1, -1, -1, -1, -1, -1, -1, -1, -1, -1, -1, -1, -1, -1, -1, -1, -1, -1, -1, -1, -1, -1, -1, -1, -1, -1, -1, -1, -1, -1, -1, -1, -1, -1, -1, -1, -1, -1, -1, -1, -1, -1, -1, -1, -1, -1, -1, -1, -1, -1, -1, -1, -1, -1, -1, -1, -1, -1, -1, -1, -1, -1, -1, -1, -1, -1, -1, -1, -1, -1, -1, -1, -1, -1, -1, -1, -1, -1, -1, -1, -1, -1, -1, -1, -1, -1, -1, -1, -1, -1, -1, -1, -1, -1, -1, -1, -1, -1, -1, -1, -1, -1, -1, -1, -1, -1, -1, -1, -1, -1, -1, -1, -1, -1, -1, -1, -1, -1, -1, -1, -1, -1, -1, -1, -1, -1, -1, -1, -1, -1, -1, -1, -1, -1, -1, -1, -1, -1, -1, -1, -1, -1, -1, -1, -1, -1, -1, -1, -1, -1, -1, -1, -1, -1, -1, -1, -1, -1, -1, -1, -1, -1, -1, -1, -1, -1, -1, -1, -1, -1, -1, -1, -1, -1, -1, -1, -1, -1, -1, -1, -1, -1, -1, -1, -1, -1, -1, -1, -1, -1, -1, -1, -1, -1, -1, -1, -1, -1, -1, -1, -1, -1, -1, -1, -1]"
150,None,26,0.5,None,1,237,"[{'cluster_no': -1, 'count': 237}]","[-1, -1, -1, -1, -1, -1, -1, -1, -1, -1, -1, -1, -1, -1, -1, -1, -1, -1, -1, -1, -1, -1, -1, -1, -1, -1, -1, -1, -1, -1, -1, -1, -1, -1, -1, -1, -1, -1, -1, -1, -1, -1, -1, -1, -1, -1, -1, -1, -1, -1, -1, -1, -1, -1, -1, -1, -1, -1, -1, -1, -1, -1, -1, -1, -1, -1, -1, -1, -1, -1, -1, -1, -1, -1, -1, -1, -1, -1, -1, -1, -1, -1, -1, -1, -1, -1, -1, -1, -1, -1, -1, -1, -1, -1, -1, -1, -1, -1, -1, -1, -1, -1, -1, -1, -1, -1, -1, -1, -1, -1, -1, -1, -1, -1, -1, -1, -1, -1, -1, -1, -1, -1, -1, -1, -1, -1, -1, -1, -1, -1, -1, -1, -1, -1, -1, -1, -1, -1, -1, -1, -1, -1, -1, -1, -1, -1, -1, -1, -1, -1, -1, -1, -1, -1, -1, -1, -1, -1, -1, -1, -1, -1, -1, -1, -1, -1, -1, -1, -1, -1, -1, -1, -1, -1, -1, -1, -1, -1, -1, -1, -1, -1, -1, -1, -1, -1, -1, -1, -1, -1, -1, -1, -1, -1, -1, -1, -1, -1, -1, -1, -1, -1, -1, -1, -1, -1, -1, -1, -1, -1, -1, -1, -1, -1, -1, -1, -1, -1, -1, -1, -1, -1, -1, -1, -1, -1, -1, -1, -1, -1, -1, -1, -1, -1, -1, -1, -1]"
150,None,26,1.0,None,1,237,"[{'cluster_no': -1, 'count': 237}]","[-1, -1, -1, -1, -1, -1, -1, -1, -1, -1, -1, -1, -1, -1, -1, -1, -1, -1, -1, -1, -1, -1, -1, -1, -1, -1, -1, -1, -1, -1, -1, -1, -1, -1, -1, -1, -1, -1, -1, -1, -1, -1, -1, -1, -1, -1, -1, -1, -1, -1, -1, -1, -1, -1, -1, -1, -1, -1, -1, -1, -1, -1, -1, -1, -1, -1, -1, -1, -1, -1, -1, -1, -1, -1, -1, -1, -1, -1, -1, -1, -1, -1, -1, -1, -1, -1, -1, -1, -1, -1, -1, -1, -1, -1, -1, -1, -1, -1, -1, -1, -1, -1, -1, -1, -1, -1, -1, -1, -1, -1, -1, -1, -1, -1, -1, -1, -1, -1, -1, -1, -1, -1, -1, -1, -1, -1, -1, -1, -1, -1, -1, -1, -1, -1, -1, -1, -1, -1, -1, -1, -1, -1, -1, -1, -1, -1, -1, -1, -1, -1, -1, -1, -1, -1, -1, -1, -1, -1, -1, -1, -1, -1, -1, -1, -1, -1, -1, -1, -1, -1, -1, -1, -1, -1, -1, -1, -1, -1, -1, -1, -1, -1, -1, -1, -1, -1, -1, -1, -1, -1, -1, -1, -1, -1, -1, -1, -1, -1, -1, -1, -1, -1, -1, -1, -1, -1, -1, -1, -1, -1, -1, -1, -1, -1, -1, -1, -1, -1, -1, -1, -1, -1, -1, -1, -1, -1, -1, -1, -1, -1, -1, -1, -1, -1, -1, -1, -1]"
150,None,27,0.0,None,1,237,"[{'cluster_no': -1, 'count': 237}]","[-1, -1, -1, -1, -1, -1, -1, -1, -1, -1, -1, -1, -1, -1, -1, -1, -1, -1, -1, -1, -1, -1, -1, -1, -1, -1, -1, -1, -1, -1, -1, -1, -1, -1, -1, -1, -1, -1, -1, -1, -1, -1, -1, -1, -1, -1, -1, -1, -1, -1, -1, -1, -1, -1, -1, -1, -1, -1, -1, -1, -1, -1, -1, -1, -1, -1, -1, -1, -1, -1, -1, -1, -1, -1, -1, -1, -1, -1, -1, -1, -1, -1, -1, -1, -1, -1, -1, -1, -1, -1, -1, -1, -1, -1, -1, -1, -1, -1, -1, -1, -1, -1, -1, -1, -1, -1, -1, -1, -1, -1, -1, -1, -1, -1, -1, -1, -1, -1, -1, -1, -1, -1, -1, -1, -1, -1, -1, -1, -1, -1, -1, -1, -1, -1, -1, -1, -1, -1, -1, -1, -1, -1, -1, -1, -1, -1, -1, -1, -1, -1, -1, -1, -1, -1, -1, -1, -1, -1, -1, -1, -1, -1, -1, -1, -1, -1, -1, -1, -1, -1, -1, -1, -1, -1, -1, -1, -1, -1, -1, -1, -1, -1, -1, -1, -1, -1, -1, -1, -1, -1, -1, -1, -1, -1, -1, -1, -1, -1, -1, -1, -1, -1, -1, -1, -1, -1, -1, -1, -1, -1, -1, -1, -1, -1, -1, -1, -1, -1, -1, -1, -1, -1, -1, -1, -1, -1, -1, -1, -1, -1, -1, -1, -1, -1, -1, -1, -1]"
150,None,27,0.5,None,1,237,"[{'cluster_no': -1, 'count': 237}]","[-1, -1, -1, -1, -1, -1, -1, -1, -1, -1, -1, -1, -1, -1, -1, -1, -1, -1, -1, -1, -1, -1, -1, -1, -1, -1, -1, -1, -1, -1, -1, -1, -1, -1, -1, -1, -1, -1, -1, -1, -1, -1, -1, -1, -1, -1, -1, -1, -1, -1, -1, -1, -1, -1, -1, -1, -1, -1, -1, -1, -1, -1, -1, -1, -1, -1, -1, -1, -1, -1, -1, -1, -1, -1, -1, -1, -1, -1, -1, -1, -1, -1, -1, -1, -1, -1, -1, -1, -1, -1, -1, -1, -1, -1, -1, -1, -1, -1, -1, -1, -1, -1, -1, -1, -1, -1, -1, -1, -1, -1, -1, -1, -1, -1, -1, -1, -1, -1, -1, -1, -1, -1, -1, -1, -1, -1, -1, -1, -1, -1, -1, -1, -1, -1, -1, -1, -1, -1, -1, -1, -1, -1, -1, -1, -1, -1, -1, -1, -1, -1, -1, -1, -1, -1, -1, -1, -1, -1, -1, -1, -1, -1, -1, -1, -1, -1, -1, -1, -1, -1, -1, -1, -1, -1, -1, -1, -1, -1, -1, -1, -1, -1, -1, -1, -1, -1, -1, -1, -1, -1, -1, -1, -1, -1, -1, -1, -1, -1, -1, -1, -1, -1, -1, -1, -1, -1, -1, -1, -1, -1, -1, -1, -1, -1, -1, -1, -1, -1, -1, -1, -1, -1, -1, -1, -1, -1, -1, -1, -1, -1, -1, -1, -1, -1, -1, -1, -1]"
150,None,27,1.0,None,1,237,"[{'cluster_no': -1, 'count': 237}]","[-1, -1, -1, -1, -1, -1, -1, -1, -1, -1, -1, -1, -1, -1, -1, -1, -1, -1, -1, -1, -1, -1, -1, -1, -1, -1, -1, -1, -1, -1, -1, -1, -1, -1, -1, -1, -1, -1, -1, -1, -1, -1, -1, -1, -1, -1, -1, -1, -1, -1, -1, -1, -1, -1, -1, -1, -1, -1, -1, -1, -1, -1, -1, -1, -1, -1, -1, -1, -1, -1, -1, -1, -1, -1, -1, -1, -1, -1, -1, -1, -1, -1, -1, -1, -1, -1, -1, -1, -1, -1, -1, -1, -1, -1, -1, -1, -1, -1, -1, -1, -1, -1, -1, -1, -1, -1, -1, -1, -1, -1, -1, -1, -1, -1, -1, -1, -1, -1, -1, -1, -1, -1, -1, -1, -1, -1, -1, -1, -1, -1, -1, -1, -1, -1, -1, -1, -1, -1, -1, -1, -1, -1, -1, -1, -1, -1, -1, -1, -1, -1, -1, -1, -1, -1, -1, -1, -1, -1, -1, -1, -1, -1, -1, -1, -1, -1, -1, -1, -1, -1, -1, -1, -1, -1, -1, -1, -1, -1, -1, -1, -1, -1, -1, -1, -1, -1, -1, -1, -1, -1, -1, -1, -1, -1, -1, -1, -1, -1, -1, -1, -1, -1, -1, -1, -1, -1, -1, -1, -1, -1, -1, -1, -1, -1, -1, -1, -1, -1, -1, -1, -1, -1, -1, -1, -1, -1, -1, -1, -1, -1, -1, -1, -1, -1, -1, -1, -1]"
150,None,28,0.0,None,1,237,"[{'cluster_no': -1, 'count': 237}]","[-1, -1, -1, -1, -1, -1, -1, -1, -1, -1, -1, -1, -1, -1, -1, -1, -1, -1, -1, -1, -1, -1, -1, -1, -1, -1, -1, -1, -1, -1, -1, -1, -1, -1, -1, -1, -1, -1, -1, -1, -1, -1, -1, -1, -1, -1, -1, -1, -1, -1, -1, -1, -1, -1, -1, -1, -1, -1, -1, -1, -1, -1, -1, -1, -1, -1, -1, -1, -1, -1, -1, -1, -1, -1, -1, -1, -1, -1, -1, -1, -1, -1, -1, -1, -1, -1, -1, -1, -1, -1, -1, -1, -1, -1, -1, -1, -1, -1, -1, -1, -1, -1, -1, -1, -1, -1, -1, -1, -1, -1, -1, -1, -1, -1, -1, -1, -1, -1, -1, -1, -1, -1, -1, -1, -1, -1, -1, -1, -1, -1, -1, -1, -1, -1, -1, -1, -1, -1, -1, -1, -1, -1, -1, -1, -1, -1, -1, -1, -1, -1, -1, -1, -1, -1, -1, -1, -1, -1, -1, -1, -1, -1, -1, -1, -1, -1, -1, -1, -1, -1, -1, -1, -1, -1, -1, -1, -1, -1, -1, -1, -1, -1, -1, -1, -1, -1, -1, -1, -1, -1, -1, -1, -1, -1, -1, -1, -1, -1, -1, -1, -1, -1, -1, -1, -1, -1, -1, -1, -1, -1, -1, -1, -1, -1, -1, -1, -1, -1, -1, -1, -1, -1, -1, -1, -1, -1, -1, -1, -1, -1, -1, -1, -1, -1, -1, -1, -1]"
150,None,28,0.5,None,1,237,"[{'cluster_no': -1, 'count': 237}]","[-1, -1, -1, -1, -1, -1, -1, -1, -1, -1, -1, -1, -1, -1, -1, -1, -1, -1, -1, -1, -1, -1, -1, -1, -1, -1, -1, -1, -1, -1, -1, -1, -1, -1, -1, -1, -1, -1, -1, -1, -1, -1, -1, -1, -1, -1, -1, -1, -1, -1, -1, -1, -1, -1, -1, -1, -1, -1, -1, -1, -1, -1, -1, -1, -1, -1, -1, -1, -1, -1, -1, -1, -1, -1, -1, -1, -1, -1, -1, -1, -1, -1, -1, -1, -1, -1, -1, -1, -1, -1, -1, -1, -1, -1, -1, -1, -1, -1, -1, -1, -1, -1, -1, -1, -1, -1, -1, -1, -1, -1, -1, -1, -1, -1, -1, -1, -1, -1, -1, -1, -1, -1, -1, -1, -1, -1, -1, -1, -1, -1, -1, -1, -1, -1, -1, -1, -1, -1, -1, -1, -1, -1, -1, -1, -1, -1, -1, -1, -1, -1, -1, -1, -1, -1, -1, -1, -1, -1, -1, -1, -1, -1, -1, -1, -1, -1, -1, -1, -1, -1, -1, -1, -1, -1, -1, -1, -1, -1, -1, -1, -1, -1, -1, -1, -1, -1, -1, -1, -1, -1, -1, -1, -1, -1, -1, -1, -1, -1, -1, -1, -1, -1, -1, -1, -1, -1, -1, -1, -1, -1, -1, -1, -1, -1, -1, -1, -1, -1, -1, -1, -1, -1, -1, -1, -1, -1, -1, -1, -1, -1, -1, -1, -1, -1, -1, -1, -1]"
150,None,28,1.0,None,1,237,"[{'cluster_no': -1, 'count': 237}]","[-1, -1, -1, -1, -1, -1, -1, -1, -1, -1, -1, -1, -1, -1, -1, -1, -1, -1, -1, -1, -1, -1, -1, -1, -1, -1, -1, -1, -1, -1, -1, -1, -1, -1, -1, -1, -1, -1, -1, -1, -1, -1, -1, -1, -1, -1, -1, -1, -1, -1, -1, -1, -1, -1, -1, -1, -1, -1, -1, -1, -1, -1, -1, -1, -1, -1, -1, -1, -1, -1, -1, -1, -1, -1, -1, -1, -1, -1, -1, -1, -1, -1, -1, -1, -1, -1, -1, -1, -1, -1, -1, -1, -1, -1, -1, -1, -1, -1, -1, -1, -1, -1, -1, -1, -1, -1, -1, -1, -1, -1, -1, -1, -1, -1, -1, -1, -1, -1, -1, -1, -1, -1, -1, -1, -1, -1, -1, -1, -1, -1, -1, -1, -1, -1, -1, -1, -1, -1, -1, -1, -1, -1, -1, -1, -1, -1, -1, -1, -1, -1, -1, -1, -1, -1, -1, -1, -1, -1, -1, -1, -1, -1, -1, -1, -1, -1, -1, -1, -1, -1, -1, -1, -1, -1, -1, -1, -1, -1, -1, -1, -1, -1, -1, -1, -1, -1, -1, -1, -1, -1, -1, -1, -1, -1, -1, -1, -1, -1, -1, -1, -1, -1, -1, -1, -1, -1, -1, -1, -1, -1, -1, -1, -1, -1, -1, -1, -1, -1, -1, -1, -1, -1, -1, -1, -1, -1, -1, -1, -1, -1, -1, -1, -1, -1, -1, -1, -1]"
150,None,29,0.0,None,1,237,"[{'cluster_no': -1, 'count': 237}]","[-1, -1, -1, -1, -1, -1, -1, -1, -1, -1, -1, -1, -1, -1, -1, -1, -1, -1, -1, -1, -1, -1, -1, -1, -1, -1, -1, -1, -1, -1, -1, -1, -1, -1, -1, -1, -1, -1, -1, -1, -1, -1, -1, -1, -1, -1, -1, -1, -1, -1, -1, -1, -1, -1, -1, -1, -1, -1, -1, -1, -1, -1, -1, -1, -1, -1, -1, -1, -1, -1, -1, -1, -1, -1, -1, -1, -1, -1, -1, -1, -1, -1, -1, -1, -1, -1, -1, -1, -1, -1, -1, -1, -1, -1, -1, -1, -1, -1, -1, -1, -1, -1, -1, -1, -1, -1, -1, -1, -1, -1, -1, -1, -1, -1, -1, -1, -1, -1, -1, -1, -1, -1, -1, -1, -1, -1, -1, -1, -1, -1, -1, -1, -1, -1, -1, -1, -1, -1, -1, -1, -1, -1, -1, -1, -1, -1, -1, -1, -1, -1, -1, -1, -1, -1, -1, -1, -1, -1, -1, -1, -1, -1, -1, -1, -1, -1, -1, -1, -1, -1, -1, -1, -1, -1, -1, -1, -1, -1, -1, -1, -1, -1, -1, -1, -1, -1, -1, -1, -1, -1, -1, -1, -1, -1, -1, -1, -1, -1, -1, -1, -1, -1, -1, -1, -1, -1, -1, -1, -1, -1, -1, -1, -1, -1, -1, -1, -1, -1, -1, -1, -1, -1, -1, -1, -1, -1, -1, -1, -1, -1, -1, -1, -1, -1, -1, -1, -1]"
150,None,29,0.5,None,1,237,"[{'cluster_no': -1, 'count': 237}]","[-1, -1, -1, -1, -1, -1, -1, -1, -1, -1, -1, -1, -1, -1, -1, -1, -1, -1, -1, -1, -1, -1, -1, -1, -1, -1, -1, -1, -1, -1, -1, -1, -1, -1, -1, -1, -1, -1, -1, -1, -1, -1, -1, -1, -1, -1, -1, -1, -1, -1, -1, -1, -1, -1, -1, -1, -1, -1, -1, -1, -1, -1, -1, -1, -1, -1, -1, -1, -1, -1, -1, -1, -1, -1, -1, -1, -1, -1, -1, -1, -1, -1, -1, -1, -1, -1, -1, -1, -1, -1, -1, -1, -1, -1, -1, -1, -1, -1, -1, -1, -1, -1, -1, -1, -1, -1, -1, -1, -1, -1, -1, -1, -1, -1, -1, -1, -1, -1, -1, -1, -1, -1, -1, -1, -1, -1, -1, -1, -1, -1, -1, -1, -1, -1, -1, -1, -1, -1, -1, -1, -1, -1, -1, -1, -1, -1, -1, -1, -1, -1, -1, -1, -1, -1, -1, -1, -1, -1, -1, -1, -1, -1, -1, -1, -1, -1, -1, -1, -1, -1, -1, -1, -1, -1, -1, -1, -1, -1, -1, -1, -1, -1, -1, -1, -1, -1, -1, -1, -1, -1, -1, -1, -1, -1, -1, -1, -1, -1, -1, -1, -1, -1, -1, -1, -1, -1, -1, -1, -1, -1, -1, -1, -1, -1, -1, -1, -1, -1, -1, -1, -1, -1, -1, -1, -1, -1, -1, -1, -1, -1, -1, -1, -1, -1, -1, -1, -1]"
150,None,29,1.0,None,1,237,"[{'cluster_no': -1, 'count': 237}]","[-1, -1, -1, -1, -1, -1, -1, -1, -1, -1, -1, -1, -1, -1, -1, -1, -1, -1, -1, -1, -1, -1, -1, -1, -1, -1, -1, -1, -1, -1, -1, -1, -1, -1, -1, -1, -1, -1, -1, -1, -1, -1, -1, -1, -1, -1, -1, -1, -1, -1, -1, -1, -1, -1, -1, -1, -1, -1, -1, -1, -1, -1, -1, -1, -1, -1, -1, -1, -1, -1, -1, -1, -1, -1, -1, -1, -1, -1, -1, -1, -1, -1, -1, -1, -1, -1, -1, -1, -1, -1, -1, -1, -1, -1, -1, -1, -1, -1, -1, -1, -1, -1, -1, -1, -1, -1, -1, -1, -1, -1, -1, -1, -1, -1, -1, -1, -1, -1, -1, -1, -1, -1, -1, -1, -1, -1, -1, -1, -1, -1, -1, -1, -1, -1, -1, -1, -1, -1, -1, -1, -1, -1, -1, -1, -1, -1, -1, -1, -1, -1, -1, -1, -1, -1, -1, -1, -1, -1, -1, -1, -1, -1, -1, -1, -1, -1, -1, -1, -1, -1, -1, -1, -1, -1, -1, -1, -1, -1, -1, -1, -1, -1, -1, -1, -1, -1, -1, -1, -1, -1, -1, -1, -1, -1, -1, -1, -1, -1, -1, -1, -1, -1, -1, -1, -1, -1, -1, -1, -1, -1, -1, -1, -1, -1, -1, -1, -1, -1, -1, -1, -1, -1, -1, -1, -1, -1, -1, -1, -1, -1, -1, -1, -1, -1, -1, -1, -1]"
150,None,30,0.0,None,1,237,"[{'cluster_no': -1, 'count': 237}]","[-1, -1, -1, -1, -1, -1, -1, -1, -1, -1, -1, -1, -1, -1, -1, -1, -1, -1, -1, -1, -1, -1, -1, -1, -1, -1, -1, -1, -1, -1, -1, -1, -1, -1, -1, -1, -1, -1, -1, -1, -1, -1, -1, -1, -1, -1, -1, -1, -1, -1, -1, -1, -1, -1, -1, -1, -1, -1, -1, -1, -1, -1, -1, -1, -1, -1, -1, -1, -1, -1, -1, -1, -1, -1, -1, -1, -1, -1, -1, -1, -1, -1, -1, -1, -1, -1, -1, -1, -1, -1, -1, -1, -1, -1, -1, -1, -1, -1, -1, -1, -1, -1, -1, -1, -1, -1, -1, -1, -1, -1, -1, -1, -1, -1, -1, -1, -1, -1, -1, -1, -1, -1, -1, -1, -1, -1, -1, -1, -1, -1, -1, -1, -1, -1, -1, -1, -1, -1, -1, -1, -1, -1, -1, -1, -1, -1, -1, -1, -1, -1, -1, -1, -1, -1, -1, -1, -1, -1, -1, -1, -1, -1, -1, -1, -1, -1, -1, -1, -1, -1, -1, -1, -1, -1, -1, -1, -1, -1, -1, -1, -1, -1, -1, -1, -1, -1, -1, -1, -1, -1, -1, -1, -1, -1, -1, -1, -1, -1, -1, -1, -1, -1, -1, -1, -1, -1, -1, -1, -1, -1, -1, -1, -1, -1, -1, -1, -1, -1, -1, -1, -1, -1, -1, -1, -1, -1, -1, -1, -1, -1, -1, -1, -1, -1, -1, -1, -1]"
150,None,30,0.5,None,1,237,"[{'cluster_no': -1, 'count': 237}]","[-1, -1, -1, -1, -1, -1, -1, -1, -1, -1, -1, -1, -1, -1, -1, -1, -1, -1, -1, -1, -1, -1, -1, -1, -1, -1, -1, -1, -1, -1, -1, -1, -1, -1, -1, -1, -1, -1, -1, -1, -1, -1, -1, -1, -1, -1, -1, -1, -1, -1, -1, -1, -1, -1, -1, -1, -1, -1, -1, -1, -1, -1, -1, -1, -1, -1, -1, -1, -1, -1, -1, -1, -1, -1, -1, -1, -1, -1, -1, -1, -1, -1, -1, -1, -1, -1, -1, -1, -1, -1, -1, -1, -1, -1, -1, -1, -1, -1, -1, -1, -1, -1, -1, -1, -1, -1, -1, -1, -1, -1, -1, -1, -1, -1, -1, -1, -1, -1, -1, -1, -1, -1, -1, -1, -1, -1, -1, -1, -1, -1, -1, -1, -1, -1, -1, -1, -1, -1, -1, -1, -1, -1, -1, -1, -1, -1, -1, -1, -1, -1, -1, -1, -1, -1, -1, -1, -1, -1, -1, -1, -1, -1, -1, -1, -1, -1, -1, -1, -1, -1, -1, -1, -1, -1, -1, -1, -1, -1, -1, -1, -1, -1, -1, -1, -1, -1, -1, -1, -1, -1, -1, -1, -1, -1, -1, -1, -1, -1, -1, -1, -1, -1, -1, -1, -1, -1, -1, -1, -1, -1, -1, -1, -1, -1, -1, -1, -1, -1, -1, -1, -1, -1, -1, -1, -1, -1, -1, -1, -1, -1, -1, -1, -1, -1, -1, -1, -1]"
150,None,30,1.0,None,1,237,"[{'cluster_no': -1, 'count': 237}]","[-1, -1, -1, -1, -1, -1, -1, -1, -1, -1, -1, -1, -1, -1, -1, -1, -1, -1, -1, -1, -1, -1, -1, -1, -1, -1, -1, -1, -1, -1, -1, -1, -1, -1, -1, -1, -1, -1, -1, -1, -1, -1, -1, -1, -1, -1, -1, -1, -1, -1, -1, -1, -1, -1, -1, -1, -1, -1, -1, -1, -1, -1, -1, -1, -1, -1, -1, -1, -1, -1, -1, -1, -1, -1, -1, -1, -1, -1, -1, -1, -1, -1, -1, -1, -1, -1, -1, -1, -1, -1, -1, -1, -1, -1, -1, -1, -1, -1, -1, -1, -1, -1, -1, -1, -1, -1, -1, -1, -1, -1, -1, -1, -1, -1, -1, -1, -1, -1, -1, -1, -1, -1, -1, -1, -1, -1, -1, -1, -1, -1, -1, -1, -1, -1, -1, -1, -1, -1, -1, -1, -1, -1, -1, -1, -1, -1, -1, -1, -1, -1, -1, -1, -1, -1, -1, -1, -1, -1, -1, -1, -1, -1, -1, -1, -1, -1, -1, -1, -1, -1, -1, -1, -1, -1, -1, -1, -1, -1, -1, -1, -1, -1, -1, -1, -1, -1, -1, -1, -1, -1, -1, -1, -1, -1, -1, -1, -1, -1, -1, -1, -1, -1, -1, -1, -1, -1, -1, -1, -1, -1, -1, -1, -1, -1, -1, -1, -1, -1, -1, -1, -1, -1, -1, -1, -1, -1, -1, -1, -1, -1, -1, -1, -1, -1, -1, -1, -1]"
150,1,5,0.0,0.43551782863124155,24,39,"[{'cluster_no': -1, 'count': 39}, {'cluster_no': 0, 'count': 5}, {'cluster_no': 1, 'count': 6}, {'cluster_no': 2, 'count': 6}, {'cluster_no': 3, 'count': 7}, {'cluster_no': 4, 'count': 6}, {'cluster_no': 5, 'count': 6}, {'cluster_no': 6, 'count': 13}, {'cluster_no': 7, 'count': 7}, {'cluster_no': 8, 'count': 8}, {'cluster_no': 9, 'count': 8}, {'cluster_no': 10, 'count': 8}, {'cluster_no': 11, 'count': 6}, {'cluster_no': 12, 'count': 11}, {'cluster_no': 13, 'count': 8}, {'cluster_no': 14, 'count': 7}, {'cluster_no': 15, 'count': 12}, {'cluster_no': 16, 'count': 5}, {'cluster_no': 17, 'count': 18}, {'cluster_no': 18, 'count': 10}, {'cluster_no': 19, 'count': 6}, {'cluster_no': 20, 'count': 6}, {'cluster_no': 21, 'count': 16}, {'cluster_no': 22, 'count': 13}]","[17, 22, 22, -1, 1, 20, 7, 22, 22, 14, 8, 22, 0, 8, 6, 5, -1, -1, 15, 15, 21, 19, -1, -1, 8, 21, -1, 12, 12, -1, 17, 15, -1, 22, 7, 17, 21, 0, 12, 1, 19, 6, 14, -1, 22, 17, 21, 21, 22, 11, -1, 14, 22, 15, -1, 6, 0, 17, 15, 10, 14, 9, 4, 15, 6, 11, 10, 8, 21, -1, 10, 4, 22, 4, 20, 16, 13, 7, 12, -1, -1, 5, 5, 18, 19, 12, 15, 4, 17, 7, 15, 21, 13, 17, 21, 16, 6, 13, 10, 7, 11, 14, 12, 9, 17, -1, 6, 11, 20, 5, 19, 4, 6, 5, 3, 21, 17, -1, 20, 13, 11, 8, -1, 8, 19, 10, 22, 12, 6, 2, -1, 0, 7, 11, 21, 0, 17, 12, 15, 13, 18, 22, 3, 18, 3, 1, 1, 6, 21, 6, -1, 14, 14, 9, 9, 3, -1, 9, 17, 5, 18, 10, 21, 2, 18, 21, 17, 6, 17, 8, 20, 22, -1, -1, 17, -1, -1, 4, 1, 18, 9, 15, 9, -1, 10, 6, 17, 10, 9, 12, 16, 19, 6, 2, 21, 21, -1, 16, 18, 20, -1, 13, 8, 21, 13, 2, 3, 3, 18, 18, 17, 3, 18, 2, -1, 12, 1, 12, 17, -1, 7, 13, -1, -1, -1, 2, -1, -1, -1, -1, -1, 16, -1, 15, 17, 15, -1]"
150,1,5,0.5,-0.15353284625380154,3,9,"[{'cluster_no': -1, 'count': 9}, {'cluster_no': 0, 'count': 223}, {'cluster_no': 1, 'count': 5}]","[0, 0, 0, 0, 0, 0, 0, 0, 0, 0, 0, 0, 1, 0, 0, 0, 0, 0, 0, 0, 0, 0, -1, 0, 0, 0, -1, 0, 0, 0, 0, 0, -1, 0, 0, 0, 0, 1, 0, 0, 0, 0, 0, 0, 0, 0, 0, 0, 0, 0, 0, 0, 0, 0, 0, 0, 1, 0, 0, 0, 0, 0, 0, 0, 0, 0, 0, 0, 0, 0, 0, 0, 0, 0, 0, 0, 0, 0, 0, -1, 0, 0, 0, 0, 0, 0, 0, 0, 0, 0, 0, 0, 0, 0, 0, 0, 0, 0, 0, 0, 0, 0, 0, 0, 0, 0, 0, 0, 0, 0, 0, 0, 0, 0, 0, 0, 0, 0, 0, 0, 0, 0, 0, 0, 0, 0, 0, 0, 0, 0, 0, 1, 0, 0, 0, 1, 0, 0, 0, 0, 0, 0, 0, 0, 0, 0, 0, 0, 0, 0, -1, 0, 0, 0, 0, 0, 0, 0, 0, 0, 0, 0, 0, 0, 0, 0, 0, 0, 0, 0, 0, 0, 0, 0, 0, 0, 0, 0, 0, 0, 0, 0, 0, 0, 0, 0, 0, 0, 0, 0, 0, 0, 0, 0, 0, 0, 0, 0, 0, 0, 0, 0, 0, 0, 0, 0, 0, 0, 0, 0, 0, 0, 0, 0, -1, 0, 0, 0, 0, 0, 0, 0, 0, 0, -1, 0, 0, -1, 0, 0, 0, 0, 0, 0, 0, 0, -1]"
150,1,5,1.0,-0.15353284625380154,3,9,"[{'cluster_no': -1, 'count': 9}, {'cluster_no': 0, 'count': 223}, {'cluster_no': 1, 'count': 5}]","[0, 0, 0, 0, 0, 0, 0, 0, 0, 0, 0, 0, 1, 0, 0, 0, 0, 0, 0, 0, 0, 0, -1, 0, 0, 0, -1, 0, 0, 0, 0, 0, -1, 0, 0, 0, 0, 1, 0, 0, 0, 0, 0, 0, 0, 0, 0, 0, 0, 0, 0, 0, 0, 0, 0, 0, 1, 0, 0, 0, 0, 0, 0, 0, 0, 0, 0, 0, 0, 0, 0, 0, 0, 0, 0, 0, 0, 0, 0, -1, 0, 0, 0, 0, 0, 0, 0, 0, 0, 0, 0, 0, 0, 0, 0, 0, 0, 0, 0, 0, 0, 0, 0, 0, 0, 0, 0, 0, 0, 0, 0, 0, 0, 0, 0, 0, 0, 0, 0, 0, 0, 0, 0, 0, 0, 0, 0, 0, 0, 0, 0, 1, 0, 0, 0, 1, 0, 0, 0, 0, 0, 0, 0, 0, 0, 0, 0, 0, 0, 0, -1, 0, 0, 0, 0, 0, 0, 0, 0, 0, 0, 0, 0, 0, 0, 0, 0, 0, 0, 0, 0, 0, 0, 0, 0, 0, 0, 0, 0, 0, 0, 0, 0, 0, 0, 0, 0, 0, 0, 0, 0, 0, 0, 0, 0, 0, 0, 0, 0, 0, 0, 0, 0, 0, 0, 0, 0, 0, 0, 0, 0, 0, 0, 0, -1, 0, 0, 0, 0, 0, 0, 0, 0, 0, -1, 0, 0, -1, 0, 0, 0, 0, 0, 0, 0, 0, -1]"
150,1,6,0.0,0.3961101274121915,20,44,"[{'cluster_no': -1, 'count': 44}, {'cluster_no': 0, 'count': 6}, {'cluster_no': 1, 'count': 6}, {'cluster_no': 2, 'count': 12}, {'cluster_no': 3, 'count': 7}, {'cluster_no': 4, 'count': 13}, {'cluster_no': 5, 'count': 7}, {'cluster_no': 6, 'count': 8}, {'cluster_no': 7, 'count': 8}, {'cluster_no': 8, 'count': 8}, {'cluster_no': 9, 'count': 6}, {'cluster_no': 10, 'count': 11}, {'cluster_no': 11, 'count': 8}, {'cluster_no': 12, 'count': 7}, {'cluster_no': 13, 'count': 12}, {'cluster_no': 14, 'count': 17}, {'cluster_no': 15, 'count': 18}, {'cluster_no': 16, 'count': 10}, {'cluster_no': 17, 'count': 16}, {'cluster_no': 18, 'count': 13}]","[15, 18, 18, -1, 0, 14, 5, 18, 18, 12, 6, 18, -1, 6, 4, 2, -1, -1, 13, 13, 17, 14, -1, -1, 6, 17, -1, 10, 10, -1, 15, 13, -1, 18, 5, 15, 17, -1, 10, 0, 14, 4, 12, -1, 18, 15, 17, 17, 18, 9, -1, 12, 18, 13, -1, 4, -1, 15, 13, 8, 12, 7, 2, 13, 4, 9, 8, 6, 17, -1, 8, 2, 18, 2, 14, 14, 11, 5, 10, -1, -1, 2, 2, 16, 14, 10, 13, 2, 15, 5, 13, 17, 11, 15, 17, 14, 4, 11, 8, 5, 9, 12, 10, 7, 15, -1, 4, 9, 14, 2, 14, 2, 4, 2, 3, 17, 15, -1, 14, 11, 9, 6, -1, 6, 14, 8, 18, 10, 4, 1, -1, -1, 5, 9, 17, -1, 15, 10, 13, 11, 16, 18, 3, 16, 3, 0, 0, 4, 17, 4, -1, 12, 12, 7, 7, 3, -1, 7, 15, 2, 16, 8, 17, 1, 16, 17, 15, 4, 15, 6, 14, 18, -1, -1, 15, -1, -1, 2, 0, 16, 7, 13, 7, -1, 8, 4, 15, 8, 7, 10, 14, 14, 4, 1, 17, 17, -1, 14, 16, 14, -1, 11, 6, 17, 11, 1, 3, 3, 16, 16, 15, 3, 16, 1, -1, 10, 0, 10, 15, -1, 5, 11, -1, -1, -1, 1, -1, -1, -1, -1, -1, 14, -1, 13, 15, 13, -1]"
150,1,6,0.5,-0.02961304038219056,3,24,"[{'cluster_no': -1, 'count': 24}, {'cluster_no': 0, 'count': 207}, {'cluster_no': 1, 'count': 6}]","[0, 0, 0, 0, 1, 0, 0, 0, 0, 0, 0, 0, -1, 0, 0, 0, 0, 0, 0, 0, 0, 0, -1, 0, 0, 0, -1, 0, 0, 0, 0, 0, -1, 0, 0, 0, 0, -1, 0, 1, 0, 0, 0, 0, 0, 0, 0, 0, 0, 0, -1, 0, 0, 0, -1, 0, -1, 0, 0, 0, 0, 0, 0, 0, 0, 0, 0, 0, 0, 0, 0, 0, 0, 0, 0, 0, 0, 0, 0, -1, 0, 0, 0, 0, 0, 0, 0, 0, 0, 0, 0, 0, 0, 0, 0, 0, 0, 0, 0, 0, 0, 0, 0, 0, 0, -1, 0, 0, 0, 0, 0, 0, 0, 0, 0, 0, 0, 0, 0, 0, 0, 0, 0, 0, 0, 0, 0, 0, 0, 0, 0, -1, 0, 0, 0, -1, 0, 0, 0, 0, 0, 0, 0, 0, 0, 1, 1, 0, 0, 0, -1, 0, 0, 0, 0, 0, -1, 0, 0, 0, 0, 0, 0, 0, 0, 0, 0, 0, 0, 0, 0, 0, 0, 0, 0, -1, 0, 0, 1, 0, 0, 0, 0, -1, 0, 0, 0, 0, 0, 0, 0, 0, 0, 0, 0, 0, -1, 0, 0, 0, 0, 0, 0, 0, 0, 0, 0, 0, 0, 0, 0, 0, 0, 0, -1, 0, 1, 0, 0, 0, 0, 0, 0, 0, -1, 0, 0, -1, -1, -1, -1, 0, 0, 0, 0, 0, -1]"
150,1,6,1.0,-0.02961304038219056,3,24,"[{'cluster_no': -1, 'count': 24}, {'cluster_no': 0, 'count': 207}, {'cluster_no': 1, 'count': 6}]","[0, 0, 0, 0, 1, 0, 0, 0, 0, 0, 0, 0, -1, 0, 0, 0, 0, 0, 0, 0, 0, 0, -1, 0, 0, 0, -1, 0, 0, 0, 0, 0, -1, 0, 0, 0, 0, -1, 0, 1, 0, 0, 0, 0, 0, 0, 0, 0, 0, 0, -1, 0, 0, 0, -1, 0, -1, 0, 0, 0, 0, 0, 0, 0, 0, 0, 0, 0, 0, 0, 0, 0, 0, 0, 0, 0, 0, 0, 0, -1, 0, 0, 0, 0, 0, 0, 0, 0, 0, 0, 0, 0, 0, 0, 0, 0, 0, 0, 0, 0, 0, 0, 0, 0, 0, -1, 0, 0, 0, 0, 0, 0, 0, 0, 0, 0, 0, 0, 0, 0, 0, 0, 0, 0, 0, 0, 0, 0, 0, 0, 0, -1, 0, 0, 0, -1, 0, 0, 0, 0, 0, 0, 0, 0, 0, 1, 1, 0, 0, 0, -1, 0, 0, 0, 0, 0, -1, 0, 0, 0, 0, 0, 0, 0, 0, 0, 0, 0, 0, 0, 0, 0, 0, 0, 0, -1, 0, 0, 1, 0, 0, 0, 0, -1, 0, 0, 0, 0, 0, 0, 0, 0, 0, 0, 0, 0, -1, 0, 0, 0, 0, 0, 0, 0, 0, 0, 0, 0, 0, 0, 0, 0, 0, 0, -1, 0, 1, 0, 0, 0, 0, 0, 0, 0, -1, 0, 0, -1, -1, -1, -1, 0, 0, 0, 0, 0, -1]"
150,1,7,0.0,0.3700512257728726,16,56,"[{'cluster_no': -1, 'count': 56}, {'cluster_no': 0, 'count': 12}, {'cluster_no': 1, 'count': 7}, {'cluster_no': 2, 'count': 13}, {'cluster_no': 3, 'count': 7}, {'cluster_no': 4, 'count': 8}, {'cluster_no': 5, 'count': 8}, {'cluster_no': 6, 'count': 17}, {'cluster_no': 7, 'count': 8}, {'cluster_no': 8, 'count': 15}, {'cluster_no': 9, 'count': 12}, {'cluster_no': 10, 'count': 17}, {'cluster_no': 11, 'count': 18}, {'cluster_no': 12, 'count': 10}, {'cluster_no': 13, 'count': 16}, {'cluster_no': 14, 'count': 13}]","[11, 14, 14, -1, -1, 10, 3, 14, 14, 8, 4, 14, -1, 4, 2, 0, -1, -1, 9, 9, 13, 10, -1, -1, 4, 13, -1, 6, 6, -1, 11, 9, -1, 14, 3, 11, 13, -1, 6, -1, 10, 2, 8, -1, 14, 11, 13, 13, 14, 6, -1, 8, 14, 9, -1, 2, -1, 11, 9, 7, 8, 5, 0, 9, 2, 6, 7, 4, 13, -1, 7, 0, 14, 0, 10, 10, 8, 3, 6, -1, -1, 0, 0, 12, 10, 6, 9, 0, 11, 3, 9, 13, 8, 11, 13, 10, 2, 8, 7, 3, 6, 8, 6, 5, 11, -1, 2, 6, 10, 0, 10, 0, 2, 0, 1, 13, 11, -1, 10, 8, 6, 4, -1, 4, 10, 7, 14, 6, 2, -1, -1, -1, 3, 6, 13, -1, 11, 6, 9, 8, 12, 14, 1, 12, 1, -1, -1, 2, 13, 2, -1, 8, 8, 5, 5, 1, -1, 5, 11, 0, 12, 7, 13, -1, 12, 13, 11, 2, 11, 4, 10, 14, -1, -1, 11, -1, -1, 0, -1, 12, 5, 9, 5, -1, 7, 2, 11, 7, 5, 6, 10, 10, 2, -1, 13, 13, -1, 10, 12, 10, -1, 8, 4, 13, 8, -1, 1, 1, 12, 12, 11, 1, 12, -1, -1, 6, -1, 6, 11, -1, 3, 8, -1, -1, -1, -1, -1, -1, -1, -1, -1, 10, -1, 9, 11, 9, -1]"
150,1,7,0.5,0.01705160045632971,3,39,"[{'cluster_no': -1, 'count': 39}, {'cluster_no': 0, 'count': 166}, {'cluster_no': 1, 'count': 32}]","[0, 0, 0, 0, -1, 0, 1, 0, 0, 0, 0, 0, -1, 0, 1, 1, 0, 0, 0, 0, 0, 0, -1, 0, 0, 0, -1, 0, 0, 0, 0, 0, -1, 0, 1, 0, 0, -1, 0, -1, 0, 1, 0, 0, 0, 0, 0, 0, 0, 0, -1, 0, 0, 0, -1, 1, -1, 0, 0, 0, 0, 0, 1, 0, 1, 0, 0, 0, 0, -1, 0, 1, 0, 1, 0, 0, 0, 1, 0, -1, 0, 1, 1, 0, 0, 0, 0, 1, 0, 1, 0, 0, 0, 0, 0, 0, 1, 0, 0, 1, 0, 0, 0, 0, 0, -1, 1, 0, 0, 1, 0, 1, 1, 1, 0, 0, 0, 0, 0, 0, 0, 0, 0, 0, 0, 0, 0, 0, 1, -1, 0, -1, 1, 0, 0, -1, 0, 0, 0, 0, 0, 0, 0, 0, 0, -1, -1, 1, 0, 1, -1, 0, 0, 0, 0, 0, -1, 0, 0, 1, 0, 0, 0, -1, 0, 0, 0, 1, 0, 0, 0, 0, -1, 0, 0, -1, 0, 1, -1, 0, 0, 0, 0, -1, 0, 1, 0, 0, 0, 0, 0, 0, 1, -1, 0, 0, -1, 0, 0, 0, -1, 0, 0, 0, 0, -1, 0, 0, 0, 0, 0, 0, 0, -1, -1, 0, -1, 0, 0, 0, 1, 0, 0, 0, -1, -1, 0, -1, -1, -1, -1, 0, 0, 0, 0, 0, -1]"
150,1,7,1.0,0.01705160045632971,3,39,"[{'cluster_no': -1, 'count': 39}, {'cluster_no': 0, 'count': 166}, {'cluster_no': 1, 'count': 32}]","[0, 0, 0, 0, -1, 0, 1, 0, 0, 0, 0, 0, -1, 0, 1, 1, 0, 0, 0, 0, 0, 0, -1, 0, 0, 0, -1, 0, 0, 0, 0, 0, -1, 0, 1, 0, 0, -1, 0, -1, 0, 1, 0, 0, 0, 0, 0, 0, 0, 0, -1, 0, 0, 0, -1, 1, -1, 0, 0, 0, 0, 0, 1, 0, 1, 0, 0, 0, 0, -1, 0, 1, 0, 1, 0, 0, 0, 1, 0, -1, 0, 1, 1, 0, 0, 0, 0, 1, 0, 1, 0, 0, 0, 0, 0, 0, 1, 0, 0, 1, 0, 0, 0, 0, 0, -1, 1, 0, 0, 1, 0, 1, 1, 1, 0, 0, 0, 0, 0, 0, 0, 0, 0, 0, 0, 0, 0, 0, 1, -1, 0, -1, 1, 0, 0, -1, 0, 0, 0, 0, 0, 0, 0, 0, 0, -1, -1, 1, 0, 1, -1, 0, 0, 0, 0, 0, -1, 0, 0, 1, 0, 0, 0, -1, 0, 0, 0, 1, 0, 0, 0, 0, -1, 0, 0, -1, 0, 1, -1, 0, 0, 0, 0, -1, 0, 1, 0, 0, 0, 0, 0, 0, 1, -1, 0, 0, -1, 0, 0, 0, -1, 0, 0, 0, 0, -1, 0, 0, 0, 0, 0, 0, 0, -1, -1, 0, -1, 0, 0, 0, 1, 0, 0, 0, -1, -1, 0, -1, -1, -1, -1, 0, 0, 0, 0, 0, -1]"
150,1,8,0.0,0.39958249521113937,14,63,"[{'cluster_no': -1, 'count': 63}, {'cluster_no': 0, 'count': 12}, {'cluster_no': 1, 'count': 20}, {'cluster_no': 2, 'count': 8}, {'cluster_no': 3, 'count': 8}, {'cluster_no': 4, 'count': 17}, {'cluster_no': 5, 'count': 8}, {'cluster_no': 6, 'count': 15}, {'cluster_no': 7, 'count': 12}, {'cluster_no': 8, 'count': 17}, {'cluster_no': 9, 'count': 18}, {'cluster_no': 10, 'count': 10}, {'cluster_no': 11, 'count': 16}, {'cluster_no': 12, 'count': 13}]","[9, 12, 12, -1, -1, 8, 1, 12, 12, 6, 2, 12, -1, 2, 1, 0, -1, -1, 7, 7, 11, 8, -1, -1, 2, 11, -1, 4, 4, -1, 9, 7, -1, 12, 1, 9, 11, -1, 4, -1, 8, 1, 6, -1, 12, 9, 11, 11, 12, 4, -1, 6, 12, 7, -1, 1, -1, 9, 7, 5, 6, 3, 0, 7, 1, 4, 5, 2, 11, -1, 5, 0, 12, 0, 8, 8, 6, 1, 4, -1, -1, 0, 0, 10, 8, 4, 7, 0, 9, 1, 7, 11, 6, 9, 11, 8, 1, 6, 5, 1, 4, 6, 4, 3, 9, -1, 1, 4, 8, 0, 8, 0, 1, 0, -1, 11, 9, -1, 8, 6, 4, 2, -1, 2, 8, 5, 12, 4, 1, -1, -1, -1, 1, 4, 11, -1, 9, 4, 7, 6, 10, 12, -1, 10, -1, -1, -1, 1, 11, 1, -1, 6, 6, 3, 3, -1, -1, 3, 9, 0, 10, 5, 11, -1, 10, 11, 9, 1, 9, 2, 8, 12, -1, -1, 9, -1, -1, 0, -1, 10, 3, 7, 3, -1, 5, 1, 9, 5, 3, 4, 8, 8, 1, -1, 11, 11, -1, 8, 10, 8, -1, 6, 2, 11, 6, -1, -1, -1, 10, 10, 9, -1, 10, -1, -1, 4, -1, 4, 9, -1, 1, 6, -1, -1, -1, -1, -1, -1, -1, -1, -1, 8, -1, 7, 9, 7, -1]"
150,1,8,0.5,0.01705160045632971,3,39,"[{'cluster_no': -1, 'count': 39}, {'cluster_no': 0, 'count': 166}, {'cluster_no': 1, 'count': 32}]","[0, 0, 0, 0, -1, 0, 1, 0, 0, 0, 0, 0, -1, 0, 1, 1, 0, 0, 0, 0, 0, 0, -1, 0, 0, 0, -1, 0, 0, 0, 0, 0, -1, 0, 1, 0, 0, -1, 0, -1, 0, 1, 0, 0, 0, 0, 0, 0, 0, 0, -1, 0, 0, 0, -1, 1, -1, 0, 0, 0, 0, 0, 1, 0, 1, 0, 0, 0, 0, -1, 0, 1, 0, 1, 0, 0, 0, 1, 0, -1, 0, 1, 1, 0, 0, 0, 0, 1, 0, 1, 0, 0, 0, 0, 0, 0, 1, 0, 0, 1, 0, 0, 0, 0, 0, -1, 1, 0, 0, 1, 0, 1, 1, 1, 0, 0, 0, 0, 0, 0, 0, 0, 0, 0, 0, 0, 0, 0, 1, -1, 0, -1, 1, 0, 0, -1, 0, 0, 0, 0, 0, 0, 0, 0, 0, -1, -1, 1, 0, 1, -1, 0, 0, 0, 0, 0, -1, 0, 0, 1, 0, 0, 0, -1, 0, 0, 0, 1, 0, 0, 0, 0, -1, 0, 0, -1, 0, 1, -1, 0, 0, 0, 0, -1, 0, 1, 0, 0, 0, 0, 0, 0, 1, -1, 0, 0, -1, 0, 0, 0, -1, 0, 0, 0, 0, -1, 0, 0, 0, 0, 0, 0, 0, -1, -1, 0, -1, 0, 0, 0, 1, 0, 0, 0, -1, -1, 0, -1, -1, -1, -1, 0, 0, 0, 0, 0, -1]"
150,1,8,1.0,0.01705160045632971,3,39,"[{'cluster_no': -1, 'count': 39}, {'cluster_no': 0, 'count': 166}, {'cluster_no': 1, 'count': 32}]","[0, 0, 0, 0, -1, 0, 1, 0, 0, 0, 0, 0, -1, 0, 1, 1, 0, 0, 0, 0, 0, 0, -1, 0, 0, 0, -1, 0, 0, 0, 0, 0, -1, 0, 1, 0, 0, -1, 0, -1, 0, 1, 0, 0, 0, 0, 0, 0, 0, 0, -1, 0, 0, 0, -1, 1, -1, 0, 0, 0, 0, 0, 1, 0, 1, 0, 0, 0, 0, -1, 0, 1, 0, 1, 0, 0, 0, 1, 0, -1, 0, 1, 1, 0, 0, 0, 0, 1, 0, 1, 0, 0, 0, 0, 0, 0, 1, 0, 0, 1, 0, 0, 0, 0, 0, -1, 1, 0, 0, 1, 0, 1, 1, 1, 0, 0, 0, 0, 0, 0, 0, 0, 0, 0, 0, 0, 0, 0, 1, -1, 0, -1, 1, 0, 0, -1, 0, 0, 0, 0, 0, 0, 0, 0, 0, -1, -1, 1, 0, 1, -1, 0, 0, 0, 0, 0, -1, 0, 0, 1, 0, 0, 0, -1, 0, 0, 0, 1, 0, 0, 0, 0, -1, 0, 0, -1, 0, 1, -1, 0, 0, 0, 0, -1, 0, 1, 0, 0, 0, 0, 0, 0, 1, -1, 0, 0, -1, 0, 0, 0, -1, 0, 0, 0, 0, -1, 0, 0, 0, 0, 0, 0, 0, -1, -1, 0, -1, 0, 0, 0, 1, 0, 0, 0, -1, -1, 0, -1, -1, -1, -1, 0, 0, 0, 0, 0, -1]"
150,1,9,0.0,0.36383066338185394,11,71,"[{'cluster_no': -1, 'count': 71}, {'cluster_no': 0, 'count': 12}, {'cluster_no': 1, 'count': 20}, {'cluster_no': 2, 'count': 33}, {'cluster_no': 3, 'count': 15}, {'cluster_no': 4, 'count': 12}, {'cluster_no': 5, 'count': 17}, {'cluster_no': 6, 'count': 18}, {'cluster_no': 7, 'count': 10}, {'cluster_no': 8, 'count': 16}, {'cluster_no': 9, 'count': 13}]","[6, 9, 9, -1, -1, 5, 1, 9, 9, 3, 2, 9, -1, 2, 1, 0, -1, -1, 4, 4, 8, 5, -1, -1, 2, 8, -1, 2, 2, -1, 6, 4, -1, 9, 1, 6, 8, -1, 2, -1, 5, 1, 3, -1, 9, 6, 8, 8, 9, 2, -1, 3, 9, 4, -1, 1, -1, 6, 4, 2, 3, -1, 0, 4, 1, 2, 2, 2, 8, -1, 2, 0, 9, 0, 5, 5, 3, 1, 2, -1, -1, 0, 0, 7, 5, 2, 4, 0, 6, 1, 4, 8, 3, 6, 8, 5, 1, 3, 2, 1, 2, 3, 2, -1, 6, -1, 1, 2, 5, 0, 5, 0, 1, 0, -1, 8, 6, -1, 5, 3, 2, 2, -1, 2, 5, 2, 9, 2, 1, -1, -1, -1, 1, 2, 8, -1, 6, 2, 4, 3, 7, 9, -1, 7, -1, -1, -1, 1, 8, 1, -1, 3, 3, -1, -1, -1, -1, -1, 6, 0, 7, 2, 8, -1, 7, 8, 6, 1, 6, 2, 5, 9, -1, -1, 6, -1, -1, 0, -1, 7, -1, 4, -1, -1, 2, 1, 6, 2, -1, 2, 5, 5, 1, -1, 8, 8, -1, 5, 7, 5, -1, 3, 2, 8, 3, -1, -1, -1, 7, 7, 6, -1, 7, -1, -1, 2, -1, 2, 6, -1, 1, 3, -1, -1, -1, -1, -1, -1, -1, -1, -1, 5, -1, 4, 6, 4, -1]"
150,1,9,0.5,0.01705160045632971,3,39,"[{'cluster_no': -1, 'count': 39}, {'cluster_no': 0, 'count': 166}, {'cluster_no': 1, 'count': 32}]","[0, 0, 0, 0, -1, 0, 1, 0, 0, 0, 0, 0, -1, 0, 1, 1, 0, 0, 0, 0, 0, 0, -1, 0, 0, 0, -1, 0, 0, 0, 0, 0, -1, 0, 1, 0, 0, -1, 0, -1, 0, 1, 0, 0, 0, 0, 0, 0, 0, 0, -1, 0, 0, 0, -1, 1, -1, 0, 0, 0, 0, 0, 1, 0, 1, 0, 0, 0, 0, -1, 0, 1, 0, 1, 0, 0, 0, 1, 0, -1, 0, 1, 1, 0, 0, 0, 0, 1, 0, 1, 0, 0, 0, 0, 0, 0, 1, 0, 0, 1, 0, 0, 0, 0, 0, -1, 1, 0, 0, 1, 0, 1, 1, 1, 0, 0, 0, 0, 0, 0, 0, 0, 0, 0, 0, 0, 0, 0, 1, -1, 0, -1, 1, 0, 0, -1, 0, 0, 0, 0, 0, 0, 0, 0, 0, -1, -1, 1, 0, 1, -1, 0, 0, 0, 0, 0, -1, 0, 0, 1, 0, 0, 0, -1, 0, 0, 0, 1, 0, 0, 0, 0, -1, 0, 0, -1, 0, 1, -1, 0, 0, 0, 0, -1, 0, 1, 0, 0, 0, 0, 0, 0, 1, -1, 0, 0, -1, 0, 0, 0, -1, 0, 0, 0, 0, -1, 0, 0, 0, 0, 0, 0, 0, -1, -1, 0, -1, 0, 0, 0, 1, 0, 0, 0, -1, -1, 0, -1, -1, -1, -1, 0, 0, 0, 0, 0, -1]"
150,1,9,1.0,0.01705160045632971,3,39,"[{'cluster_no': -1, 'count': 39}, {'cluster_no': 0, 'count': 166}, {'cluster_no': 1, 'count': 32}]","[0, 0, 0, 0, -1, 0, 1, 0, 0, 0, 0, 0, -1, 0, 1, 1, 0, 0, 0, 0, 0, 0, -1, 0, 0, 0, -1, 0, 0, 0, 0, 0, -1, 0, 1, 0, 0, -1, 0, -1, 0, 1, 0, 0, 0, 0, 0, 0, 0, 0, -1, 0, 0, 0, -1, 1, -1, 0, 0, 0, 0, 0, 1, 0, 1, 0, 0, 0, 0, -1, 0, 1, 0, 1, 0, 0, 0, 1, 0, -1, 0, 1, 1, 0, 0, 0, 0, 1, 0, 1, 0, 0, 0, 0, 0, 0, 1, 0, 0, 1, 0, 0, 0, 0, 0, -1, 1, 0, 0, 1, 0, 1, 1, 1, 0, 0, 0, 0, 0, 0, 0, 0, 0, 0, 0, 0, 0, 0, 1, -1, 0, -1, 1, 0, 0, -1, 0, 0, 0, 0, 0, 0, 0, 0, 0, -1, -1, 1, 0, 1, -1, 0, 0, 0, 0, 0, -1, 0, 0, 1, 0, 0, 0, -1, 0, 0, 0, 1, 0, 0, 0, 0, -1, 0, 0, -1, 0, 1, -1, 0, 0, 0, 0, -1, 0, 1, 0, 0, 0, 0, 0, 0, 1, -1, 0, 0, -1, 0, 0, 0, -1, 0, 0, 0, 0, -1, 0, 0, 0, 0, 0, 0, 0, -1, -1, 0, -1, 0, 0, 0, 1, 0, 0, 0, -1, -1, 0, -1, -1, -1, -1, 0, 0, 0, 0, 0, -1]"
150,1,10,0.0,0.36383066338185394,11,71,"[{'cluster_no': -1, 'count': 71}, {'cluster_no': 0, 'count': 12}, {'cluster_no': 1, 'count': 20}, {'cluster_no': 2, 'count': 33}, {'cluster_no': 3, 'count': 15}, {'cluster_no': 4, 'count': 12}, {'cluster_no': 5, 'count': 17}, {'cluster_no': 6, 'count': 18}, {'cluster_no': 7, 'count': 10}, {'cluster_no': 8, 'count': 16}, {'cluster_no': 9, 'count': 13}]","[6, 9, 9, -1, -1, 5, 1, 9, 9, 3, 2, 9, -1, 2, 1, 0, -1, -1, 4, 4, 8, 5, -1, -1, 2, 8, -1, 2, 2, -1, 6, 4, -1, 9, 1, 6, 8, -1, 2, -1, 5, 1, 3, -1, 9, 6, 8, 8, 9, 2, -1, 3, 9, 4, -1, 1, -1, 6, 4, 2, 3, -1, 0, 4, 1, 2, 2, 2, 8, -1, 2, 0, 9, 0, 5, 5, 3, 1, 2, -1, -1, 0, 0, 7, 5, 2, 4, 0, 6, 1, 4, 8, 3, 6, 8, 5, 1, 3, 2, 1, 2, 3, 2, -1, 6, -1, 1, 2, 5, 0, 5, 0, 1, 0, -1, 8, 6, -1, 5, 3, 2, 2, -1, 2, 5, 2, 9, 2, 1, -1, -1, -1, 1, 2, 8, -1, 6, 2, 4, 3, 7, 9, -1, 7, -1, -1, -1, 1, 8, 1, -1, 3, 3, -1, -1, -1, -1, -1, 6, 0, 7, 2, 8, -1, 7, 8, 6, 1, 6, 2, 5, 9, -1, -1, 6, -1, -1, 0, -1, 7, -1, 4, -1, -1, 2, 1, 6, 2, -1, 2, 5, 5, 1, -1, 8, 8, -1, 5, 7, 5, -1, 3, 2, 8, 3, -1, -1, -1, 7, 7, 6, -1, 7, -1, -1, 2, -1, 2, 6, -1, 1, 3, -1, -1, -1, -1, -1, -1, -1, -1, -1, 5, -1, 4, 6, 4, -1]"
150,1,10,0.5,0.01705160045632971,3,39,"[{'cluster_no': -1, 'count': 39}, {'cluster_no': 0, 'count': 166}, {'cluster_no': 1, 'count': 32}]","[0, 0, 0, 0, -1, 0, 1, 0, 0, 0, 0, 0, -1, 0, 1, 1, 0, 0, 0, 0, 0, 0, -1, 0, 0, 0, -1, 0, 0, 0, 0, 0, -1, 0, 1, 0, 0, -1, 0, -1, 0, 1, 0, 0, 0, 0, 0, 0, 0, 0, -1, 0, 0, 0, -1, 1, -1, 0, 0, 0, 0, 0, 1, 0, 1, 0, 0, 0, 0, -1, 0, 1, 0, 1, 0, 0, 0, 1, 0, -1, 0, 1, 1, 0, 0, 0, 0, 1, 0, 1, 0, 0, 0, 0, 0, 0, 1, 0, 0, 1, 0, 0, 0, 0, 0, -1, 1, 0, 0, 1, 0, 1, 1, 1, 0, 0, 0, 0, 0, 0, 0, 0, 0, 0, 0, 0, 0, 0, 1, -1, 0, -1, 1, 0, 0, -1, 0, 0, 0, 0, 0, 0, 0, 0, 0, -1, -1, 1, 0, 1, -1, 0, 0, 0, 0, 0, -1, 0, 0, 1, 0, 0, 0, -1, 0, 0, 0, 1, 0, 0, 0, 0, -1, 0, 0, -1, 0, 1, -1, 0, 0, 0, 0, -1, 0, 1, 0, 0, 0, 0, 0, 0, 1, -1, 0, 0, -1, 0, 0, 0, -1, 0, 0, 0, 0, -1, 0, 0, 0, 0, 0, 0, 0, -1, -1, 0, -1, 0, 0, 0, 1, 0, 0, 0, -1, -1, 0, -1, -1, -1, -1, 0, 0, 0, 0, 0, -1]"
150,1,10,1.0,0.01705160045632971,3,39,"[{'cluster_no': -1, 'count': 39}, {'cluster_no': 0, 'count': 166}, {'cluster_no': 1, 'count': 32}]","[0, 0, 0, 0, -1, 0, 1, 0, 0, 0, 0, 0, -1, 0, 1, 1, 0, 0, 0, 0, 0, 0, -1, 0, 0, 0, -1, 0, 0, 0, 0, 0, -1, 0, 1, 0, 0, -1, 0, -1, 0, 1, 0, 0, 0, 0, 0, 0, 0, 0, -1, 0, 0, 0, -1, 1, -1, 0, 0, 0, 0, 0, 1, 0, 1, 0, 0, 0, 0, -1, 0, 1, 0, 1, 0, 0, 0, 1, 0, -1, 0, 1, 1, 0, 0, 0, 0, 1, 0, 1, 0, 0, 0, 0, 0, 0, 1, 0, 0, 1, 0, 0, 0, 0, 0, -1, 1, 0, 0, 1, 0, 1, 1, 1, 0, 0, 0, 0, 0, 0, 0, 0, 0, 0, 0, 0, 0, 0, 1, -1, 0, -1, 1, 0, 0, -1, 0, 0, 0, 0, 0, 0, 0, 0, 0, -1, -1, 1, 0, 1, -1, 0, 0, 0, 0, 0, -1, 0, 0, 1, 0, 0, 0, -1, 0, 0, 0, 1, 0, 0, 0, 0, -1, 0, 0, -1, 0, 1, -1, 0, 0, 0, 0, -1, 0, 1, 0, 0, 0, 0, 0, 0, 1, -1, 0, 0, -1, 0, 0, 0, -1, 0, 0, 0, 0, -1, 0, 0, 0, 0, 0, 0, 0, -1, -1, 0, -1, 0, 0, 0, 1, 0, 0, 0, -1, -1, 0, -1, -1, -1, -1, 0, 0, 0, 0, 0, -1]"
150,1,11,0.0,0.3225124658264242,10,67,"[{'cluster_no': -1, 'count': 67}, {'cluster_no': 0, 'count': 12}, {'cluster_no': 1, 'count': 20}, {'cluster_no': 2, 'count': 33}, {'cluster_no': 3, 'count': 15}, {'cluster_no': 4, 'count': 32}, {'cluster_no': 5, 'count': 12}, {'cluster_no': 6, 'count': 17}, {'cluster_no': 7, 'count': 16}, {'cluster_no': 8, 'count': 13}]","[4, 8, 8, -1, -1, 6, 1, 8, 8, 3, 2, 8, -1, 2, 1, 0, -1, -1, 5, 5, 7, 6, -1, -1, 2, 7, -1, 2, 2, 4, 4, 5, -1, 8, 1, 4, 7, -1, 2, -1, 6, 1, 3, -1, 8, 4, 7, 7, 8, 2, -1, 3, 8, 5, -1, 1, -1, 4, 5, 2, 3, -1, 0, 5, 1, 2, 2, 2, 7, -1, 2, 0, 8, 0, 6, 6, 3, 1, 2, -1, 4, 0, 0, 4, 6, 2, 5, 0, 4, 1, 5, 7, 3, 4, 7, 6, 1, 3, 2, 1, 2, 3, 2, -1, 4, -1, 1, 2, 6, 0, 6, 0, 1, 0, -1, 7, 4, 4, 6, 3, 2, 2, -1, 2, 6, 2, 8, 2, 1, -1, -1, -1, 1, 2, 7, -1, 4, 2, 5, 3, 4, 8, -1, 4, -1, -1, -1, 1, 7, 1, -1, 3, 3, -1, -1, -1, -1, -1, 4, 0, 4, 2, 7, -1, 4, 7, 4, 1, 4, 2, 6, 8, -1, -1, 4, -1, -1, 0, -1, 4, -1, 5, -1, -1, 2, 1, 4, 2, -1, 2, 6, 6, 1, -1, 7, 7, -1, 6, 4, 6, -1, 3, 2, 7, 3, -1, -1, -1, 4, 4, 4, -1, 4, -1, -1, 2, -1, 2, 4, 4, 1, 3, -1, -1, -1, -1, -1, -1, -1, -1, -1, 6, -1, 5, 4, 5, -1]"
150,1,11,0.5,0.01705160045632971,3,39,"[{'cluster_no': -1, 'count': 39}, {'cluster_no': 0, 'count': 166}, {'cluster_no': 1, 'count': 32}]","[0, 0, 0, 0, -1, 0, 1, 0, 0, 0, 0, 0, -1, 0, 1, 1, 0, 0, 0, 0, 0, 0, -1, 0, 0, 0, -1, 0, 0, 0, 0, 0, -1, 0, 1, 0, 0, -1, 0, -1, 0, 1, 0, 0, 0, 0, 0, 0, 0, 0, -1, 0, 0, 0, -1, 1, -1, 0, 0, 0, 0, 0, 1, 0, 1, 0, 0, 0, 0, -1, 0, 1, 0, 1, 0, 0, 0, 1, 0, -1, 0, 1, 1, 0, 0, 0, 0, 1, 0, 1, 0, 0, 0, 0, 0, 0, 1, 0, 0, 1, 0, 0, 0, 0, 0, -1, 1, 0, 0, 1, 0, 1, 1, 1, 0, 0, 0, 0, 0, 0, 0, 0, 0, 0, 0, 0, 0, 0, 1, -1, 0, -1, 1, 0, 0, -1, 0, 0, 0, 0, 0, 0, 0, 0, 0, -1, -1, 1, 0, 1, -1, 0, 0, 0, 0, 0, -1, 0, 0, 1, 0, 0, 0, -1, 0, 0, 0, 1, 0, 0, 0, 0, -1, 0, 0, -1, 0, 1, -1, 0, 0, 0, 0, -1, 0, 1, 0, 0, 0, 0, 0, 0, 1, -1, 0, 0, -1, 0, 0, 0, -1, 0, 0, 0, 0, -1, 0, 0, 0, 0, 0, 0, 0, -1, -1, 0, -1, 0, 0, 0, 1, 0, 0, 0, -1, -1, 0, -1, -1, -1, -1, 0, 0, 0, 0, 0, -1]"
150,1,11,1.0,0.01705160045632971,3,39,"[{'cluster_no': -1, 'count': 39}, {'cluster_no': 0, 'count': 166}, {'cluster_no': 1, 'count': 32}]","[0, 0, 0, 0, -1, 0, 1, 0, 0, 0, 0, 0, -1, 0, 1, 1, 0, 0, 0, 0, 0, 0, -1, 0, 0, 0, -1, 0, 0, 0, 0, 0, -1, 0, 1, 0, 0, -1, 0, -1, 0, 1, 0, 0, 0, 0, 0, 0, 0, 0, -1, 0, 0, 0, -1, 1, -1, 0, 0, 0, 0, 0, 1, 0, 1, 0, 0, 0, 0, -1, 0, 1, 0, 1, 0, 0, 0, 1, 0, -1, 0, 1, 1, 0, 0, 0, 0, 1, 0, 1, 0, 0, 0, 0, 0, 0, 1, 0, 0, 1, 0, 0, 0, 0, 0, -1, 1, 0, 0, 1, 0, 1, 1, 1, 0, 0, 0, 0, 0, 0, 0, 0, 0, 0, 0, 0, 0, 0, 1, -1, 0, -1, 1, 0, 0, -1, 0, 0, 0, 0, 0, 0, 0, 0, 0, -1, -1, 1, 0, 1, -1, 0, 0, 0, 0, 0, -1, 0, 0, 1, 0, 0, 0, -1, 0, 0, 0, 1, 0, 0, 0, 0, -1, 0, 0, -1, 0, 1, -1, 0, 0, 0, 0, -1, 0, 1, 0, 0, 0, 0, 0, 0, 1, -1, 0, 0, -1, 0, 0, 0, -1, 0, 0, 0, 0, -1, 0, 0, 0, 0, 0, 0, 0, -1, -1, 0, -1, 0, 0, 0, 1, 0, 0, 0, -1, -1, 0, -1, -1, -1, -1, 0, 0, 0, 0, 0, -1]"
150,1,12,0.0,0.3225124658264242,10,67,"[{'cluster_no': -1, 'count': 67}, {'cluster_no': 0, 'count': 12}, {'cluster_no': 1, 'count': 20}, {'cluster_no': 2, 'count': 33}, {'cluster_no': 3, 'count': 15}, {'cluster_no': 4, 'count': 32}, {'cluster_no': 5, 'count': 12}, {'cluster_no': 6, 'count': 17}, {'cluster_no': 7, 'count': 16}, {'cluster_no': 8, 'count': 13}]","[4, 8, 8, -1, -1, 6, 1, 8, 8, 3, 2, 8, -1, 2, 1, 0, -1, -1, 5, 5, 7, 6, -1, -1, 2, 7, -1, 2, 2, 4, 4, 5, -1, 8, 1, 4, 7, -1, 2, -1, 6, 1, 3, -1, 8, 4, 7, 7, 8, 2, -1, 3, 8, 5, -1, 1, -1, 4, 5, 2, 3, -1, 0, 5, 1, 2, 2, 2, 7, -1, 2, 0, 8, 0, 6, 6, 3, 1, 2, -1, 4, 0, 0, 4, 6, 2, 5, 0, 4, 1, 5, 7, 3, 4, 7, 6, 1, 3, 2, 1, 2, 3, 2, -1, 4, -1, 1, 2, 6, 0, 6, 0, 1, 0, -1, 7, 4, 4, 6, 3, 2, 2, -1, 2, 6, 2, 8, 2, 1, -1, -1, -1, 1, 2, 7, -1, 4, 2, 5, 3, 4, 8, -1, 4, -1, -1, -1, 1, 7, 1, -1, 3, 3, -1, -1, -1, -1, -1, 4, 0, 4, 2, 7, -1, 4, 7, 4, 1, 4, 2, 6, 8, -1, -1, 4, -1, -1, 0, -1, 4, -1, 5, -1, -1, 2, 1, 4, 2, -1, 2, 6, 6, 1, -1, 7, 7, -1, 6, 4, 6, -1, 3, 2, 7, 3, -1, -1, -1, 4, 4, 4, -1, 4, -1, -1, 2, -1, 2, 4, 4, 1, 3, -1, -1, -1, -1, -1, -1, -1, -1, -1, 6, -1, 5, 4, 5, -1]"
150,1,12,0.5,0.01705160045632971,3,39,"[{'cluster_no': -1, 'count': 39}, {'cluster_no': 0, 'count': 166}, {'cluster_no': 1, 'count': 32}]","[0, 0, 0, 0, -1, 0, 1, 0, 0, 0, 0, 0, -1, 0, 1, 1, 0, 0, 0, 0, 0, 0, -1, 0, 0, 0, -1, 0, 0, 0, 0, 0, -1, 0, 1, 0, 0, -1, 0, -1, 0, 1, 0, 0, 0, 0, 0, 0, 0, 0, -1, 0, 0, 0, -1, 1, -1, 0, 0, 0, 0, 0, 1, 0, 1, 0, 0, 0, 0, -1, 0, 1, 0, 1, 0, 0, 0, 1, 0, -1, 0, 1, 1, 0, 0, 0, 0, 1, 0, 1, 0, 0, 0, 0, 0, 0, 1, 0, 0, 1, 0, 0, 0, 0, 0, -1, 1, 0, 0, 1, 0, 1, 1, 1, 0, 0, 0, 0, 0, 0, 0, 0, 0, 0, 0, 0, 0, 0, 1, -1, 0, -1, 1, 0, 0, -1, 0, 0, 0, 0, 0, 0, 0, 0, 0, -1, -1, 1, 0, 1, -1, 0, 0, 0, 0, 0, -1, 0, 0, 1, 0, 0, 0, -1, 0, 0, 0, 1, 0, 0, 0, 0, -1, 0, 0, -1, 0, 1, -1, 0, 0, 0, 0, -1, 0, 1, 0, 0, 0, 0, 0, 0, 1, -1, 0, 0, -1, 0, 0, 0, -1, 0, 0, 0, 0, -1, 0, 0, 0, 0, 0, 0, 0, -1, -1, 0, -1, 0, 0, 0, 1, 0, 0, 0, -1, -1, 0, -1, -1, -1, -1, 0, 0, 0, 0, 0, -1]"
150,1,12,1.0,0.01705160045632971,3,39,"[{'cluster_no': -1, 'count': 39}, {'cluster_no': 0, 'count': 166}, {'cluster_no': 1, 'count': 32}]","[0, 0, 0, 0, -1, 0, 1, 0, 0, 0, 0, 0, -1, 0, 1, 1, 0, 0, 0, 0, 0, 0, -1, 0, 0, 0, -1, 0, 0, 0, 0, 0, -1, 0, 1, 0, 0, -1, 0, -1, 0, 1, 0, 0, 0, 0, 0, 0, 0, 0, -1, 0, 0, 0, -1, 1, -1, 0, 0, 0, 0, 0, 1, 0, 1, 0, 0, 0, 0, -1, 0, 1, 0, 1, 0, 0, 0, 1, 0, -1, 0, 1, 1, 0, 0, 0, 0, 1, 0, 1, 0, 0, 0, 0, 0, 0, 1, 0, 0, 1, 0, 0, 0, 0, 0, -1, 1, 0, 0, 1, 0, 1, 1, 1, 0, 0, 0, 0, 0, 0, 0, 0, 0, 0, 0, 0, 0, 0, 1, -1, 0, -1, 1, 0, 0, -1, 0, 0, 0, 0, 0, 0, 0, 0, 0, -1, -1, 1, 0, 1, -1, 0, 0, 0, 0, 0, -1, 0, 0, 1, 0, 0, 0, -1, 0, 0, 0, 1, 0, 0, 0, 0, -1, 0, 0, -1, 0, 1, -1, 0, 0, 0, 0, -1, 0, 1, 0, 0, 0, 0, 0, 0, 1, -1, 0, 0, -1, 0, 0, 0, -1, 0, 0, 0, 0, -1, 0, 0, 0, 0, 0, 0, 0, -1, -1, 0, -1, 0, 0, 0, 1, 0, 0, 0, -1, -1, 0, -1, -1, -1, -1, 0, 0, 0, 0, 0, -1]"
150,1,13,0.0,0.18681026543276033,8,54,"[{'cluster_no': -1, 'count': 54}, {'cluster_no': 0, 'count': 32}, {'cluster_no': 1, 'count': 57}, {'cluster_no': 2, 'count': 33}, {'cluster_no': 3, 'count': 15}, {'cluster_no': 4, 'count': 17}, {'cluster_no': 5, 'count': 16}, {'cluster_no': 6, 'count': 13}]","[1, 6, 6, 1, -1, 4, 0, 6, 6, 3, 2, 6, -1, 2, 0, 0, -1, -1, 1, 1, 5, 4, -1, 1, 2, 5, -1, 2, 2, 1, 1, 1, -1, 6, 0, 1, 5, -1, 2, -1, 4, 0, 3, 1, 6, 1, 5, 5, 6, 2, -1, 3, 6, 1, -1, 0, -1, 1, 1, 2, 3, 1, 0, 1, 0, 2, 2, 2, 5, -1, 2, 0, 6, 0, 4, 4, 3, 0, 2, -1, 1, 0, 0, 1, 4, 2, 1, 0, 1, 0, 1, 5, 3, 1, 5, 4, 0, 3, 2, 0, 2, 3, 2, 1, 1, -1, 0, 2, 4, 0, 4, 0, 0, 0, -1, 5, 1, 1, 4, 3, 2, 2, 1, 2, 4, 2, 6, 2, 0, -1, -1, -1, 0, 2, 5, -1, 1, 2, 1, 3, 1, 6, -1, 1, -1, -1, -1, 0, 5, 0, -1, 3, 3, 1, 1, -1, -1, 1, 1, 0, 1, 2, 5, -1, 1, 5, 1, 0, 1, 2, 4, 6, -1, -1, 1, -1, -1, 0, -1, 1, 1, 1, 1, -1, 2, 0, 1, 2, 1, 2, 4, 4, 0, -1, 5, 5, -1, 4, 1, 4, -1, 3, 2, 5, 3, -1, -1, -1, 1, 1, 1, -1, 1, -1, -1, 2, -1, 2, 1, 1, 0, 3, -1, -1, -1, -1, 1, -1, -1, -1, -1, 4, -1, 1, 1, 1, -1]"
150,1,13,0.5,0.01705160045632971,3,39,"[{'cluster_no': -1, 'count': 39}, {'cluster_no': 0, 'count': 166}, {'cluster_no': 1, 'count': 32}]","[0, 0, 0, 0, -1, 0, 1, 0, 0, 0, 0, 0, -1, 0, 1, 1, 0, 0, 0, 0, 0, 0, -1, 0, 0, 0, -1, 0, 0, 0, 0, 0, -1, 0, 1, 0, 0, -1, 0, -1, 0, 1, 0, 0, 0, 0, 0, 0, 0, 0, -1, 0, 0, 0, -1, 1, -1, 0, 0, 0, 0, 0, 1, 0, 1, 0, 0, 0, 0, -1, 0, 1, 0, 1, 0, 0, 0, 1, 0, -1, 0, 1, 1, 0, 0, 0, 0, 1, 0, 1, 0, 0, 0, 0, 0, 0, 1, 0, 0, 1, 0, 0, 0, 0, 0, -1, 1, 0, 0, 1, 0, 1, 1, 1, 0, 0, 0, 0, 0, 0, 0, 0, 0, 0, 0, 0, 0, 0, 1, -1, 0, -1, 1, 0, 0, -1, 0, 0, 0, 0, 0, 0, 0, 0, 0, -1, -1, 1, 0, 1, -1, 0, 0, 0, 0, 0, -1, 0, 0, 1, 0, 0, 0, -1, 0, 0, 0, 1, 0, 0, 0, 0, -1, 0, 0, -1, 0, 1, -1, 0, 0, 0, 0, -1, 0, 1, 0, 0, 0, 0, 0, 0, 1, -1, 0, 0, -1, 0, 0, 0, -1, 0, 0, 0, 0, -1, 0, 0, 0, 0, 0, 0, 0, -1, -1, 0, -1, 0, 0, 0, 1, 0, 0, 0, -1, -1, 0, -1, -1, -1, -1, 0, 0, 0, 0, 0, -1]"
150,1,13,1.0,0.01705160045632971,3,39,"[{'cluster_no': -1, 'count': 39}, {'cluster_no': 0, 'count': 166}, {'cluster_no': 1, 'count': 32}]","[0, 0, 0, 0, -1, 0, 1, 0, 0, 0, 0, 0, -1, 0, 1, 1, 0, 0, 0, 0, 0, 0, -1, 0, 0, 0, -1, 0, 0, 0, 0, 0, -1, 0, 1, 0, 0, -1, 0, -1, 0, 1, 0, 0, 0, 0, 0, 0, 0, 0, -1, 0, 0, 0, -1, 1, -1, 0, 0, 0, 0, 0, 1, 0, 1, 0, 0, 0, 0, -1, 0, 1, 0, 1, 0, 0, 0, 1, 0, -1, 0, 1, 1, 0, 0, 0, 0, 1, 0, 1, 0, 0, 0, 0, 0, 0, 1, 0, 0, 1, 0, 0, 0, 0, 0, -1, 1, 0, 0, 1, 0, 1, 1, 1, 0, 0, 0, 0, 0, 0, 0, 0, 0, 0, 0, 0, 0, 0, 1, -1, 0, -1, 1, 0, 0, -1, 0, 0, 0, 0, 0, 0, 0, 0, 0, -1, -1, 1, 0, 1, -1, 0, 0, 0, 0, 0, -1, 0, 0, 1, 0, 0, 0, -1, 0, 0, 0, 1, 0, 0, 0, 0, -1, 0, 0, -1, 0, 1, -1, 0, 0, 0, 0, -1, 0, 1, 0, 0, 0, 0, 0, 0, 1, -1, 0, 0, -1, 0, 0, 0, -1, 0, 0, 0, 0, -1, 0, 0, 0, 0, 0, 0, 0, -1, -1, 0, -1, 0, 0, 0, 1, 0, 0, 0, -1, -1, 0, -1, -1, -1, -1, 0, 0, 0, 0, 0, -1]"
150,1,14,0.0,0.1932853269401119,7,53,"[{'cluster_no': -1, 'count': 53}, {'cluster_no': 0, 'count': 32}, {'cluster_no': 1, 'count': 57}, {'cluster_no': 2, 'count': 33}, {'cluster_no': 3, 'count': 15}, {'cluster_no': 4, 'count': 17}, {'cluster_no': 5, 'count': 30}]","[1, 5, 5, 1, -1, 4, 0, 5, 5, 3, 2, 5, -1, 2, 0, 0, -1, 5, 1, 1, 5, 4, -1, 1, 2, 5, -1, 2, 2, 1, 1, 1, -1, 5, 0, 1, 5, -1, 2, -1, 4, 0, 3, 1, 5, 1, 5, 5, 5, 2, -1, 3, 5, 1, -1, 0, -1, 1, 1, 2, 3, 1, 0, 1, 0, 2, 2, 2, 5, -1, 2, 0, 5, 0, 4, 4, 3, 0, 2, -1, 1, 0, 0, 1, 4, 2, 1, 0, 1, 0, 1, 5, 3, 1, 5, 4, 0, 3, 2, 0, 2, 3, 2, 1, 1, -1, 0, 2, 4, 0, 4, 0, 0, 0, -1, 5, 1, 1, 4, 3, 2, 2, 1, 2, 4, 2, 5, 2, 0, -1, -1, -1, 0, 2, 5, -1, 1, 2, 1, 3, 1, 5, -1, 1, -1, -1, -1, 0, 5, 0, -1, 3, 3, 1, 1, -1, -1, 1, 1, 0, 1, 2, 5, -1, 1, 5, 1, 0, 1, 2, 4, 5, -1, -1, 1, -1, -1, 0, -1, 1, 1, 1, 1, -1, 2, 0, 1, 2, 1, 2, 4, 4, 0, -1, 5, 5, -1, 4, 1, 4, -1, 3, 2, 5, 3, -1, -1, -1, 1, 1, 1, -1, 1, -1, -1, 2, -1, 2, 1, 1, 0, 3, -1, -1, -1, -1, 1, -1, -1, -1, -1, 4, -1, 1, 1, 1, -1]"
150,1,14,0.5,0.01705160045632971,3,39,"[{'cluster_no': -1, 'count': 39}, {'cluster_no': 0, 'count': 166}, {'cluster_no': 1, 'count': 32}]","[0, 0, 0, 0, -1, 0, 1, 0, 0, 0, 0, 0, -1, 0, 1, 1, 0, 0, 0, 0, 0, 0, -1, 0, 0, 0, -1, 0, 0, 0, 0, 0, -1, 0, 1, 0, 0, -1, 0, -1, 0, 1, 0, 0, 0, 0, 0, 0, 0, 0, -1, 0, 0, 0, -1, 1, -1, 0, 0, 0, 0, 0, 1, 0, 1, 0, 0, 0, 0, -1, 0, 1, 0, 1, 0, 0, 0, 1, 0, -1, 0, 1, 1, 0, 0, 0, 0, 1, 0, 1, 0, 0, 0, 0, 0, 0, 1, 0, 0, 1, 0, 0, 0, 0, 0, -1, 1, 0, 0, 1, 0, 1, 1, 1, 0, 0, 0, 0, 0, 0, 0, 0, 0, 0, 0, 0, 0, 0, 1, -1, 0, -1, 1, 0, 0, -1, 0, 0, 0, 0, 0, 0, 0, 0, 0, -1, -1, 1, 0, 1, -1, 0, 0, 0, 0, 0, -1, 0, 0, 1, 0, 0, 0, -1, 0, 0, 0, 1, 0, 0, 0, 0, -1, 0, 0, -1, 0, 1, -1, 0, 0, 0, 0, -1, 0, 1, 0, 0, 0, 0, 0, 0, 1, -1, 0, 0, -1, 0, 0, 0, -1, 0, 0, 0, 0, -1, 0, 0, 0, 0, 0, 0, 0, -1, -1, 0, -1, 0, 0, 0, 1, 0, 0, 0, -1, -1, 0, -1, -1, -1, -1, 0, 0, 0, 0, 0, -1]"
150,1,14,1.0,0.01705160045632971,3,39,"[{'cluster_no': -1, 'count': 39}, {'cluster_no': 0, 'count': 166}, {'cluster_no': 1, 'count': 32}]","[0, 0, 0, 0, -1, 0, 1, 0, 0, 0, 0, 0, -1, 0, 1, 1, 0, 0, 0, 0, 0, 0, -1, 0, 0, 0, -1, 0, 0, 0, 0, 0, -1, 0, 1, 0, 0, -1, 0, -1, 0, 1, 0, 0, 0, 0, 0, 0, 0, 0, -1, 0, 0, 0, -1, 1, -1, 0, 0, 0, 0, 0, 1, 0, 1, 0, 0, 0, 0, -1, 0, 1, 0, 1, 0, 0, 0, 1, 0, -1, 0, 1, 1, 0, 0, 0, 0, 1, 0, 1, 0, 0, 0, 0, 0, 0, 1, 0, 0, 1, 0, 0, 0, 0, 0, -1, 1, 0, 0, 1, 0, 1, 1, 1, 0, 0, 0, 0, 0, 0, 0, 0, 0, 0, 0, 0, 0, 0, 1, -1, 0, -1, 1, 0, 0, -1, 0, 0, 0, 0, 0, 0, 0, 0, 0, -1, -1, 1, 0, 1, -1, 0, 0, 0, 0, 0, -1, 0, 0, 1, 0, 0, 0, -1, 0, 0, 0, 1, 0, 0, 0, 0, -1, 0, 0, -1, 0, 1, -1, 0, 0, 0, 0, -1, 0, 1, 0, 0, 0, 0, 0, 0, 1, -1, 0, 0, -1, 0, 0, 0, -1, 0, 0, 0, 0, -1, 0, 0, 0, 0, 0, 0, 0, -1, -1, 0, -1, 0, 0, 0, 1, 0, 0, 0, -1, -1, 0, -1, -1, -1, -1, 0, 0, 0, 0, 0, -1]"
150,1,15,0.0,0.13914198078168538,6,51,"[{'cluster_no': -1, 'count': 51}, {'cluster_no': 0, 'count': 32}, {'cluster_no': 1, 'count': 57}, {'cluster_no': 2, 'count': 33}, {'cluster_no': 3, 'count': 49}, {'cluster_no': 4, 'count': 15}]","[1, 3, 3, 1, -1, 3, 0, 3, 3, 4, 2, 3, -1, 2, 0, 0, -1, 3, 1, 1, 3, 3, -1, 1, 2, 3, -1, 2, 2, 1, 1, 1, -1, 3, 0, 1, 3, -1, 2, -1, 3, 0, 4, 1, 3, 1, 3, 3, 3, 2, -1, 4, 3, 1, -1, 0, -1, 1, 1, 2, 4, 1, 0, 1, 0, 2, 2, 2, 3, -1, 2, 0, 3, 0, 3, 3, 4, 0, 2, -1, 1, 0, 0, 1, 3, 2, 1, 0, 1, 0, 1, 3, 4, 1, 3, 3, 0, 4, 2, 0, 2, 4, 2, 1, 1, -1, 0, 2, 3, 0, 3, 0, 0, 0, -1, 3, 1, 1, 3, 4, 2, 2, 1, 2, 3, 2, 3, 2, 0, -1, 3, -1, 0, 2, 3, -1, 1, 2, 1, 4, 1, 3, -1, 1, -1, -1, -1, 0, 3, 0, -1, 4, 4, 1, 1, -1, -1, 1, 1, 0, 1, 2, 3, -1, 1, 3, 1, 0, 1, 2, 3, 3, -1, -1, 1, -1, -1, 0, -1, 1, 1, 1, 1, -1, 2, 0, 1, 2, 1, 2, 3, 3, 0, -1, 3, 3, -1, 3, 1, 3, -1, 4, 2, 3, 4, -1, -1, -1, 1, 1, 1, -1, 1, -1, -1, 2, -1, 2, 1, 1, 0, 4, -1, -1, -1, -1, 1, -1, -1, -1, -1, 3, 3, 1, 1, 1, -1]"
150,1,15,0.5,0.01705160045632971,3,39,"[{'cluster_no': -1, 'count': 39}, {'cluster_no': 0, 'count': 166}, {'cluster_no': 1, 'count': 32}]","[0, 0, 0, 0, -1, 0, 1, 0, 0, 0, 0, 0, -1, 0, 1, 1, 0, 0, 0, 0, 0, 0, -1, 0, 0, 0, -1, 0, 0, 0, 0, 0, -1, 0, 1, 0, 0, -1, 0, -1, 0, 1, 0, 0, 0, 0, 0, 0, 0, 0, -1, 0, 0, 0, -1, 1, -1, 0, 0, 0, 0, 0, 1, 0, 1, 0, 0, 0, 0, -1, 0, 1, 0, 1, 0, 0, 0, 1, 0, -1, 0, 1, 1, 0, 0, 0, 0, 1, 0, 1, 0, 0, 0, 0, 0, 0, 1, 0, 0, 1, 0, 0, 0, 0, 0, -1, 1, 0, 0, 1, 0, 1, 1, 1, 0, 0, 0, 0, 0, 0, 0, 0, 0, 0, 0, 0, 0, 0, 1, -1, 0, -1, 1, 0, 0, -1, 0, 0, 0, 0, 0, 0, 0, 0, 0, -1, -1, 1, 0, 1, -1, 0, 0, 0, 0, 0, -1, 0, 0, 1, 0, 0, 0, -1, 0, 0, 0, 1, 0, 0, 0, 0, -1, 0, 0, -1, 0, 1, -1, 0, 0, 0, 0, -1, 0, 1, 0, 0, 0, 0, 0, 0, 1, -1, 0, 0, -1, 0, 0, 0, -1, 0, 0, 0, 0, -1, 0, 0, 0, 0, 0, 0, 0, -1, -1, 0, -1, 0, 0, 0, 1, 0, 0, 0, -1, -1, 0, -1, -1, -1, -1, 0, 0, 0, 0, 0, -1]"
150,1,15,1.0,0.01705160045632971,3,39,"[{'cluster_no': -1, 'count': 39}, {'cluster_no': 0, 'count': 166}, {'cluster_no': 1, 'count': 32}]","[0, 0, 0, 0, -1, 0, 1, 0, 0, 0, 0, 0, -1, 0, 1, 1, 0, 0, 0, 0, 0, 0, -1, 0, 0, 0, -1, 0, 0, 0, 0, 0, -1, 0, 1, 0, 0, -1, 0, -1, 0, 1, 0, 0, 0, 0, 0, 0, 0, 0, -1, 0, 0, 0, -1, 1, -1, 0, 0, 0, 0, 0, 1, 0, 1, 0, 0, 0, 0, -1, 0, 1, 0, 1, 0, 0, 0, 1, 0, -1, 0, 1, 1, 0, 0, 0, 0, 1, 0, 1, 0, 0, 0, 0, 0, 0, 1, 0, 0, 1, 0, 0, 0, 0, 0, -1, 1, 0, 0, 1, 0, 1, 1, 1, 0, 0, 0, 0, 0, 0, 0, 0, 0, 0, 0, 0, 0, 0, 1, -1, 0, -1, 1, 0, 0, -1, 0, 0, 0, 0, 0, 0, 0, 0, 0, -1, -1, 1, 0, 1, -1, 0, 0, 0, 0, 0, -1, 0, 0, 1, 0, 0, 0, -1, 0, 0, 0, 1, 0, 0, 0, 0, -1, 0, 0, -1, 0, 1, -1, 0, 0, 0, 0, -1, 0, 1, 0, 0, 0, 0, 0, 0, 1, -1, 0, 0, -1, 0, 0, 0, -1, 0, 0, 0, 0, -1, 0, 0, 0, 0, 0, 0, 0, -1, -1, 0, -1, 0, 0, 0, 1, 0, 0, 0, -1, -1, 0, -1, -1, -1, -1, 0, 0, 0, 0, 0, -1]"
150,1,16,0.0,0.24241130492299437,5,46,"[{'cluster_no': -1, 'count': 46}, {'cluster_no': 0, 'count': 32}, {'cluster_no': 1, 'count': 69}, {'cluster_no': 2, 'count': 57}, {'cluster_no': 3, 'count': 33}]","[2, 1, 1, 2, -1, 1, 0, 1, 1, 1, 3, 1, -1, 3, 0, 0, 1, 1, 2, 2, 1, 1, -1, 2, 3, 1, -1, 3, 3, 2, 2, 2, -1, 1, 0, 2, 1, -1, 3, -1, 1, 0, 1, 2, 1, 2, 1, 1, 1, 3, -1, 1, 1, 2, -1, 0, -1, 2, 2, 3, 1, 2, 0, 2, 0, 3, 3, 3, 1, -1, 3, 0, 1, 0, 1, 1, 1, 0, 3, -1, 2, 0, 0, 2, 1, 3, 2, 0, 2, 0, 2, 1, 1, 2, 1, 1, 0, 1, 3, 0, 3, 1, 3, 2, 2, -1, 0, 3, 1, 0, 1, 0, 0, 0, -1, 1, 2, 2, 1, 1, 3, 3, 2, 3, 1, 3, 1, 3, 0, -1, 1, -1, 0, 3, 1, -1, 2, 3, 2, 1, 2, 1, -1, 2, -1, -1, -1, 0, 1, 0, -1, 1, 1, 2, 2, -1, -1, 2, 2, 0, 2, 3, 1, -1, 2, 1, 2, 0, 2, 3, 1, 1, -1, 1, 2, -1, 1, 0, -1, 2, 2, 2, 2, -1, 3, 0, 2, 3, 2, 3, 1, 1, 0, -1, 1, 1, -1, 1, 2, 1, -1, 1, 3, 1, 1, -1, -1, -1, 2, 2, 2, -1, 2, -1, -1, 3, -1, 3, 2, 2, 0, 1, 1, 1, -1, -1, 2, -1, -1, -1, -1, 1, 1, 2, 2, 2, -1]"
150,1,16,0.5,0.01705160045632971,3,39,"[{'cluster_no': -1, 'count': 39}, {'cluster_no': 0, 'count': 166}, {'cluster_no': 1, 'count': 32}]","[0, 0, 0, 0, -1, 0, 1, 0, 0, 0, 0, 0, -1, 0, 1, 1, 0, 0, 0, 0, 0, 0, -1, 0, 0, 0, -1, 0, 0, 0, 0, 0, -1, 0, 1, 0, 0, -1, 0, -1, 0, 1, 0, 0, 0, 0, 0, 0, 0, 0, -1, 0, 0, 0, -1, 1, -1, 0, 0, 0, 0, 0, 1, 0, 1, 0, 0, 0, 0, -1, 0, 1, 0, 1, 0, 0, 0, 1, 0, -1, 0, 1, 1, 0, 0, 0, 0, 1, 0, 1, 0, 0, 0, 0, 0, 0, 1, 0, 0, 1, 0, 0, 0, 0, 0, -1, 1, 0, 0, 1, 0, 1, 1, 1, 0, 0, 0, 0, 0, 0, 0, 0, 0, 0, 0, 0, 0, 0, 1, -1, 0, -1, 1, 0, 0, -1, 0, 0, 0, 0, 0, 0, 0, 0, 0, -1, -1, 1, 0, 1, -1, 0, 0, 0, 0, 0, -1, 0, 0, 1, 0, 0, 0, -1, 0, 0, 0, 1, 0, 0, 0, 0, -1, 0, 0, -1, 0, 1, -1, 0, 0, 0, 0, -1, 0, 1, 0, 0, 0, 0, 0, 0, 1, -1, 0, 0, -1, 0, 0, 0, -1, 0, 0, 0, 0, -1, 0, 0, 0, 0, 0, 0, 0, -1, -1, 0, -1, 0, 0, 0, 1, 0, 0, 0, -1, -1, 0, -1, -1, -1, -1, 0, 0, 0, 0, 0, -1]"
150,1,16,1.0,0.01705160045632971,3,39,"[{'cluster_no': -1, 'count': 39}, {'cluster_no': 0, 'count': 166}, {'cluster_no': 1, 'count': 32}]","[0, 0, 0, 0, -1, 0, 1, 0, 0, 0, 0, 0, -1, 0, 1, 1, 0, 0, 0, 0, 0, 0, -1, 0, 0, 0, -1, 0, 0, 0, 0, 0, -1, 0, 1, 0, 0, -1, 0, -1, 0, 1, 0, 0, 0, 0, 0, 0, 0, 0, -1, 0, 0, 0, -1, 1, -1, 0, 0, 0, 0, 0, 1, 0, 1, 0, 0, 0, 0, -1, 0, 1, 0, 1, 0, 0, 0, 1, 0, -1, 0, 1, 1, 0, 0, 0, 0, 1, 0, 1, 0, 0, 0, 0, 0, 0, 1, 0, 0, 1, 0, 0, 0, 0, 0, -1, 1, 0, 0, 1, 0, 1, 1, 1, 0, 0, 0, 0, 0, 0, 0, 0, 0, 0, 0, 0, 0, 0, 1, -1, 0, -1, 1, 0, 0, -1, 0, 0, 0, 0, 0, 0, 0, 0, 0, -1, -1, 1, 0, 1, -1, 0, 0, 0, 0, 0, -1, 0, 0, 1, 0, 0, 0, -1, 0, 0, 0, 1, 0, 0, 0, 0, -1, 0, 0, -1, 0, 1, -1, 0, 0, 0, 0, -1, 0, 1, 0, 0, 0, 0, 0, 0, 1, -1, 0, 0, -1, 0, 0, 0, -1, 0, 0, 0, 0, -1, 0, 0, 0, 0, 0, 0, 0, -1, -1, 0, -1, 0, 0, 0, 1, 0, 0, 0, -1, -1, 0, -1, -1, -1, -1, 0, 0, 0, 0, 0, -1]"
150,1,17,0.0,0.24241130492299437,5,46,"[{'cluster_no': -1, 'count': 46}, {'cluster_no': 0, 'count': 32}, {'cluster_no': 1, 'count': 69}, {'cluster_no': 2, 'count': 57}, {'cluster_no': 3, 'count': 33}]","[2, 1, 1, 2, -1, 1, 0, 1, 1, 1, 3, 1, -1, 3, 0, 0, 1, 1, 2, 2, 1, 1, -1, 2, 3, 1, -1, 3, 3, 2, 2, 2, -1, 1, 0, 2, 1, -1, 3, -1, 1, 0, 1, 2, 1, 2, 1, 1, 1, 3, -1, 1, 1, 2, -1, 0, -1, 2, 2, 3, 1, 2, 0, 2, 0, 3, 3, 3, 1, -1, 3, 0, 1, 0, 1, 1, 1, 0, 3, -1, 2, 0, 0, 2, 1, 3, 2, 0, 2, 0, 2, 1, 1, 2, 1, 1, 0, 1, 3, 0, 3, 1, 3, 2, 2, -1, 0, 3, 1, 0, 1, 0, 0, 0, -1, 1, 2, 2, 1, 1, 3, 3, 2, 3, 1, 3, 1, 3, 0, -1, 1, -1, 0, 3, 1, -1, 2, 3, 2, 1, 2, 1, -1, 2, -1, -1, -1, 0, 1, 0, -1, 1, 1, 2, 2, -1, -1, 2, 2, 0, 2, 3, 1, -1, 2, 1, 2, 0, 2, 3, 1, 1, -1, 1, 2, -1, 1, 0, -1, 2, 2, 2, 2, -1, 3, 0, 2, 3, 2, 3, 1, 1, 0, -1, 1, 1, -1, 1, 2, 1, -1, 1, 3, 1, 1, -1, -1, -1, 2, 2, 2, -1, 2, -1, -1, 3, -1, 3, 2, 2, 0, 1, 1, 1, -1, -1, 2, -1, -1, -1, -1, 1, 1, 2, 2, 2, -1]"
150,1,17,0.5,0.01705160045632971,3,39,"[{'cluster_no': -1, 'count': 39}, {'cluster_no': 0, 'count': 166}, {'cluster_no': 1, 'count': 32}]","[0, 0, 0, 0, -1, 0, 1, 0, 0, 0, 0, 0, -1, 0, 1, 1, 0, 0, 0, 0, 0, 0, -1, 0, 0, 0, -1, 0, 0, 0, 0, 0, -1, 0, 1, 0, 0, -1, 0, -1, 0, 1, 0, 0, 0, 0, 0, 0, 0, 0, -1, 0, 0, 0, -1, 1, -1, 0, 0, 0, 0, 0, 1, 0, 1, 0, 0, 0, 0, -1, 0, 1, 0, 1, 0, 0, 0, 1, 0, -1, 0, 1, 1, 0, 0, 0, 0, 1, 0, 1, 0, 0, 0, 0, 0, 0, 1, 0, 0, 1, 0, 0, 0, 0, 0, -1, 1, 0, 0, 1, 0, 1, 1, 1, 0, 0, 0, 0, 0, 0, 0, 0, 0, 0, 0, 0, 0, 0, 1, -1, 0, -1, 1, 0, 0, -1, 0, 0, 0, 0, 0, 0, 0, 0, 0, -1, -1, 1, 0, 1, -1, 0, 0, 0, 0, 0, -1, 0, 0, 1, 0, 0, 0, -1, 0, 0, 0, 1, 0, 0, 0, 0, -1, 0, 0, -1, 0, 1, -1, 0, 0, 0, 0, -1, 0, 1, 0, 0, 0, 0, 0, 0, 1, -1, 0, 0, -1, 0, 0, 0, -1, 0, 0, 0, 0, -1, 0, 0, 0, 0, 0, 0, 0, -1, -1, 0, -1, 0, 0, 0, 1, 0, 0, 0, -1, -1, 0, -1, -1, -1, -1, 0, 0, 0, 0, 0, -1]"
150,1,17,1.0,0.01705160045632971,3,39,"[{'cluster_no': -1, 'count': 39}, {'cluster_no': 0, 'count': 166}, {'cluster_no': 1, 'count': 32}]","[0, 0, 0, 0, -1, 0, 1, 0, 0, 0, 0, 0, -1, 0, 1, 1, 0, 0, 0, 0, 0, 0, -1, 0, 0, 0, -1, 0, 0, 0, 0, 0, -1, 0, 1, 0, 0, -1, 0, -1, 0, 1, 0, 0, 0, 0, 0, 0, 0, 0, -1, 0, 0, 0, -1, 1, -1, 0, 0, 0, 0, 0, 1, 0, 1, 0, 0, 0, 0, -1, 0, 1, 0, 1, 0, 0, 0, 1, 0, -1, 0, 1, 1, 0, 0, 0, 0, 1, 0, 1, 0, 0, 0, 0, 0, 0, 1, 0, 0, 1, 0, 0, 0, 0, 0, -1, 1, 0, 0, 1, 0, 1, 1, 1, 0, 0, 0, 0, 0, 0, 0, 0, 0, 0, 0, 0, 0, 0, 1, -1, 0, -1, 1, 0, 0, -1, 0, 0, 0, 0, 0, 0, 0, 0, 0, -1, -1, 1, 0, 1, -1, 0, 0, 0, 0, 0, -1, 0, 0, 1, 0, 0, 0, -1, 0, 0, 0, 1, 0, 0, 0, 0, -1, 0, 0, -1, 0, 1, -1, 0, 0, 0, 0, -1, 0, 1, 0, 0, 0, 0, 0, 0, 1, -1, 0, 0, -1, 0, 0, 0, -1, 0, 0, 0, 0, -1, 0, 0, 0, 0, 0, 0, 0, -1, -1, 0, -1, 0, 0, 0, 1, 0, 0, 0, -1, -1, 0, -1, -1, -1, -1, 0, 0, 0, 0, 0, -1]"
150,1,18,0.0,0.24241130492299437,5,46,"[{'cluster_no': -1, 'count': 46}, {'cluster_no': 0, 'count': 32}, {'cluster_no': 1, 'count': 69}, {'cluster_no': 2, 'count': 57}, {'cluster_no': 3, 'count': 33}]","[2, 1, 1, 2, -1, 1, 0, 1, 1, 1, 3, 1, -1, 3, 0, 0, 1, 1, 2, 2, 1, 1, -1, 2, 3, 1, -1, 3, 3, 2, 2, 2, -1, 1, 0, 2, 1, -1, 3, -1, 1, 0, 1, 2, 1, 2, 1, 1, 1, 3, -1, 1, 1, 2, -1, 0, -1, 2, 2, 3, 1, 2, 0, 2, 0, 3, 3, 3, 1, -1, 3, 0, 1, 0, 1, 1, 1, 0, 3, -1, 2, 0, 0, 2, 1, 3, 2, 0, 2, 0, 2, 1, 1, 2, 1, 1, 0, 1, 3, 0, 3, 1, 3, 2, 2, -1, 0, 3, 1, 0, 1, 0, 0, 0, -1, 1, 2, 2, 1, 1, 3, 3, 2, 3, 1, 3, 1, 3, 0, -1, 1, -1, 0, 3, 1, -1, 2, 3, 2, 1, 2, 1, -1, 2, -1, -1, -1, 0, 1, 0, -1, 1, 1, 2, 2, -1, -1, 2, 2, 0, 2, 3, 1, -1, 2, 1, 2, 0, 2, 3, 1, 1, -1, 1, 2, -1, 1, 0, -1, 2, 2, 2, 2, -1, 3, 0, 2, 3, 2, 3, 1, 1, 0, -1, 1, 1, -1, 1, 2, 1, -1, 1, 3, 1, 1, -1, -1, -1, 2, 2, 2, -1, 2, -1, -1, 3, -1, 3, 2, 2, 0, 1, 1, 1, -1, -1, 2, -1, -1, -1, -1, 1, 1, 2, 2, 2, -1]"
150,1,18,0.5,0.01705160045632971,3,39,"[{'cluster_no': -1, 'count': 39}, {'cluster_no': 0, 'count': 166}, {'cluster_no': 1, 'count': 32}]","[0, 0, 0, 0, -1, 0, 1, 0, 0, 0, 0, 0, -1, 0, 1, 1, 0, 0, 0, 0, 0, 0, -1, 0, 0, 0, -1, 0, 0, 0, 0, 0, -1, 0, 1, 0, 0, -1, 0, -1, 0, 1, 0, 0, 0, 0, 0, 0, 0, 0, -1, 0, 0, 0, -1, 1, -1, 0, 0, 0, 0, 0, 1, 0, 1, 0, 0, 0, 0, -1, 0, 1, 0, 1, 0, 0, 0, 1, 0, -1, 0, 1, 1, 0, 0, 0, 0, 1, 0, 1, 0, 0, 0, 0, 0, 0, 1, 0, 0, 1, 0, 0, 0, 0, 0, -1, 1, 0, 0, 1, 0, 1, 1, 1, 0, 0, 0, 0, 0, 0, 0, 0, 0, 0, 0, 0, 0, 0, 1, -1, 0, -1, 1, 0, 0, -1, 0, 0, 0, 0, 0, 0, 0, 0, 0, -1, -1, 1, 0, 1, -1, 0, 0, 0, 0, 0, -1, 0, 0, 1, 0, 0, 0, -1, 0, 0, 0, 1, 0, 0, 0, 0, -1, 0, 0, -1, 0, 1, -1, 0, 0, 0, 0, -1, 0, 1, 0, 0, 0, 0, 0, 0, 1, -1, 0, 0, -1, 0, 0, 0, -1, 0, 0, 0, 0, -1, 0, 0, 0, 0, 0, 0, 0, -1, -1, 0, -1, 0, 0, 0, 1, 0, 0, 0, -1, -1, 0, -1, -1, -1, -1, 0, 0, 0, 0, 0, -1]"
150,1,18,1.0,0.01705160045632971,3,39,"[{'cluster_no': -1, 'count': 39}, {'cluster_no': 0, 'count': 166}, {'cluster_no': 1, 'count': 32}]","[0, 0, 0, 0, -1, 0, 1, 0, 0, 0, 0, 0, -1, 0, 1, 1, 0, 0, 0, 0, 0, 0, -1, 0, 0, 0, -1, 0, 0, 0, 0, 0, -1, 0, 1, 0, 0, -1, 0, -1, 0, 1, 0, 0, 0, 0, 0, 0, 0, 0, -1, 0, 0, 0, -1, 1, -1, 0, 0, 0, 0, 0, 1, 0, 1, 0, 0, 0, 0, -1, 0, 1, 0, 1, 0, 0, 0, 1, 0, -1, 0, 1, 1, 0, 0, 0, 0, 1, 0, 1, 0, 0, 0, 0, 0, 0, 1, 0, 0, 1, 0, 0, 0, 0, 0, -1, 1, 0, 0, 1, 0, 1, 1, 1, 0, 0, 0, 0, 0, 0, 0, 0, 0, 0, 0, 0, 0, 0, 1, -1, 0, -1, 1, 0, 0, -1, 0, 0, 0, 0, 0, 0, 0, 0, 0, -1, -1, 1, 0, 1, -1, 0, 0, 0, 0, 0, -1, 0, 0, 1, 0, 0, 0, -1, 0, 0, 0, 1, 0, 0, 0, 0, -1, 0, 0, -1, 0, 1, -1, 0, 0, 0, 0, -1, 0, 1, 0, 0, 0, 0, 0, 0, 1, -1, 0, 0, -1, 0, 0, 0, -1, 0, 0, 0, 0, -1, 0, 0, 0, 0, 0, 0, 0, -1, -1, 0, -1, 0, 0, 0, 1, 0, 0, 0, -1, -1, 0, -1, -1, -1, -1, 0, 0, 0, 0, 0, -1]"
150,1,19,0.0,0.24241130492299437,5,46,"[{'cluster_no': -1, 'count': 46}, {'cluster_no': 0, 'count': 32}, {'cluster_no': 1, 'count': 69}, {'cluster_no': 2, 'count': 57}, {'cluster_no': 3, 'count': 33}]","[2, 1, 1, 2, -1, 1, 0, 1, 1, 1, 3, 1, -1, 3, 0, 0, 1, 1, 2, 2, 1, 1, -1, 2, 3, 1, -1, 3, 3, 2, 2, 2, -1, 1, 0, 2, 1, -1, 3, -1, 1, 0, 1, 2, 1, 2, 1, 1, 1, 3, -1, 1, 1, 2, -1, 0, -1, 2, 2, 3, 1, 2, 0, 2, 0, 3, 3, 3, 1, -1, 3, 0, 1, 0, 1, 1, 1, 0, 3, -1, 2, 0, 0, 2, 1, 3, 2, 0, 2, 0, 2, 1, 1, 2, 1, 1, 0, 1, 3, 0, 3, 1, 3, 2, 2, -1, 0, 3, 1, 0, 1, 0, 0, 0, -1, 1, 2, 2, 1, 1, 3, 3, 2, 3, 1, 3, 1, 3, 0, -1, 1, -1, 0, 3, 1, -1, 2, 3, 2, 1, 2, 1, -1, 2, -1, -1, -1, 0, 1, 0, -1, 1, 1, 2, 2, -1, -1, 2, 2, 0, 2, 3, 1, -1, 2, 1, 2, 0, 2, 3, 1, 1, -1, 1, 2, -1, 1, 0, -1, 2, 2, 2, 2, -1, 3, 0, 2, 3, 2, 3, 1, 1, 0, -1, 1, 1, -1, 1, 2, 1, -1, 1, 3, 1, 1, -1, -1, -1, 2, 2, 2, -1, 2, -1, -1, 3, -1, 3, 2, 2, 0, 1, 1, 1, -1, -1, 2, -1, -1, -1, -1, 1, 1, 2, 2, 2, -1]"
150,1,19,0.5,0.01705160045632971,3,39,"[{'cluster_no': -1, 'count': 39}, {'cluster_no': 0, 'count': 166}, {'cluster_no': 1, 'count': 32}]","[0, 0, 0, 0, -1, 0, 1, 0, 0, 0, 0, 0, -1, 0, 1, 1, 0, 0, 0, 0, 0, 0, -1, 0, 0, 0, -1, 0, 0, 0, 0, 0, -1, 0, 1, 0, 0, -1, 0, -1, 0, 1, 0, 0, 0, 0, 0, 0, 0, 0, -1, 0, 0, 0, -1, 1, -1, 0, 0, 0, 0, 0, 1, 0, 1, 0, 0, 0, 0, -1, 0, 1, 0, 1, 0, 0, 0, 1, 0, -1, 0, 1, 1, 0, 0, 0, 0, 1, 0, 1, 0, 0, 0, 0, 0, 0, 1, 0, 0, 1, 0, 0, 0, 0, 0, -1, 1, 0, 0, 1, 0, 1, 1, 1, 0, 0, 0, 0, 0, 0, 0, 0, 0, 0, 0, 0, 0, 0, 1, -1, 0, -1, 1, 0, 0, -1, 0, 0, 0, 0, 0, 0, 0, 0, 0, -1, -1, 1, 0, 1, -1, 0, 0, 0, 0, 0, -1, 0, 0, 1, 0, 0, 0, -1, 0, 0, 0, 1, 0, 0, 0, 0, -1, 0, 0, -1, 0, 1, -1, 0, 0, 0, 0, -1, 0, 1, 0, 0, 0, 0, 0, 0, 1, -1, 0, 0, -1, 0, 0, 0, -1, 0, 0, 0, 0, -1, 0, 0, 0, 0, 0, 0, 0, -1, -1, 0, -1, 0, 0, 0, 1, 0, 0, 0, -1, -1, 0, -1, -1, -1, -1, 0, 0, 0, 0, 0, -1]"
150,1,19,1.0,0.01705160045632971,3,39,"[{'cluster_no': -1, 'count': 39}, {'cluster_no': 0, 'count': 166}, {'cluster_no': 1, 'count': 32}]","[0, 0, 0, 0, -1, 0, 1, 0, 0, 0, 0, 0, -1, 0, 1, 1, 0, 0, 0, 0, 0, 0, -1, 0, 0, 0, -1, 0, 0, 0, 0, 0, -1, 0, 1, 0, 0, -1, 0, -1, 0, 1, 0, 0, 0, 0, 0, 0, 0, 0, -1, 0, 0, 0, -1, 1, -1, 0, 0, 0, 0, 0, 1, 0, 1, 0, 0, 0, 0, -1, 0, 1, 0, 1, 0, 0, 0, 1, 0, -1, 0, 1, 1, 0, 0, 0, 0, 1, 0, 1, 0, 0, 0, 0, 0, 0, 1, 0, 0, 1, 0, 0, 0, 0, 0, -1, 1, 0, 0, 1, 0, 1, 1, 1, 0, 0, 0, 0, 0, 0, 0, 0, 0, 0, 0, 0, 0, 0, 1, -1, 0, -1, 1, 0, 0, -1, 0, 0, 0, 0, 0, 0, 0, 0, 0, -1, -1, 1, 0, 1, -1, 0, 0, 0, 0, 0, -1, 0, 0, 1, 0, 0, 0, -1, 0, 0, 0, 1, 0, 0, 0, 0, -1, 0, 0, -1, 0, 1, -1, 0, 0, 0, 0, -1, 0, 1, 0, 0, 0, 0, 0, 0, 1, -1, 0, 0, -1, 0, 0, 0, -1, 0, 0, 0, 0, -1, 0, 0, 0, 0, 0, 0, 0, -1, -1, 0, -1, 0, 0, 0, 1, 0, 0, 0, -1, -1, 0, -1, -1, -1, -1, 0, 0, 0, 0, 0, -1]"
150,1,20,0.0,0.24241130492299437,5,46,"[{'cluster_no': -1, 'count': 46}, {'cluster_no': 0, 'count': 32}, {'cluster_no': 1, 'count': 69}, {'cluster_no': 2, 'count': 57}, {'cluster_no': 3, 'count': 33}]","[2, 1, 1, 2, -1, 1, 0, 1, 1, 1, 3, 1, -1, 3, 0, 0, 1, 1, 2, 2, 1, 1, -1, 2, 3, 1, -1, 3, 3, 2, 2, 2, -1, 1, 0, 2, 1, -1, 3, -1, 1, 0, 1, 2, 1, 2, 1, 1, 1, 3, -1, 1, 1, 2, -1, 0, -1, 2, 2, 3, 1, 2, 0, 2, 0, 3, 3, 3, 1, -1, 3, 0, 1, 0, 1, 1, 1, 0, 3, -1, 2, 0, 0, 2, 1, 3, 2, 0, 2, 0, 2, 1, 1, 2, 1, 1, 0, 1, 3, 0, 3, 1, 3, 2, 2, -1, 0, 3, 1, 0, 1, 0, 0, 0, -1, 1, 2, 2, 1, 1, 3, 3, 2, 3, 1, 3, 1, 3, 0, -1, 1, -1, 0, 3, 1, -1, 2, 3, 2, 1, 2, 1, -1, 2, -1, -1, -1, 0, 1, 0, -1, 1, 1, 2, 2, -1, -1, 2, 2, 0, 2, 3, 1, -1, 2, 1, 2, 0, 2, 3, 1, 1, -1, 1, 2, -1, 1, 0, -1, 2, 2, 2, 2, -1, 3, 0, 2, 3, 2, 3, 1, 1, 0, -1, 1, 1, -1, 1, 2, 1, -1, 1, 3, 1, 1, -1, -1, -1, 2, 2, 2, -1, 2, -1, -1, 3, -1, 3, 2, 2, 0, 1, 1, 1, -1, -1, 2, -1, -1, -1, -1, 1, 1, 2, 2, 2, -1]"
150,1,20,0.5,0.01705160045632971,3,39,"[{'cluster_no': -1, 'count': 39}, {'cluster_no': 0, 'count': 166}, {'cluster_no': 1, 'count': 32}]","[0, 0, 0, 0, -1, 0, 1, 0, 0, 0, 0, 0, -1, 0, 1, 1, 0, 0, 0, 0, 0, 0, -1, 0, 0, 0, -1, 0, 0, 0, 0, 0, -1, 0, 1, 0, 0, -1, 0, -1, 0, 1, 0, 0, 0, 0, 0, 0, 0, 0, -1, 0, 0, 0, -1, 1, -1, 0, 0, 0, 0, 0, 1, 0, 1, 0, 0, 0, 0, -1, 0, 1, 0, 1, 0, 0, 0, 1, 0, -1, 0, 1, 1, 0, 0, 0, 0, 1, 0, 1, 0, 0, 0, 0, 0, 0, 1, 0, 0, 1, 0, 0, 0, 0, 0, -1, 1, 0, 0, 1, 0, 1, 1, 1, 0, 0, 0, 0, 0, 0, 0, 0, 0, 0, 0, 0, 0, 0, 1, -1, 0, -1, 1, 0, 0, -1, 0, 0, 0, 0, 0, 0, 0, 0, 0, -1, -1, 1, 0, 1, -1, 0, 0, 0, 0, 0, -1, 0, 0, 1, 0, 0, 0, -1, 0, 0, 0, 1, 0, 0, 0, 0, -1, 0, 0, -1, 0, 1, -1, 0, 0, 0, 0, -1, 0, 1, 0, 0, 0, 0, 0, 0, 1, -1, 0, 0, -1, 0, 0, 0, -1, 0, 0, 0, 0, -1, 0, 0, 0, 0, 0, 0, 0, -1, -1, 0, -1, 0, 0, 0, 1, 0, 0, 0, -1, -1, 0, -1, -1, -1, -1, 0, 0, 0, 0, 0, -1]"
150,1,20,1.0,0.01705160045632971,3,39,"[{'cluster_no': -1, 'count': 39}, {'cluster_no': 0, 'count': 166}, {'cluster_no': 1, 'count': 32}]","[0, 0, 0, 0, -1, 0, 1, 0, 0, 0, 0, 0, -1, 0, 1, 1, 0, 0, 0, 0, 0, 0, -1, 0, 0, 0, -1, 0, 0, 0, 0, 0, -1, 0, 1, 0, 0, -1, 0, -1, 0, 1, 0, 0, 0, 0, 0, 0, 0, 0, -1, 0, 0, 0, -1, 1, -1, 0, 0, 0, 0, 0, 1, 0, 1, 0, 0, 0, 0, -1, 0, 1, 0, 1, 0, 0, 0, 1, 0, -1, 0, 1, 1, 0, 0, 0, 0, 1, 0, 1, 0, 0, 0, 0, 0, 0, 1, 0, 0, 1, 0, 0, 0, 0, 0, -1, 1, 0, 0, 1, 0, 1, 1, 1, 0, 0, 0, 0, 0, 0, 0, 0, 0, 0, 0, 0, 0, 0, 1, -1, 0, -1, 1, 0, 0, -1, 0, 0, 0, 0, 0, 0, 0, 0, 0, -1, -1, 1, 0, 1, -1, 0, 0, 0, 0, 0, -1, 0, 0, 1, 0, 0, 0, -1, 0, 0, 0, 1, 0, 0, 0, 0, -1, 0, 0, -1, 0, 1, -1, 0, 0, 0, 0, -1, 0, 1, 0, 0, 0, 0, 0, 0, 1, -1, 0, 0, -1, 0, 0, 0, -1, 0, 0, 0, 0, -1, 0, 0, 0, 0, 0, 0, 0, -1, -1, 0, -1, 0, 0, 0, 1, 0, 0, 0, -1, -1, 0, -1, -1, -1, -1, 0, 0, 0, 0, 0, -1]"
150,1,21,0.0,0.24241130492299437,5,46,"[{'cluster_no': -1, 'count': 46}, {'cluster_no': 0, 'count': 32}, {'cluster_no': 1, 'count': 69}, {'cluster_no': 2, 'count': 57}, {'cluster_no': 3, 'count': 33}]","[2, 1, 1, 2, -1, 1, 0, 1, 1, 1, 3, 1, -1, 3, 0, 0, 1, 1, 2, 2, 1, 1, -1, 2, 3, 1, -1, 3, 3, 2, 2, 2, -1, 1, 0, 2, 1, -1, 3, -1, 1, 0, 1, 2, 1, 2, 1, 1, 1, 3, -1, 1, 1, 2, -1, 0, -1, 2, 2, 3, 1, 2, 0, 2, 0, 3, 3, 3, 1, -1, 3, 0, 1, 0, 1, 1, 1, 0, 3, -1, 2, 0, 0, 2, 1, 3, 2, 0, 2, 0, 2, 1, 1, 2, 1, 1, 0, 1, 3, 0, 3, 1, 3, 2, 2, -1, 0, 3, 1, 0, 1, 0, 0, 0, -1, 1, 2, 2, 1, 1, 3, 3, 2, 3, 1, 3, 1, 3, 0, -1, 1, -1, 0, 3, 1, -1, 2, 3, 2, 1, 2, 1, -1, 2, -1, -1, -1, 0, 1, 0, -1, 1, 1, 2, 2, -1, -1, 2, 2, 0, 2, 3, 1, -1, 2, 1, 2, 0, 2, 3, 1, 1, -1, 1, 2, -1, 1, 0, -1, 2, 2, 2, 2, -1, 3, 0, 2, 3, 2, 3, 1, 1, 0, -1, 1, 1, -1, 1, 2, 1, -1, 1, 3, 1, 1, -1, -1, -1, 2, 2, 2, -1, 2, -1, -1, 3, -1, 3, 2, 2, 0, 1, 1, 1, -1, -1, 2, -1, -1, -1, -1, 1, 1, 2, 2, 2, -1]"
150,1,21,0.5,0.01705160045632971,3,39,"[{'cluster_no': -1, 'count': 39}, {'cluster_no': 0, 'count': 166}, {'cluster_no': 1, 'count': 32}]","[0, 0, 0, 0, -1, 0, 1, 0, 0, 0, 0, 0, -1, 0, 1, 1, 0, 0, 0, 0, 0, 0, -1, 0, 0, 0, -1, 0, 0, 0, 0, 0, -1, 0, 1, 0, 0, -1, 0, -1, 0, 1, 0, 0, 0, 0, 0, 0, 0, 0, -1, 0, 0, 0, -1, 1, -1, 0, 0, 0, 0, 0, 1, 0, 1, 0, 0, 0, 0, -1, 0, 1, 0, 1, 0, 0, 0, 1, 0, -1, 0, 1, 1, 0, 0, 0, 0, 1, 0, 1, 0, 0, 0, 0, 0, 0, 1, 0, 0, 1, 0, 0, 0, 0, 0, -1, 1, 0, 0, 1, 0, 1, 1, 1, 0, 0, 0, 0, 0, 0, 0, 0, 0, 0, 0, 0, 0, 0, 1, -1, 0, -1, 1, 0, 0, -1, 0, 0, 0, 0, 0, 0, 0, 0, 0, -1, -1, 1, 0, 1, -1, 0, 0, 0, 0, 0, -1, 0, 0, 1, 0, 0, 0, -1, 0, 0, 0, 1, 0, 0, 0, 0, -1, 0, 0, -1, 0, 1, -1, 0, 0, 0, 0, -1, 0, 1, 0, 0, 0, 0, 0, 0, 1, -1, 0, 0, -1, 0, 0, 0, -1, 0, 0, 0, 0, -1, 0, 0, 0, 0, 0, 0, 0, -1, -1, 0, -1, 0, 0, 0, 1, 0, 0, 0, -1, -1, 0, -1, -1, -1, -1, 0, 0, 0, 0, 0, -1]"
150,1,21,1.0,0.01705160045632971,3,39,"[{'cluster_no': -1, 'count': 39}, {'cluster_no': 0, 'count': 166}, {'cluster_no': 1, 'count': 32}]","[0, 0, 0, 0, -1, 0, 1, 0, 0, 0, 0, 0, -1, 0, 1, 1, 0, 0, 0, 0, 0, 0, -1, 0, 0, 0, -1, 0, 0, 0, 0, 0, -1, 0, 1, 0, 0, -1, 0, -1, 0, 1, 0, 0, 0, 0, 0, 0, 0, 0, -1, 0, 0, 0, -1, 1, -1, 0, 0, 0, 0, 0, 1, 0, 1, 0, 0, 0, 0, -1, 0, 1, 0, 1, 0, 0, 0, 1, 0, -1, 0, 1, 1, 0, 0, 0, 0, 1, 0, 1, 0, 0, 0, 0, 0, 0, 1, 0, 0, 1, 0, 0, 0, 0, 0, -1, 1, 0, 0, 1, 0, 1, 1, 1, 0, 0, 0, 0, 0, 0, 0, 0, 0, 0, 0, 0, 0, 0, 1, -1, 0, -1, 1, 0, 0, -1, 0, 0, 0, 0, 0, 0, 0, 0, 0, -1, -1, 1, 0, 1, -1, 0, 0, 0, 0, 0, -1, 0, 0, 1, 0, 0, 0, -1, 0, 0, 0, 1, 0, 0, 0, 0, -1, 0, 0, -1, 0, 1, -1, 0, 0, 0, 0, -1, 0, 1, 0, 0, 0, 0, 0, 0, 1, -1, 0, 0, -1, 0, 0, 0, -1, 0, 0, 0, 0, -1, 0, 0, 0, 0, 0, 0, 0, -1, -1, 0, -1, 0, 0, 0, 1, 0, 0, 0, -1, -1, 0, -1, -1, -1, -1, 0, 0, 0, 0, 0, -1]"
150,1,22,0.0,0.24241130492299437,5,46,"[{'cluster_no': -1, 'count': 46}, {'cluster_no': 0, 'count': 32}, {'cluster_no': 1, 'count': 69}, {'cluster_no': 2, 'count': 57}, {'cluster_no': 3, 'count': 33}]","[2, 1, 1, 2, -1, 1, 0, 1, 1, 1, 3, 1, -1, 3, 0, 0, 1, 1, 2, 2, 1, 1, -1, 2, 3, 1, -1, 3, 3, 2, 2, 2, -1, 1, 0, 2, 1, -1, 3, -1, 1, 0, 1, 2, 1, 2, 1, 1, 1, 3, -1, 1, 1, 2, -1, 0, -1, 2, 2, 3, 1, 2, 0, 2, 0, 3, 3, 3, 1, -1, 3, 0, 1, 0, 1, 1, 1, 0, 3, -1, 2, 0, 0, 2, 1, 3, 2, 0, 2, 0, 2, 1, 1, 2, 1, 1, 0, 1, 3, 0, 3, 1, 3, 2, 2, -1, 0, 3, 1, 0, 1, 0, 0, 0, -1, 1, 2, 2, 1, 1, 3, 3, 2, 3, 1, 3, 1, 3, 0, -1, 1, -1, 0, 3, 1, -1, 2, 3, 2, 1, 2, 1, -1, 2, -1, -1, -1, 0, 1, 0, -1, 1, 1, 2, 2, -1, -1, 2, 2, 0, 2, 3, 1, -1, 2, 1, 2, 0, 2, 3, 1, 1, -1, 1, 2, -1, 1, 0, -1, 2, 2, 2, 2, -1, 3, 0, 2, 3, 2, 3, 1, 1, 0, -1, 1, 1, -1, 1, 2, 1, -1, 1, 3, 1, 1, -1, -1, -1, 2, 2, 2, -1, 2, -1, -1, 3, -1, 3, 2, 2, 0, 1, 1, 1, -1, -1, 2, -1, -1, -1, -1, 1, 1, 2, 2, 2, -1]"
150,1,22,0.5,0.01705160045632971,3,39,"[{'cluster_no': -1, 'count': 39}, {'cluster_no': 0, 'count': 166}, {'cluster_no': 1, 'count': 32}]","[0, 0, 0, 0, -1, 0, 1, 0, 0, 0, 0, 0, -1, 0, 1, 1, 0, 0, 0, 0, 0, 0, -1, 0, 0, 0, -1, 0, 0, 0, 0, 0, -1, 0, 1, 0, 0, -1, 0, -1, 0, 1, 0, 0, 0, 0, 0, 0, 0, 0, -1, 0, 0, 0, -1, 1, -1, 0, 0, 0, 0, 0, 1, 0, 1, 0, 0, 0, 0, -1, 0, 1, 0, 1, 0, 0, 0, 1, 0, -1, 0, 1, 1, 0, 0, 0, 0, 1, 0, 1, 0, 0, 0, 0, 0, 0, 1, 0, 0, 1, 0, 0, 0, 0, 0, -1, 1, 0, 0, 1, 0, 1, 1, 1, 0, 0, 0, 0, 0, 0, 0, 0, 0, 0, 0, 0, 0, 0, 1, -1, 0, -1, 1, 0, 0, -1, 0, 0, 0, 0, 0, 0, 0, 0, 0, -1, -1, 1, 0, 1, -1, 0, 0, 0, 0, 0, -1, 0, 0, 1, 0, 0, 0, -1, 0, 0, 0, 1, 0, 0, 0, 0, -1, 0, 0, -1, 0, 1, -1, 0, 0, 0, 0, -1, 0, 1, 0, 0, 0, 0, 0, 0, 1, -1, 0, 0, -1, 0, 0, 0, -1, 0, 0, 0, 0, -1, 0, 0, 0, 0, 0, 0, 0, -1, -1, 0, -1, 0, 0, 0, 1, 0, 0, 0, -1, -1, 0, -1, -1, -1, -1, 0, 0, 0, 0, 0, -1]"
150,1,22,1.0,0.01705160045632971,3,39,"[{'cluster_no': -1, 'count': 39}, {'cluster_no': 0, 'count': 166}, {'cluster_no': 1, 'count': 32}]","[0, 0, 0, 0, -1, 0, 1, 0, 0, 0, 0, 0, -1, 0, 1, 1, 0, 0, 0, 0, 0, 0, -1, 0, 0, 0, -1, 0, 0, 0, 0, 0, -1, 0, 1, 0, 0, -1, 0, -1, 0, 1, 0, 0, 0, 0, 0, 0, 0, 0, -1, 0, 0, 0, -1, 1, -1, 0, 0, 0, 0, 0, 1, 0, 1, 0, 0, 0, 0, -1, 0, 1, 0, 1, 0, 0, 0, 1, 0, -1, 0, 1, 1, 0, 0, 0, 0, 1, 0, 1, 0, 0, 0, 0, 0, 0, 1, 0, 0, 1, 0, 0, 0, 0, 0, -1, 1, 0, 0, 1, 0, 1, 1, 1, 0, 0, 0, 0, 0, 0, 0, 0, 0, 0, 0, 0, 0, 0, 1, -1, 0, -1, 1, 0, 0, -1, 0, 0, 0, 0, 0, 0, 0, 0, 0, -1, -1, 1, 0, 1, -1, 0, 0, 0, 0, 0, -1, 0, 0, 1, 0, 0, 0, -1, 0, 0, 0, 1, 0, 0, 0, 0, -1, 0, 0, -1, 0, 1, -1, 0, 0, 0, 0, -1, 0, 1, 0, 0, 0, 0, 0, 0, 1, -1, 0, 0, -1, 0, 0, 0, -1, 0, 0, 0, 0, -1, 0, 0, 0, 0, 0, 0, 0, -1, -1, 0, -1, 0, 0, 0, 1, 0, 0, 0, -1, -1, 0, -1, -1, -1, -1, 0, 0, 0, 0, 0, -1]"
150,1,23,0.0,0.24241130492299437,5,46,"[{'cluster_no': -1, 'count': 46}, {'cluster_no': 0, 'count': 32}, {'cluster_no': 1, 'count': 69}, {'cluster_no': 2, 'count': 57}, {'cluster_no': 3, 'count': 33}]","[2, 1, 1, 2, -1, 1, 0, 1, 1, 1, 3, 1, -1, 3, 0, 0, 1, 1, 2, 2, 1, 1, -1, 2, 3, 1, -1, 3, 3, 2, 2, 2, -1, 1, 0, 2, 1, -1, 3, -1, 1, 0, 1, 2, 1, 2, 1, 1, 1, 3, -1, 1, 1, 2, -1, 0, -1, 2, 2, 3, 1, 2, 0, 2, 0, 3, 3, 3, 1, -1, 3, 0, 1, 0, 1, 1, 1, 0, 3, -1, 2, 0, 0, 2, 1, 3, 2, 0, 2, 0, 2, 1, 1, 2, 1, 1, 0, 1, 3, 0, 3, 1, 3, 2, 2, -1, 0, 3, 1, 0, 1, 0, 0, 0, -1, 1, 2, 2, 1, 1, 3, 3, 2, 3, 1, 3, 1, 3, 0, -1, 1, -1, 0, 3, 1, -1, 2, 3, 2, 1, 2, 1, -1, 2, -1, -1, -1, 0, 1, 0, -1, 1, 1, 2, 2, -1, -1, 2, 2, 0, 2, 3, 1, -1, 2, 1, 2, 0, 2, 3, 1, 1, -1, 1, 2, -1, 1, 0, -1, 2, 2, 2, 2, -1, 3, 0, 2, 3, 2, 3, 1, 1, 0, -1, 1, 1, -1, 1, 2, 1, -1, 1, 3, 1, 1, -1, -1, -1, 2, 2, 2, -1, 2, -1, -1, 3, -1, 3, 2, 2, 0, 1, 1, 1, -1, -1, 2, -1, -1, -1, -1, 1, 1, 2, 2, 2, -1]"
150,1,23,0.5,0.01705160045632971,3,39,"[{'cluster_no': -1, 'count': 39}, {'cluster_no': 0, 'count': 166}, {'cluster_no': 1, 'count': 32}]","[0, 0, 0, 0, -1, 0, 1, 0, 0, 0, 0, 0, -1, 0, 1, 1, 0, 0, 0, 0, 0, 0, -1, 0, 0, 0, -1, 0, 0, 0, 0, 0, -1, 0, 1, 0, 0, -1, 0, -1, 0, 1, 0, 0, 0, 0, 0, 0, 0, 0, -1, 0, 0, 0, -1, 1, -1, 0, 0, 0, 0, 0, 1, 0, 1, 0, 0, 0, 0, -1, 0, 1, 0, 1, 0, 0, 0, 1, 0, -1, 0, 1, 1, 0, 0, 0, 0, 1, 0, 1, 0, 0, 0, 0, 0, 0, 1, 0, 0, 1, 0, 0, 0, 0, 0, -1, 1, 0, 0, 1, 0, 1, 1, 1, 0, 0, 0, 0, 0, 0, 0, 0, 0, 0, 0, 0, 0, 0, 1, -1, 0, -1, 1, 0, 0, -1, 0, 0, 0, 0, 0, 0, 0, 0, 0, -1, -1, 1, 0, 1, -1, 0, 0, 0, 0, 0, -1, 0, 0, 1, 0, 0, 0, -1, 0, 0, 0, 1, 0, 0, 0, 0, -1, 0, 0, -1, 0, 1, -1, 0, 0, 0, 0, -1, 0, 1, 0, 0, 0, 0, 0, 0, 1, -1, 0, 0, -1, 0, 0, 0, -1, 0, 0, 0, 0, -1, 0, 0, 0, 0, 0, 0, 0, -1, -1, 0, -1, 0, 0, 0, 1, 0, 0, 0, -1, -1, 0, -1, -1, -1, -1, 0, 0, 0, 0, 0, -1]"
150,1,23,1.0,0.01705160045632971,3,39,"[{'cluster_no': -1, 'count': 39}, {'cluster_no': 0, 'count': 166}, {'cluster_no': 1, 'count': 32}]","[0, 0, 0, 0, -1, 0, 1, 0, 0, 0, 0, 0, -1, 0, 1, 1, 0, 0, 0, 0, 0, 0, -1, 0, 0, 0, -1, 0, 0, 0, 0, 0, -1, 0, 1, 0, 0, -1, 0, -1, 0, 1, 0, 0, 0, 0, 0, 0, 0, 0, -1, 0, 0, 0, -1, 1, -1, 0, 0, 0, 0, 0, 1, 0, 1, 0, 0, 0, 0, -1, 0, 1, 0, 1, 0, 0, 0, 1, 0, -1, 0, 1, 1, 0, 0, 0, 0, 1, 0, 1, 0, 0, 0, 0, 0, 0, 1, 0, 0, 1, 0, 0, 0, 0, 0, -1, 1, 0, 0, 1, 0, 1, 1, 1, 0, 0, 0, 0, 0, 0, 0, 0, 0, 0, 0, 0, 0, 0, 1, -1, 0, -1, 1, 0, 0, -1, 0, 0, 0, 0, 0, 0, 0, 0, 0, -1, -1, 1, 0, 1, -1, 0, 0, 0, 0, 0, -1, 0, 0, 1, 0, 0, 0, -1, 0, 0, 0, 1, 0, 0, 0, 0, -1, 0, 0, -1, 0, 1, -1, 0, 0, 0, 0, -1, 0, 1, 0, 0, 0, 0, 0, 0, 1, -1, 0, 0, -1, 0, 0, 0, -1, 0, 0, 0, 0, -1, 0, 0, 0, 0, 0, 0, 0, -1, -1, 0, -1, 0, 0, 0, 1, 0, 0, 0, -1, -1, 0, -1, -1, -1, -1, 0, 0, 0, 0, 0, -1]"
150,1,24,0.0,0.24241130492299437,5,46,"[{'cluster_no': -1, 'count': 46}, {'cluster_no': 0, 'count': 32}, {'cluster_no': 1, 'count': 69}, {'cluster_no': 2, 'count': 57}, {'cluster_no': 3, 'count': 33}]","[2, 1, 1, 2, -1, 1, 0, 1, 1, 1, 3, 1, -1, 3, 0, 0, 1, 1, 2, 2, 1, 1, -1, 2, 3, 1, -1, 3, 3, 2, 2, 2, -1, 1, 0, 2, 1, -1, 3, -1, 1, 0, 1, 2, 1, 2, 1, 1, 1, 3, -1, 1, 1, 2, -1, 0, -1, 2, 2, 3, 1, 2, 0, 2, 0, 3, 3, 3, 1, -1, 3, 0, 1, 0, 1, 1, 1, 0, 3, -1, 2, 0, 0, 2, 1, 3, 2, 0, 2, 0, 2, 1, 1, 2, 1, 1, 0, 1, 3, 0, 3, 1, 3, 2, 2, -1, 0, 3, 1, 0, 1, 0, 0, 0, -1, 1, 2, 2, 1, 1, 3, 3, 2, 3, 1, 3, 1, 3, 0, -1, 1, -1, 0, 3, 1, -1, 2, 3, 2, 1, 2, 1, -1, 2, -1, -1, -1, 0, 1, 0, -1, 1, 1, 2, 2, -1, -1, 2, 2, 0, 2, 3, 1, -1, 2, 1, 2, 0, 2, 3, 1, 1, -1, 1, 2, -1, 1, 0, -1, 2, 2, 2, 2, -1, 3, 0, 2, 3, 2, 3, 1, 1, 0, -1, 1, 1, -1, 1, 2, 1, -1, 1, 3, 1, 1, -1, -1, -1, 2, 2, 2, -1, 2, -1, -1, 3, -1, 3, 2, 2, 0, 1, 1, 1, -1, -1, 2, -1, -1, -1, -1, 1, 1, 2, 2, 2, -1]"
150,1,24,0.5,0.01705160045632971,3,39,"[{'cluster_no': -1, 'count': 39}, {'cluster_no': 0, 'count': 166}, {'cluster_no': 1, 'count': 32}]","[0, 0, 0, 0, -1, 0, 1, 0, 0, 0, 0, 0, -1, 0, 1, 1, 0, 0, 0, 0, 0, 0, -1, 0, 0, 0, -1, 0, 0, 0, 0, 0, -1, 0, 1, 0, 0, -1, 0, -1, 0, 1, 0, 0, 0, 0, 0, 0, 0, 0, -1, 0, 0, 0, -1, 1, -1, 0, 0, 0, 0, 0, 1, 0, 1, 0, 0, 0, 0, -1, 0, 1, 0, 1, 0, 0, 0, 1, 0, -1, 0, 1, 1, 0, 0, 0, 0, 1, 0, 1, 0, 0, 0, 0, 0, 0, 1, 0, 0, 1, 0, 0, 0, 0, 0, -1, 1, 0, 0, 1, 0, 1, 1, 1, 0, 0, 0, 0, 0, 0, 0, 0, 0, 0, 0, 0, 0, 0, 1, -1, 0, -1, 1, 0, 0, -1, 0, 0, 0, 0, 0, 0, 0, 0, 0, -1, -1, 1, 0, 1, -1, 0, 0, 0, 0, 0, -1, 0, 0, 1, 0, 0, 0, -1, 0, 0, 0, 1, 0, 0, 0, 0, -1, 0, 0, -1, 0, 1, -1, 0, 0, 0, 0, -1, 0, 1, 0, 0, 0, 0, 0, 0, 1, -1, 0, 0, -1, 0, 0, 0, -1, 0, 0, 0, 0, -1, 0, 0, 0, 0, 0, 0, 0, -1, -1, 0, -1, 0, 0, 0, 1, 0, 0, 0, -1, -1, 0, -1, -1, -1, -1, 0, 0, 0, 0, 0, -1]"
150,1,24,1.0,0.01705160045632971,3,39,"[{'cluster_no': -1, 'count': 39}, {'cluster_no': 0, 'count': 166}, {'cluster_no': 1, 'count': 32}]","[0, 0, 0, 0, -1, 0, 1, 0, 0, 0, 0, 0, -1, 0, 1, 1, 0, 0, 0, 0, 0, 0, -1, 0, 0, 0, -1, 0, 0, 0, 0, 0, -1, 0, 1, 0, 0, -1, 0, -1, 0, 1, 0, 0, 0, 0, 0, 0, 0, 0, -1, 0, 0, 0, -1, 1, -1, 0, 0, 0, 0, 0, 1, 0, 1, 0, 0, 0, 0, -1, 0, 1, 0, 1, 0, 0, 0, 1, 0, -1, 0, 1, 1, 0, 0, 0, 0, 1, 0, 1, 0, 0, 0, 0, 0, 0, 1, 0, 0, 1, 0, 0, 0, 0, 0, -1, 1, 0, 0, 1, 0, 1, 1, 1, 0, 0, 0, 0, 0, 0, 0, 0, 0, 0, 0, 0, 0, 0, 1, -1, 0, -1, 1, 0, 0, -1, 0, 0, 0, 0, 0, 0, 0, 0, 0, -1, -1, 1, 0, 1, -1, 0, 0, 0, 0, 0, -1, 0, 0, 1, 0, 0, 0, -1, 0, 0, 0, 1, 0, 0, 0, 0, -1, 0, 0, -1, 0, 1, -1, 0, 0, 0, 0, -1, 0, 1, 0, 0, 0, 0, 0, 0, 1, -1, 0, 0, -1, 0, 0, 0, -1, 0, 0, 0, 0, -1, 0, 0, 0, 0, 0, 0, 0, -1, -1, 0, -1, 0, 0, 0, 1, 0, 0, 0, -1, -1, 0, -1, -1, -1, -1, 0, 0, 0, 0, 0, -1]"
150,1,25,0.0,0.24241130492299437,5,46,"[{'cluster_no': -1, 'count': 46}, {'cluster_no': 0, 'count': 32}, {'cluster_no': 1, 'count': 69}, {'cluster_no': 2, 'count': 57}, {'cluster_no': 3, 'count': 33}]","[2, 1, 1, 2, -1, 1, 0, 1, 1, 1, 3, 1, -1, 3, 0, 0, 1, 1, 2, 2, 1, 1, -1, 2, 3, 1, -1, 3, 3, 2, 2, 2, -1, 1, 0, 2, 1, -1, 3, -1, 1, 0, 1, 2, 1, 2, 1, 1, 1, 3, -1, 1, 1, 2, -1, 0, -1, 2, 2, 3, 1, 2, 0, 2, 0, 3, 3, 3, 1, -1, 3, 0, 1, 0, 1, 1, 1, 0, 3, -1, 2, 0, 0, 2, 1, 3, 2, 0, 2, 0, 2, 1, 1, 2, 1, 1, 0, 1, 3, 0, 3, 1, 3, 2, 2, -1, 0, 3, 1, 0, 1, 0, 0, 0, -1, 1, 2, 2, 1, 1, 3, 3, 2, 3, 1, 3, 1, 3, 0, -1, 1, -1, 0, 3, 1, -1, 2, 3, 2, 1, 2, 1, -1, 2, -1, -1, -1, 0, 1, 0, -1, 1, 1, 2, 2, -1, -1, 2, 2, 0, 2, 3, 1, -1, 2, 1, 2, 0, 2, 3, 1, 1, -1, 1, 2, -1, 1, 0, -1, 2, 2, 2, 2, -1, 3, 0, 2, 3, 2, 3, 1, 1, 0, -1, 1, 1, -1, 1, 2, 1, -1, 1, 3, 1, 1, -1, -1, -1, 2, 2, 2, -1, 2, -1, -1, 3, -1, 3, 2, 2, 0, 1, 1, 1, -1, -1, 2, -1, -1, -1, -1, 1, 1, 2, 2, 2, -1]"
150,1,25,0.5,0.01705160045632971,3,39,"[{'cluster_no': -1, 'count': 39}, {'cluster_no': 0, 'count': 166}, {'cluster_no': 1, 'count': 32}]","[0, 0, 0, 0, -1, 0, 1, 0, 0, 0, 0, 0, -1, 0, 1, 1, 0, 0, 0, 0, 0, 0, -1, 0, 0, 0, -1, 0, 0, 0, 0, 0, -1, 0, 1, 0, 0, -1, 0, -1, 0, 1, 0, 0, 0, 0, 0, 0, 0, 0, -1, 0, 0, 0, -1, 1, -1, 0, 0, 0, 0, 0, 1, 0, 1, 0, 0, 0, 0, -1, 0, 1, 0, 1, 0, 0, 0, 1, 0, -1, 0, 1, 1, 0, 0, 0, 0, 1, 0, 1, 0, 0, 0, 0, 0, 0, 1, 0, 0, 1, 0, 0, 0, 0, 0, -1, 1, 0, 0, 1, 0, 1, 1, 1, 0, 0, 0, 0, 0, 0, 0, 0, 0, 0, 0, 0, 0, 0, 1, -1, 0, -1, 1, 0, 0, -1, 0, 0, 0, 0, 0, 0, 0, 0, 0, -1, -1, 1, 0, 1, -1, 0, 0, 0, 0, 0, -1, 0, 0, 1, 0, 0, 0, -1, 0, 0, 0, 1, 0, 0, 0, 0, -1, 0, 0, -1, 0, 1, -1, 0, 0, 0, 0, -1, 0, 1, 0, 0, 0, 0, 0, 0, 1, -1, 0, 0, -1, 0, 0, 0, -1, 0, 0, 0, 0, -1, 0, 0, 0, 0, 0, 0, 0, -1, -1, 0, -1, 0, 0, 0, 1, 0, 0, 0, -1, -1, 0, -1, -1, -1, -1, 0, 0, 0, 0, 0, -1]"
150,1,25,1.0,0.01705160045632971,3,39,"[{'cluster_no': -1, 'count': 39}, {'cluster_no': 0, 'count': 166}, {'cluster_no': 1, 'count': 32}]","[0, 0, 0, 0, -1, 0, 1, 0, 0, 0, 0, 0, -1, 0, 1, 1, 0, 0, 0, 0, 0, 0, -1, 0, 0, 0, -1, 0, 0, 0, 0, 0, -1, 0, 1, 0, 0, -1, 0, -1, 0, 1, 0, 0, 0, 0, 0, 0, 0, 0, -1, 0, 0, 0, -1, 1, -1, 0, 0, 0, 0, 0, 1, 0, 1, 0, 0, 0, 0, -1, 0, 1, 0, 1, 0, 0, 0, 1, 0, -1, 0, 1, 1, 0, 0, 0, 0, 1, 0, 1, 0, 0, 0, 0, 0, 0, 1, 0, 0, 1, 0, 0, 0, 0, 0, -1, 1, 0, 0, 1, 0, 1, 1, 1, 0, 0, 0, 0, 0, 0, 0, 0, 0, 0, 0, 0, 0, 0, 1, -1, 0, -1, 1, 0, 0, -1, 0, 0, 0, 0, 0, 0, 0, 0, 0, -1, -1, 1, 0, 1, -1, 0, 0, 0, 0, 0, -1, 0, 0, 1, 0, 0, 0, -1, 0, 0, 0, 1, 0, 0, 0, 0, -1, 0, 0, -1, 0, 1, -1, 0, 0, 0, 0, -1, 0, 1, 0, 0, 0, 0, 0, 0, 1, -1, 0, 0, -1, 0, 0, 0, -1, 0, 0, 0, 0, -1, 0, 0, 0, 0, 0, 0, 0, -1, -1, 0, -1, 0, 0, 0, 1, 0, 0, 0, -1, -1, 0, -1, -1, -1, -1, 0, 0, 0, 0, 0, -1]"
150,1,26,0.0,0.24241130492299437,5,46,"[{'cluster_no': -1, 'count': 46}, {'cluster_no': 0, 'count': 32}, {'cluster_no': 1, 'count': 69}, {'cluster_no': 2, 'count': 57}, {'cluster_no': 3, 'count': 33}]","[2, 1, 1, 2, -1, 1, 0, 1, 1, 1, 3, 1, -1, 3, 0, 0, 1, 1, 2, 2, 1, 1, -1, 2, 3, 1, -1, 3, 3, 2, 2, 2, -1, 1, 0, 2, 1, -1, 3, -1, 1, 0, 1, 2, 1, 2, 1, 1, 1, 3, -1, 1, 1, 2, -1, 0, -1, 2, 2, 3, 1, 2, 0, 2, 0, 3, 3, 3, 1, -1, 3, 0, 1, 0, 1, 1, 1, 0, 3, -1, 2, 0, 0, 2, 1, 3, 2, 0, 2, 0, 2, 1, 1, 2, 1, 1, 0, 1, 3, 0, 3, 1, 3, 2, 2, -1, 0, 3, 1, 0, 1, 0, 0, 0, -1, 1, 2, 2, 1, 1, 3, 3, 2, 3, 1, 3, 1, 3, 0, -1, 1, -1, 0, 3, 1, -1, 2, 3, 2, 1, 2, 1, -1, 2, -1, -1, -1, 0, 1, 0, -1, 1, 1, 2, 2, -1, -1, 2, 2, 0, 2, 3, 1, -1, 2, 1, 2, 0, 2, 3, 1, 1, -1, 1, 2, -1, 1, 0, -1, 2, 2, 2, 2, -1, 3, 0, 2, 3, 2, 3, 1, 1, 0, -1, 1, 1, -1, 1, 2, 1, -1, 1, 3, 1, 1, -1, -1, -1, 2, 2, 2, -1, 2, -1, -1, 3, -1, 3, 2, 2, 0, 1, 1, 1, -1, -1, 2, -1, -1, -1, -1, 1, 1, 2, 2, 2, -1]"
150,1,26,0.5,0.01705160045632971,3,39,"[{'cluster_no': -1, 'count': 39}, {'cluster_no': 0, 'count': 166}, {'cluster_no': 1, 'count': 32}]","[0, 0, 0, 0, -1, 0, 1, 0, 0, 0, 0, 0, -1, 0, 1, 1, 0, 0, 0, 0, 0, 0, -1, 0, 0, 0, -1, 0, 0, 0, 0, 0, -1, 0, 1, 0, 0, -1, 0, -1, 0, 1, 0, 0, 0, 0, 0, 0, 0, 0, -1, 0, 0, 0, -1, 1, -1, 0, 0, 0, 0, 0, 1, 0, 1, 0, 0, 0, 0, -1, 0, 1, 0, 1, 0, 0, 0, 1, 0, -1, 0, 1, 1, 0, 0, 0, 0, 1, 0, 1, 0, 0, 0, 0, 0, 0, 1, 0, 0, 1, 0, 0, 0, 0, 0, -1, 1, 0, 0, 1, 0, 1, 1, 1, 0, 0, 0, 0, 0, 0, 0, 0, 0, 0, 0, 0, 0, 0, 1, -1, 0, -1, 1, 0, 0, -1, 0, 0, 0, 0, 0, 0, 0, 0, 0, -1, -1, 1, 0, 1, -1, 0, 0, 0, 0, 0, -1, 0, 0, 1, 0, 0, 0, -1, 0, 0, 0, 1, 0, 0, 0, 0, -1, 0, 0, -1, 0, 1, -1, 0, 0, 0, 0, -1, 0, 1, 0, 0, 0, 0, 0, 0, 1, -1, 0, 0, -1, 0, 0, 0, -1, 0, 0, 0, 0, -1, 0, 0, 0, 0, 0, 0, 0, -1, -1, 0, -1, 0, 0, 0, 1, 0, 0, 0, -1, -1, 0, -1, -1, -1, -1, 0, 0, 0, 0, 0, -1]"
150,1,26,1.0,0.01705160045632971,3,39,"[{'cluster_no': -1, 'count': 39}, {'cluster_no': 0, 'count': 166}, {'cluster_no': 1, 'count': 32}]","[0, 0, 0, 0, -1, 0, 1, 0, 0, 0, 0, 0, -1, 0, 1, 1, 0, 0, 0, 0, 0, 0, -1, 0, 0, 0, -1, 0, 0, 0, 0, 0, -1, 0, 1, 0, 0, -1, 0, -1, 0, 1, 0, 0, 0, 0, 0, 0, 0, 0, -1, 0, 0, 0, -1, 1, -1, 0, 0, 0, 0, 0, 1, 0, 1, 0, 0, 0, 0, -1, 0, 1, 0, 1, 0, 0, 0, 1, 0, -1, 0, 1, 1, 0, 0, 0, 0, 1, 0, 1, 0, 0, 0, 0, 0, 0, 1, 0, 0, 1, 0, 0, 0, 0, 0, -1, 1, 0, 0, 1, 0, 1, 1, 1, 0, 0, 0, 0, 0, 0, 0, 0, 0, 0, 0, 0, 0, 0, 1, -1, 0, -1, 1, 0, 0, -1, 0, 0, 0, 0, 0, 0, 0, 0, 0, -1, -1, 1, 0, 1, -1, 0, 0, 0, 0, 0, -1, 0, 0, 1, 0, 0, 0, -1, 0, 0, 0, 1, 0, 0, 0, 0, -1, 0, 0, -1, 0, 1, -1, 0, 0, 0, 0, -1, 0, 1, 0, 0, 0, 0, 0, 0, 1, -1, 0, 0, -1, 0, 0, 0, -1, 0, 0, 0, 0, -1, 0, 0, 0, 0, 0, 0, 0, -1, -1, 0, -1, 0, 0, 0, 1, 0, 0, 0, -1, -1, 0, -1, -1, -1, -1, 0, 0, 0, 0, 0, -1]"
150,1,27,0.0,0.24241130492299437,5,46,"[{'cluster_no': -1, 'count': 46}, {'cluster_no': 0, 'count': 32}, {'cluster_no': 1, 'count': 69}, {'cluster_no': 2, 'count': 57}, {'cluster_no': 3, 'count': 33}]","[2, 1, 1, 2, -1, 1, 0, 1, 1, 1, 3, 1, -1, 3, 0, 0, 1, 1, 2, 2, 1, 1, -1, 2, 3, 1, -1, 3, 3, 2, 2, 2, -1, 1, 0, 2, 1, -1, 3, -1, 1, 0, 1, 2, 1, 2, 1, 1, 1, 3, -1, 1, 1, 2, -1, 0, -1, 2, 2, 3, 1, 2, 0, 2, 0, 3, 3, 3, 1, -1, 3, 0, 1, 0, 1, 1, 1, 0, 3, -1, 2, 0, 0, 2, 1, 3, 2, 0, 2, 0, 2, 1, 1, 2, 1, 1, 0, 1, 3, 0, 3, 1, 3, 2, 2, -1, 0, 3, 1, 0, 1, 0, 0, 0, -1, 1, 2, 2, 1, 1, 3, 3, 2, 3, 1, 3, 1, 3, 0, -1, 1, -1, 0, 3, 1, -1, 2, 3, 2, 1, 2, 1, -1, 2, -1, -1, -1, 0, 1, 0, -1, 1, 1, 2, 2, -1, -1, 2, 2, 0, 2, 3, 1, -1, 2, 1, 2, 0, 2, 3, 1, 1, -1, 1, 2, -1, 1, 0, -1, 2, 2, 2, 2, -1, 3, 0, 2, 3, 2, 3, 1, 1, 0, -1, 1, 1, -1, 1, 2, 1, -1, 1, 3, 1, 1, -1, -1, -1, 2, 2, 2, -1, 2, -1, -1, 3, -1, 3, 2, 2, 0, 1, 1, 1, -1, -1, 2, -1, -1, -1, -1, 1, 1, 2, 2, 2, -1]"
150,1,27,0.5,0.01705160045632971,3,39,"[{'cluster_no': -1, 'count': 39}, {'cluster_no': 0, 'count': 166}, {'cluster_no': 1, 'count': 32}]","[0, 0, 0, 0, -1, 0, 1, 0, 0, 0, 0, 0, -1, 0, 1, 1, 0, 0, 0, 0, 0, 0, -1, 0, 0, 0, -1, 0, 0, 0, 0, 0, -1, 0, 1, 0, 0, -1, 0, -1, 0, 1, 0, 0, 0, 0, 0, 0, 0, 0, -1, 0, 0, 0, -1, 1, -1, 0, 0, 0, 0, 0, 1, 0, 1, 0, 0, 0, 0, -1, 0, 1, 0, 1, 0, 0, 0, 1, 0, -1, 0, 1, 1, 0, 0, 0, 0, 1, 0, 1, 0, 0, 0, 0, 0, 0, 1, 0, 0, 1, 0, 0, 0, 0, 0, -1, 1, 0, 0, 1, 0, 1, 1, 1, 0, 0, 0, 0, 0, 0, 0, 0, 0, 0, 0, 0, 0, 0, 1, -1, 0, -1, 1, 0, 0, -1, 0, 0, 0, 0, 0, 0, 0, 0, 0, -1, -1, 1, 0, 1, -1, 0, 0, 0, 0, 0, -1, 0, 0, 1, 0, 0, 0, -1, 0, 0, 0, 1, 0, 0, 0, 0, -1, 0, 0, -1, 0, 1, -1, 0, 0, 0, 0, -1, 0, 1, 0, 0, 0, 0, 0, 0, 1, -1, 0, 0, -1, 0, 0, 0, -1, 0, 0, 0, 0, -1, 0, 0, 0, 0, 0, 0, 0, -1, -1, 0, -1, 0, 0, 0, 1, 0, 0, 0, -1, -1, 0, -1, -1, -1, -1, 0, 0, 0, 0, 0, -1]"
150,1,27,1.0,0.01705160045632971,3,39,"[{'cluster_no': -1, 'count': 39}, {'cluster_no': 0, 'count': 166}, {'cluster_no': 1, 'count': 32}]","[0, 0, 0, 0, -1, 0, 1, 0, 0, 0, 0, 0, -1, 0, 1, 1, 0, 0, 0, 0, 0, 0, -1, 0, 0, 0, -1, 0, 0, 0, 0, 0, -1, 0, 1, 0, 0, -1, 0, -1, 0, 1, 0, 0, 0, 0, 0, 0, 0, 0, -1, 0, 0, 0, -1, 1, -1, 0, 0, 0, 0, 0, 1, 0, 1, 0, 0, 0, 0, -1, 0, 1, 0, 1, 0, 0, 0, 1, 0, -1, 0, 1, 1, 0, 0, 0, 0, 1, 0, 1, 0, 0, 0, 0, 0, 0, 1, 0, 0, 1, 0, 0, 0, 0, 0, -1, 1, 0, 0, 1, 0, 1, 1, 1, 0, 0, 0, 0, 0, 0, 0, 0, 0, 0, 0, 0, 0, 0, 1, -1, 0, -1, 1, 0, 0, -1, 0, 0, 0, 0, 0, 0, 0, 0, 0, -1, -1, 1, 0, 1, -1, 0, 0, 0, 0, 0, -1, 0, 0, 1, 0, 0, 0, -1, 0, 0, 0, 1, 0, 0, 0, 0, -1, 0, 0, -1, 0, 1, -1, 0, 0, 0, 0, -1, 0, 1, 0, 0, 0, 0, 0, 0, 1, -1, 0, 0, -1, 0, 0, 0, -1, 0, 0, 0, 0, -1, 0, 0, 0, 0, 0, 0, 0, -1, -1, 0, -1, 0, 0, 0, 1, 0, 0, 0, -1, -1, 0, -1, -1, -1, -1, 0, 0, 0, 0, 0, -1]"
150,1,28,0.0,0.24241130492299437,5,46,"[{'cluster_no': -1, 'count': 46}, {'cluster_no': 0, 'count': 32}, {'cluster_no': 1, 'count': 69}, {'cluster_no': 2, 'count': 57}, {'cluster_no': 3, 'count': 33}]","[2, 1, 1, 2, -1, 1, 0, 1, 1, 1, 3, 1, -1, 3, 0, 0, 1, 1, 2, 2, 1, 1, -1, 2, 3, 1, -1, 3, 3, 2, 2, 2, -1, 1, 0, 2, 1, -1, 3, -1, 1, 0, 1, 2, 1, 2, 1, 1, 1, 3, -1, 1, 1, 2, -1, 0, -1, 2, 2, 3, 1, 2, 0, 2, 0, 3, 3, 3, 1, -1, 3, 0, 1, 0, 1, 1, 1, 0, 3, -1, 2, 0, 0, 2, 1, 3, 2, 0, 2, 0, 2, 1, 1, 2, 1, 1, 0, 1, 3, 0, 3, 1, 3, 2, 2, -1, 0, 3, 1, 0, 1, 0, 0, 0, -1, 1, 2, 2, 1, 1, 3, 3, 2, 3, 1, 3, 1, 3, 0, -1, 1, -1, 0, 3, 1, -1, 2, 3, 2, 1, 2, 1, -1, 2, -1, -1, -1, 0, 1, 0, -1, 1, 1, 2, 2, -1, -1, 2, 2, 0, 2, 3, 1, -1, 2, 1, 2, 0, 2, 3, 1, 1, -1, 1, 2, -1, 1, 0, -1, 2, 2, 2, 2, -1, 3, 0, 2, 3, 2, 3, 1, 1, 0, -1, 1, 1, -1, 1, 2, 1, -1, 1, 3, 1, 1, -1, -1, -1, 2, 2, 2, -1, 2, -1, -1, 3, -1, 3, 2, 2, 0, 1, 1, 1, -1, -1, 2, -1, -1, -1, -1, 1, 1, 2, 2, 2, -1]"
150,1,28,0.5,0.01705160045632971,3,39,"[{'cluster_no': -1, 'count': 39}, {'cluster_no': 0, 'count': 166}, {'cluster_no': 1, 'count': 32}]","[0, 0, 0, 0, -1, 0, 1, 0, 0, 0, 0, 0, -1, 0, 1, 1, 0, 0, 0, 0, 0, 0, -1, 0, 0, 0, -1, 0, 0, 0, 0, 0, -1, 0, 1, 0, 0, -1, 0, -1, 0, 1, 0, 0, 0, 0, 0, 0, 0, 0, -1, 0, 0, 0, -1, 1, -1, 0, 0, 0, 0, 0, 1, 0, 1, 0, 0, 0, 0, -1, 0, 1, 0, 1, 0, 0, 0, 1, 0, -1, 0, 1, 1, 0, 0, 0, 0, 1, 0, 1, 0, 0, 0, 0, 0, 0, 1, 0, 0, 1, 0, 0, 0, 0, 0, -1, 1, 0, 0, 1, 0, 1, 1, 1, 0, 0, 0, 0, 0, 0, 0, 0, 0, 0, 0, 0, 0, 0, 1, -1, 0, -1, 1, 0, 0, -1, 0, 0, 0, 0, 0, 0, 0, 0, 0, -1, -1, 1, 0, 1, -1, 0, 0, 0, 0, 0, -1, 0, 0, 1, 0, 0, 0, -1, 0, 0, 0, 1, 0, 0, 0, 0, -1, 0, 0, -1, 0, 1, -1, 0, 0, 0, 0, -1, 0, 1, 0, 0, 0, 0, 0, 0, 1, -1, 0, 0, -1, 0, 0, 0, -1, 0, 0, 0, 0, -1, 0, 0, 0, 0, 0, 0, 0, -1, -1, 0, -1, 0, 0, 0, 1, 0, 0, 0, -1, -1, 0, -1, -1, -1, -1, 0, 0, 0, 0, 0, -1]"
150,1,28,1.0,0.01705160045632971,3,39,"[{'cluster_no': -1, 'count': 39}, {'cluster_no': 0, 'count': 166}, {'cluster_no': 1, 'count': 32}]","[0, 0, 0, 0, -1, 0, 1, 0, 0, 0, 0, 0, -1, 0, 1, 1, 0, 0, 0, 0, 0, 0, -1, 0, 0, 0, -1, 0, 0, 0, 0, 0, -1, 0, 1, 0, 0, -1, 0, -1, 0, 1, 0, 0, 0, 0, 0, 0, 0, 0, -1, 0, 0, 0, -1, 1, -1, 0, 0, 0, 0, 0, 1, 0, 1, 0, 0, 0, 0, -1, 0, 1, 0, 1, 0, 0, 0, 1, 0, -1, 0, 1, 1, 0, 0, 0, 0, 1, 0, 1, 0, 0, 0, 0, 0, 0, 1, 0, 0, 1, 0, 0, 0, 0, 0, -1, 1, 0, 0, 1, 0, 1, 1, 1, 0, 0, 0, 0, 0, 0, 0, 0, 0, 0, 0, 0, 0, 0, 1, -1, 0, -1, 1, 0, 0, -1, 0, 0, 0, 0, 0, 0, 0, 0, 0, -1, -1, 1, 0, 1, -1, 0, 0, 0, 0, 0, -1, 0, 0, 1, 0, 0, 0, -1, 0, 0, 0, 1, 0, 0, 0, 0, -1, 0, 0, -1, 0, 1, -1, 0, 0, 0, 0, -1, 0, 1, 0, 0, 0, 0, 0, 0, 1, -1, 0, 0, -1, 0, 0, 0, -1, 0, 0, 0, 0, -1, 0, 0, 0, 0, 0, 0, 0, -1, -1, 0, -1, 0, 0, 0, 1, 0, 0, 0, -1, -1, 0, -1, -1, -1, -1, 0, 0, 0, 0, 0, -1]"
150,1,29,0.0,0.24241130492299437,5,46,"[{'cluster_no': -1, 'count': 46}, {'cluster_no': 0, 'count': 32}, {'cluster_no': 1, 'count': 69}, {'cluster_no': 2, 'count': 57}, {'cluster_no': 3, 'count': 33}]","[2, 1, 1, 2, -1, 1, 0, 1, 1, 1, 3, 1, -1, 3, 0, 0, 1, 1, 2, 2, 1, 1, -1, 2, 3, 1, -1, 3, 3, 2, 2, 2, -1, 1, 0, 2, 1, -1, 3, -1, 1, 0, 1, 2, 1, 2, 1, 1, 1, 3, -1, 1, 1, 2, -1, 0, -1, 2, 2, 3, 1, 2, 0, 2, 0, 3, 3, 3, 1, -1, 3, 0, 1, 0, 1, 1, 1, 0, 3, -1, 2, 0, 0, 2, 1, 3, 2, 0, 2, 0, 2, 1, 1, 2, 1, 1, 0, 1, 3, 0, 3, 1, 3, 2, 2, -1, 0, 3, 1, 0, 1, 0, 0, 0, -1, 1, 2, 2, 1, 1, 3, 3, 2, 3, 1, 3, 1, 3, 0, -1, 1, -1, 0, 3, 1, -1, 2, 3, 2, 1, 2, 1, -1, 2, -1, -1, -1, 0, 1, 0, -1, 1, 1, 2, 2, -1, -1, 2, 2, 0, 2, 3, 1, -1, 2, 1, 2, 0, 2, 3, 1, 1, -1, 1, 2, -1, 1, 0, -1, 2, 2, 2, 2, -1, 3, 0, 2, 3, 2, 3, 1, 1, 0, -1, 1, 1, -1, 1, 2, 1, -1, 1, 3, 1, 1, -1, -1, -1, 2, 2, 2, -1, 2, -1, -1, 3, -1, 3, 2, 2, 0, 1, 1, 1, -1, -1, 2, -1, -1, -1, -1, 1, 1, 2, 2, 2, -1]"
150,1,29,0.5,0.01705160045632971,3,39,"[{'cluster_no': -1, 'count': 39}, {'cluster_no': 0, 'count': 166}, {'cluster_no': 1, 'count': 32}]","[0, 0, 0, 0, -1, 0, 1, 0, 0, 0, 0, 0, -1, 0, 1, 1, 0, 0, 0, 0, 0, 0, -1, 0, 0, 0, -1, 0, 0, 0, 0, 0, -1, 0, 1, 0, 0, -1, 0, -1, 0, 1, 0, 0, 0, 0, 0, 0, 0, 0, -1, 0, 0, 0, -1, 1, -1, 0, 0, 0, 0, 0, 1, 0, 1, 0, 0, 0, 0, -1, 0, 1, 0, 1, 0, 0, 0, 1, 0, -1, 0, 1, 1, 0, 0, 0, 0, 1, 0, 1, 0, 0, 0, 0, 0, 0, 1, 0, 0, 1, 0, 0, 0, 0, 0, -1, 1, 0, 0, 1, 0, 1, 1, 1, 0, 0, 0, 0, 0, 0, 0, 0, 0, 0, 0, 0, 0, 0, 1, -1, 0, -1, 1, 0, 0, -1, 0, 0, 0, 0, 0, 0, 0, 0, 0, -1, -1, 1, 0, 1, -1, 0, 0, 0, 0, 0, -1, 0, 0, 1, 0, 0, 0, -1, 0, 0, 0, 1, 0, 0, 0, 0, -1, 0, 0, -1, 0, 1, -1, 0, 0, 0, 0, -1, 0, 1, 0, 0, 0, 0, 0, 0, 1, -1, 0, 0, -1, 0, 0, 0, -1, 0, 0, 0, 0, -1, 0, 0, 0, 0, 0, 0, 0, -1, -1, 0, -1, 0, 0, 0, 1, 0, 0, 0, -1, -1, 0, -1, -1, -1, -1, 0, 0, 0, 0, 0, -1]"
150,1,29,1.0,0.01705160045632971,3,39,"[{'cluster_no': -1, 'count': 39}, {'cluster_no': 0, 'count': 166}, {'cluster_no': 1, 'count': 32}]","[0, 0, 0, 0, -1, 0, 1, 0, 0, 0, 0, 0, -1, 0, 1, 1, 0, 0, 0, 0, 0, 0, -1, 0, 0, 0, -1, 0, 0, 0, 0, 0, -1, 0, 1, 0, 0, -1, 0, -1, 0, 1, 0, 0, 0, 0, 0, 0, 0, 0, -1, 0, 0, 0, -1, 1, -1, 0, 0, 0, 0, 0, 1, 0, 1, 0, 0, 0, 0, -1, 0, 1, 0, 1, 0, 0, 0, 1, 0, -1, 0, 1, 1, 0, 0, 0, 0, 1, 0, 1, 0, 0, 0, 0, 0, 0, 1, 0, 0, 1, 0, 0, 0, 0, 0, -1, 1, 0, 0, 1, 0, 1, 1, 1, 0, 0, 0, 0, 0, 0, 0, 0, 0, 0, 0, 0, 0, 0, 1, -1, 0, -1, 1, 0, 0, -1, 0, 0, 0, 0, 0, 0, 0, 0, 0, -1, -1, 1, 0, 1, -1, 0, 0, 0, 0, 0, -1, 0, 0, 1, 0, 0, 0, -1, 0, 0, 0, 1, 0, 0, 0, 0, -1, 0, 0, -1, 0, 1, -1, 0, 0, 0, 0, -1, 0, 1, 0, 0, 0, 0, 0, 0, 1, -1, 0, 0, -1, 0, 0, 0, -1, 0, 0, 0, 0, -1, 0, 0, 0, 0, 0, 0, 0, -1, -1, 0, -1, 0, 0, 0, 1, 0, 0, 0, -1, -1, 0, -1, -1, -1, -1, 0, 0, 0, 0, 0, -1]"
150,1,30,0.0,0.24241130492299437,5,46,"[{'cluster_no': -1, 'count': 46}, {'cluster_no': 0, 'count': 32}, {'cluster_no': 1, 'count': 69}, {'cluster_no': 2, 'count': 57}, {'cluster_no': 3, 'count': 33}]","[2, 1, 1, 2, -1, 1, 0, 1, 1, 1, 3, 1, -1, 3, 0, 0, 1, 1, 2, 2, 1, 1, -1, 2, 3, 1, -1, 3, 3, 2, 2, 2, -1, 1, 0, 2, 1, -1, 3, -1, 1, 0, 1, 2, 1, 2, 1, 1, 1, 3, -1, 1, 1, 2, -1, 0, -1, 2, 2, 3, 1, 2, 0, 2, 0, 3, 3, 3, 1, -1, 3, 0, 1, 0, 1, 1, 1, 0, 3, -1, 2, 0, 0, 2, 1, 3, 2, 0, 2, 0, 2, 1, 1, 2, 1, 1, 0, 1, 3, 0, 3, 1, 3, 2, 2, -1, 0, 3, 1, 0, 1, 0, 0, 0, -1, 1, 2, 2, 1, 1, 3, 3, 2, 3, 1, 3, 1, 3, 0, -1, 1, -1, 0, 3, 1, -1, 2, 3, 2, 1, 2, 1, -1, 2, -1, -1, -1, 0, 1, 0, -1, 1, 1, 2, 2, -1, -1, 2, 2, 0, 2, 3, 1, -1, 2, 1, 2, 0, 2, 3, 1, 1, -1, 1, 2, -1, 1, 0, -1, 2, 2, 2, 2, -1, 3, 0, 2, 3, 2, 3, 1, 1, 0, -1, 1, 1, -1, 1, 2, 1, -1, 1, 3, 1, 1, -1, -1, -1, 2, 2, 2, -1, 2, -1, -1, 3, -1, 3, 2, 2, 0, 1, 1, 1, -1, -1, 2, -1, -1, -1, -1, 1, 1, 2, 2, 2, -1]"
150,1,30,0.5,0.01705160045632971,3,39,"[{'cluster_no': -1, 'count': 39}, {'cluster_no': 0, 'count': 166}, {'cluster_no': 1, 'count': 32}]","[0, 0, 0, 0, -1, 0, 1, 0, 0, 0, 0, 0, -1, 0, 1, 1, 0, 0, 0, 0, 0, 0, -1, 0, 0, 0, -1, 0, 0, 0, 0, 0, -1, 0, 1, 0, 0, -1, 0, -1, 0, 1, 0, 0, 0, 0, 0, 0, 0, 0, -1, 0, 0, 0, -1, 1, -1, 0, 0, 0, 0, 0, 1, 0, 1, 0, 0, 0, 0, -1, 0, 1, 0, 1, 0, 0, 0, 1, 0, -1, 0, 1, 1, 0, 0, 0, 0, 1, 0, 1, 0, 0, 0, 0, 0, 0, 1, 0, 0, 1, 0, 0, 0, 0, 0, -1, 1, 0, 0, 1, 0, 1, 1, 1, 0, 0, 0, 0, 0, 0, 0, 0, 0, 0, 0, 0, 0, 0, 1, -1, 0, -1, 1, 0, 0, -1, 0, 0, 0, 0, 0, 0, 0, 0, 0, -1, -1, 1, 0, 1, -1, 0, 0, 0, 0, 0, -1, 0, 0, 1, 0, 0, 0, -1, 0, 0, 0, 1, 0, 0, 0, 0, -1, 0, 0, -1, 0, 1, -1, 0, 0, 0, 0, -1, 0, 1, 0, 0, 0, 0, 0, 0, 1, -1, 0, 0, -1, 0, 0, 0, -1, 0, 0, 0, 0, -1, 0, 0, 0, 0, 0, 0, 0, -1, -1, 0, -1, 0, 0, 0, 1, 0, 0, 0, -1, -1, 0, -1, -1, -1, -1, 0, 0, 0, 0, 0, -1]"
150,1,30,1.0,0.01705160045632971,3,39,"[{'cluster_no': -1, 'count': 39}, {'cluster_no': 0, 'count': 166}, {'cluster_no': 1, 'count': 32}]","[0, 0, 0, 0, -1, 0, 1, 0, 0, 0, 0, 0, -1, 0, 1, 1, 0, 0, 0, 0, 0, 0, -1, 0, 0, 0, -1, 0, 0, 0, 0, 0, -1, 0, 1, 0, 0, -1, 0, -1, 0, 1, 0, 0, 0, 0, 0, 0, 0, 0, -1, 0, 0, 0, -1, 1, -1, 0, 0, 0, 0, 0, 1, 0, 1, 0, 0, 0, 0, -1, 0, 1, 0, 1, 0, 0, 0, 1, 0, -1, 0, 1, 1, 0, 0, 0, 0, 1, 0, 1, 0, 0, 0, 0, 0, 0, 1, 0, 0, 1, 0, 0, 0, 0, 0, -1, 1, 0, 0, 1, 0, 1, 1, 1, 0, 0, 0, 0, 0, 0, 0, 0, 0, 0, 0, 0, 0, 0, 1, -1, 0, -1, 1, 0, 0, -1, 0, 0, 0, 0, 0, 0, 0, 0, 0, -1, -1, 1, 0, 1, -1, 0, 0, 0, 0, 0, -1, 0, 0, 1, 0, 0, 0, -1, 0, 0, 0, 1, 0, 0, 0, 0, -1, 0, 0, -1, 0, 1, -1, 0, 0, 0, 0, -1, 0, 1, 0, 0, 0, 0, 0, 0, 1, -1, 0, 0, -1, 0, 0, 0, -1, 0, 0, 0, 0, -1, 0, 0, 0, 0, 0, 0, 0, -1, -1, 0, -1, 0, 0, 0, 1, 0, 0, 0, -1, -1, 0, -1, -1, -1, -1, 0, 0, 0, 0, 0, -1]"
150,2,5,0.0,0.4767483654823525,22,56,"[{'cluster_no': -1, 'count': 56}, {'cluster_no': 0, 'count': 5}, {'cluster_no': 1, 'count': 6}, {'cluster_no': 2, 'count': 6}, {'cluster_no': 3, 'count': 10}, {'cluster_no': 4, 'count': 7}, {'cluster_no': 5, 'count': 13}, {'cluster_no': 6, 'count': 7}, {'cluster_no': 7, 'count': 8}, {'cluster_no': 8, 'count': 9}, {'cluster_no': 9, 'count': 6}, {'cluster_no': 10, 'count': 6}, {'cluster_no': 11, 'count': 10}, {'cluster_no': 12, 'count': 9}, {'cluster_no': 13, 'count': 5}, {'cluster_no': 14, 'count': 9}, {'cluster_no': 15, 'count': 9}, {'cluster_no': 16, 'count': 5}, {'cluster_no': 17, 'count': 17}, {'cluster_no': 18, 'count': 8}, {'cluster_no': 19, 'count': 13}, {'cluster_no': 20, 'count': 13}]","[17, 20, 20, -1, 1, 15, 6, 20, 20, 13, 8, 20, 0, 8, 5, -1, -1, -1, 14, 14, 19, -1, -1, -1, 8, 19, -1, 11, 11, -1, 17, -1, -1, 20, 6, 17, 19, 0, 11, 1, 15, 5, 13, -1, 20, 17, 19, 19, 20, 10, -1, 13, -1, 14, -1, 5, 0, 17, -1, 9, 12, 7, 3, 14, 5, 10, 9, 8, 19, -1, -1, -1, 20, 3, 15, 16, 12, 6, 11, -1, -1, 3, 3, 18, -1, 11, 14, 3, 17, 6, 14, 19, 12, 17, 19, 16, 5, 12, 9, 6, 10, 13, 11, 7, 17, -1, 5, 10, 15, 3, 15, 3, 5, 3, 4, 19, 17, -1, 15, 12, 10, 8, -1, 8, -1, 9, 20, 11, 5, 2, -1, 0, 6, 10, 19, 0, -1, -1, -1, 12, 18, 20, 4, -1, 4, 1, 1, 5, 19, 5, -1, 13, -1, 7, 7, 4, -1, 7, 17, 3, 18, 9, -1, 2, 18, 20, 17, 5, 17, 8, 15, 20, -1, -1, 17, -1, -1, 3, 1, 18, 7, 14, 7, -1, 8, 5, 17, 9, 7, 11, 16, 15, 5, 2, 19, -1, -1, 16, 18, 15, -1, 12, 8, 19, 12, 2, 4, 4, 18, 17, -1, 4, 18, 2, -1, 11, 1, 11, 17, -1, 6, 12, -1, -1, -1, 2, -1, -1, -1, -1, -1, 16, -1, 14, 17, 14, -1]"
150,2,5,0.5,-0.1532054031123076,3,14,"[{'cluster_no': -1, 'count': 14}, {'cluster_no': 0, 'count': 218}, {'cluster_no': 1, 'count': 5}]","[0, 0, 0, 0, 0, 0, 0, 0, 0, 0, 0, 0, 1, 0, 0, 0, 0, 0, 0, 0, 0, 0, -1, 0, 0, 0, -1, 0, 0, 0, 0, 0, -1, 0, 0, 0, 0, 1, 0, 0, 0, 0, 0, 0, 0, 0, 0, 0, 0, 0, 0, 0, 0, 0, -1, 0, 1, 0, 0, 0, 0, 0, 0, 0, 0, 0, 0, 0, 0, 0, 0, 0, 0, 0, 0, 0, 0, 0, 0, -1, 0, 0, 0, 0, 0, 0, 0, 0, 0, 0, 0, 0, 0, 0, 0, 0, 0, 0, 0, 0, 0, 0, 0, 0, 0, 0, 0, 0, 0, 0, 0, 0, 0, 0, 0, 0, 0, 0, 0, 0, 0, 0, 0, 0, 0, 0, 0, 0, 0, 0, 0, 1, 0, 0, 0, 1, 0, 0, 0, 0, 0, 0, 0, 0, 0, 0, 0, 0, 0, 0, -1, 0, 0, 0, 0, 0, -1, 0, 0, 0, 0, 0, 0, 0, 0, 0, 0, 0, 0, 0, 0, 0, 0, -1, 0, 0, 0, 0, 0, 0, 0, 0, 0, 0, 0, 0, 0, 0, 0, 0, 0, 0, 0, 0, 0, 0, 0, 0, 0, 0, -1, 0, 0, 0, 0, 0, 0, 0, 0, 0, 0, 0, 0, 0, -1, 0, 0, 0, 0, -1, 0, 0, 0, 0, -1, 0, 0, -1, 0, 0, 0, 0, 0, 0, 0, 0, -1]"
150,2,5,1.0,-0.1532054031123076,3,14,"[{'cluster_no': -1, 'count': 14}, {'cluster_no': 0, 'count': 218}, {'cluster_no': 1, 'count': 5}]","[0, 0, 0, 0, 0, 0, 0, 0, 0, 0, 0, 0, 1, 0, 0, 0, 0, 0, 0, 0, 0, 0, -1, 0, 0, 0, -1, 0, 0, 0, 0, 0, -1, 0, 0, 0, 0, 1, 0, 0, 0, 0, 0, 0, 0, 0, 0, 0, 0, 0, 0, 0, 0, 0, -1, 0, 1, 0, 0, 0, 0, 0, 0, 0, 0, 0, 0, 0, 0, 0, 0, 0, 0, 0, 0, 0, 0, 0, 0, -1, 0, 0, 0, 0, 0, 0, 0, 0, 0, 0, 0, 0, 0, 0, 0, 0, 0, 0, 0, 0, 0, 0, 0, 0, 0, 0, 0, 0, 0, 0, 0, 0, 0, 0, 0, 0, 0, 0, 0, 0, 0, 0, 0, 0, 0, 0, 0, 0, 0, 0, 0, 1, 0, 0, 0, 1, 0, 0, 0, 0, 0, 0, 0, 0, 0, 0, 0, 0, 0, 0, -1, 0, 0, 0, 0, 0, -1, 0, 0, 0, 0, 0, 0, 0, 0, 0, 0, 0, 0, 0, 0, 0, 0, -1, 0, 0, 0, 0, 0, 0, 0, 0, 0, 0, 0, 0, 0, 0, 0, 0, 0, 0, 0, 0, 0, 0, 0, 0, 0, 0, -1, 0, 0, 0, 0, 0, 0, 0, 0, 0, 0, 0, 0, 0, -1, 0, 0, 0, 0, -1, 0, 0, 0, 0, -1, 0, 0, -1, 0, 0, 0, 0, 0, 0, 0, 0, -1]"
150,2,6,0.0,0.41060033177064204,19,59,"[{'cluster_no': -1, 'count': 59}, {'cluster_no': 0, 'count': 6}, {'cluster_no': 1, 'count': 6}, {'cluster_no': 2, 'count': 10}, {'cluster_no': 3, 'count': 7}, {'cluster_no': 4, 'count': 13}, {'cluster_no': 5, 'count': 7}, {'cluster_no': 6, 'count': 8}, {'cluster_no': 7, 'count': 9}, {'cluster_no': 8, 'count': 15}, {'cluster_no': 9, 'count': 6}, {'cluster_no': 10, 'count': 6}, {'cluster_no': 11, 'count': 10}, {'cluster_no': 12, 'count': 15}, {'cluster_no': 13, 'count': 9}, {'cluster_no': 14, 'count': 17}, {'cluster_no': 15, 'count': 8}, {'cluster_no': 16, 'count': 13}, {'cluster_no': 17, 'count': 13}]","[14, 17, 17, -1, 0, 12, 5, 17, 17, 8, 7, 17, -1, 7, 4, -1, -1, -1, 13, 13, 16, -1, -1, -1, 7, 16, -1, 11, 11, -1, 14, -1, -1, 17, 5, 14, 16, -1, 11, 0, 12, 4, 8, -1, 17, 14, 16, 16, 17, 10, -1, 8, -1, 13, -1, 4, -1, 14, -1, 9, 8, 6, 2, 13, 4, 10, 9, 7, 16, -1, -1, -1, 17, 2, 12, 12, 8, 5, 11, -1, -1, 2, 2, 15, -1, 11, 13, 2, 14, 5, 13, 16, 8, 14, 16, 12, 4, 8, 9, 5, 10, 8, 11, 6, 14, -1, 4, 10, 12, 2, 12, 2, 4, 2, 3, 16, 14, -1, 12, 8, 10, 7, -1, 7, -1, 9, 17, 11, 4, 1, -1, -1, 5, 10, 16, -1, -1, -1, -1, 8, 15, 17, 3, -1, 3, 0, 0, 4, 16, 4, -1, 8, 8, 6, 6, 3, -1, 6, 14, 2, 15, 9, -1, 1, 15, 17, 14, 4, 14, 7, 12, 17, -1, -1, 14, -1, -1, 2, 0, 15, 6, 13, 6, -1, 7, 4, 14, 9, 6, 11, 12, 12, 4, 1, 16, 12, -1, 12, 15, 12, -1, 8, 7, 16, 8, 1, 3, 3, 15, 14, -1, 3, 15, 1, -1, 11, 0, 11, 14, -1, 5, 8, -1, -1, -1, 1, -1, -1, -1, -1, -1, 12, -1, 13, 14, 13, -1]"
150,2,6,0.5,-0.03100720554971189,3,32,"[{'cluster_no': -1, 'count': 32}, {'cluster_no': 0, 'count': 199}, {'cluster_no': 1, 'count': 6}]","[0, 0, 0, 0, 1, 0, 0, 0, 0, 0, 0, 0, -1, 0, 0, -1, -1, 0, 0, 0, 0, 0, -1, 0, 0, 0, -1, 0, 0, 0, 0, 0, -1, 0, 0, 0, 0, -1, 0, 1, 0, 0, 0, 0, 0, 0, 0, 0, 0, 0, -1, 0, 0, 0, -1, 0, -1, 0, 0, 0, 0, 0, 0, 0, 0, 0, 0, 0, 0, -1, 0, 0, 0, 0, 0, 0, 0, 0, 0, -1, 0, 0, 0, 0, 0, 0, 0, 0, 0, 0, 0, 0, 0, 0, 0, 0, 0, 0, 0, 0, 0, 0, 0, 0, 0, -1, 0, 0, 0, 0, 0, 0, 0, 0, 0, 0, 0, 0, 0, 0, 0, 0, 0, 0, 0, 0, 0, 0, 0, 0, 0, -1, 0, 0, 0, -1, 0, 0, 0, 0, 0, 0, 0, 0, 0, 1, 1, 0, 0, 0, -1, 0, 0, 0, 0, 0, -1, 0, 0, 0, 0, 0, 0, 0, 0, 0, 0, 0, 0, 0, 0, 0, -1, -1, 0, -1, 0, 0, 1, 0, 0, 0, 0, -1, 0, 0, 0, 0, 0, 0, 0, 0, 0, 0, 0, 0, -1, 0, 0, 0, -1, 0, 0, 0, 0, 0, 0, 0, 0, 0, 0, 0, 0, 0, -1, 0, 1, 0, 0, -1, 0, 0, 0, 0, -1, 0, 0, -1, -1, -1, -1, 0, -1, 0, 0, 0, -1]"
150,2,6,1.0,-0.03100720554971189,3,32,"[{'cluster_no': -1, 'count': 32}, {'cluster_no': 0, 'count': 199}, {'cluster_no': 1, 'count': 6}]","[0, 0, 0, 0, 1, 0, 0, 0, 0, 0, 0, 0, -1, 0, 0, -1, -1, 0, 0, 0, 0, 0, -1, 0, 0, 0, -1, 0, 0, 0, 0, 0, -1, 0, 0, 0, 0, -1, 0, 1, 0, 0, 0, 0, 0, 0, 0, 0, 0, 0, -1, 0, 0, 0, -1, 0, -1, 0, 0, 0, 0, 0, 0, 0, 0, 0, 0, 0, 0, -1, 0, 0, 0, 0, 0, 0, 0, 0, 0, -1, 0, 0, 0, 0, 0, 0, 0, 0, 0, 0, 0, 0, 0, 0, 0, 0, 0, 0, 0, 0, 0, 0, 0, 0, 0, -1, 0, 0, 0, 0, 0, 0, 0, 0, 0, 0, 0, 0, 0, 0, 0, 0, 0, 0, 0, 0, 0, 0, 0, 0, 0, -1, 0, 0, 0, -1, 0, 0, 0, 0, 0, 0, 0, 0, 0, 1, 1, 0, 0, 0, -1, 0, 0, 0, 0, 0, -1, 0, 0, 0, 0, 0, 0, 0, 0, 0, 0, 0, 0, 0, 0, 0, -1, -1, 0, -1, 0, 0, 1, 0, 0, 0, 0, -1, 0, 0, 0, 0, 0, 0, 0, 0, 0, 0, 0, 0, -1, 0, 0, 0, -1, 0, 0, 0, 0, 0, 0, 0, 0, 0, 0, 0, 0, 0, -1, 0, 1, 0, 0, -1, 0, 0, 0, 0, -1, 0, 0, -1, -1, -1, -1, 0, -1, 0, 0, 0, -1]"
150,2,7,0.0,0.36995612204490114,15,71,"[{'cluster_no': -1, 'count': 71}, {'cluster_no': 0, 'count': 10}, {'cluster_no': 1, 'count': 7}, {'cluster_no': 2, 'count': 13}, {'cluster_no': 3, 'count': 7}, {'cluster_no': 4, 'count': 8}, {'cluster_no': 5, 'count': 22}, {'cluster_no': 6, 'count': 9}, {'cluster_no': 7, 'count': 15}, {'cluster_no': 8, 'count': 15}, {'cluster_no': 9, 'count': 9}, {'cluster_no': 10, 'count': 17}, {'cluster_no': 11, 'count': 8}, {'cluster_no': 12, 'count': 13}, {'cluster_no': 13, 'count': 13}]","[10, 13, 13, -1, -1, 8, 3, 13, 13, 7, 6, 13, -1, 6, 2, -1, -1, -1, 9, 9, 12, -1, -1, -1, 6, 12, -1, 5, 5, -1, 10, -1, -1, 13, 3, 10, 12, -1, 5, -1, 8, 2, 7, -1, 13, 10, 12, 12, 13, 5, -1, 7, -1, 9, -1, 2, -1, 10, -1, 5, 7, 4, 0, 9, 2, 5, 5, 6, 12, -1, -1, -1, 13, 0, 8, 8, 7, 3, 5, -1, -1, 0, 0, 11, -1, 5, 9, 0, 10, 3, 9, 12, 7, 10, 12, 8, 2, 7, 5, 3, 5, 7, 5, 4, 10, -1, 2, 5, 8, 0, 8, 0, 2, 0, 1, 12, 10, -1, 8, 7, 5, 6, -1, 6, -1, 5, 13, 5, 2, -1, -1, -1, 3, 5, 12, -1, -1, -1, -1, 7, 11, 13, 1, -1, 1, -1, -1, 2, 12, 2, -1, 7, 7, 4, 4, 1, -1, 4, 10, 0, 11, 5, -1, -1, 11, 13, 10, 2, 10, 6, 8, 13, -1, -1, 10, -1, -1, 0, -1, 11, 4, 9, 4, -1, 6, 2, 10, 5, 4, 5, 8, 8, 2, -1, 12, 8, -1, 8, 11, 8, -1, 7, 6, 12, 7, -1, 1, 1, 11, 10, -1, 1, 11, -1, -1, 5, -1, 5, 10, -1, 3, 7, -1, -1, -1, -1, -1, -1, -1, -1, -1, 8, -1, 9, 10, 9, -1]"
150,2,7,0.5,0.013178559375559912,3,48,"[{'cluster_no': -1, 'count': 48}, {'cluster_no': 0, 'count': 158}, {'cluster_no': 1, 'count': 31}]","[0, 0, 0, -1, -1, 0, 1, 0, 0, 0, 0, 0, -1, 0, 1, -1, -1, 0, 0, 0, 0, 0, -1, 0, 0, 0, -1, 0, 0, 0, 0, 0, -1, 0, 1, 0, 0, -1, 0, -1, 0, 1, 0, 1, 0, 0, 0, 0, 0, 0, -1, 0, 0, 0, -1, 1, -1, 0, 0, 0, 0, 0, 1, 0, 1, 0, 0, 0, 0, -1, 0, -1, 0, 1, 0, 0, 0, 1, 0, -1, 0, 1, 1, 0, 0, 0, 0, 1, 0, 1, 0, 0, 0, 0, 0, 0, 1, 0, 0, 1, 0, 0, 0, 0, 0, -1, 1, 0, 0, 1, 0, 1, 1, 1, 0, 0, 0, 0, 0, 0, 0, 0, 0, 0, 0, 0, 0, 0, 1, -1, 0, -1, 1, 0, 0, -1, 0, 0, 0, 0, 0, 0, 0, -1, 0, -1, -1, 1, 0, 1, -1, 0, 0, 0, 0, 0, -1, 0, 0, 1, 0, 0, 0, -1, 0, 0, 0, 1, 0, 0, 0, 0, -1, -1, 0, -1, 0, 1, -1, 0, 0, 0, 0, -1, 0, 1, 0, 0, 0, 0, 0, 0, 1, -1, 0, 0, -1, 0, 0, 0, -1, 0, 0, 0, 0, -1, 0, 0, 0, 0, 0, 0, 0, -1, -1, 0, -1, 0, 0, -1, 1, 0, -1, 0, -1, -1, 0, -1, -1, -1, -1, 0, -1, 0, 0, 0, -1]"
150,2,7,1.0,0.013178559375559912,3,48,"[{'cluster_no': -1, 'count': 48}, {'cluster_no': 0, 'count': 158}, {'cluster_no': 1, 'count': 31}]","[0, 0, 0, -1, -1, 0, 1, 0, 0, 0, 0, 0, -1, 0, 1, -1, -1, 0, 0, 0, 0, 0, -1, 0, 0, 0, -1, 0, 0, 0, 0, 0, -1, 0, 1, 0, 0, -1, 0, -1, 0, 1, 0, 1, 0, 0, 0, 0, 0, 0, -1, 0, 0, 0, -1, 1, -1, 0, 0, 0, 0, 0, 1, 0, 1, 0, 0, 0, 0, -1, 0, -1, 0, 1, 0, 0, 0, 1, 0, -1, 0, 1, 1, 0, 0, 0, 0, 1, 0, 1, 0, 0, 0, 0, 0, 0, 1, 0, 0, 1, 0, 0, 0, 0, 0, -1, 1, 0, 0, 1, 0, 1, 1, 1, 0, 0, 0, 0, 0, 0, 0, 0, 0, 0, 0, 0, 0, 0, 1, -1, 0, -1, 1, 0, 0, -1, 0, 0, 0, 0, 0, 0, 0, -1, 0, -1, -1, 1, 0, 1, -1, 0, 0, 0, 0, 0, -1, 0, 0, 1, 0, 0, 0, -1, 0, 0, 0, 1, 0, 0, 0, 0, -1, -1, 0, -1, 0, 1, -1, 0, 0, 0, 0, -1, 0, 1, 0, 0, 0, 0, 0, 0, 1, -1, 0, 0, -1, 0, 0, 0, -1, 0, 0, 0, 0, -1, 0, 0, 0, 0, 0, 0, 0, -1, -1, 0, -1, 0, 0, -1, 1, 0, -1, 0, -1, -1, 0, -1, -1, -1, -1, 0, -1, 0, 0, 0, -1]"
150,2,8,0.0,0.4169981581589804,13,78,"[{'cluster_no': -1, 'count': 78}, {'cluster_no': 0, 'count': 10}, {'cluster_no': 1, 'count': 20}, {'cluster_no': 2, 'count': 8}, {'cluster_no': 3, 'count': 22}, {'cluster_no': 4, 'count': 9}, {'cluster_no': 5, 'count': 15}, {'cluster_no': 6, 'count': 15}, {'cluster_no': 7, 'count': 9}, {'cluster_no': 8, 'count': 17}, {'cluster_no': 9, 'count': 8}, {'cluster_no': 10, 'count': 13}, {'cluster_no': 11, 'count': 13}]","[8, 11, 11, -1, -1, 6, 1, 11, 11, 5, 4, 11, -1, 4, 1, -1, -1, -1, 7, 7, 10, -1, -1, -1, 4, 10, -1, 3, 3, -1, 8, -1, -1, 11, 1, 8, 10, -1, 3, -1, 6, 1, 5, -1, 11, 8, 10, 10, 11, 3, -1, 5, -1, 7, -1, 1, -1, 8, -1, 3, 5, 2, 0, 7, 1, 3, 3, 4, 10, -1, -1, -1, 11, 0, 6, 6, 5, 1, 3, -1, -1, 0, 0, 9, -1, 3, 7, 0, 8, 1, 7, 10, 5, 8, 10, 6, 1, 5, 3, 1, 3, 5, 3, 2, 8, -1, 1, 3, 6, 0, 6, 0, 1, 0, -1, 10, 8, -1, 6, 5, 3, 4, -1, 4, -1, 3, 11, 3, 1, -1, -1, -1, 1, 3, 10, -1, -1, -1, -1, 5, 9, 11, -1, -1, -1, -1, -1, 1, 10, 1, -1, 5, 5, 2, 2, -1, -1, 2, 8, 0, 9, 3, -1, -1, 9, 11, 8, 1, 8, 4, 6, 11, -1, -1, 8, -1, -1, 0, -1, 9, 2, 7, 2, -1, 4, 1, 8, 3, 2, 3, 6, 6, 1, -1, 10, 6, -1, 6, 9, 6, -1, 5, 4, 10, 5, -1, -1, -1, 9, 8, -1, -1, 9, -1, -1, 3, -1, 3, 8, -1, 1, 5, -1, -1, -1, -1, -1, -1, -1, -1, -1, 6, -1, 7, 8, 7, -1]"
150,2,8,0.5,0.013178559375559912,3,48,"[{'cluster_no': -1, 'count': 48}, {'cluster_no': 0, 'count': 158}, {'cluster_no': 1, 'count': 31}]","[0, 0, 0, -1, -1, 0, 1, 0, 0, 0, 0, 0, -1, 0, 1, -1, -1, 0, 0, 0, 0, 0, -1, 0, 0, 0, -1, 0, 0, 0, 0, 0, -1, 0, 1, 0, 0, -1, 0, -1, 0, 1, 0, 1, 0, 0, 0, 0, 0, 0, -1, 0, 0, 0, -1, 1, -1, 0, 0, 0, 0, 0, 1, 0, 1, 0, 0, 0, 0, -1, 0, -1, 0, 1, 0, 0, 0, 1, 0, -1, 0, 1, 1, 0, 0, 0, 0, 1, 0, 1, 0, 0, 0, 0, 0, 0, 1, 0, 0, 1, 0, 0, 0, 0, 0, -1, 1, 0, 0, 1, 0, 1, 1, 1, 0, 0, 0, 0, 0, 0, 0, 0, 0, 0, 0, 0, 0, 0, 1, -1, 0, -1, 1, 0, 0, -1, 0, 0, 0, 0, 0, 0, 0, -1, 0, -1, -1, 1, 0, 1, -1, 0, 0, 0, 0, 0, -1, 0, 0, 1, 0, 0, 0, -1, 0, 0, 0, 1, 0, 0, 0, 0, -1, -1, 0, -1, 0, 1, -1, 0, 0, 0, 0, -1, 0, 1, 0, 0, 0, 0, 0, 0, 1, -1, 0, 0, -1, 0, 0, 0, -1, 0, 0, 0, 0, -1, 0, 0, 0, 0, 0, 0, 0, -1, -1, 0, -1, 0, 0, -1, 1, 0, -1, 0, -1, -1, 0, -1, -1, -1, -1, 0, -1, 0, 0, 0, -1]"
150,2,8,1.0,0.013178559375559912,3,48,"[{'cluster_no': -1, 'count': 48}, {'cluster_no': 0, 'count': 158}, {'cluster_no': 1, 'count': 31}]","[0, 0, 0, -1, -1, 0, 1, 0, 0, 0, 0, 0, -1, 0, 1, -1, -1, 0, 0, 0, 0, 0, -1, 0, 0, 0, -1, 0, 0, 0, 0, 0, -1, 0, 1, 0, 0, -1, 0, -1, 0, 1, 0, 1, 0, 0, 0, 0, 0, 0, -1, 0, 0, 0, -1, 1, -1, 0, 0, 0, 0, 0, 1, 0, 1, 0, 0, 0, 0, -1, 0, -1, 0, 1, 0, 0, 0, 1, 0, -1, 0, 1, 1, 0, 0, 0, 0, 1, 0, 1, 0, 0, 0, 0, 0, 0, 1, 0, 0, 1, 0, 0, 0, 0, 0, -1, 1, 0, 0, 1, 0, 1, 1, 1, 0, 0, 0, 0, 0, 0, 0, 0, 0, 0, 0, 0, 0, 0, 1, -1, 0, -1, 1, 0, 0, -1, 0, 0, 0, 0, 0, 0, 0, -1, 0, -1, -1, 1, 0, 1, -1, 0, 0, 0, 0, 0, -1, 0, 0, 1, 0, 0, 0, -1, 0, 0, 0, 1, 0, 0, 0, 0, -1, -1, 0, -1, 0, 1, -1, 0, 0, 0, 0, -1, 0, 1, 0, 0, 0, 0, 0, 0, 1, -1, 0, 0, -1, 0, 0, 0, -1, 0, 0, 0, 0, -1, 0, 0, 0, 0, 0, 0, 0, -1, -1, 0, -1, 0, 0, -1, 1, 0, -1, 0, -1, -1, 0, -1, -1, -1, -1, 0, -1, 0, 0, 0, -1]"
150,2,9,0.0,0.40184452010570315,11,83,"[{'cluster_no': -1, 'count': 83}, {'cluster_no': 0, 'count': 10}, {'cluster_no': 1, 'count': 20}, {'cluster_no': 2, 'count': 22}, {'cluster_no': 3, 'count': 9}, {'cluster_no': 4, 'count': 15}, {'cluster_no': 5, 'count': 15}, {'cluster_no': 6, 'count': 28}, {'cluster_no': 7, 'count': 9}, {'cluster_no': 8, 'count': 13}, {'cluster_no': 9, 'count': 13}]","[6, 9, 9, -1, -1, 5, 1, 9, 9, 4, 3, 9, -1, 3, 1, -1, -1, -1, 7, 7, 8, -1, -1, -1, 3, 8, -1, 2, 2, 6, 6, -1, -1, 9, 1, 6, 8, -1, 2, -1, 5, 1, 4, -1, 9, 6, 8, 8, 9, 2, -1, 4, -1, 7, -1, 1, -1, 6, -1, 2, 4, -1, 0, 7, 1, 2, 2, 3, 8, -1, -1, -1, 9, 0, 5, 5, 4, 1, 2, -1, 6, 0, 0, 6, -1, 2, 7, 0, 6, 1, 7, 8, 4, 6, 8, 5, 1, 4, 2, 1, 2, 4, 2, -1, 6, -1, 1, 2, 5, 0, 5, 0, 1, 0, -1, 8, 6, 6, 5, 4, 2, 3, -1, 3, -1, 2, 9, 2, 1, -1, -1, -1, 1, 2, 8, -1, -1, -1, -1, 4, 6, 9, -1, -1, -1, -1, -1, 1, 8, 1, -1, 4, 4, -1, -1, -1, -1, -1, 6, 0, 6, 2, -1, -1, 6, 9, 6, 1, 6, 3, 5, 9, -1, -1, 6, -1, -1, 0, -1, 6, -1, 7, -1, -1, 3, 1, 6, 2, -1, 2, 5, 5, 1, -1, 8, 5, -1, 5, 6, 5, -1, 4, 3, 8, 4, -1, -1, -1, 6, 6, -1, -1, 6, -1, -1, 2, -1, 2, 6, -1, 1, 4, -1, -1, -1, -1, -1, -1, -1, -1, -1, 5, -1, 7, 6, 7, -1]"
150,2,9,0.5,0.013178559375559912,3,48,"[{'cluster_no': -1, 'count': 48}, {'cluster_no': 0, 'count': 158}, {'cluster_no': 1, 'count': 31}]","[0, 0, 0, -1, -1, 0, 1, 0, 0, 0, 0, 0, -1, 0, 1, -1, -1, 0, 0, 0, 0, 0, -1, 0, 0, 0, -1, 0, 0, 0, 0, 0, -1, 0, 1, 0, 0, -1, 0, -1, 0, 1, 0, 1, 0, 0, 0, 0, 0, 0, -1, 0, 0, 0, -1, 1, -1, 0, 0, 0, 0, 0, 1, 0, 1, 0, 0, 0, 0, -1, 0, -1, 0, 1, 0, 0, 0, 1, 0, -1, 0, 1, 1, 0, 0, 0, 0, 1, 0, 1, 0, 0, 0, 0, 0, 0, 1, 0, 0, 1, 0, 0, 0, 0, 0, -1, 1, 0, 0, 1, 0, 1, 1, 1, 0, 0, 0, 0, 0, 0, 0, 0, 0, 0, 0, 0, 0, 0, 1, -1, 0, -1, 1, 0, 0, -1, 0, 0, 0, 0, 0, 0, 0, -1, 0, -1, -1, 1, 0, 1, -1, 0, 0, 0, 0, 0, -1, 0, 0, 1, 0, 0, 0, -1, 0, 0, 0, 1, 0, 0, 0, 0, -1, -1, 0, -1, 0, 1, -1, 0, 0, 0, 0, -1, 0, 1, 0, 0, 0, 0, 0, 0, 1, -1, 0, 0, -1, 0, 0, 0, -1, 0, 0, 0, 0, -1, 0, 0, 0, 0, 0, 0, 0, -1, -1, 0, -1, 0, 0, -1, 1, 0, -1, 0, -1, -1, 0, -1, -1, -1, -1, 0, -1, 0, 0, 0, -1]"
150,2,9,1.0,0.013178559375559912,3,48,"[{'cluster_no': -1, 'count': 48}, {'cluster_no': 0, 'count': 158}, {'cluster_no': 1, 'count': 31}]","[0, 0, 0, -1, -1, 0, 1, 0, 0, 0, 0, 0, -1, 0, 1, -1, -1, 0, 0, 0, 0, 0, -1, 0, 0, 0, -1, 0, 0, 0, 0, 0, -1, 0, 1, 0, 0, -1, 0, -1, 0, 1, 0, 1, 0, 0, 0, 0, 0, 0, -1, 0, 0, 0, -1, 1, -1, 0, 0, 0, 0, 0, 1, 0, 1, 0, 0, 0, 0, -1, 0, -1, 0, 1, 0, 0, 0, 1, 0, -1, 0, 1, 1, 0, 0, 0, 0, 1, 0, 1, 0, 0, 0, 0, 0, 0, 1, 0, 0, 1, 0, 0, 0, 0, 0, -1, 1, 0, 0, 1, 0, 1, 1, 1, 0, 0, 0, 0, 0, 0, 0, 0, 0, 0, 0, 0, 0, 0, 1, -1, 0, -1, 1, 0, 0, -1, 0, 0, 0, 0, 0, 0, 0, -1, 0, -1, -1, 1, 0, 1, -1, 0, 0, 0, 0, 0, -1, 0, 0, 1, 0, 0, 0, -1, 0, 0, 0, 1, 0, 0, 0, 0, -1, -1, 0, -1, 0, 1, -1, 0, 0, 0, 0, -1, 0, 1, 0, 0, 0, 0, 0, 0, 1, -1, 0, 0, -1, 0, 0, 0, -1, 0, 0, 0, 0, -1, 0, 0, 0, 0, 0, 0, 0, -1, -1, 0, -1, 0, 0, -1, 1, 0, -1, 0, -1, -1, 0, -1, -1, -1, -1, 0, -1, 0, 0, 0, -1]"
150,2,10,0.0,0.193675061728099,9,67,"[{'cluster_no': -1, 'count': 67}, {'cluster_no': 0, 'count': 10}, {'cluster_no': 1, 'count': 20}, {'cluster_no': 2, 'count': 51}, {'cluster_no': 3, 'count': 33}, {'cluster_no': 4, 'count': 15}, {'cluster_no': 5, 'count': 15}, {'cluster_no': 6, 'count': 13}, {'cluster_no': 7, 'count': 13}]","[2, 7, 7, -1, -1, 5, 1, 7, 7, 4, 3, 7, -1, 3, 1, -1, -1, -1, 2, 2, 6, -1, -1, 2, 3, 6, -1, 3, 3, 2, 2, -1, -1, 7, 1, 2, 6, -1, 3, -1, 5, 1, 4, -1, 7, 2, 6, 6, 7, 3, -1, 4, -1, 2, -1, 1, -1, 2, 2, 3, 4, 2, 0, 2, 1, 3, 3, 3, 6, -1, -1, -1, 7, 0, 5, 5, 4, 1, 3, -1, 2, 0, 0, 2, -1, 3, 2, 0, 2, 1, 2, 6, 4, 2, 6, 5, 1, 4, 3, 1, 3, 4, 3, 2, 2, -1, 1, 3, 5, 0, 5, 0, 1, 0, -1, 6, 2, 2, 5, 4, 3, 3, 2, 3, -1, 3, 7, 3, 1, -1, -1, -1, 1, 3, 6, -1, 2, 3, 2, 4, 2, 7, -1, -1, -1, -1, -1, 1, 6, 1, -1, 4, 4, 2, 2, -1, -1, 2, 2, 0, 2, 3, -1, -1, 2, 7, 2, 1, 2, 3, 5, 7, -1, -1, 2, -1, -1, 0, -1, 2, 2, 2, 2, -1, 3, 1, 2, 3, 2, 3, 5, 5, 1, -1, 6, 5, -1, 5, 2, 5, -1, 4, 3, 6, 4, -1, -1, -1, 2, 2, 3, -1, 2, -1, -1, 3, -1, 3, 2, -1, 1, 4, -1, -1, -1, -1, 2, -1, -1, -1, -1, 5, -1, 2, 2, 2, -1]"
150,2,10,0.5,0.013178559375559912,3,48,"[{'cluster_no': -1, 'count': 48}, {'cluster_no': 0, 'count': 158}, {'cluster_no': 1, 'count': 31}]","[0, 0, 0, -1, -1, 0, 1, 0, 0, 0, 0, 0, -1, 0, 1, -1, -1, 0, 0, 0, 0, 0, -1, 0, 0, 0, -1, 0, 0, 0, 0, 0, -1, 0, 1, 0, 0, -1, 0, -1, 0, 1, 0, 1, 0, 0, 0, 0, 0, 0, -1, 0, 0, 0, -1, 1, -1, 0, 0, 0, 0, 0, 1, 0, 1, 0, 0, 0, 0, -1, 0, -1, 0, 1, 0, 0, 0, 1, 0, -1, 0, 1, 1, 0, 0, 0, 0, 1, 0, 1, 0, 0, 0, 0, 0, 0, 1, 0, 0, 1, 0, 0, 0, 0, 0, -1, 1, 0, 0, 1, 0, 1, 1, 1, 0, 0, 0, 0, 0, 0, 0, 0, 0, 0, 0, 0, 0, 0, 1, -1, 0, -1, 1, 0, 0, -1, 0, 0, 0, 0, 0, 0, 0, -1, 0, -1, -1, 1, 0, 1, -1, 0, 0, 0, 0, 0, -1, 0, 0, 1, 0, 0, 0, -1, 0, 0, 0, 1, 0, 0, 0, 0, -1, -1, 0, -1, 0, 1, -1, 0, 0, 0, 0, -1, 0, 1, 0, 0, 0, 0, 0, 0, 1, -1, 0, 0, -1, 0, 0, 0, -1, 0, 0, 0, 0, -1, 0, 0, 0, 0, 0, 0, 0, -1, -1, 0, -1, 0, 0, -1, 1, 0, -1, 0, -1, -1, 0, -1, -1, -1, -1, 0, -1, 0, 0, 0, -1]"
150,2,10,1.0,0.013178559375559912,3,48,"[{'cluster_no': -1, 'count': 48}, {'cluster_no': 0, 'count': 158}, {'cluster_no': 1, 'count': 31}]","[0, 0, 0, -1, -1, 0, 1, 0, 0, 0, 0, 0, -1, 0, 1, -1, -1, 0, 0, 0, 0, 0, -1, 0, 0, 0, -1, 0, 0, 0, 0, 0, -1, 0, 1, 0, 0, -1, 0, -1, 0, 1, 0, 1, 0, 0, 0, 0, 0, 0, -1, 0, 0, 0, -1, 1, -1, 0, 0, 0, 0, 0, 1, 0, 1, 0, 0, 0, 0, -1, 0, -1, 0, 1, 0, 0, 0, 1, 0, -1, 0, 1, 1, 0, 0, 0, 0, 1, 0, 1, 0, 0, 0, 0, 0, 0, 1, 0, 0, 1, 0, 0, 0, 0, 0, -1, 1, 0, 0, 1, 0, 1, 1, 1, 0, 0, 0, 0, 0, 0, 0, 0, 0, 0, 0, 0, 0, 0, 1, -1, 0, -1, 1, 0, 0, -1, 0, 0, 0, 0, 0, 0, 0, -1, 0, -1, -1, 1, 0, 1, -1, 0, 0, 0, 0, 0, -1, 0, 0, 1, 0, 0, 0, -1, 0, 0, 0, 1, 0, 0, 0, 0, -1, -1, 0, -1, 0, 1, -1, 0, 0, 0, 0, -1, 0, 1, 0, 0, 0, 0, 0, 0, 1, -1, 0, 0, -1, 0, 0, 0, -1, 0, 0, 0, 0, -1, 0, 0, 0, 0, 0, 0, 0, -1, -1, 0, -1, 0, 0, -1, 1, 0, -1, 0, -1, -1, 0, -1, -1, -1, -1, 0, -1, 0, 0, 0, -1]"
150,2,11,0.0,0.2144019066954763,8,66,"[{'cluster_no': -1, 'count': 66}, {'cluster_no': 0, 'count': 31}, {'cluster_no': 1, 'count': 51}, {'cluster_no': 2, 'count': 33}, {'cluster_no': 3, 'count': 15}, {'cluster_no': 4, 'count': 15}, {'cluster_no': 5, 'count': 13}, {'cluster_no': 6, 'count': 13}]","[1, 6, 6, -1, -1, 4, 0, 6, 6, 3, 2, 6, -1, 2, 0, -1, -1, -1, 1, 1, 5, -1, -1, 1, 2, 5, -1, 2, 2, 1, 1, -1, -1, 6, 0, 1, 5, -1, 2, -1, 4, 0, 3, 0, 6, 1, 5, 5, 6, 2, -1, 3, -1, 1, -1, 0, -1, 1, 1, 2, 3, 1, 0, 1, 0, 2, 2, 2, 5, -1, -1, -1, 6, 0, 4, 4, 3, 0, 2, -1, 1, 0, 0, 1, -1, 2, 1, 0, 1, 0, 1, 5, 3, 1, 5, 4, 0, 3, 2, 0, 2, 3, 2, 1, 1, -1, 0, 2, 4, 0, 4, 0, 0, 0, -1, 5, 1, 1, 4, 3, 2, 2, 1, 2, -1, 2, 6, 2, 0, -1, -1, -1, 0, 2, 5, -1, 1, 2, 1, 3, 1, 6, -1, -1, -1, -1, -1, 0, 5, 0, -1, 3, 3, 1, 1, -1, -1, 1, 1, 0, 1, 2, -1, -1, 1, 6, 1, 0, 1, 2, 4, 6, -1, -1, 1, -1, -1, 0, -1, 1, 1, 1, 1, -1, 2, 0, 1, 2, 1, 2, 4, 4, 0, -1, 5, 4, -1, 4, 1, 4, -1, 3, 2, 5, 3, -1, -1, -1, 1, 1, 2, -1, 1, -1, -1, 2, -1, 2, 1, -1, 0, 3, -1, -1, -1, -1, 1, -1, -1, -1, -1, 4, -1, 1, 1, 1, -1]"
150,2,11,0.5,0.013178559375559912,3,48,"[{'cluster_no': -1, 'count': 48}, {'cluster_no': 0, 'count': 158}, {'cluster_no': 1, 'count': 31}]","[0, 0, 0, -1, -1, 0, 1, 0, 0, 0, 0, 0, -1, 0, 1, -1, -1, 0, 0, 0, 0, 0, -1, 0, 0, 0, -1, 0, 0, 0, 0, 0, -1, 0, 1, 0, 0, -1, 0, -1, 0, 1, 0, 1, 0, 0, 0, 0, 0, 0, -1, 0, 0, 0, -1, 1, -1, 0, 0, 0, 0, 0, 1, 0, 1, 0, 0, 0, 0, -1, 0, -1, 0, 1, 0, 0, 0, 1, 0, -1, 0, 1, 1, 0, 0, 0, 0, 1, 0, 1, 0, 0, 0, 0, 0, 0, 1, 0, 0, 1, 0, 0, 0, 0, 0, -1, 1, 0, 0, 1, 0, 1, 1, 1, 0, 0, 0, 0, 0, 0, 0, 0, 0, 0, 0, 0, 0, 0, 1, -1, 0, -1, 1, 0, 0, -1, 0, 0, 0, 0, 0, 0, 0, -1, 0, -1, -1, 1, 0, 1, -1, 0, 0, 0, 0, 0, -1, 0, 0, 1, 0, 0, 0, -1, 0, 0, 0, 1, 0, 0, 0, 0, -1, -1, 0, -1, 0, 1, -1, 0, 0, 0, 0, -1, 0, 1, 0, 0, 0, 0, 0, 0, 1, -1, 0, 0, -1, 0, 0, 0, -1, 0, 0, 0, 0, -1, 0, 0, 0, 0, 0, 0, 0, -1, -1, 0, -1, 0, 0, -1, 1, 0, -1, 0, -1, -1, 0, -1, -1, -1, -1, 0, -1, 0, 0, 0, -1]"
150,2,11,1.0,0.013178559375559912,3,48,"[{'cluster_no': -1, 'count': 48}, {'cluster_no': 0, 'count': 158}, {'cluster_no': 1, 'count': 31}]","[0, 0, 0, -1, -1, 0, 1, 0, 0, 0, 0, 0, -1, 0, 1, -1, -1, 0, 0, 0, 0, 0, -1, 0, 0, 0, -1, 0, 0, 0, 0, 0, -1, 0, 1, 0, 0, -1, 0, -1, 0, 1, 0, 1, 0, 0, 0, 0, 0, 0, -1, 0, 0, 0, -1, 1, -1, 0, 0, 0, 0, 0, 1, 0, 1, 0, 0, 0, 0, -1, 0, -1, 0, 1, 0, 0, 0, 1, 0, -1, 0, 1, 1, 0, 0, 0, 0, 1, 0, 1, 0, 0, 0, 0, 0, 0, 1, 0, 0, 1, 0, 0, 0, 0, 0, -1, 1, 0, 0, 1, 0, 1, 1, 1, 0, 0, 0, 0, 0, 0, 0, 0, 0, 0, 0, 0, 0, 0, 1, -1, 0, -1, 1, 0, 0, -1, 0, 0, 0, 0, 0, 0, 0, -1, 0, -1, -1, 1, 0, 1, -1, 0, 0, 0, 0, 0, -1, 0, 0, 1, 0, 0, 0, -1, 0, 0, 0, 1, 0, 0, 0, 0, -1, -1, 0, -1, 0, 1, -1, 0, 0, 0, 0, -1, 0, 1, 0, 0, 0, 0, 0, 0, 1, -1, 0, 0, -1, 0, 0, 0, -1, 0, 0, 0, 0, -1, 0, 0, 0, 0, 0, 0, 0, -1, -1, 0, -1, 0, 0, -1, 1, 0, -1, 0, -1, -1, 0, -1, -1, -1, -1, 0, -1, 0, 0, 0, -1]"
150,2,12,0.0,0.1663960741067923,6,60,"[{'cluster_no': -1, 'count': 60}, {'cluster_no': 0, 'count': 31}, {'cluster_no': 1, 'count': 51}, {'cluster_no': 2, 'count': 33}, {'cluster_no': 3, 'count': 47}, {'cluster_no': 4, 'count': 15}]","[1, 3, 3, -1, -1, 3, 0, 3, 3, 4, 2, 3, -1, 2, 0, -1, -1, 3, 1, 1, 3, -1, -1, 1, 2, 3, -1, 2, 2, 1, 1, -1, -1, 3, 0, 1, 3, -1, 2, -1, 3, 0, 4, 0, 3, 1, 3, 3, 3, 2, -1, 4, 3, 1, -1, 0, -1, 1, 1, 2, 4, 1, 0, 1, 0, 2, 2, 2, 3, -1, -1, -1, 3, 0, 3, 3, 4, 0, 2, -1, 1, 0, 0, 1, 3, 2, 1, 0, 1, 0, 1, 3, 4, 1, 3, 3, 0, 4, 2, 0, 2, 4, 2, 1, 1, -1, 0, 2, 3, 0, 3, 0, 0, 0, -1, 3, 1, 1, 3, 4, 2, 2, 1, 2, 3, 2, 3, 2, 0, -1, 3, -1, 0, 2, 3, -1, 1, 2, 1, 4, 1, 3, -1, -1, -1, -1, -1, 0, 3, 0, -1, 4, 4, 1, 1, -1, -1, 1, 1, 0, 1, 2, 3, -1, 1, 3, 1, 0, 1, 2, 3, 3, -1, -1, 1, -1, -1, 0, -1, 1, 1, 1, 1, -1, 2, 0, 1, 2, 1, 2, 3, 3, 0, -1, 3, 3, -1, 3, 1, 3, -1, 4, 2, 3, 4, -1, -1, -1, 1, 1, 2, -1, 1, -1, -1, 2, -1, 2, 1, -1, 0, 4, -1, -1, -1, -1, 1, -1, -1, -1, -1, 3, -1, 1, 1, 1, -1]"
150,2,12,0.5,0.013178559375559912,3,48,"[{'cluster_no': -1, 'count': 48}, {'cluster_no': 0, 'count': 158}, {'cluster_no': 1, 'count': 31}]","[0, 0, 0, -1, -1, 0, 1, 0, 0, 0, 0, 0, -1, 0, 1, -1, -1, 0, 0, 0, 0, 0, -1, 0, 0, 0, -1, 0, 0, 0, 0, 0, -1, 0, 1, 0, 0, -1, 0, -1, 0, 1, 0, 1, 0, 0, 0, 0, 0, 0, -1, 0, 0, 0, -1, 1, -1, 0, 0, 0, 0, 0, 1, 0, 1, 0, 0, 0, 0, -1, 0, -1, 0, 1, 0, 0, 0, 1, 0, -1, 0, 1, 1, 0, 0, 0, 0, 1, 0, 1, 0, 0, 0, 0, 0, 0, 1, 0, 0, 1, 0, 0, 0, 0, 0, -1, 1, 0, 0, 1, 0, 1, 1, 1, 0, 0, 0, 0, 0, 0, 0, 0, 0, 0, 0, 0, 0, 0, 1, -1, 0, -1, 1, 0, 0, -1, 0, 0, 0, 0, 0, 0, 0, -1, 0, -1, -1, 1, 0, 1, -1, 0, 0, 0, 0, 0, -1, 0, 0, 1, 0, 0, 0, -1, 0, 0, 0, 1, 0, 0, 0, 0, -1, -1, 0, -1, 0, 1, -1, 0, 0, 0, 0, -1, 0, 1, 0, 0, 0, 0, 0, 0, 1, -1, 0, 0, -1, 0, 0, 0, -1, 0, 0, 0, 0, -1, 0, 0, 0, 0, 0, 0, 0, -1, -1, 0, -1, 0, 0, -1, 1, 0, -1, 0, -1, -1, 0, -1, -1, -1, -1, 0, -1, 0, 0, 0, -1]"
150,2,12,1.0,0.013178559375559912,3,48,"[{'cluster_no': -1, 'count': 48}, {'cluster_no': 0, 'count': 158}, {'cluster_no': 1, 'count': 31}]","[0, 0, 0, -1, -1, 0, 1, 0, 0, 0, 0, 0, -1, 0, 1, -1, -1, 0, 0, 0, 0, 0, -1, 0, 0, 0, -1, 0, 0, 0, 0, 0, -1, 0, 1, 0, 0, -1, 0, -1, 0, 1, 0, 1, 0, 0, 0, 0, 0, 0, -1, 0, 0, 0, -1, 1, -1, 0, 0, 0, 0, 0, 1, 0, 1, 0, 0, 0, 0, -1, 0, -1, 0, 1, 0, 0, 0, 1, 0, -1, 0, 1, 1, 0, 0, 0, 0, 1, 0, 1, 0, 0, 0, 0, 0, 0, 1, 0, 0, 1, 0, 0, 0, 0, 0, -1, 1, 0, 0, 1, 0, 1, 1, 1, 0, 0, 0, 0, 0, 0, 0, 0, 0, 0, 0, 0, 0, 0, 1, -1, 0, -1, 1, 0, 0, -1, 0, 0, 0, 0, 0, 0, 0, -1, 0, -1, -1, 1, 0, 1, -1, 0, 0, 0, 0, 0, -1, 0, 0, 1, 0, 0, 0, -1, 0, 0, 0, 1, 0, 0, 0, 0, -1, -1, 0, -1, 0, 1, -1, 0, 0, 0, 0, -1, 0, 1, 0, 0, 0, 0, 0, 0, 1, -1, 0, 0, -1, 0, 0, 0, -1, 0, 0, 0, 0, -1, 0, 0, 0, 0, 0, 0, 0, -1, -1, 0, -1, 0, 0, -1, 1, 0, -1, 0, -1, -1, 0, -1, -1, -1, -1, 0, -1, 0, 0, 0, -1]"
150,2,13,0.0,0.1663960741067923,6,60,"[{'cluster_no': -1, 'count': 60}, {'cluster_no': 0, 'count': 31}, {'cluster_no': 1, 'count': 51}, {'cluster_no': 2, 'count': 33}, {'cluster_no': 3, 'count': 47}, {'cluster_no': 4, 'count': 15}]","[1, 3, 3, -1, -1, 3, 0, 3, 3, 4, 2, 3, -1, 2, 0, -1, -1, 3, 1, 1, 3, -1, -1, 1, 2, 3, -1, 2, 2, 1, 1, -1, -1, 3, 0, 1, 3, -1, 2, -1, 3, 0, 4, 0, 3, 1, 3, 3, 3, 2, -1, 4, 3, 1, -1, 0, -1, 1, 1, 2, 4, 1, 0, 1, 0, 2, 2, 2, 3, -1, -1, -1, 3, 0, 3, 3, 4, 0, 2, -1, 1, 0, 0, 1, 3, 2, 1, 0, 1, 0, 1, 3, 4, 1, 3, 3, 0, 4, 2, 0, 2, 4, 2, 1, 1, -1, 0, 2, 3, 0, 3, 0, 0, 0, -1, 3, 1, 1, 3, 4, 2, 2, 1, 2, 3, 2, 3, 2, 0, -1, 3, -1, 0, 2, 3, -1, 1, 2, 1, 4, 1, 3, -1, -1, -1, -1, -1, 0, 3, 0, -1, 4, 4, 1, 1, -1, -1, 1, 1, 0, 1, 2, 3, -1, 1, 3, 1, 0, 1, 2, 3, 3, -1, -1, 1, -1, -1, 0, -1, 1, 1, 1, 1, -1, 2, 0, 1, 2, 1, 2, 3, 3, 0, -1, 3, 3, -1, 3, 1, 3, -1, 4, 2, 3, 4, -1, -1, -1, 1, 1, 2, -1, 1, -1, -1, 2, -1, 2, 1, -1, 0, 4, -1, -1, -1, -1, 1, -1, -1, -1, -1, 3, -1, 1, 1, 1, -1]"
150,2,13,0.5,0.013178559375559912,3,48,"[{'cluster_no': -1, 'count': 48}, {'cluster_no': 0, 'count': 158}, {'cluster_no': 1, 'count': 31}]","[0, 0, 0, -1, -1, 0, 1, 0, 0, 0, 0, 0, -1, 0, 1, -1, -1, 0, 0, 0, 0, 0, -1, 0, 0, 0, -1, 0, 0, 0, 0, 0, -1, 0, 1, 0, 0, -1, 0, -1, 0, 1, 0, 1, 0, 0, 0, 0, 0, 0, -1, 0, 0, 0, -1, 1, -1, 0, 0, 0, 0, 0, 1, 0, 1, 0, 0, 0, 0, -1, 0, -1, 0, 1, 0, 0, 0, 1, 0, -1, 0, 1, 1, 0, 0, 0, 0, 1, 0, 1, 0, 0, 0, 0, 0, 0, 1, 0, 0, 1, 0, 0, 0, 0, 0, -1, 1, 0, 0, 1, 0, 1, 1, 1, 0, 0, 0, 0, 0, 0, 0, 0, 0, 0, 0, 0, 0, 0, 1, -1, 0, -1, 1, 0, 0, -1, 0, 0, 0, 0, 0, 0, 0, -1, 0, -1, -1, 1, 0, 1, -1, 0, 0, 0, 0, 0, -1, 0, 0, 1, 0, 0, 0, -1, 0, 0, 0, 1, 0, 0, 0, 0, -1, -1, 0, -1, 0, 1, -1, 0, 0, 0, 0, -1, 0, 1, 0, 0, 0, 0, 0, 0, 1, -1, 0, 0, -1, 0, 0, 0, -1, 0, 0, 0, 0, -1, 0, 0, 0, 0, 0, 0, 0, -1, -1, 0, -1, 0, 0, -1, 1, 0, -1, 0, -1, -1, 0, -1, -1, -1, -1, 0, -1, 0, 0, 0, -1]"
150,2,13,1.0,0.013178559375559912,3,48,"[{'cluster_no': -1, 'count': 48}, {'cluster_no': 0, 'count': 158}, {'cluster_no': 1, 'count': 31}]","[0, 0, 0, -1, -1, 0, 1, 0, 0, 0, 0, 0, -1, 0, 1, -1, -1, 0, 0, 0, 0, 0, -1, 0, 0, 0, -1, 0, 0, 0, 0, 0, -1, 0, 1, 0, 0, -1, 0, -1, 0, 1, 0, 1, 0, 0, 0, 0, 0, 0, -1, 0, 0, 0, -1, 1, -1, 0, 0, 0, 0, 0, 1, 0, 1, 0, 0, 0, 0, -1, 0, -1, 0, 1, 0, 0, 0, 1, 0, -1, 0, 1, 1, 0, 0, 0, 0, 1, 0, 1, 0, 0, 0, 0, 0, 0, 1, 0, 0, 1, 0, 0, 0, 0, 0, -1, 1, 0, 0, 1, 0, 1, 1, 1, 0, 0, 0, 0, 0, 0, 0, 0, 0, 0, 0, 0, 0, 0, 1, -1, 0, -1, 1, 0, 0, -1, 0, 0, 0, 0, 0, 0, 0, -1, 0, -1, -1, 1, 0, 1, -1, 0, 0, 0, 0, 0, -1, 0, 0, 1, 0, 0, 0, -1, 0, 0, 0, 1, 0, 0, 0, 0, -1, -1, 0, -1, 0, 1, -1, 0, 0, 0, 0, -1, 0, 1, 0, 0, 0, 0, 0, 0, 1, -1, 0, 0, -1, 0, 0, 0, -1, 0, 0, 0, 0, -1, 0, 0, 0, 0, 0, 0, 0, -1, -1, 0, -1, 0, 0, -1, 1, 0, -1, 0, -1, -1, 0, -1, -1, -1, -1, 0, -1, 0, 0, 0, -1]"
150,2,14,0.0,0.1663960741067923,6,60,"[{'cluster_no': -1, 'count': 60}, {'cluster_no': 0, 'count': 31}, {'cluster_no': 1, 'count': 51}, {'cluster_no': 2, 'count': 33}, {'cluster_no': 3, 'count': 47}, {'cluster_no': 4, 'count': 15}]","[1, 3, 3, -1, -1, 3, 0, 3, 3, 4, 2, 3, -1, 2, 0, -1, -1, 3, 1, 1, 3, -1, -1, 1, 2, 3, -1, 2, 2, 1, 1, -1, -1, 3, 0, 1, 3, -1, 2, -1, 3, 0, 4, 0, 3, 1, 3, 3, 3, 2, -1, 4, 3, 1, -1, 0, -1, 1, 1, 2, 4, 1, 0, 1, 0, 2, 2, 2, 3, -1, -1, -1, 3, 0, 3, 3, 4, 0, 2, -1, 1, 0, 0, 1, 3, 2, 1, 0, 1, 0, 1, 3, 4, 1, 3, 3, 0, 4, 2, 0, 2, 4, 2, 1, 1, -1, 0, 2, 3, 0, 3, 0, 0, 0, -1, 3, 1, 1, 3, 4, 2, 2, 1, 2, 3, 2, 3, 2, 0, -1, 3, -1, 0, 2, 3, -1, 1, 2, 1, 4, 1, 3, -1, -1, -1, -1, -1, 0, 3, 0, -1, 4, 4, 1, 1, -1, -1, 1, 1, 0, 1, 2, 3, -1, 1, 3, 1, 0, 1, 2, 3, 3, -1, -1, 1, -1, -1, 0, -1, 1, 1, 1, 1, -1, 2, 0, 1, 2, 1, 2, 3, 3, 0, -1, 3, 3, -1, 3, 1, 3, -1, 4, 2, 3, 4, -1, -1, -1, 1, 1, 2, -1, 1, -1, -1, 2, -1, 2, 1, -1, 0, 4, -1, -1, -1, -1, 1, -1, -1, -1, -1, 3, -1, 1, 1, 1, -1]"
150,2,14,0.5,0.013178559375559912,3,48,"[{'cluster_no': -1, 'count': 48}, {'cluster_no': 0, 'count': 158}, {'cluster_no': 1, 'count': 31}]","[0, 0, 0, -1, -1, 0, 1, 0, 0, 0, 0, 0, -1, 0, 1, -1, -1, 0, 0, 0, 0, 0, -1, 0, 0, 0, -1, 0, 0, 0, 0, 0, -1, 0, 1, 0, 0, -1, 0, -1, 0, 1, 0, 1, 0, 0, 0, 0, 0, 0, -1, 0, 0, 0, -1, 1, -1, 0, 0, 0, 0, 0, 1, 0, 1, 0, 0, 0, 0, -1, 0, -1, 0, 1, 0, 0, 0, 1, 0, -1, 0, 1, 1, 0, 0, 0, 0, 1, 0, 1, 0, 0, 0, 0, 0, 0, 1, 0, 0, 1, 0, 0, 0, 0, 0, -1, 1, 0, 0, 1, 0, 1, 1, 1, 0, 0, 0, 0, 0, 0, 0, 0, 0, 0, 0, 0, 0, 0, 1, -1, 0, -1, 1, 0, 0, -1, 0, 0, 0, 0, 0, 0, 0, -1, 0, -1, -1, 1, 0, 1, -1, 0, 0, 0, 0, 0, -1, 0, 0, 1, 0, 0, 0, -1, 0, 0, 0, 1, 0, 0, 0, 0, -1, -1, 0, -1, 0, 1, -1, 0, 0, 0, 0, -1, 0, 1, 0, 0, 0, 0, 0, 0, 1, -1, 0, 0, -1, 0, 0, 0, -1, 0, 0, 0, 0, -1, 0, 0, 0, 0, 0, 0, 0, -1, -1, 0, -1, 0, 0, -1, 1, 0, -1, 0, -1, -1, 0, -1, -1, -1, -1, 0, -1, 0, 0, 0, -1]"
150,2,14,1.0,0.013178559375559912,3,48,"[{'cluster_no': -1, 'count': 48}, {'cluster_no': 0, 'count': 158}, {'cluster_no': 1, 'count': 31}]","[0, 0, 0, -1, -1, 0, 1, 0, 0, 0, 0, 0, -1, 0, 1, -1, -1, 0, 0, 0, 0, 0, -1, 0, 0, 0, -1, 0, 0, 0, 0, 0, -1, 0, 1, 0, 0, -1, 0, -1, 0, 1, 0, 1, 0, 0, 0, 0, 0, 0, -1, 0, 0, 0, -1, 1, -1, 0, 0, 0, 0, 0, 1, 0, 1, 0, 0, 0, 0, -1, 0, -1, 0, 1, 0, 0, 0, 1, 0, -1, 0, 1, 1, 0, 0, 0, 0, 1, 0, 1, 0, 0, 0, 0, 0, 0, 1, 0, 0, 1, 0, 0, 0, 0, 0, -1, 1, 0, 0, 1, 0, 1, 1, 1, 0, 0, 0, 0, 0, 0, 0, 0, 0, 0, 0, 0, 0, 0, 1, -1, 0, -1, 1, 0, 0, -1, 0, 0, 0, 0, 0, 0, 0, -1, 0, -1, -1, 1, 0, 1, -1, 0, 0, 0, 0, 0, -1, 0, 0, 1, 0, 0, 0, -1, 0, 0, 0, 1, 0, 0, 0, 0, -1, -1, 0, -1, 0, 1, -1, 0, 0, 0, 0, -1, 0, 1, 0, 0, 0, 0, 0, 0, 1, -1, 0, 0, -1, 0, 0, 0, -1, 0, 0, 0, 0, -1, 0, 0, 0, 0, 0, 0, 0, -1, -1, 0, -1, 0, 0, -1, 1, 0, -1, 0, -1, -1, 0, -1, -1, -1, -1, 0, -1, 0, 0, 0, -1]"
150,2,15,0.0,0.1663960741067923,6,60,"[{'cluster_no': -1, 'count': 60}, {'cluster_no': 0, 'count': 31}, {'cluster_no': 1, 'count': 51}, {'cluster_no': 2, 'count': 33}, {'cluster_no': 3, 'count': 47}, {'cluster_no': 4, 'count': 15}]","[1, 3, 3, -1, -1, 3, 0, 3, 3, 4, 2, 3, -1, 2, 0, -1, -1, 3, 1, 1, 3, -1, -1, 1, 2, 3, -1, 2, 2, 1, 1, -1, -1, 3, 0, 1, 3, -1, 2, -1, 3, 0, 4, 0, 3, 1, 3, 3, 3, 2, -1, 4, 3, 1, -1, 0, -1, 1, 1, 2, 4, 1, 0, 1, 0, 2, 2, 2, 3, -1, -1, -1, 3, 0, 3, 3, 4, 0, 2, -1, 1, 0, 0, 1, 3, 2, 1, 0, 1, 0, 1, 3, 4, 1, 3, 3, 0, 4, 2, 0, 2, 4, 2, 1, 1, -1, 0, 2, 3, 0, 3, 0, 0, 0, -1, 3, 1, 1, 3, 4, 2, 2, 1, 2, 3, 2, 3, 2, 0, -1, 3, -1, 0, 2, 3, -1, 1, 2, 1, 4, 1, 3, -1, -1, -1, -1, -1, 0, 3, 0, -1, 4, 4, 1, 1, -1, -1, 1, 1, 0, 1, 2, 3, -1, 1, 3, 1, 0, 1, 2, 3, 3, -1, -1, 1, -1, -1, 0, -1, 1, 1, 1, 1, -1, 2, 0, 1, 2, 1, 2, 3, 3, 0, -1, 3, 3, -1, 3, 1, 3, -1, 4, 2, 3, 4, -1, -1, -1, 1, 1, 2, -1, 1, -1, -1, 2, -1, 2, 1, -1, 0, 4, -1, -1, -1, -1, 1, -1, -1, -1, -1, 3, -1, 1, 1, 1, -1]"
150,2,15,0.5,0.013178559375559912,3,48,"[{'cluster_no': -1, 'count': 48}, {'cluster_no': 0, 'count': 158}, {'cluster_no': 1, 'count': 31}]","[0, 0, 0, -1, -1, 0, 1, 0, 0, 0, 0, 0, -1, 0, 1, -1, -1, 0, 0, 0, 0, 0, -1, 0, 0, 0, -1, 0, 0, 0, 0, 0, -1, 0, 1, 0, 0, -1, 0, -1, 0, 1, 0, 1, 0, 0, 0, 0, 0, 0, -1, 0, 0, 0, -1, 1, -1, 0, 0, 0, 0, 0, 1, 0, 1, 0, 0, 0, 0, -1, 0, -1, 0, 1, 0, 0, 0, 1, 0, -1, 0, 1, 1, 0, 0, 0, 0, 1, 0, 1, 0, 0, 0, 0, 0, 0, 1, 0, 0, 1, 0, 0, 0, 0, 0, -1, 1, 0, 0, 1, 0, 1, 1, 1, 0, 0, 0, 0, 0, 0, 0, 0, 0, 0, 0, 0, 0, 0, 1, -1, 0, -1, 1, 0, 0, -1, 0, 0, 0, 0, 0, 0, 0, -1, 0, -1, -1, 1, 0, 1, -1, 0, 0, 0, 0, 0, -1, 0, 0, 1, 0, 0, 0, -1, 0, 0, 0, 1, 0, 0, 0, 0, -1, -1, 0, -1, 0, 1, -1, 0, 0, 0, 0, -1, 0, 1, 0, 0, 0, 0, 0, 0, 1, -1, 0, 0, -1, 0, 0, 0, -1, 0, 0, 0, 0, -1, 0, 0, 0, 0, 0, 0, 0, -1, -1, 0, -1, 0, 0, -1, 1, 0, -1, 0, -1, -1, 0, -1, -1, -1, -1, 0, -1, 0, 0, 0, -1]"
150,2,15,1.0,0.013178559375559912,3,48,"[{'cluster_no': -1, 'count': 48}, {'cluster_no': 0, 'count': 158}, {'cluster_no': 1, 'count': 31}]","[0, 0, 0, -1, -1, 0, 1, 0, 0, 0, 0, 0, -1, 0, 1, -1, -1, 0, 0, 0, 0, 0, -1, 0, 0, 0, -1, 0, 0, 0, 0, 0, -1, 0, 1, 0, 0, -1, 0, -1, 0, 1, 0, 1, 0, 0, 0, 0, 0, 0, -1, 0, 0, 0, -1, 1, -1, 0, 0, 0, 0, 0, 1, 0, 1, 0, 0, 0, 0, -1, 0, -1, 0, 1, 0, 0, 0, 1, 0, -1, 0, 1, 1, 0, 0, 0, 0, 1, 0, 1, 0, 0, 0, 0, 0, 0, 1, 0, 0, 1, 0, 0, 0, 0, 0, -1, 1, 0, 0, 1, 0, 1, 1, 1, 0, 0, 0, 0, 0, 0, 0, 0, 0, 0, 0, 0, 0, 0, 1, -1, 0, -1, 1, 0, 0, -1, 0, 0, 0, 0, 0, 0, 0, -1, 0, -1, -1, 1, 0, 1, -1, 0, 0, 0, 0, 0, -1, 0, 0, 1, 0, 0, 0, -1, 0, 0, 0, 1, 0, 0, 0, 0, -1, -1, 0, -1, 0, 1, -1, 0, 0, 0, 0, -1, 0, 1, 0, 0, 0, 0, 0, 0, 1, -1, 0, 0, -1, 0, 0, 0, -1, 0, 0, 0, 0, -1, 0, 0, 0, 0, 0, 0, 0, -1, -1, 0, -1, 0, 0, -1, 1, 0, -1, 0, -1, -1, 0, -1, -1, -1, -1, 0, -1, 0, 0, 0, -1]"
150,2,16,0.0,0.2557619512065712,5,56,"[{'cluster_no': -1, 'count': 56}, {'cluster_no': 0, 'count': 31}, {'cluster_no': 1, 'count': 66}, {'cluster_no': 2, 'count': 51}, {'cluster_no': 3, 'count': 33}]","[2, 1, 1, -1, -1, 1, 0, 1, 1, 1, 3, 1, -1, 3, 0, -1, -1, 1, 2, 2, 1, 1, -1, 2, 3, 1, -1, 3, 3, 2, 2, 1, -1, 1, 0, 2, 1, -1, 3, -1, 1, 0, 1, 0, 1, 2, 1, 1, 1, 3, -1, 1, 1, 2, -1, 0, -1, 2, 2, 3, 1, 2, 0, 2, 0, 3, 3, 3, 1, -1, -1, -1, 1, 0, 1, 1, 1, 0, 3, -1, 2, 0, 0, 2, 1, 3, 2, 0, 2, 0, 2, 1, 1, 2, 1, 1, 0, 1, 3, 0, 3, 1, 3, 2, 2, -1, 0, 3, 1, 0, 1, 0, 0, 0, -1, 1, 2, 2, 1, 1, 3, 3, 2, 3, 1, 3, 1, 3, 0, -1, 1, -1, 0, 3, 1, -1, 2, 3, 2, 1, 2, 1, -1, -1, -1, -1, -1, 0, 1, 0, -1, 1, 1, 2, 2, -1, -1, 2, 2, 0, 2, 3, 1, -1, 2, 1, 2, 0, 2, 3, 1, 1, -1, -1, 2, -1, 1, 0, -1, 2, 2, 2, 2, -1, 3, 0, 2, 3, 2, 3, 1, 1, 0, -1, 1, 1, -1, 1, 2, 1, -1, 1, 3, 1, 1, -1, -1, -1, 2, 2, 3, -1, 2, -1, -1, 3, -1, 3, 2, -1, 0, 1, -1, 1, -1, -1, 2, -1, -1, -1, -1, 1, -1, 2, 2, 2, -1]"
150,2,16,0.5,0.013178559375559912,3,48,"[{'cluster_no': -1, 'count': 48}, {'cluster_no': 0, 'count': 158}, {'cluster_no': 1, 'count': 31}]","[0, 0, 0, -1, -1, 0, 1, 0, 0, 0, 0, 0, -1, 0, 1, -1, -1, 0, 0, 0, 0, 0, -1, 0, 0, 0, -1, 0, 0, 0, 0, 0, -1, 0, 1, 0, 0, -1, 0, -1, 0, 1, 0, 1, 0, 0, 0, 0, 0, 0, -1, 0, 0, 0, -1, 1, -1, 0, 0, 0, 0, 0, 1, 0, 1, 0, 0, 0, 0, -1, 0, -1, 0, 1, 0, 0, 0, 1, 0, -1, 0, 1, 1, 0, 0, 0, 0, 1, 0, 1, 0, 0, 0, 0, 0, 0, 1, 0, 0, 1, 0, 0, 0, 0, 0, -1, 1, 0, 0, 1, 0, 1, 1, 1, 0, 0, 0, 0, 0, 0, 0, 0, 0, 0, 0, 0, 0, 0, 1, -1, 0, -1, 1, 0, 0, -1, 0, 0, 0, 0, 0, 0, 0, -1, 0, -1, -1, 1, 0, 1, -1, 0, 0, 0, 0, 0, -1, 0, 0, 1, 0, 0, 0, -1, 0, 0, 0, 1, 0, 0, 0, 0, -1, -1, 0, -1, 0, 1, -1, 0, 0, 0, 0, -1, 0, 1, 0, 0, 0, 0, 0, 0, 1, -1, 0, 0, -1, 0, 0, 0, -1, 0, 0, 0, 0, -1, 0, 0, 0, 0, 0, 0, 0, -1, -1, 0, -1, 0, 0, -1, 1, 0, -1, 0, -1, -1, 0, -1, -1, -1, -1, 0, -1, 0, 0, 0, -1]"
150,2,16,1.0,0.013178559375559912,3,48,"[{'cluster_no': -1, 'count': 48}, {'cluster_no': 0, 'count': 158}, {'cluster_no': 1, 'count': 31}]","[0, 0, 0, -1, -1, 0, 1, 0, 0, 0, 0, 0, -1, 0, 1, -1, -1, 0, 0, 0, 0, 0, -1, 0, 0, 0, -1, 0, 0, 0, 0, 0, -1, 0, 1, 0, 0, -1, 0, -1, 0, 1, 0, 1, 0, 0, 0, 0, 0, 0, -1, 0, 0, 0, -1, 1, -1, 0, 0, 0, 0, 0, 1, 0, 1, 0, 0, 0, 0, -1, 0, -1, 0, 1, 0, 0, 0, 1, 0, -1, 0, 1, 1, 0, 0, 0, 0, 1, 0, 1, 0, 0, 0, 0, 0, 0, 1, 0, 0, 1, 0, 0, 0, 0, 0, -1, 1, 0, 0, 1, 0, 1, 1, 1, 0, 0, 0, 0, 0, 0, 0, 0, 0, 0, 0, 0, 0, 0, 1, -1, 0, -1, 1, 0, 0, -1, 0, 0, 0, 0, 0, 0, 0, -1, 0, -1, -1, 1, 0, 1, -1, 0, 0, 0, 0, 0, -1, 0, 0, 1, 0, 0, 0, -1, 0, 0, 0, 1, 0, 0, 0, 0, -1, -1, 0, -1, 0, 1, -1, 0, 0, 0, 0, -1, 0, 1, 0, 0, 0, 0, 0, 0, 1, -1, 0, 0, -1, 0, 0, 0, -1, 0, 0, 0, 0, -1, 0, 0, 0, 0, 0, 0, 0, -1, -1, 0, -1, 0, 0, -1, 1, 0, -1, 0, -1, -1, 0, -1, -1, -1, -1, 0, -1, 0, 0, 0, -1]"
150,2,17,0.0,0.2557619512065712,5,56,"[{'cluster_no': -1, 'count': 56}, {'cluster_no': 0, 'count': 31}, {'cluster_no': 1, 'count': 66}, {'cluster_no': 2, 'count': 51}, {'cluster_no': 3, 'count': 33}]","[2, 1, 1, -1, -1, 1, 0, 1, 1, 1, 3, 1, -1, 3, 0, -1, -1, 1, 2, 2, 1, 1, -1, 2, 3, 1, -1, 3, 3, 2, 2, 1, -1, 1, 0, 2, 1, -1, 3, -1, 1, 0, 1, 0, 1, 2, 1, 1, 1, 3, -1, 1, 1, 2, -1, 0, -1, 2, 2, 3, 1, 2, 0, 2, 0, 3, 3, 3, 1, -1, -1, -1, 1, 0, 1, 1, 1, 0, 3, -1, 2, 0, 0, 2, 1, 3, 2, 0, 2, 0, 2, 1, 1, 2, 1, 1, 0, 1, 3, 0, 3, 1, 3, 2, 2, -1, 0, 3, 1, 0, 1, 0, 0, 0, -1, 1, 2, 2, 1, 1, 3, 3, 2, 3, 1, 3, 1, 3, 0, -1, 1, -1, 0, 3, 1, -1, 2, 3, 2, 1, 2, 1, -1, -1, -1, -1, -1, 0, 1, 0, -1, 1, 1, 2, 2, -1, -1, 2, 2, 0, 2, 3, 1, -1, 2, 1, 2, 0, 2, 3, 1, 1, -1, -1, 2, -1, 1, 0, -1, 2, 2, 2, 2, -1, 3, 0, 2, 3, 2, 3, 1, 1, 0, -1, 1, 1, -1, 1, 2, 1, -1, 1, 3, 1, 1, -1, -1, -1, 2, 2, 3, -1, 2, -1, -1, 3, -1, 3, 2, -1, 0, 1, -1, 1, -1, -1, 2, -1, -1, -1, -1, 1, -1, 2, 2, 2, -1]"
150,2,17,0.5,0.013178559375559912,3,48,"[{'cluster_no': -1, 'count': 48}, {'cluster_no': 0, 'count': 158}, {'cluster_no': 1, 'count': 31}]","[0, 0, 0, -1, -1, 0, 1, 0, 0, 0, 0, 0, -1, 0, 1, -1, -1, 0, 0, 0, 0, 0, -1, 0, 0, 0, -1, 0, 0, 0, 0, 0, -1, 0, 1, 0, 0, -1, 0, -1, 0, 1, 0, 1, 0, 0, 0, 0, 0, 0, -1, 0, 0, 0, -1, 1, -1, 0, 0, 0, 0, 0, 1, 0, 1, 0, 0, 0, 0, -1, 0, -1, 0, 1, 0, 0, 0, 1, 0, -1, 0, 1, 1, 0, 0, 0, 0, 1, 0, 1, 0, 0, 0, 0, 0, 0, 1, 0, 0, 1, 0, 0, 0, 0, 0, -1, 1, 0, 0, 1, 0, 1, 1, 1, 0, 0, 0, 0, 0, 0, 0, 0, 0, 0, 0, 0, 0, 0, 1, -1, 0, -1, 1, 0, 0, -1, 0, 0, 0, 0, 0, 0, 0, -1, 0, -1, -1, 1, 0, 1, -1, 0, 0, 0, 0, 0, -1, 0, 0, 1, 0, 0, 0, -1, 0, 0, 0, 1, 0, 0, 0, 0, -1, -1, 0, -1, 0, 1, -1, 0, 0, 0, 0, -1, 0, 1, 0, 0, 0, 0, 0, 0, 1, -1, 0, 0, -1, 0, 0, 0, -1, 0, 0, 0, 0, -1, 0, 0, 0, 0, 0, 0, 0, -1, -1, 0, -1, 0, 0, -1, 1, 0, -1, 0, -1, -1, 0, -1, -1, -1, -1, 0, -1, 0, 0, 0, -1]"
150,2,17,1.0,0.013178559375559912,3,48,"[{'cluster_no': -1, 'count': 48}, {'cluster_no': 0, 'count': 158}, {'cluster_no': 1, 'count': 31}]","[0, 0, 0, -1, -1, 0, 1, 0, 0, 0, 0, 0, -1, 0, 1, -1, -1, 0, 0, 0, 0, 0, -1, 0, 0, 0, -1, 0, 0, 0, 0, 0, -1, 0, 1, 0, 0, -1, 0, -1, 0, 1, 0, 1, 0, 0, 0, 0, 0, 0, -1, 0, 0, 0, -1, 1, -1, 0, 0, 0, 0, 0, 1, 0, 1, 0, 0, 0, 0, -1, 0, -1, 0, 1, 0, 0, 0, 1, 0, -1, 0, 1, 1, 0, 0, 0, 0, 1, 0, 1, 0, 0, 0, 0, 0, 0, 1, 0, 0, 1, 0, 0, 0, 0, 0, -1, 1, 0, 0, 1, 0, 1, 1, 1, 0, 0, 0, 0, 0, 0, 0, 0, 0, 0, 0, 0, 0, 0, 1, -1, 0, -1, 1, 0, 0, -1, 0, 0, 0, 0, 0, 0, 0, -1, 0, -1, -1, 1, 0, 1, -1, 0, 0, 0, 0, 0, -1, 0, 0, 1, 0, 0, 0, -1, 0, 0, 0, 1, 0, 0, 0, 0, -1, -1, 0, -1, 0, 1, -1, 0, 0, 0, 0, -1, 0, 1, 0, 0, 0, 0, 0, 0, 1, -1, 0, 0, -1, 0, 0, 0, -1, 0, 0, 0, 0, -1, 0, 0, 0, 0, 0, 0, 0, -1, -1, 0, -1, 0, 0, -1, 1, 0, -1, 0, -1, -1, 0, -1, -1, -1, -1, 0, -1, 0, 0, 0, -1]"
150,2,18,0.0,0.2557619512065712,5,56,"[{'cluster_no': -1, 'count': 56}, {'cluster_no': 0, 'count': 31}, {'cluster_no': 1, 'count': 66}, {'cluster_no': 2, 'count': 51}, {'cluster_no': 3, 'count': 33}]","[2, 1, 1, -1, -1, 1, 0, 1, 1, 1, 3, 1, -1, 3, 0, -1, -1, 1, 2, 2, 1, 1, -1, 2, 3, 1, -1, 3, 3, 2, 2, 1, -1, 1, 0, 2, 1, -1, 3, -1, 1, 0, 1, 0, 1, 2, 1, 1, 1, 3, -1, 1, 1, 2, -1, 0, -1, 2, 2, 3, 1, 2, 0, 2, 0, 3, 3, 3, 1, -1, -1, -1, 1, 0, 1, 1, 1, 0, 3, -1, 2, 0, 0, 2, 1, 3, 2, 0, 2, 0, 2, 1, 1, 2, 1, 1, 0, 1, 3, 0, 3, 1, 3, 2, 2, -1, 0, 3, 1, 0, 1, 0, 0, 0, -1, 1, 2, 2, 1, 1, 3, 3, 2, 3, 1, 3, 1, 3, 0, -1, 1, -1, 0, 3, 1, -1, 2, 3, 2, 1, 2, 1, -1, -1, -1, -1, -1, 0, 1, 0, -1, 1, 1, 2, 2, -1, -1, 2, 2, 0, 2, 3, 1, -1, 2, 1, 2, 0, 2, 3, 1, 1, -1, -1, 2, -1, 1, 0, -1, 2, 2, 2, 2, -1, 3, 0, 2, 3, 2, 3, 1, 1, 0, -1, 1, 1, -1, 1, 2, 1, -1, 1, 3, 1, 1, -1, -1, -1, 2, 2, 3, -1, 2, -1, -1, 3, -1, 3, 2, -1, 0, 1, -1, 1, -1, -1, 2, -1, -1, -1, -1, 1, -1, 2, 2, 2, -1]"
150,2,18,0.5,0.013178559375559912,3,48,"[{'cluster_no': -1, 'count': 48}, {'cluster_no': 0, 'count': 158}, {'cluster_no': 1, 'count': 31}]","[0, 0, 0, -1, -1, 0, 1, 0, 0, 0, 0, 0, -1, 0, 1, -1, -1, 0, 0, 0, 0, 0, -1, 0, 0, 0, -1, 0, 0, 0, 0, 0, -1, 0, 1, 0, 0, -1, 0, -1, 0, 1, 0, 1, 0, 0, 0, 0, 0, 0, -1, 0, 0, 0, -1, 1, -1, 0, 0, 0, 0, 0, 1, 0, 1, 0, 0, 0, 0, -1, 0, -1, 0, 1, 0, 0, 0, 1, 0, -1, 0, 1, 1, 0, 0, 0, 0, 1, 0, 1, 0, 0, 0, 0, 0, 0, 1, 0, 0, 1, 0, 0, 0, 0, 0, -1, 1, 0, 0, 1, 0, 1, 1, 1, 0, 0, 0, 0, 0, 0, 0, 0, 0, 0, 0, 0, 0, 0, 1, -1, 0, -1, 1, 0, 0, -1, 0, 0, 0, 0, 0, 0, 0, -1, 0, -1, -1, 1, 0, 1, -1, 0, 0, 0, 0, 0, -1, 0, 0, 1, 0, 0, 0, -1, 0, 0, 0, 1, 0, 0, 0, 0, -1, -1, 0, -1, 0, 1, -1, 0, 0, 0, 0, -1, 0, 1, 0, 0, 0, 0, 0, 0, 1, -1, 0, 0, -1, 0, 0, 0, -1, 0, 0, 0, 0, -1, 0, 0, 0, 0, 0, 0, 0, -1, -1, 0, -1, 0, 0, -1, 1, 0, -1, 0, -1, -1, 0, -1, -1, -1, -1, 0, -1, 0, 0, 0, -1]"
150,2,18,1.0,0.013178559375559912,3,48,"[{'cluster_no': -1, 'count': 48}, {'cluster_no': 0, 'count': 158}, {'cluster_no': 1, 'count': 31}]","[0, 0, 0, -1, -1, 0, 1, 0, 0, 0, 0, 0, -1, 0, 1, -1, -1, 0, 0, 0, 0, 0, -1, 0, 0, 0, -1, 0, 0, 0, 0, 0, -1, 0, 1, 0, 0, -1, 0, -1, 0, 1, 0, 1, 0, 0, 0, 0, 0, 0, -1, 0, 0, 0, -1, 1, -1, 0, 0, 0, 0, 0, 1, 0, 1, 0, 0, 0, 0, -1, 0, -1, 0, 1, 0, 0, 0, 1, 0, -1, 0, 1, 1, 0, 0, 0, 0, 1, 0, 1, 0, 0, 0, 0, 0, 0, 1, 0, 0, 1, 0, 0, 0, 0, 0, -1, 1, 0, 0, 1, 0, 1, 1, 1, 0, 0, 0, 0, 0, 0, 0, 0, 0, 0, 0, 0, 0, 0, 1, -1, 0, -1, 1, 0, 0, -1, 0, 0, 0, 0, 0, 0, 0, -1, 0, -1, -1, 1, 0, 1, -1, 0, 0, 0, 0, 0, -1, 0, 0, 1, 0, 0, 0, -1, 0, 0, 0, 1, 0, 0, 0, 0, -1, -1, 0, -1, 0, 1, -1, 0, 0, 0, 0, -1, 0, 1, 0, 0, 0, 0, 0, 0, 1, -1, 0, 0, -1, 0, 0, 0, -1, 0, 0, 0, 0, -1, 0, 0, 0, 0, 0, 0, 0, -1, -1, 0, -1, 0, 0, -1, 1, 0, -1, 0, -1, -1, 0, -1, -1, -1, -1, 0, -1, 0, 0, 0, -1]"
150,2,19,0.0,0.2557619512065712,5,56,"[{'cluster_no': -1, 'count': 56}, {'cluster_no': 0, 'count': 31}, {'cluster_no': 1, 'count': 66}, {'cluster_no': 2, 'count': 51}, {'cluster_no': 3, 'count': 33}]","[2, 1, 1, -1, -1, 1, 0, 1, 1, 1, 3, 1, -1, 3, 0, -1, -1, 1, 2, 2, 1, 1, -1, 2, 3, 1, -1, 3, 3, 2, 2, 1, -1, 1, 0, 2, 1, -1, 3, -1, 1, 0, 1, 0, 1, 2, 1, 1, 1, 3, -1, 1, 1, 2, -1, 0, -1, 2, 2, 3, 1, 2, 0, 2, 0, 3, 3, 3, 1, -1, -1, -1, 1, 0, 1, 1, 1, 0, 3, -1, 2, 0, 0, 2, 1, 3, 2, 0, 2, 0, 2, 1, 1, 2, 1, 1, 0, 1, 3, 0, 3, 1, 3, 2, 2, -1, 0, 3, 1, 0, 1, 0, 0, 0, -1, 1, 2, 2, 1, 1, 3, 3, 2, 3, 1, 3, 1, 3, 0, -1, 1, -1, 0, 3, 1, -1, 2, 3, 2, 1, 2, 1, -1, -1, -1, -1, -1, 0, 1, 0, -1, 1, 1, 2, 2, -1, -1, 2, 2, 0, 2, 3, 1, -1, 2, 1, 2, 0, 2, 3, 1, 1, -1, -1, 2, -1, 1, 0, -1, 2, 2, 2, 2, -1, 3, 0, 2, 3, 2, 3, 1, 1, 0, -1, 1, 1, -1, 1, 2, 1, -1, 1, 3, 1, 1, -1, -1, -1, 2, 2, 3, -1, 2, -1, -1, 3, -1, 3, 2, -1, 0, 1, -1, 1, -1, -1, 2, -1, -1, -1, -1, 1, -1, 2, 2, 2, -1]"
150,2,19,0.5,0.013178559375559912,3,48,"[{'cluster_no': -1, 'count': 48}, {'cluster_no': 0, 'count': 158}, {'cluster_no': 1, 'count': 31}]","[0, 0, 0, -1, -1, 0, 1, 0, 0, 0, 0, 0, -1, 0, 1, -1, -1, 0, 0, 0, 0, 0, -1, 0, 0, 0, -1, 0, 0, 0, 0, 0, -1, 0, 1, 0, 0, -1, 0, -1, 0, 1, 0, 1, 0, 0, 0, 0, 0, 0, -1, 0, 0, 0, -1, 1, -1, 0, 0, 0, 0, 0, 1, 0, 1, 0, 0, 0, 0, -1, 0, -1, 0, 1, 0, 0, 0, 1, 0, -1, 0, 1, 1, 0, 0, 0, 0, 1, 0, 1, 0, 0, 0, 0, 0, 0, 1, 0, 0, 1, 0, 0, 0, 0, 0, -1, 1, 0, 0, 1, 0, 1, 1, 1, 0, 0, 0, 0, 0, 0, 0, 0, 0, 0, 0, 0, 0, 0, 1, -1, 0, -1, 1, 0, 0, -1, 0, 0, 0, 0, 0, 0, 0, -1, 0, -1, -1, 1, 0, 1, -1, 0, 0, 0, 0, 0, -1, 0, 0, 1, 0, 0, 0, -1, 0, 0, 0, 1, 0, 0, 0, 0, -1, -1, 0, -1, 0, 1, -1, 0, 0, 0, 0, -1, 0, 1, 0, 0, 0, 0, 0, 0, 1, -1, 0, 0, -1, 0, 0, 0, -1, 0, 0, 0, 0, -1, 0, 0, 0, 0, 0, 0, 0, -1, -1, 0, -1, 0, 0, -1, 1, 0, -1, 0, -1, -1, 0, -1, -1, -1, -1, 0, -1, 0, 0, 0, -1]"
150,2,19,1.0,0.013178559375559912,3,48,"[{'cluster_no': -1, 'count': 48}, {'cluster_no': 0, 'count': 158}, {'cluster_no': 1, 'count': 31}]","[0, 0, 0, -1, -1, 0, 1, 0, 0, 0, 0, 0, -1, 0, 1, -1, -1, 0, 0, 0, 0, 0, -1, 0, 0, 0, -1, 0, 0, 0, 0, 0, -1, 0, 1, 0, 0, -1, 0, -1, 0, 1, 0, 1, 0, 0, 0, 0, 0, 0, -1, 0, 0, 0, -1, 1, -1, 0, 0, 0, 0, 0, 1, 0, 1, 0, 0, 0, 0, -1, 0, -1, 0, 1, 0, 0, 0, 1, 0, -1, 0, 1, 1, 0, 0, 0, 0, 1, 0, 1, 0, 0, 0, 0, 0, 0, 1, 0, 0, 1, 0, 0, 0, 0, 0, -1, 1, 0, 0, 1, 0, 1, 1, 1, 0, 0, 0, 0, 0, 0, 0, 0, 0, 0, 0, 0, 0, 0, 1, -1, 0, -1, 1, 0, 0, -1, 0, 0, 0, 0, 0, 0, 0, -1, 0, -1, -1, 1, 0, 1, -1, 0, 0, 0, 0, 0, -1, 0, 0, 1, 0, 0, 0, -1, 0, 0, 0, 1, 0, 0, 0, 0, -1, -1, 0, -1, 0, 1, -1, 0, 0, 0, 0, -1, 0, 1, 0, 0, 0, 0, 0, 0, 1, -1, 0, 0, -1, 0, 0, 0, -1, 0, 0, 0, 0, -1, 0, 0, 0, 0, 0, 0, 0, -1, -1, 0, -1, 0, 0, -1, 1, 0, -1, 0, -1, -1, 0, -1, -1, -1, -1, 0, -1, 0, 0, 0, -1]"
150,2,20,0.0,0.2557619512065712,5,56,"[{'cluster_no': -1, 'count': 56}, {'cluster_no': 0, 'count': 31}, {'cluster_no': 1, 'count': 66}, {'cluster_no': 2, 'count': 51}, {'cluster_no': 3, 'count': 33}]","[2, 1, 1, -1, -1, 1, 0, 1, 1, 1, 3, 1, -1, 3, 0, -1, -1, 1, 2, 2, 1, 1, -1, 2, 3, 1, -1, 3, 3, 2, 2, 1, -1, 1, 0, 2, 1, -1, 3, -1, 1, 0, 1, 0, 1, 2, 1, 1, 1, 3, -1, 1, 1, 2, -1, 0, -1, 2, 2, 3, 1, 2, 0, 2, 0, 3, 3, 3, 1, -1, -1, -1, 1, 0, 1, 1, 1, 0, 3, -1, 2, 0, 0, 2, 1, 3, 2, 0, 2, 0, 2, 1, 1, 2, 1, 1, 0, 1, 3, 0, 3, 1, 3, 2, 2, -1, 0, 3, 1, 0, 1, 0, 0, 0, -1, 1, 2, 2, 1, 1, 3, 3, 2, 3, 1, 3, 1, 3, 0, -1, 1, -1, 0, 3, 1, -1, 2, 3, 2, 1, 2, 1, -1, -1, -1, -1, -1, 0, 1, 0, -1, 1, 1, 2, 2, -1, -1, 2, 2, 0, 2, 3, 1, -1, 2, 1, 2, 0, 2, 3, 1, 1, -1, -1, 2, -1, 1, 0, -1, 2, 2, 2, 2, -1, 3, 0, 2, 3, 2, 3, 1, 1, 0, -1, 1, 1, -1, 1, 2, 1, -1, 1, 3, 1, 1, -1, -1, -1, 2, 2, 3, -1, 2, -1, -1, 3, -1, 3, 2, -1, 0, 1, -1, 1, -1, -1, 2, -1, -1, -1, -1, 1, -1, 2, 2, 2, -1]"
150,2,20,0.5,0.013178559375559912,3,48,"[{'cluster_no': -1, 'count': 48}, {'cluster_no': 0, 'count': 158}, {'cluster_no': 1, 'count': 31}]","[0, 0, 0, -1, -1, 0, 1, 0, 0, 0, 0, 0, -1, 0, 1, -1, -1, 0, 0, 0, 0, 0, -1, 0, 0, 0, -1, 0, 0, 0, 0, 0, -1, 0, 1, 0, 0, -1, 0, -1, 0, 1, 0, 1, 0, 0, 0, 0, 0, 0, -1, 0, 0, 0, -1, 1, -1, 0, 0, 0, 0, 0, 1, 0, 1, 0, 0, 0, 0, -1, 0, -1, 0, 1, 0, 0, 0, 1, 0, -1, 0, 1, 1, 0, 0, 0, 0, 1, 0, 1, 0, 0, 0, 0, 0, 0, 1, 0, 0, 1, 0, 0, 0, 0, 0, -1, 1, 0, 0, 1, 0, 1, 1, 1, 0, 0, 0, 0, 0, 0, 0, 0, 0, 0, 0, 0, 0, 0, 1, -1, 0, -1, 1, 0, 0, -1, 0, 0, 0, 0, 0, 0, 0, -1, 0, -1, -1, 1, 0, 1, -1, 0, 0, 0, 0, 0, -1, 0, 0, 1, 0, 0, 0, -1, 0, 0, 0, 1, 0, 0, 0, 0, -1, -1, 0, -1, 0, 1, -1, 0, 0, 0, 0, -1, 0, 1, 0, 0, 0, 0, 0, 0, 1, -1, 0, 0, -1, 0, 0, 0, -1, 0, 0, 0, 0, -1, 0, 0, 0, 0, 0, 0, 0, -1, -1, 0, -1, 0, 0, -1, 1, 0, -1, 0, -1, -1, 0, -1, -1, -1, -1, 0, -1, 0, 0, 0, -1]"
150,2,20,1.0,0.013178559375559912,3,48,"[{'cluster_no': -1, 'count': 48}, {'cluster_no': 0, 'count': 158}, {'cluster_no': 1, 'count': 31}]","[0, 0, 0, -1, -1, 0, 1, 0, 0, 0, 0, 0, -1, 0, 1, -1, -1, 0, 0, 0, 0, 0, -1, 0, 0, 0, -1, 0, 0, 0, 0, 0, -1, 0, 1, 0, 0, -1, 0, -1, 0, 1, 0, 1, 0, 0, 0, 0, 0, 0, -1, 0, 0, 0, -1, 1, -1, 0, 0, 0, 0, 0, 1, 0, 1, 0, 0, 0, 0, -1, 0, -1, 0, 1, 0, 0, 0, 1, 0, -1, 0, 1, 1, 0, 0, 0, 0, 1, 0, 1, 0, 0, 0, 0, 0, 0, 1, 0, 0, 1, 0, 0, 0, 0, 0, -1, 1, 0, 0, 1, 0, 1, 1, 1, 0, 0, 0, 0, 0, 0, 0, 0, 0, 0, 0, 0, 0, 0, 1, -1, 0, -1, 1, 0, 0, -1, 0, 0, 0, 0, 0, 0, 0, -1, 0, -1, -1, 1, 0, 1, -1, 0, 0, 0, 0, 0, -1, 0, 0, 1, 0, 0, 0, -1, 0, 0, 0, 1, 0, 0, 0, 0, -1, -1, 0, -1, 0, 1, -1, 0, 0, 0, 0, -1, 0, 1, 0, 0, 0, 0, 0, 0, 1, -1, 0, 0, -1, 0, 0, 0, -1, 0, 0, 0, 0, -1, 0, 0, 0, 0, 0, 0, 0, -1, -1, 0, -1, 0, 0, -1, 1, 0, -1, 0, -1, -1, 0, -1, -1, -1, -1, 0, -1, 0, 0, 0, -1]"
150,2,21,0.0,0.2557619512065712,5,56,"[{'cluster_no': -1, 'count': 56}, {'cluster_no': 0, 'count': 31}, {'cluster_no': 1, 'count': 66}, {'cluster_no': 2, 'count': 51}, {'cluster_no': 3, 'count': 33}]","[2, 1, 1, -1, -1, 1, 0, 1, 1, 1, 3, 1, -1, 3, 0, -1, -1, 1, 2, 2, 1, 1, -1, 2, 3, 1, -1, 3, 3, 2, 2, 1, -1, 1, 0, 2, 1, -1, 3, -1, 1, 0, 1, 0, 1, 2, 1, 1, 1, 3, -1, 1, 1, 2, -1, 0, -1, 2, 2, 3, 1, 2, 0, 2, 0, 3, 3, 3, 1, -1, -1, -1, 1, 0, 1, 1, 1, 0, 3, -1, 2, 0, 0, 2, 1, 3, 2, 0, 2, 0, 2, 1, 1, 2, 1, 1, 0, 1, 3, 0, 3, 1, 3, 2, 2, -1, 0, 3, 1, 0, 1, 0, 0, 0, -1, 1, 2, 2, 1, 1, 3, 3, 2, 3, 1, 3, 1, 3, 0, -1, 1, -1, 0, 3, 1, -1, 2, 3, 2, 1, 2, 1, -1, -1, -1, -1, -1, 0, 1, 0, -1, 1, 1, 2, 2, -1, -1, 2, 2, 0, 2, 3, 1, -1, 2, 1, 2, 0, 2, 3, 1, 1, -1, -1, 2, -1, 1, 0, -1, 2, 2, 2, 2, -1, 3, 0, 2, 3, 2, 3, 1, 1, 0, -1, 1, 1, -1, 1, 2, 1, -1, 1, 3, 1, 1, -1, -1, -1, 2, 2, 3, -1, 2, -1, -1, 3, -1, 3, 2, -1, 0, 1, -1, 1, -1, -1, 2, -1, -1, -1, -1, 1, -1, 2, 2, 2, -1]"
150,2,21,0.5,0.013178559375559912,3,48,"[{'cluster_no': -1, 'count': 48}, {'cluster_no': 0, 'count': 158}, {'cluster_no': 1, 'count': 31}]","[0, 0, 0, -1, -1, 0, 1, 0, 0, 0, 0, 0, -1, 0, 1, -1, -1, 0, 0, 0, 0, 0, -1, 0, 0, 0, -1, 0, 0, 0, 0, 0, -1, 0, 1, 0, 0, -1, 0, -1, 0, 1, 0, 1, 0, 0, 0, 0, 0, 0, -1, 0, 0, 0, -1, 1, -1, 0, 0, 0, 0, 0, 1, 0, 1, 0, 0, 0, 0, -1, 0, -1, 0, 1, 0, 0, 0, 1, 0, -1, 0, 1, 1, 0, 0, 0, 0, 1, 0, 1, 0, 0, 0, 0, 0, 0, 1, 0, 0, 1, 0, 0, 0, 0, 0, -1, 1, 0, 0, 1, 0, 1, 1, 1, 0, 0, 0, 0, 0, 0, 0, 0, 0, 0, 0, 0, 0, 0, 1, -1, 0, -1, 1, 0, 0, -1, 0, 0, 0, 0, 0, 0, 0, -1, 0, -1, -1, 1, 0, 1, -1, 0, 0, 0, 0, 0, -1, 0, 0, 1, 0, 0, 0, -1, 0, 0, 0, 1, 0, 0, 0, 0, -1, -1, 0, -1, 0, 1, -1, 0, 0, 0, 0, -1, 0, 1, 0, 0, 0, 0, 0, 0, 1, -1, 0, 0, -1, 0, 0, 0, -1, 0, 0, 0, 0, -1, 0, 0, 0, 0, 0, 0, 0, -1, -1, 0, -1, 0, 0, -1, 1, 0, -1, 0, -1, -1, 0, -1, -1, -1, -1, 0, -1, 0, 0, 0, -1]"
150,2,21,1.0,0.013178559375559912,3,48,"[{'cluster_no': -1, 'count': 48}, {'cluster_no': 0, 'count': 158}, {'cluster_no': 1, 'count': 31}]","[0, 0, 0, -1, -1, 0, 1, 0, 0, 0, 0, 0, -1, 0, 1, -1, -1, 0, 0, 0, 0, 0, -1, 0, 0, 0, -1, 0, 0, 0, 0, 0, -1, 0, 1, 0, 0, -1, 0, -1, 0, 1, 0, 1, 0, 0, 0, 0, 0, 0, -1, 0, 0, 0, -1, 1, -1, 0, 0, 0, 0, 0, 1, 0, 1, 0, 0, 0, 0, -1, 0, -1, 0, 1, 0, 0, 0, 1, 0, -1, 0, 1, 1, 0, 0, 0, 0, 1, 0, 1, 0, 0, 0, 0, 0, 0, 1, 0, 0, 1, 0, 0, 0, 0, 0, -1, 1, 0, 0, 1, 0, 1, 1, 1, 0, 0, 0, 0, 0, 0, 0, 0, 0, 0, 0, 0, 0, 0, 1, -1, 0, -1, 1, 0, 0, -1, 0, 0, 0, 0, 0, 0, 0, -1, 0, -1, -1, 1, 0, 1, -1, 0, 0, 0, 0, 0, -1, 0, 0, 1, 0, 0, 0, -1, 0, 0, 0, 1, 0, 0, 0, 0, -1, -1, 0, -1, 0, 1, -1, 0, 0, 0, 0, -1, 0, 1, 0, 0, 0, 0, 0, 0, 1, -1, 0, 0, -1, 0, 0, 0, -1, 0, 0, 0, 0, -1, 0, 0, 0, 0, 0, 0, 0, -1, -1, 0, -1, 0, 0, -1, 1, 0, -1, 0, -1, -1, 0, -1, -1, -1, -1, 0, -1, 0, 0, 0, -1]"
150,2,22,0.0,0.2557619512065712,5,56,"[{'cluster_no': -1, 'count': 56}, {'cluster_no': 0, 'count': 31}, {'cluster_no': 1, 'count': 66}, {'cluster_no': 2, 'count': 51}, {'cluster_no': 3, 'count': 33}]","[2, 1, 1, -1, -1, 1, 0, 1, 1, 1, 3, 1, -1, 3, 0, -1, -1, 1, 2, 2, 1, 1, -1, 2, 3, 1, -1, 3, 3, 2, 2, 1, -1, 1, 0, 2, 1, -1, 3, -1, 1, 0, 1, 0, 1, 2, 1, 1, 1, 3, -1, 1, 1, 2, -1, 0, -1, 2, 2, 3, 1, 2, 0, 2, 0, 3, 3, 3, 1, -1, -1, -1, 1, 0, 1, 1, 1, 0, 3, -1, 2, 0, 0, 2, 1, 3, 2, 0, 2, 0, 2, 1, 1, 2, 1, 1, 0, 1, 3, 0, 3, 1, 3, 2, 2, -1, 0, 3, 1, 0, 1, 0, 0, 0, -1, 1, 2, 2, 1, 1, 3, 3, 2, 3, 1, 3, 1, 3, 0, -1, 1, -1, 0, 3, 1, -1, 2, 3, 2, 1, 2, 1, -1, -1, -1, -1, -1, 0, 1, 0, -1, 1, 1, 2, 2, -1, -1, 2, 2, 0, 2, 3, 1, -1, 2, 1, 2, 0, 2, 3, 1, 1, -1, -1, 2, -1, 1, 0, -1, 2, 2, 2, 2, -1, 3, 0, 2, 3, 2, 3, 1, 1, 0, -1, 1, 1, -1, 1, 2, 1, -1, 1, 3, 1, 1, -1, -1, -1, 2, 2, 3, -1, 2, -1, -1, 3, -1, 3, 2, -1, 0, 1, -1, 1, -1, -1, 2, -1, -1, -1, -1, 1, -1, 2, 2, 2, -1]"
150,2,22,0.5,0.013178559375559912,3,48,"[{'cluster_no': -1, 'count': 48}, {'cluster_no': 0, 'count': 158}, {'cluster_no': 1, 'count': 31}]","[0, 0, 0, -1, -1, 0, 1, 0, 0, 0, 0, 0, -1, 0, 1, -1, -1, 0, 0, 0, 0, 0, -1, 0, 0, 0, -1, 0, 0, 0, 0, 0, -1, 0, 1, 0, 0, -1, 0, -1, 0, 1, 0, 1, 0, 0, 0, 0, 0, 0, -1, 0, 0, 0, -1, 1, -1, 0, 0, 0, 0, 0, 1, 0, 1, 0, 0, 0, 0, -1, 0, -1, 0, 1, 0, 0, 0, 1, 0, -1, 0, 1, 1, 0, 0, 0, 0, 1, 0, 1, 0, 0, 0, 0, 0, 0, 1, 0, 0, 1, 0, 0, 0, 0, 0, -1, 1, 0, 0, 1, 0, 1, 1, 1, 0, 0, 0, 0, 0, 0, 0, 0, 0, 0, 0, 0, 0, 0, 1, -1, 0, -1, 1, 0, 0, -1, 0, 0, 0, 0, 0, 0, 0, -1, 0, -1, -1, 1, 0, 1, -1, 0, 0, 0, 0, 0, -1, 0, 0, 1, 0, 0, 0, -1, 0, 0, 0, 1, 0, 0, 0, 0, -1, -1, 0, -1, 0, 1, -1, 0, 0, 0, 0, -1, 0, 1, 0, 0, 0, 0, 0, 0, 1, -1, 0, 0, -1, 0, 0, 0, -1, 0, 0, 0, 0, -1, 0, 0, 0, 0, 0, 0, 0, -1, -1, 0, -1, 0, 0, -1, 1, 0, -1, 0, -1, -1, 0, -1, -1, -1, -1, 0, -1, 0, 0, 0, -1]"
150,2,22,1.0,0.013178559375559912,3,48,"[{'cluster_no': -1, 'count': 48}, {'cluster_no': 0, 'count': 158}, {'cluster_no': 1, 'count': 31}]","[0, 0, 0, -1, -1, 0, 1, 0, 0, 0, 0, 0, -1, 0, 1, -1, -1, 0, 0, 0, 0, 0, -1, 0, 0, 0, -1, 0, 0, 0, 0, 0, -1, 0, 1, 0, 0, -1, 0, -1, 0, 1, 0, 1, 0, 0, 0, 0, 0, 0, -1, 0, 0, 0, -1, 1, -1, 0, 0, 0, 0, 0, 1, 0, 1, 0, 0, 0, 0, -1, 0, -1, 0, 1, 0, 0, 0, 1, 0, -1, 0, 1, 1, 0, 0, 0, 0, 1, 0, 1, 0, 0, 0, 0, 0, 0, 1, 0, 0, 1, 0, 0, 0, 0, 0, -1, 1, 0, 0, 1, 0, 1, 1, 1, 0, 0, 0, 0, 0, 0, 0, 0, 0, 0, 0, 0, 0, 0, 1, -1, 0, -1, 1, 0, 0, -1, 0, 0, 0, 0, 0, 0, 0, -1, 0, -1, -1, 1, 0, 1, -1, 0, 0, 0, 0, 0, -1, 0, 0, 1, 0, 0, 0, -1, 0, 0, 0, 1, 0, 0, 0, 0, -1, -1, 0, -1, 0, 1, -1, 0, 0, 0, 0, -1, 0, 1, 0, 0, 0, 0, 0, 0, 1, -1, 0, 0, -1, 0, 0, 0, -1, 0, 0, 0, 0, -1, 0, 0, 0, 0, 0, 0, 0, -1, -1, 0, -1, 0, 0, -1, 1, 0, -1, 0, -1, -1, 0, -1, -1, -1, -1, 0, -1, 0, 0, 0, -1]"
150,2,23,0.0,0.2557619512065712,5,56,"[{'cluster_no': -1, 'count': 56}, {'cluster_no': 0, 'count': 31}, {'cluster_no': 1, 'count': 66}, {'cluster_no': 2, 'count': 51}, {'cluster_no': 3, 'count': 33}]","[2, 1, 1, -1, -1, 1, 0, 1, 1, 1, 3, 1, -1, 3, 0, -1, -1, 1, 2, 2, 1, 1, -1, 2, 3, 1, -1, 3, 3, 2, 2, 1, -1, 1, 0, 2, 1, -1, 3, -1, 1, 0, 1, 0, 1, 2, 1, 1, 1, 3, -1, 1, 1, 2, -1, 0, -1, 2, 2, 3, 1, 2, 0, 2, 0, 3, 3, 3, 1, -1, -1, -1, 1, 0, 1, 1, 1, 0, 3, -1, 2, 0, 0, 2, 1, 3, 2, 0, 2, 0, 2, 1, 1, 2, 1, 1, 0, 1, 3, 0, 3, 1, 3, 2, 2, -1, 0, 3, 1, 0, 1, 0, 0, 0, -1, 1, 2, 2, 1, 1, 3, 3, 2, 3, 1, 3, 1, 3, 0, -1, 1, -1, 0, 3, 1, -1, 2, 3, 2, 1, 2, 1, -1, -1, -1, -1, -1, 0, 1, 0, -1, 1, 1, 2, 2, -1, -1, 2, 2, 0, 2, 3, 1, -1, 2, 1, 2, 0, 2, 3, 1, 1, -1, -1, 2, -1, 1, 0, -1, 2, 2, 2, 2, -1, 3, 0, 2, 3, 2, 3, 1, 1, 0, -1, 1, 1, -1, 1, 2, 1, -1, 1, 3, 1, 1, -1, -1, -1, 2, 2, 3, -1, 2, -1, -1, 3, -1, 3, 2, -1, 0, 1, -1, 1, -1, -1, 2, -1, -1, -1, -1, 1, -1, 2, 2, 2, -1]"
150,2,23,0.5,0.013178559375559912,3,48,"[{'cluster_no': -1, 'count': 48}, {'cluster_no': 0, 'count': 158}, {'cluster_no': 1, 'count': 31}]","[0, 0, 0, -1, -1, 0, 1, 0, 0, 0, 0, 0, -1, 0, 1, -1, -1, 0, 0, 0, 0, 0, -1, 0, 0, 0, -1, 0, 0, 0, 0, 0, -1, 0, 1, 0, 0, -1, 0, -1, 0, 1, 0, 1, 0, 0, 0, 0, 0, 0, -1, 0, 0, 0, -1, 1, -1, 0, 0, 0, 0, 0, 1, 0, 1, 0, 0, 0, 0, -1, 0, -1, 0, 1, 0, 0, 0, 1, 0, -1, 0, 1, 1, 0, 0, 0, 0, 1, 0, 1, 0, 0, 0, 0, 0, 0, 1, 0, 0, 1, 0, 0, 0, 0, 0, -1, 1, 0, 0, 1, 0, 1, 1, 1, 0, 0, 0, 0, 0, 0, 0, 0, 0, 0, 0, 0, 0, 0, 1, -1, 0, -1, 1, 0, 0, -1, 0, 0, 0, 0, 0, 0, 0, -1, 0, -1, -1, 1, 0, 1, -1, 0, 0, 0, 0, 0, -1, 0, 0, 1, 0, 0, 0, -1, 0, 0, 0, 1, 0, 0, 0, 0, -1, -1, 0, -1, 0, 1, -1, 0, 0, 0, 0, -1, 0, 1, 0, 0, 0, 0, 0, 0, 1, -1, 0, 0, -1, 0, 0, 0, -1, 0, 0, 0, 0, -1, 0, 0, 0, 0, 0, 0, 0, -1, -1, 0, -1, 0, 0, -1, 1, 0, -1, 0, -1, -1, 0, -1, -1, -1, -1, 0, -1, 0, 0, 0, -1]"
150,2,23,1.0,0.013178559375559912,3,48,"[{'cluster_no': -1, 'count': 48}, {'cluster_no': 0, 'count': 158}, {'cluster_no': 1, 'count': 31}]","[0, 0, 0, -1, -1, 0, 1, 0, 0, 0, 0, 0, -1, 0, 1, -1, -1, 0, 0, 0, 0, 0, -1, 0, 0, 0, -1, 0, 0, 0, 0, 0, -1, 0, 1, 0, 0, -1, 0, -1, 0, 1, 0, 1, 0, 0, 0, 0, 0, 0, -1, 0, 0, 0, -1, 1, -1, 0, 0, 0, 0, 0, 1, 0, 1, 0, 0, 0, 0, -1, 0, -1, 0, 1, 0, 0, 0, 1, 0, -1, 0, 1, 1, 0, 0, 0, 0, 1, 0, 1, 0, 0, 0, 0, 0, 0, 1, 0, 0, 1, 0, 0, 0, 0, 0, -1, 1, 0, 0, 1, 0, 1, 1, 1, 0, 0, 0, 0, 0, 0, 0, 0, 0, 0, 0, 0, 0, 0, 1, -1, 0, -1, 1, 0, 0, -1, 0, 0, 0, 0, 0, 0, 0, -1, 0, -1, -1, 1, 0, 1, -1, 0, 0, 0, 0, 0, -1, 0, 0, 1, 0, 0, 0, -1, 0, 0, 0, 1, 0, 0, 0, 0, -1, -1, 0, -1, 0, 1, -1, 0, 0, 0, 0, -1, 0, 1, 0, 0, 0, 0, 0, 0, 1, -1, 0, 0, -1, 0, 0, 0, -1, 0, 0, 0, 0, -1, 0, 0, 0, 0, 0, 0, 0, -1, -1, 0, -1, 0, 0, -1, 1, 0, -1, 0, -1, -1, 0, -1, -1, -1, -1, 0, -1, 0, 0, 0, -1]"
150,2,24,0.0,0.2557619512065712,5,56,"[{'cluster_no': -1, 'count': 56}, {'cluster_no': 0, 'count': 31}, {'cluster_no': 1, 'count': 66}, {'cluster_no': 2, 'count': 51}, {'cluster_no': 3, 'count': 33}]","[2, 1, 1, -1, -1, 1, 0, 1, 1, 1, 3, 1, -1, 3, 0, -1, -1, 1, 2, 2, 1, 1, -1, 2, 3, 1, -1, 3, 3, 2, 2, 1, -1, 1, 0, 2, 1, -1, 3, -1, 1, 0, 1, 0, 1, 2, 1, 1, 1, 3, -1, 1, 1, 2, -1, 0, -1, 2, 2, 3, 1, 2, 0, 2, 0, 3, 3, 3, 1, -1, -1, -1, 1, 0, 1, 1, 1, 0, 3, -1, 2, 0, 0, 2, 1, 3, 2, 0, 2, 0, 2, 1, 1, 2, 1, 1, 0, 1, 3, 0, 3, 1, 3, 2, 2, -1, 0, 3, 1, 0, 1, 0, 0, 0, -1, 1, 2, 2, 1, 1, 3, 3, 2, 3, 1, 3, 1, 3, 0, -1, 1, -1, 0, 3, 1, -1, 2, 3, 2, 1, 2, 1, -1, -1, -1, -1, -1, 0, 1, 0, -1, 1, 1, 2, 2, -1, -1, 2, 2, 0, 2, 3, 1, -1, 2, 1, 2, 0, 2, 3, 1, 1, -1, -1, 2, -1, 1, 0, -1, 2, 2, 2, 2, -1, 3, 0, 2, 3, 2, 3, 1, 1, 0, -1, 1, 1, -1, 1, 2, 1, -1, 1, 3, 1, 1, -1, -1, -1, 2, 2, 3, -1, 2, -1, -1, 3, -1, 3, 2, -1, 0, 1, -1, 1, -1, -1, 2, -1, -1, -1, -1, 1, -1, 2, 2, 2, -1]"
150,2,24,0.5,0.013178559375559912,3,48,"[{'cluster_no': -1, 'count': 48}, {'cluster_no': 0, 'count': 158}, {'cluster_no': 1, 'count': 31}]","[0, 0, 0, -1, -1, 0, 1, 0, 0, 0, 0, 0, -1, 0, 1, -1, -1, 0, 0, 0, 0, 0, -1, 0, 0, 0, -1, 0, 0, 0, 0, 0, -1, 0, 1, 0, 0, -1, 0, -1, 0, 1, 0, 1, 0, 0, 0, 0, 0, 0, -1, 0, 0, 0, -1, 1, -1, 0, 0, 0, 0, 0, 1, 0, 1, 0, 0, 0, 0, -1, 0, -1, 0, 1, 0, 0, 0, 1, 0, -1, 0, 1, 1, 0, 0, 0, 0, 1, 0, 1, 0, 0, 0, 0, 0, 0, 1, 0, 0, 1, 0, 0, 0, 0, 0, -1, 1, 0, 0, 1, 0, 1, 1, 1, 0, 0, 0, 0, 0, 0, 0, 0, 0, 0, 0, 0, 0, 0, 1, -1, 0, -1, 1, 0, 0, -1, 0, 0, 0, 0, 0, 0, 0, -1, 0, -1, -1, 1, 0, 1, -1, 0, 0, 0, 0, 0, -1, 0, 0, 1, 0, 0, 0, -1, 0, 0, 0, 1, 0, 0, 0, 0, -1, -1, 0, -1, 0, 1, -1, 0, 0, 0, 0, -1, 0, 1, 0, 0, 0, 0, 0, 0, 1, -1, 0, 0, -1, 0, 0, 0, -1, 0, 0, 0, 0, -1, 0, 0, 0, 0, 0, 0, 0, -1, -1, 0, -1, 0, 0, -1, 1, 0, -1, 0, -1, -1, 0, -1, -1, -1, -1, 0, -1, 0, 0, 0, -1]"
150,2,24,1.0,0.013178559375559912,3,48,"[{'cluster_no': -1, 'count': 48}, {'cluster_no': 0, 'count': 158}, {'cluster_no': 1, 'count': 31}]","[0, 0, 0, -1, -1, 0, 1, 0, 0, 0, 0, 0, -1, 0, 1, -1, -1, 0, 0, 0, 0, 0, -1, 0, 0, 0, -1, 0, 0, 0, 0, 0, -1, 0, 1, 0, 0, -1, 0, -1, 0, 1, 0, 1, 0, 0, 0, 0, 0, 0, -1, 0, 0, 0, -1, 1, -1, 0, 0, 0, 0, 0, 1, 0, 1, 0, 0, 0, 0, -1, 0, -1, 0, 1, 0, 0, 0, 1, 0, -1, 0, 1, 1, 0, 0, 0, 0, 1, 0, 1, 0, 0, 0, 0, 0, 0, 1, 0, 0, 1, 0, 0, 0, 0, 0, -1, 1, 0, 0, 1, 0, 1, 1, 1, 0, 0, 0, 0, 0, 0, 0, 0, 0, 0, 0, 0, 0, 0, 1, -1, 0, -1, 1, 0, 0, -1, 0, 0, 0, 0, 0, 0, 0, -1, 0, -1, -1, 1, 0, 1, -1, 0, 0, 0, 0, 0, -1, 0, 0, 1, 0, 0, 0, -1, 0, 0, 0, 1, 0, 0, 0, 0, -1, -1, 0, -1, 0, 1, -1, 0, 0, 0, 0, -1, 0, 1, 0, 0, 0, 0, 0, 0, 1, -1, 0, 0, -1, 0, 0, 0, -1, 0, 0, 0, 0, -1, 0, 0, 0, 0, 0, 0, 0, -1, -1, 0, -1, 0, 0, -1, 1, 0, -1, 0, -1, -1, 0, -1, -1, -1, -1, 0, -1, 0, 0, 0, -1]"
150,2,25,0.0,0.2557619512065712,5,56,"[{'cluster_no': -1, 'count': 56}, {'cluster_no': 0, 'count': 31}, {'cluster_no': 1, 'count': 66}, {'cluster_no': 2, 'count': 51}, {'cluster_no': 3, 'count': 33}]","[2, 1, 1, -1, -1, 1, 0, 1, 1, 1, 3, 1, -1, 3, 0, -1, -1, 1, 2, 2, 1, 1, -1, 2, 3, 1, -1, 3, 3, 2, 2, 1, -1, 1, 0, 2, 1, -1, 3, -1, 1, 0, 1, 0, 1, 2, 1, 1, 1, 3, -1, 1, 1, 2, -1, 0, -1, 2, 2, 3, 1, 2, 0, 2, 0, 3, 3, 3, 1, -1, -1, -1, 1, 0, 1, 1, 1, 0, 3, -1, 2, 0, 0, 2, 1, 3, 2, 0, 2, 0, 2, 1, 1, 2, 1, 1, 0, 1, 3, 0, 3, 1, 3, 2, 2, -1, 0, 3, 1, 0, 1, 0, 0, 0, -1, 1, 2, 2, 1, 1, 3, 3, 2, 3, 1, 3, 1, 3, 0, -1, 1, -1, 0, 3, 1, -1, 2, 3, 2, 1, 2, 1, -1, -1, -1, -1, -1, 0, 1, 0, -1, 1, 1, 2, 2, -1, -1, 2, 2, 0, 2, 3, 1, -1, 2, 1, 2, 0, 2, 3, 1, 1, -1, -1, 2, -1, 1, 0, -1, 2, 2, 2, 2, -1, 3, 0, 2, 3, 2, 3, 1, 1, 0, -1, 1, 1, -1, 1, 2, 1, -1, 1, 3, 1, 1, -1, -1, -1, 2, 2, 3, -1, 2, -1, -1, 3, -1, 3, 2, -1, 0, 1, -1, 1, -1, -1, 2, -1, -1, -1, -1, 1, -1, 2, 2, 2, -1]"
150,2,25,0.5,0.013178559375559912,3,48,"[{'cluster_no': -1, 'count': 48}, {'cluster_no': 0, 'count': 158}, {'cluster_no': 1, 'count': 31}]","[0, 0, 0, -1, -1, 0, 1, 0, 0, 0, 0, 0, -1, 0, 1, -1, -1, 0, 0, 0, 0, 0, -1, 0, 0, 0, -1, 0, 0, 0, 0, 0, -1, 0, 1, 0, 0, -1, 0, -1, 0, 1, 0, 1, 0, 0, 0, 0, 0, 0, -1, 0, 0, 0, -1, 1, -1, 0, 0, 0, 0, 0, 1, 0, 1, 0, 0, 0, 0, -1, 0, -1, 0, 1, 0, 0, 0, 1, 0, -1, 0, 1, 1, 0, 0, 0, 0, 1, 0, 1, 0, 0, 0, 0, 0, 0, 1, 0, 0, 1, 0, 0, 0, 0, 0, -1, 1, 0, 0, 1, 0, 1, 1, 1, 0, 0, 0, 0, 0, 0, 0, 0, 0, 0, 0, 0, 0, 0, 1, -1, 0, -1, 1, 0, 0, -1, 0, 0, 0, 0, 0, 0, 0, -1, 0, -1, -1, 1, 0, 1, -1, 0, 0, 0, 0, 0, -1, 0, 0, 1, 0, 0, 0, -1, 0, 0, 0, 1, 0, 0, 0, 0, -1, -1, 0, -1, 0, 1, -1, 0, 0, 0, 0, -1, 0, 1, 0, 0, 0, 0, 0, 0, 1, -1, 0, 0, -1, 0, 0, 0, -1, 0, 0, 0, 0, -1, 0, 0, 0, 0, 0, 0, 0, -1, -1, 0, -1, 0, 0, -1, 1, 0, -1, 0, -1, -1, 0, -1, -1, -1, -1, 0, -1, 0, 0, 0, -1]"
150,2,25,1.0,0.013178559375559912,3,48,"[{'cluster_no': -1, 'count': 48}, {'cluster_no': 0, 'count': 158}, {'cluster_no': 1, 'count': 31}]","[0, 0, 0, -1, -1, 0, 1, 0, 0, 0, 0, 0, -1, 0, 1, -1, -1, 0, 0, 0, 0, 0, -1, 0, 0, 0, -1, 0, 0, 0, 0, 0, -1, 0, 1, 0, 0, -1, 0, -1, 0, 1, 0, 1, 0, 0, 0, 0, 0, 0, -1, 0, 0, 0, -1, 1, -1, 0, 0, 0, 0, 0, 1, 0, 1, 0, 0, 0, 0, -1, 0, -1, 0, 1, 0, 0, 0, 1, 0, -1, 0, 1, 1, 0, 0, 0, 0, 1, 0, 1, 0, 0, 0, 0, 0, 0, 1, 0, 0, 1, 0, 0, 0, 0, 0, -1, 1, 0, 0, 1, 0, 1, 1, 1, 0, 0, 0, 0, 0, 0, 0, 0, 0, 0, 0, 0, 0, 0, 1, -1, 0, -1, 1, 0, 0, -1, 0, 0, 0, 0, 0, 0, 0, -1, 0, -1, -1, 1, 0, 1, -1, 0, 0, 0, 0, 0, -1, 0, 0, 1, 0, 0, 0, -1, 0, 0, 0, 1, 0, 0, 0, 0, -1, -1, 0, -1, 0, 1, -1, 0, 0, 0, 0, -1, 0, 1, 0, 0, 0, 0, 0, 0, 1, -1, 0, 0, -1, 0, 0, 0, -1, 0, 0, 0, 0, -1, 0, 0, 0, 0, 0, 0, 0, -1, -1, 0, -1, 0, 0, -1, 1, 0, -1, 0, -1, -1, 0, -1, -1, -1, -1, 0, -1, 0, 0, 0, -1]"
150,2,26,0.0,0.2557619512065712,5,56,"[{'cluster_no': -1, 'count': 56}, {'cluster_no': 0, 'count': 31}, {'cluster_no': 1, 'count': 66}, {'cluster_no': 2, 'count': 51}, {'cluster_no': 3, 'count': 33}]","[2, 1, 1, -1, -1, 1, 0, 1, 1, 1, 3, 1, -1, 3, 0, -1, -1, 1, 2, 2, 1, 1, -1, 2, 3, 1, -1, 3, 3, 2, 2, 1, -1, 1, 0, 2, 1, -1, 3, -1, 1, 0, 1, 0, 1, 2, 1, 1, 1, 3, -1, 1, 1, 2, -1, 0, -1, 2, 2, 3, 1, 2, 0, 2, 0, 3, 3, 3, 1, -1, -1, -1, 1, 0, 1, 1, 1, 0, 3, -1, 2, 0, 0, 2, 1, 3, 2, 0, 2, 0, 2, 1, 1, 2, 1, 1, 0, 1, 3, 0, 3, 1, 3, 2, 2, -1, 0, 3, 1, 0, 1, 0, 0, 0, -1, 1, 2, 2, 1, 1, 3, 3, 2, 3, 1, 3, 1, 3, 0, -1, 1, -1, 0, 3, 1, -1, 2, 3, 2, 1, 2, 1, -1, -1, -1, -1, -1, 0, 1, 0, -1, 1, 1, 2, 2, -1, -1, 2, 2, 0, 2, 3, 1, -1, 2, 1, 2, 0, 2, 3, 1, 1, -1, -1, 2, -1, 1, 0, -1, 2, 2, 2, 2, -1, 3, 0, 2, 3, 2, 3, 1, 1, 0, -1, 1, 1, -1, 1, 2, 1, -1, 1, 3, 1, 1, -1, -1, -1, 2, 2, 3, -1, 2, -1, -1, 3, -1, 3, 2, -1, 0, 1, -1, 1, -1, -1, 2, -1, -1, -1, -1, 1, -1, 2, 2, 2, -1]"
150,2,26,0.5,0.013178559375559912,3,48,"[{'cluster_no': -1, 'count': 48}, {'cluster_no': 0, 'count': 158}, {'cluster_no': 1, 'count': 31}]","[0, 0, 0, -1, -1, 0, 1, 0, 0, 0, 0, 0, -1, 0, 1, -1, -1, 0, 0, 0, 0, 0, -1, 0, 0, 0, -1, 0, 0, 0, 0, 0, -1, 0, 1, 0, 0, -1, 0, -1, 0, 1, 0, 1, 0, 0, 0, 0, 0, 0, -1, 0, 0, 0, -1, 1, -1, 0, 0, 0, 0, 0, 1, 0, 1, 0, 0, 0, 0, -1, 0, -1, 0, 1, 0, 0, 0, 1, 0, -1, 0, 1, 1, 0, 0, 0, 0, 1, 0, 1, 0, 0, 0, 0, 0, 0, 1, 0, 0, 1, 0, 0, 0, 0, 0, -1, 1, 0, 0, 1, 0, 1, 1, 1, 0, 0, 0, 0, 0, 0, 0, 0, 0, 0, 0, 0, 0, 0, 1, -1, 0, -1, 1, 0, 0, -1, 0, 0, 0, 0, 0, 0, 0, -1, 0, -1, -1, 1, 0, 1, -1, 0, 0, 0, 0, 0, -1, 0, 0, 1, 0, 0, 0, -1, 0, 0, 0, 1, 0, 0, 0, 0, -1, -1, 0, -1, 0, 1, -1, 0, 0, 0, 0, -1, 0, 1, 0, 0, 0, 0, 0, 0, 1, -1, 0, 0, -1, 0, 0, 0, -1, 0, 0, 0, 0, -1, 0, 0, 0, 0, 0, 0, 0, -1, -1, 0, -1, 0, 0, -1, 1, 0, -1, 0, -1, -1, 0, -1, -1, -1, -1, 0, -1, 0, 0, 0, -1]"
150,2,26,1.0,0.013178559375559912,3,48,"[{'cluster_no': -1, 'count': 48}, {'cluster_no': 0, 'count': 158}, {'cluster_no': 1, 'count': 31}]","[0, 0, 0, -1, -1, 0, 1, 0, 0, 0, 0, 0, -1, 0, 1, -1, -1, 0, 0, 0, 0, 0, -1, 0, 0, 0, -1, 0, 0, 0, 0, 0, -1, 0, 1, 0, 0, -1, 0, -1, 0, 1, 0, 1, 0, 0, 0, 0, 0, 0, -1, 0, 0, 0, -1, 1, -1, 0, 0, 0, 0, 0, 1, 0, 1, 0, 0, 0, 0, -1, 0, -1, 0, 1, 0, 0, 0, 1, 0, -1, 0, 1, 1, 0, 0, 0, 0, 1, 0, 1, 0, 0, 0, 0, 0, 0, 1, 0, 0, 1, 0, 0, 0, 0, 0, -1, 1, 0, 0, 1, 0, 1, 1, 1, 0, 0, 0, 0, 0, 0, 0, 0, 0, 0, 0, 0, 0, 0, 1, -1, 0, -1, 1, 0, 0, -1, 0, 0, 0, 0, 0, 0, 0, -1, 0, -1, -1, 1, 0, 1, -1, 0, 0, 0, 0, 0, -1, 0, 0, 1, 0, 0, 0, -1, 0, 0, 0, 1, 0, 0, 0, 0, -1, -1, 0, -1, 0, 1, -1, 0, 0, 0, 0, -1, 0, 1, 0, 0, 0, 0, 0, 0, 1, -1, 0, 0, -1, 0, 0, 0, -1, 0, 0, 0, 0, -1, 0, 0, 0, 0, 0, 0, 0, -1, -1, 0, -1, 0, 0, -1, 1, 0, -1, 0, -1, -1, 0, -1, -1, -1, -1, 0, -1, 0, 0, 0, -1]"
150,2,27,0.0,0.2557619512065712,5,56,"[{'cluster_no': -1, 'count': 56}, {'cluster_no': 0, 'count': 31}, {'cluster_no': 1, 'count': 66}, {'cluster_no': 2, 'count': 51}, {'cluster_no': 3, 'count': 33}]","[2, 1, 1, -1, -1, 1, 0, 1, 1, 1, 3, 1, -1, 3, 0, -1, -1, 1, 2, 2, 1, 1, -1, 2, 3, 1, -1, 3, 3, 2, 2, 1, -1, 1, 0, 2, 1, -1, 3, -1, 1, 0, 1, 0, 1, 2, 1, 1, 1, 3, -1, 1, 1, 2, -1, 0, -1, 2, 2, 3, 1, 2, 0, 2, 0, 3, 3, 3, 1, -1, -1, -1, 1, 0, 1, 1, 1, 0, 3, -1, 2, 0, 0, 2, 1, 3, 2, 0, 2, 0, 2, 1, 1, 2, 1, 1, 0, 1, 3, 0, 3, 1, 3, 2, 2, -1, 0, 3, 1, 0, 1, 0, 0, 0, -1, 1, 2, 2, 1, 1, 3, 3, 2, 3, 1, 3, 1, 3, 0, -1, 1, -1, 0, 3, 1, -1, 2, 3, 2, 1, 2, 1, -1, -1, -1, -1, -1, 0, 1, 0, -1, 1, 1, 2, 2, -1, -1, 2, 2, 0, 2, 3, 1, -1, 2, 1, 2, 0, 2, 3, 1, 1, -1, -1, 2, -1, 1, 0, -1, 2, 2, 2, 2, -1, 3, 0, 2, 3, 2, 3, 1, 1, 0, -1, 1, 1, -1, 1, 2, 1, -1, 1, 3, 1, 1, -1, -1, -1, 2, 2, 3, -1, 2, -1, -1, 3, -1, 3, 2, -1, 0, 1, -1, 1, -1, -1, 2, -1, -1, -1, -1, 1, -1, 2, 2, 2, -1]"
150,2,27,0.5,0.013178559375559912,3,48,"[{'cluster_no': -1, 'count': 48}, {'cluster_no': 0, 'count': 158}, {'cluster_no': 1, 'count': 31}]","[0, 0, 0, -1, -1, 0, 1, 0, 0, 0, 0, 0, -1, 0, 1, -1, -1, 0, 0, 0, 0, 0, -1, 0, 0, 0, -1, 0, 0, 0, 0, 0, -1, 0, 1, 0, 0, -1, 0, -1, 0, 1, 0, 1, 0, 0, 0, 0, 0, 0, -1, 0, 0, 0, -1, 1, -1, 0, 0, 0, 0, 0, 1, 0, 1, 0, 0, 0, 0, -1, 0, -1, 0, 1, 0, 0, 0, 1, 0, -1, 0, 1, 1, 0, 0, 0, 0, 1, 0, 1, 0, 0, 0, 0, 0, 0, 1, 0, 0, 1, 0, 0, 0, 0, 0, -1, 1, 0, 0, 1, 0, 1, 1, 1, 0, 0, 0, 0, 0, 0, 0, 0, 0, 0, 0, 0, 0, 0, 1, -1, 0, -1, 1, 0, 0, -1, 0, 0, 0, 0, 0, 0, 0, -1, 0, -1, -1, 1, 0, 1, -1, 0, 0, 0, 0, 0, -1, 0, 0, 1, 0, 0, 0, -1, 0, 0, 0, 1, 0, 0, 0, 0, -1, -1, 0, -1, 0, 1, -1, 0, 0, 0, 0, -1, 0, 1, 0, 0, 0, 0, 0, 0, 1, -1, 0, 0, -1, 0, 0, 0, -1, 0, 0, 0, 0, -1, 0, 0, 0, 0, 0, 0, 0, -1, -1, 0, -1, 0, 0, -1, 1, 0, -1, 0, -1, -1, 0, -1, -1, -1, -1, 0, -1, 0, 0, 0, -1]"
150,2,27,1.0,0.013178559375559912,3,48,"[{'cluster_no': -1, 'count': 48}, {'cluster_no': 0, 'count': 158}, {'cluster_no': 1, 'count': 31}]","[0, 0, 0, -1, -1, 0, 1, 0, 0, 0, 0, 0, -1, 0, 1, -1, -1, 0, 0, 0, 0, 0, -1, 0, 0, 0, -1, 0, 0, 0, 0, 0, -1, 0, 1, 0, 0, -1, 0, -1, 0, 1, 0, 1, 0, 0, 0, 0, 0, 0, -1, 0, 0, 0, -1, 1, -1, 0, 0, 0, 0, 0, 1, 0, 1, 0, 0, 0, 0, -1, 0, -1, 0, 1, 0, 0, 0, 1, 0, -1, 0, 1, 1, 0, 0, 0, 0, 1, 0, 1, 0, 0, 0, 0, 0, 0, 1, 0, 0, 1, 0, 0, 0, 0, 0, -1, 1, 0, 0, 1, 0, 1, 1, 1, 0, 0, 0, 0, 0, 0, 0, 0, 0, 0, 0, 0, 0, 0, 1, -1, 0, -1, 1, 0, 0, -1, 0, 0, 0, 0, 0, 0, 0, -1, 0, -1, -1, 1, 0, 1, -1, 0, 0, 0, 0, 0, -1, 0, 0, 1, 0, 0, 0, -1, 0, 0, 0, 1, 0, 0, 0, 0, -1, -1, 0, -1, 0, 1, -1, 0, 0, 0, 0, -1, 0, 1, 0, 0, 0, 0, 0, 0, 1, -1, 0, 0, -1, 0, 0, 0, -1, 0, 0, 0, 0, -1, 0, 0, 0, 0, 0, 0, 0, -1, -1, 0, -1, 0, 0, -1, 1, 0, -1, 0, -1, -1, 0, -1, -1, -1, -1, 0, -1, 0, 0, 0, -1]"
150,2,28,0.0,0.2557619512065712,5,56,"[{'cluster_no': -1, 'count': 56}, {'cluster_no': 0, 'count': 31}, {'cluster_no': 1, 'count': 66}, {'cluster_no': 2, 'count': 51}, {'cluster_no': 3, 'count': 33}]","[2, 1, 1, -1, -1, 1, 0, 1, 1, 1, 3, 1, -1, 3, 0, -1, -1, 1, 2, 2, 1, 1, -1, 2, 3, 1, -1, 3, 3, 2, 2, 1, -1, 1, 0, 2, 1, -1, 3, -1, 1, 0, 1, 0, 1, 2, 1, 1, 1, 3, -1, 1, 1, 2, -1, 0, -1, 2, 2, 3, 1, 2, 0, 2, 0, 3, 3, 3, 1, -1, -1, -1, 1, 0, 1, 1, 1, 0, 3, -1, 2, 0, 0, 2, 1, 3, 2, 0, 2, 0, 2, 1, 1, 2, 1, 1, 0, 1, 3, 0, 3, 1, 3, 2, 2, -1, 0, 3, 1, 0, 1, 0, 0, 0, -1, 1, 2, 2, 1, 1, 3, 3, 2, 3, 1, 3, 1, 3, 0, -1, 1, -1, 0, 3, 1, -1, 2, 3, 2, 1, 2, 1, -1, -1, -1, -1, -1, 0, 1, 0, -1, 1, 1, 2, 2, -1, -1, 2, 2, 0, 2, 3, 1, -1, 2, 1, 2, 0, 2, 3, 1, 1, -1, -1, 2, -1, 1, 0, -1, 2, 2, 2, 2, -1, 3, 0, 2, 3, 2, 3, 1, 1, 0, -1, 1, 1, -1, 1, 2, 1, -1, 1, 3, 1, 1, -1, -1, -1, 2, 2, 3, -1, 2, -1, -1, 3, -1, 3, 2, -1, 0, 1, -1, 1, -1, -1, 2, -1, -1, -1, -1, 1, -1, 2, 2, 2, -1]"
150,2,28,0.5,0.013178559375559912,3,48,"[{'cluster_no': -1, 'count': 48}, {'cluster_no': 0, 'count': 158}, {'cluster_no': 1, 'count': 31}]","[0, 0, 0, -1, -1, 0, 1, 0, 0, 0, 0, 0, -1, 0, 1, -1, -1, 0, 0, 0, 0, 0, -1, 0, 0, 0, -1, 0, 0, 0, 0, 0, -1, 0, 1, 0, 0, -1, 0, -1, 0, 1, 0, 1, 0, 0, 0, 0, 0, 0, -1, 0, 0, 0, -1, 1, -1, 0, 0, 0, 0, 0, 1, 0, 1, 0, 0, 0, 0, -1, 0, -1, 0, 1, 0, 0, 0, 1, 0, -1, 0, 1, 1, 0, 0, 0, 0, 1, 0, 1, 0, 0, 0, 0, 0, 0, 1, 0, 0, 1, 0, 0, 0, 0, 0, -1, 1, 0, 0, 1, 0, 1, 1, 1, 0, 0, 0, 0, 0, 0, 0, 0, 0, 0, 0, 0, 0, 0, 1, -1, 0, -1, 1, 0, 0, -1, 0, 0, 0, 0, 0, 0, 0, -1, 0, -1, -1, 1, 0, 1, -1, 0, 0, 0, 0, 0, -1, 0, 0, 1, 0, 0, 0, -1, 0, 0, 0, 1, 0, 0, 0, 0, -1, -1, 0, -1, 0, 1, -1, 0, 0, 0, 0, -1, 0, 1, 0, 0, 0, 0, 0, 0, 1, -1, 0, 0, -1, 0, 0, 0, -1, 0, 0, 0, 0, -1, 0, 0, 0, 0, 0, 0, 0, -1, -1, 0, -1, 0, 0, -1, 1, 0, -1, 0, -1, -1, 0, -1, -1, -1, -1, 0, -1, 0, 0, 0, -1]"
150,2,28,1.0,0.013178559375559912,3,48,"[{'cluster_no': -1, 'count': 48}, {'cluster_no': 0, 'count': 158}, {'cluster_no': 1, 'count': 31}]","[0, 0, 0, -1, -1, 0, 1, 0, 0, 0, 0, 0, -1, 0, 1, -1, -1, 0, 0, 0, 0, 0, -1, 0, 0, 0, -1, 0, 0, 0, 0, 0, -1, 0, 1, 0, 0, -1, 0, -1, 0, 1, 0, 1, 0, 0, 0, 0, 0, 0, -1, 0, 0, 0, -1, 1, -1, 0, 0, 0, 0, 0, 1, 0, 1, 0, 0, 0, 0, -1, 0, -1, 0, 1, 0, 0, 0, 1, 0, -1, 0, 1, 1, 0, 0, 0, 0, 1, 0, 1, 0, 0, 0, 0, 0, 0, 1, 0, 0, 1, 0, 0, 0, 0, 0, -1, 1, 0, 0, 1, 0, 1, 1, 1, 0, 0, 0, 0, 0, 0, 0, 0, 0, 0, 0, 0, 0, 0, 1, -1, 0, -1, 1, 0, 0, -1, 0, 0, 0, 0, 0, 0, 0, -1, 0, -1, -1, 1, 0, 1, -1, 0, 0, 0, 0, 0, -1, 0, 0, 1, 0, 0, 0, -1, 0, 0, 0, 1, 0, 0, 0, 0, -1, -1, 0, -1, 0, 1, -1, 0, 0, 0, 0, -1, 0, 1, 0, 0, 0, 0, 0, 0, 1, -1, 0, 0, -1, 0, 0, 0, -1, 0, 0, 0, 0, -1, 0, 0, 0, 0, 0, 0, 0, -1, -1, 0, -1, 0, 0, -1, 1, 0, -1, 0, -1, -1, 0, -1, -1, -1, -1, 0, -1, 0, 0, 0, -1]"
150,2,29,0.0,0.2557619512065712,5,56,"[{'cluster_no': -1, 'count': 56}, {'cluster_no': 0, 'count': 31}, {'cluster_no': 1, 'count': 66}, {'cluster_no': 2, 'count': 51}, {'cluster_no': 3, 'count': 33}]","[2, 1, 1, -1, -1, 1, 0, 1, 1, 1, 3, 1, -1, 3, 0, -1, -1, 1, 2, 2, 1, 1, -1, 2, 3, 1, -1, 3, 3, 2, 2, 1, -1, 1, 0, 2, 1, -1, 3, -1, 1, 0, 1, 0, 1, 2, 1, 1, 1, 3, -1, 1, 1, 2, -1, 0, -1, 2, 2, 3, 1, 2, 0, 2, 0, 3, 3, 3, 1, -1, -1, -1, 1, 0, 1, 1, 1, 0, 3, -1, 2, 0, 0, 2, 1, 3, 2, 0, 2, 0, 2, 1, 1, 2, 1, 1, 0, 1, 3, 0, 3, 1, 3, 2, 2, -1, 0, 3, 1, 0, 1, 0, 0, 0, -1, 1, 2, 2, 1, 1, 3, 3, 2, 3, 1, 3, 1, 3, 0, -1, 1, -1, 0, 3, 1, -1, 2, 3, 2, 1, 2, 1, -1, -1, -1, -1, -1, 0, 1, 0, -1, 1, 1, 2, 2, -1, -1, 2, 2, 0, 2, 3, 1, -1, 2, 1, 2, 0, 2, 3, 1, 1, -1, -1, 2, -1, 1, 0, -1, 2, 2, 2, 2, -1, 3, 0, 2, 3, 2, 3, 1, 1, 0, -1, 1, 1, -1, 1, 2, 1, -1, 1, 3, 1, 1, -1, -1, -1, 2, 2, 3, -1, 2, -1, -1, 3, -1, 3, 2, -1, 0, 1, -1, 1, -1, -1, 2, -1, -1, -1, -1, 1, -1, 2, 2, 2, -1]"
150,2,29,0.5,0.013178559375559912,3,48,"[{'cluster_no': -1, 'count': 48}, {'cluster_no': 0, 'count': 158}, {'cluster_no': 1, 'count': 31}]","[0, 0, 0, -1, -1, 0, 1, 0, 0, 0, 0, 0, -1, 0, 1, -1, -1, 0, 0, 0, 0, 0, -1, 0, 0, 0, -1, 0, 0, 0, 0, 0, -1, 0, 1, 0, 0, -1, 0, -1, 0, 1, 0, 1, 0, 0, 0, 0, 0, 0, -1, 0, 0, 0, -1, 1, -1, 0, 0, 0, 0, 0, 1, 0, 1, 0, 0, 0, 0, -1, 0, -1, 0, 1, 0, 0, 0, 1, 0, -1, 0, 1, 1, 0, 0, 0, 0, 1, 0, 1, 0, 0, 0, 0, 0, 0, 1, 0, 0, 1, 0, 0, 0, 0, 0, -1, 1, 0, 0, 1, 0, 1, 1, 1, 0, 0, 0, 0, 0, 0, 0, 0, 0, 0, 0, 0, 0, 0, 1, -1, 0, -1, 1, 0, 0, -1, 0, 0, 0, 0, 0, 0, 0, -1, 0, -1, -1, 1, 0, 1, -1, 0, 0, 0, 0, 0, -1, 0, 0, 1, 0, 0, 0, -1, 0, 0, 0, 1, 0, 0, 0, 0, -1, -1, 0, -1, 0, 1, -1, 0, 0, 0, 0, -1, 0, 1, 0, 0, 0, 0, 0, 0, 1, -1, 0, 0, -1, 0, 0, 0, -1, 0, 0, 0, 0, -1, 0, 0, 0, 0, 0, 0, 0, -1, -1, 0, -1, 0, 0, -1, 1, 0, -1, 0, -1, -1, 0, -1, -1, -1, -1, 0, -1, 0, 0, 0, -1]"
150,2,29,1.0,0.013178559375559912,3,48,"[{'cluster_no': -1, 'count': 48}, {'cluster_no': 0, 'count': 158}, {'cluster_no': 1, 'count': 31}]","[0, 0, 0, -1, -1, 0, 1, 0, 0, 0, 0, 0, -1, 0, 1, -1, -1, 0, 0, 0, 0, 0, -1, 0, 0, 0, -1, 0, 0, 0, 0, 0, -1, 0, 1, 0, 0, -1, 0, -1, 0, 1, 0, 1, 0, 0, 0, 0, 0, 0, -1, 0, 0, 0, -1, 1, -1, 0, 0, 0, 0, 0, 1, 0, 1, 0, 0, 0, 0, -1, 0, -1, 0, 1, 0, 0, 0, 1, 0, -1, 0, 1, 1, 0, 0, 0, 0, 1, 0, 1, 0, 0, 0, 0, 0, 0, 1, 0, 0, 1, 0, 0, 0, 0, 0, -1, 1, 0, 0, 1, 0, 1, 1, 1, 0, 0, 0, 0, 0, 0, 0, 0, 0, 0, 0, 0, 0, 0, 1, -1, 0, -1, 1, 0, 0, -1, 0, 0, 0, 0, 0, 0, 0, -1, 0, -1, -1, 1, 0, 1, -1, 0, 0, 0, 0, 0, -1, 0, 0, 1, 0, 0, 0, -1, 0, 0, 0, 1, 0, 0, 0, 0, -1, -1, 0, -1, 0, 1, -1, 0, 0, 0, 0, -1, 0, 1, 0, 0, 0, 0, 0, 0, 1, -1, 0, 0, -1, 0, 0, 0, -1, 0, 0, 0, 0, -1, 0, 0, 0, 0, 0, 0, 0, -1, -1, 0, -1, 0, 0, -1, 1, 0, -1, 0, -1, -1, 0, -1, -1, -1, -1, 0, -1, 0, 0, 0, -1]"
150,2,30,0.0,0.2557619512065712,5,56,"[{'cluster_no': -1, 'count': 56}, {'cluster_no': 0, 'count': 31}, {'cluster_no': 1, 'count': 66}, {'cluster_no': 2, 'count': 51}, {'cluster_no': 3, 'count': 33}]","[2, 1, 1, -1, -1, 1, 0, 1, 1, 1, 3, 1, -1, 3, 0, -1, -1, 1, 2, 2, 1, 1, -1, 2, 3, 1, -1, 3, 3, 2, 2, 1, -1, 1, 0, 2, 1, -1, 3, -1, 1, 0, 1, 0, 1, 2, 1, 1, 1, 3, -1, 1, 1, 2, -1, 0, -1, 2, 2, 3, 1, 2, 0, 2, 0, 3, 3, 3, 1, -1, -1, -1, 1, 0, 1, 1, 1, 0, 3, -1, 2, 0, 0, 2, 1, 3, 2, 0, 2, 0, 2, 1, 1, 2, 1, 1, 0, 1, 3, 0, 3, 1, 3, 2, 2, -1, 0, 3, 1, 0, 1, 0, 0, 0, -1, 1, 2, 2, 1, 1, 3, 3, 2, 3, 1, 3, 1, 3, 0, -1, 1, -1, 0, 3, 1, -1, 2, 3, 2, 1, 2, 1, -1, -1, -1, -1, -1, 0, 1, 0, -1, 1, 1, 2, 2, -1, -1, 2, 2, 0, 2, 3, 1, -1, 2, 1, 2, 0, 2, 3, 1, 1, -1, -1, 2, -1, 1, 0, -1, 2, 2, 2, 2, -1, 3, 0, 2, 3, 2, 3, 1, 1, 0, -1, 1, 1, -1, 1, 2, 1, -1, 1, 3, 1, 1, -1, -1, -1, 2, 2, 3, -1, 2, -1, -1, 3, -1, 3, 2, -1, 0, 1, -1, 1, -1, -1, 2, -1, -1, -1, -1, 1, -1, 2, 2, 2, -1]"
150,2,30,0.5,0.013178559375559912,3,48,"[{'cluster_no': -1, 'count': 48}, {'cluster_no': 0, 'count': 158}, {'cluster_no': 1, 'count': 31}]","[0, 0, 0, -1, -1, 0, 1, 0, 0, 0, 0, 0, -1, 0, 1, -1, -1, 0, 0, 0, 0, 0, -1, 0, 0, 0, -1, 0, 0, 0, 0, 0, -1, 0, 1, 0, 0, -1, 0, -1, 0, 1, 0, 1, 0, 0, 0, 0, 0, 0, -1, 0, 0, 0, -1, 1, -1, 0, 0, 0, 0, 0, 1, 0, 1, 0, 0, 0, 0, -1, 0, -1, 0, 1, 0, 0, 0, 1, 0, -1, 0, 1, 1, 0, 0, 0, 0, 1, 0, 1, 0, 0, 0, 0, 0, 0, 1, 0, 0, 1, 0, 0, 0, 0, 0, -1, 1, 0, 0, 1, 0, 1, 1, 1, 0, 0, 0, 0, 0, 0, 0, 0, 0, 0, 0, 0, 0, 0, 1, -1, 0, -1, 1, 0, 0, -1, 0, 0, 0, 0, 0, 0, 0, -1, 0, -1, -1, 1, 0, 1, -1, 0, 0, 0, 0, 0, -1, 0, 0, 1, 0, 0, 0, -1, 0, 0, 0, 1, 0, 0, 0, 0, -1, -1, 0, -1, 0, 1, -1, 0, 0, 0, 0, -1, 0, 1, 0, 0, 0, 0, 0, 0, 1, -1, 0, 0, -1, 0, 0, 0, -1, 0, 0, 0, 0, -1, 0, 0, 0, 0, 0, 0, 0, -1, -1, 0, -1, 0, 0, -1, 1, 0, -1, 0, -1, -1, 0, -1, -1, -1, -1, 0, -1, 0, 0, 0, -1]"
150,2,30,1.0,0.013178559375559912,3,48,"[{'cluster_no': -1, 'count': 48}, {'cluster_no': 0, 'count': 158}, {'cluster_no': 1, 'count': 31}]","[0, 0, 0, -1, -1, 0, 1, 0, 0, 0, 0, 0, -1, 0, 1, -1, -1, 0, 0, 0, 0, 0, -1, 0, 0, 0, -1, 0, 0, 0, 0, 0, -1, 0, 1, 0, 0, -1, 0, -1, 0, 1, 0, 1, 0, 0, 0, 0, 0, 0, -1, 0, 0, 0, -1, 1, -1, 0, 0, 0, 0, 0, 1, 0, 1, 0, 0, 0, 0, -1, 0, -1, 0, 1, 0, 0, 0, 1, 0, -1, 0, 1, 1, 0, 0, 0, 0, 1, 0, 1, 0, 0, 0, 0, 0, 0, 1, 0, 0, 1, 0, 0, 0, 0, 0, -1, 1, 0, 0, 1, 0, 1, 1, 1, 0, 0, 0, 0, 0, 0, 0, 0, 0, 0, 0, 0, 0, 0, 1, -1, 0, -1, 1, 0, 0, -1, 0, 0, 0, 0, 0, 0, 0, -1, 0, -1, -1, 1, 0, 1, -1, 0, 0, 0, 0, 0, -1, 0, 0, 1, 0, 0, 0, -1, 0, 0, 0, 1, 0, 0, 0, 0, -1, -1, 0, -1, 0, 1, -1, 0, 0, 0, 0, -1, 0, 1, 0, 0, 0, 0, 0, 0, 1, -1, 0, 0, -1, 0, 0, 0, -1, 0, 0, 0, 0, -1, 0, 0, 0, 0, 0, 0, 0, -1, -1, 0, -1, 0, 0, -1, 1, 0, -1, 0, -1, -1, 0, -1, -1, -1, -1, 0, -1, 0, 0, 0, -1]"
150,3,5,0.0,0.45430120961296216,20,76,"[{'cluster_no': -1, 'count': 76}, {'cluster_no': 0, 'count': 5}, {'cluster_no': 1, 'count': 7}, {'cluster_no': 2, 'count': 8}, {'cluster_no': 3, 'count': 5}, {'cluster_no': 4, 'count': 7}, {'cluster_no': 5, 'count': 10}, {'cluster_no': 6, 'count': 5}, {'cluster_no': 7, 'count': 13}, {'cluster_no': 8, 'count': 8}, {'cluster_no': 9, 'count': 9}, {'cluster_no': 10, 'count': 8}, {'cluster_no': 11, 'count': 6}, {'cluster_no': 12, 'count': 8}, {'cluster_no': 13, 'count': 11}, {'cluster_no': 14, 'count': 15}, {'cluster_no': 15, 'count': 9}, {'cluster_no': 16, 'count': 6}, {'cluster_no': 17, 'count': 7}, {'cluster_no': 18, 'count': 14}]","[-1, 7, 7, -1, 1, 14, 10, 7, 7, 16, 6, 7, 0, -1, 9, -1, -1, -1, -1, -1, 13, -1, -1, -1, 6, 13, -1, 12, 12, -1, 18, -1, -1, 7, 10, -1, 13, 0, 12, 1, 14, 9, 16, -1, 7, 18, -1, 13, 7, 11, -1, 16, 7, 17, -1, 10, 0, 18, -1, -1, 15, 2, 8, 17, 9, 11, -1, 6, -1, -1, -1, -1, 7, 8, 14, 14, 15, 10, 12, -1, 18, -1, -1, 5, -1, -1, 17, 8, 18, 10, 17, 13, 15, 5, -1, 14, -1, 15, -1, 10, 11, 16, 12, 2, 18, -1, 9, 11, 14, 8, 14, 8, 9, 8, 4, 13, -1, 18, 14, 15, 11, -1, -1, 6, -1, -1, 7, 12, -1, -1, 14, 0, 10, 11, 13, 0, -1, -1, -1, 15, 5, 7, 4, -1, 4, 1, 1, 9, 13, 9, -1, 16, 16, 2, 2, 4, -1, 2, 18, 8, 5, -1, -1, 3, 5, -1, 18, -1, 18, -1, 14, 7, 1, -1, 18, -1, -1, 8, 1, 5, 2, 17, 2, -1, -1, 9, 18, -1, 2, -1, 14, 14, 9, 3, 13, 13, -1, 14, 5, 14, -1, 15, 6, 13, 15, 3, 4, 4, 5, 5, -1, 4, 5, 3, -1, 12, 1, 12, 18, -1, 10, 15, -1, -1, -1, 3, -1, -1, -1, -1, -1, 14, -1, 17, 18, 17, -1]"
150,3,5,0.5,-0.15492235302320978,3,29,"[{'cluster_no': -1, 'count': 29}, {'cluster_no': 0, 'count': 203}, {'cluster_no': 1, 'count': 5}]","[0, 0, 0, 0, 0, 0, 0, 0, 0, 0, 0, 0, 1, -1, 0, -1, -1, 0, 0, 0, 0, 0, -1, 0, 0, 0, -1, 0, 0, 0, 0, 0, -1, 0, 0, 0, 0, 1, 0, 0, 0, 0, 0, 0, 0, 0, 0, 0, 0, 0, -1, 0, 0, 0, -1, 0, 1, 0, 0, 0, 0, 0, 0, 0, 0, 0, 0, 0, 0, -1, 0, 0, 0, 0, 0, 0, 0, 0, 0, -1, 0, -1, 0, 0, 0, -1, 0, 0, 0, 0, 0, 0, 0, 0, 0, 0, 0, 0, 0, 0, 0, 0, 0, 0, 0, -1, 0, 0, 0, 0, 0, 0, 0, 0, 0, 0, 0, 0, 0, 0, 0, 0, 0, 0, 0, 0, 0, 0, -1, 0, 0, 1, 0, 0, 0, 1, 0, -1, 0, 0, 0, 0, 0, -1, 0, 0, 0, 0, 0, 0, -1, 0, 0, 0, 0, 0, -1, 0, 0, 0, 0, 0, 0, 0, 0, 0, 0, 0, 0, 0, 0, 0, 0, -1, 0, 0, -1, 0, 0, 0, 0, 0, 0, 0, 0, 0, 0, 0, 0, 0, 0, 0, 0, 0, 0, 0, -1, 0, 0, 0, -1, 0, 0, 0, 0, 0, 0, 0, 0, 0, 0, 0, 0, 0, -1, 0, 0, 0, 0, -1, 0, 0, -1, 0, -1, 0, 0, -1, 0, 0, 0, 0, -1, 0, 0, 0, -1]"
150,3,5,1.0,-0.15492235302320978,3,29,"[{'cluster_no': -1, 'count': 29}, {'cluster_no': 0, 'count': 203}, {'cluster_no': 1, 'count': 5}]","[0, 0, 0, 0, 0, 0, 0, 0, 0, 0, 0, 0, 1, -1, 0, -1, -1, 0, 0, 0, 0, 0, -1, 0, 0, 0, -1, 0, 0, 0, 0, 0, -1, 0, 0, 0, 0, 1, 0, 0, 0, 0, 0, 0, 0, 0, 0, 0, 0, 0, -1, 0, 0, 0, -1, 0, 1, 0, 0, 0, 0, 0, 0, 0, 0, 0, 0, 0, 0, -1, 0, 0, 0, 0, 0, 0, 0, 0, 0, -1, 0, -1, 0, 0, 0, -1, 0, 0, 0, 0, 0, 0, 0, 0, 0, 0, 0, 0, 0, 0, 0, 0, 0, 0, 0, -1, 0, 0, 0, 0, 0, 0, 0, 0, 0, 0, 0, 0, 0, 0, 0, 0, 0, 0, 0, 0, 0, 0, -1, 0, 0, 1, 0, 0, 0, 1, 0, -1, 0, 0, 0, 0, 0, -1, 0, 0, 0, 0, 0, 0, -1, 0, 0, 0, 0, 0, -1, 0, 0, 0, 0, 0, 0, 0, 0, 0, 0, 0, 0, 0, 0, 0, 0, -1, 0, 0, -1, 0, 0, 0, 0, 0, 0, 0, 0, 0, 0, 0, 0, 0, 0, 0, 0, 0, 0, 0, -1, 0, 0, 0, -1, 0, 0, 0, 0, 0, 0, 0, 0, 0, 0, 0, 0, 0, -1, 0, 0, 0, 0, -1, 0, 0, -1, 0, -1, 0, 0, -1, 0, 0, 0, 0, -1, 0, 0, 0, -1]"
150,3,6,0.0,0.4474256382959686,17,86,"[{'cluster_no': -1, 'count': 86}, {'cluster_no': 0, 'count': 7}, {'cluster_no': 1, 'count': 8}, {'cluster_no': 2, 'count': 7}, {'cluster_no': 3, 'count': 18}, {'cluster_no': 4, 'count': 10}, {'cluster_no': 5, 'count': 8}, {'cluster_no': 6, 'count': 9}, {'cluster_no': 7, 'count': 8}, {'cluster_no': 8, 'count': 6}, {'cluster_no': 9, 'count': 8}, {'cluster_no': 10, 'count': 11}, {'cluster_no': 11, 'count': 15}, {'cluster_no': 12, 'count': 9}, {'cluster_no': 13, 'count': 6}, {'cluster_no': 14, 'count': 7}, {'cluster_no': 15, 'count': 14}]","[-1, 3, 3, -1, 0, 11, 7, 3, 3, 13, 3, 3, -1, -1, 6, -1, -1, -1, -1, -1, 10, -1, -1, -1, 3, 10, -1, 9, 9, -1, 15, -1, -1, 3, 7, -1, 10, -1, 9, 0, 11, 6, 13, -1, 3, 15, -1, 10, 3, 8, -1, 13, 3, 14, -1, 7, -1, 15, -1, -1, 12, 1, 5, 14, 6, 8, -1, 3, -1, -1, -1, -1, 3, 5, 11, 11, 12, 7, 9, -1, 15, -1, -1, 4, -1, -1, 14, 5, 15, 7, 14, 10, 12, 4, -1, 11, -1, 12, -1, 7, 8, 13, 9, 1, 15, -1, 6, 8, 11, 5, 11, 5, 6, 5, 2, 10, -1, 15, 11, 12, 8, -1, -1, 3, -1, -1, 3, 9, -1, -1, 11, -1, 7, 8, 10, -1, -1, -1, -1, 12, 4, 3, 2, -1, 2, 0, 0, 6, 10, 6, -1, 13, 13, 1, 1, 2, -1, 1, 15, 5, 4, -1, -1, -1, 4, -1, 15, -1, 15, -1, 11, 3, 0, -1, 15, -1, -1, 5, 0, 4, 1, 14, 1, -1, -1, 6, 15, -1, 1, -1, 11, 11, 6, -1, 10, 10, -1, 11, 4, 11, -1, 12, 3, 10, 12, -1, 2, 2, 4, 4, -1, 2, 4, -1, -1, 9, 0, 9, 15, -1, 7, 12, -1, -1, -1, -1, -1, -1, -1, -1, -1, 11, -1, 14, 15, 14, -1]"
150,3,6,0.5,-0.017556718039563695,3,38,"[{'cluster_no': -1, 'count': 38}, {'cluster_no': 0, 'count': 192}, {'cluster_no': 1, 'count': 7}]","[0, 0, 0, 0, 1, 0, 0, 0, 0, 0, 0, 0, -1, -1, 0, -1, -1, 0, 0, 0, 0, -1, -1, 0, 0, 0, -1, 0, 0, 0, 0, 0, -1, 0, 0, 0, 0, -1, 0, 1, 0, 0, 0, 0, 0, 0, 0, 0, 0, 0, -1, 0, 0, 0, -1, 0, -1, 0, 0, 0, 0, 0, 0, 0, 0, 0, 0, 0, -1, -1, 0, -1, 0, 0, 0, 0, 0, 0, 0, -1, 0, -1, 0, 0, 0, -1, 0, 0, 0, 0, 0, 0, 0, 0, 0, 0, 0, 0, 0, 0, 0, 0, 0, 0, 0, -1, 0, 0, 0, 0, 0, 0, 0, 0, 0, 0, 0, 0, 0, 0, 0, 0, 0, 0, 0, 0, 0, 0, -1, 0, 0, -1, 0, 0, 0, -1, 0, -1, 0, 0, 0, 0, 0, -1, 0, 1, 1, 0, 0, 0, -1, 0, 0, 0, 0, 0, -1, 0, 0, 0, 0, 0, 0, 0, 0, 0, 0, 0, 0, 0, 0, 0, 1, -1, 0, 0, -1, 0, 1, 0, 0, 0, 0, -1, 0, 0, 0, 0, 0, 0, 0, 0, 0, 0, 0, 0, -1, 0, 0, 0, -1, 0, 0, 0, 0, 0, 0, 0, 0, 0, 0, 0, 0, 0, -1, 0, 1, 0, 0, -1, 0, 0, -1, 0, -1, 0, 0, -1, 0, 0, 0, 0, -1, 0, 0, 0, -1]"
150,3,6,1.0,-0.017556718039563695,3,38,"[{'cluster_no': -1, 'count': 38}, {'cluster_no': 0, 'count': 192}, {'cluster_no': 1, 'count': 7}]","[0, 0, 0, 0, 1, 0, 0, 0, 0, 0, 0, 0, -1, -1, 0, -1, -1, 0, 0, 0, 0, -1, -1, 0, 0, 0, -1, 0, 0, 0, 0, 0, -1, 0, 0, 0, 0, -1, 0, 1, 0, 0, 0, 0, 0, 0, 0, 0, 0, 0, -1, 0, 0, 0, -1, 0, -1, 0, 0, 0, 0, 0, 0, 0, 0, 0, 0, 0, -1, -1, 0, -1, 0, 0, 0, 0, 0, 0, 0, -1, 0, -1, 0, 0, 0, -1, 0, 0, 0, 0, 0, 0, 0, 0, 0, 0, 0, 0, 0, 0, 0, 0, 0, 0, 0, -1, 0, 0, 0, 0, 0, 0, 0, 0, 0, 0, 0, 0, 0, 0, 0, 0, 0, 0, 0, 0, 0, 0, -1, 0, 0, -1, 0, 0, 0, -1, 0, -1, 0, 0, 0, 0, 0, -1, 0, 1, 1, 0, 0, 0, -1, 0, 0, 0, 0, 0, -1, 0, 0, 0, 0, 0, 0, 0, 0, 0, 0, 0, 0, 0, 0, 0, 1, -1, 0, 0, -1, 0, 1, 0, 0, 0, 0, -1, 0, 0, 0, 0, 0, 0, 0, 0, 0, 0, 0, 0, -1, 0, 0, 0, -1, 0, 0, 0, 0, 0, 0, 0, 0, 0, 0, 0, 0, 0, -1, 0, 1, 0, 0, -1, 0, 0, -1, 0, -1, 0, 0, -1, 0, 0, 0, 0, -1, 0, 0, 0, -1]"
150,3,7,0.0,0.38513355169755714,15,79,"[{'cluster_no': -1, 'count': 79}, {'cluster_no': 0, 'count': 7}, {'cluster_no': 1, 'count': 8}, {'cluster_no': 2, 'count': 7}, {'cluster_no': 3, 'count': 21}, {'cluster_no': 4, 'count': 18}, {'cluster_no': 5, 'count': 10}, {'cluster_no': 6, 'count': 8}, {'cluster_no': 7, 'count': 15}, {'cluster_no': 8, 'count': 9}, {'cluster_no': 9, 'count': 8}, {'cluster_no': 10, 'count': 11}, {'cluster_no': 11, 'count': 15}, {'cluster_no': 12, 'count': 7}, {'cluster_no': 13, 'count': 14}]","[-1, 4, 4, -1, 0, 11, 9, 4, 4, 7, 4, 4, -1, -1, 8, -1, -1, -1, -1, -1, 10, -1, -1, -1, 4, 10, -1, 3, 3, -1, 13, -1, -1, 4, 9, -1, 10, -1, 3, 0, 11, 8, 7, -1, 4, 13, -1, 10, 4, 3, -1, 7, 4, 12, -1, 9, -1, 13, -1, -1, 7, 1, 6, 12, 8, 3, 3, 4, -1, -1, -1, -1, 4, 6, 11, 11, 7, 9, 3, -1, 13, -1, -1, 5, -1, -1, 12, 6, 13, 9, 12, 10, 7, 5, -1, 11, -1, 7, 3, 9, 3, 7, 3, 1, 13, -1, 8, 3, 11, 6, 11, 6, 8, 6, 2, 10, -1, 13, 11, 7, 3, -1, -1, 4, -1, 3, 4, 3, -1, -1, 11, -1, 9, 3, 10, -1, -1, -1, -1, 7, 5, 4, 2, -1, 2, 0, 0, 8, 10, 8, -1, 7, 7, 1, 1, 2, -1, 1, 13, 6, 5, 3, -1, -1, 5, -1, 13, -1, 13, -1, 11, 4, 0, -1, 13, -1, -1, 6, 0, 5, 1, 12, 1, -1, 3, 8, 13, 3, 1, 3, 11, 11, 8, -1, 10, 10, -1, 11, 5, 11, -1, 7, 4, 10, 7, -1, 2, 2, 5, 5, -1, 2, 5, -1, -1, 3, 0, 3, 13, -1, 9, 7, -1, -1, -1, -1, -1, -1, -1, -1, -1, 11, -1, 12, 13, 12, -1]"
150,3,7,0.5,-0.017556718039563695,3,38,"[{'cluster_no': -1, 'count': 38}, {'cluster_no': 0, 'count': 192}, {'cluster_no': 1, 'count': 7}]","[0, 0, 0, 0, 1, 0, 0, 0, 0, 0, 0, 0, -1, -1, 0, -1, -1, 0, 0, 0, 0, -1, -1, 0, 0, 0, -1, 0, 0, 0, 0, 0, -1, 0, 0, 0, 0, -1, 0, 1, 0, 0, 0, 0, 0, 0, 0, 0, 0, 0, -1, 0, 0, 0, -1, 0, -1, 0, 0, 0, 0, 0, 0, 0, 0, 0, 0, 0, -1, -1, 0, -1, 0, 0, 0, 0, 0, 0, 0, -1, 0, -1, 0, 0, 0, -1, 0, 0, 0, 0, 0, 0, 0, 0, 0, 0, 0, 0, 0, 0, 0, 0, 0, 0, 0, -1, 0, 0, 0, 0, 0, 0, 0, 0, 0, 0, 0, 0, 0, 0, 0, 0, 0, 0, 0, 0, 0, 0, -1, 0, 0, -1, 0, 0, 0, -1, 0, -1, 0, 0, 0, 0, 0, -1, 0, 1, 1, 0, 0, 0, -1, 0, 0, 0, 0, 0, -1, 0, 0, 0, 0, 0, 0, 0, 0, 0, 0, 0, 0, 0, 0, 0, 1, -1, 0, 0, -1, 0, 1, 0, 0, 0, 0, -1, 0, 0, 0, 0, 0, 0, 0, 0, 0, 0, 0, 0, -1, 0, 0, 0, -1, 0, 0, 0, 0, 0, 0, 0, 0, 0, 0, 0, 0, 0, -1, 0, 1, 0, 0, -1, 0, 0, -1, 0, -1, 0, 0, -1, 0, 0, 0, 0, -1, 0, 0, 0, -1]"
150,3,7,1.0,-0.017556718039563695,3,38,"[{'cluster_no': -1, 'count': 38}, {'cluster_no': 0, 'count': 192}, {'cluster_no': 1, 'count': 7}]","[0, 0, 0, 0, 1, 0, 0, 0, 0, 0, 0, 0, -1, -1, 0, -1, -1, 0, 0, 0, 0, -1, -1, 0, 0, 0, -1, 0, 0, 0, 0, 0, -1, 0, 0, 0, 0, -1, 0, 1, 0, 0, 0, 0, 0, 0, 0, 0, 0, 0, -1, 0, 0, 0, -1, 0, -1, 0, 0, 0, 0, 0, 0, 0, 0, 0, 0, 0, -1, -1, 0, -1, 0, 0, 0, 0, 0, 0, 0, -1, 0, -1, 0, 0, 0, -1, 0, 0, 0, 0, 0, 0, 0, 0, 0, 0, 0, 0, 0, 0, 0, 0, 0, 0, 0, -1, 0, 0, 0, 0, 0, 0, 0, 0, 0, 0, 0, 0, 0, 0, 0, 0, 0, 0, 0, 0, 0, 0, -1, 0, 0, -1, 0, 0, 0, -1, 0, -1, 0, 0, 0, 0, 0, -1, 0, 1, 1, 0, 0, 0, -1, 0, 0, 0, 0, 0, -1, 0, 0, 0, 0, 0, 0, 0, 0, 0, 0, 0, 0, 0, 0, 0, 1, -1, 0, 0, -1, 0, 1, 0, 0, 0, 0, -1, 0, 0, 0, 0, 0, 0, 0, 0, 0, 0, 0, 0, -1, 0, 0, 0, -1, 0, 0, 0, 0, 0, 0, 0, 0, 0, 0, 0, 0, 0, -1, 0, 1, 0, 0, -1, 0, 0, -1, 0, -1, 0, 0, -1, 0, 0, 0, 0, -1, 0, 0, 0, -1]"
150,3,8,0.0,0.3682147896930221,11,77,"[{'cluster_no': -1, 'count': 77}, {'cluster_no': 0, 'count': 8}, {'cluster_no': 1, 'count': 35}, {'cluster_no': 2, 'count': 21}, {'cluster_no': 3, 'count': 18}, {'cluster_no': 4, 'count': 10}, {'cluster_no': 5, 'count': 8}, {'cluster_no': 6, 'count': 19}, {'cluster_no': 7, 'count': 15}, {'cluster_no': 8, 'count': 11}, {'cluster_no': 9, 'count': 15}]","[-1, 3, 3, 1, -1, 9, 6, 3, 3, 7, 3, 3, -1, -1, 6, -1, -1, -1, -1, -1, 8, -1, -1, -1, 3, 8, -1, 2, 2, 1, 1, -1, -1, 3, 6, 1, 8, -1, 2, -1, 9, 6, 7, -1, 3, 1, -1, 8, 3, 2, -1, 7, 3, 1, -1, 6, -1, 1, 1, -1, 7, 0, 5, 1, 6, 2, 2, 3, -1, -1, -1, -1, 3, 5, 9, 9, 7, 6, 2, -1, 1, -1, -1, 4, -1, -1, 1, 5, 1, 6, 1, 8, 7, 4, -1, 9, 6, 7, 2, 6, 2, 7, 2, 0, 1, -1, 6, 2, 9, 5, 9, 5, 6, 5, 1, 8, 1, 1, 9, 7, 2, -1, -1, 3, -1, 2, 3, 2, -1, -1, 9, -1, 6, 2, 8, -1, 1, -1, 1, 7, 4, 3, 1, -1, 1, -1, -1, 6, 8, 6, -1, 7, 7, 0, 0, 1, -1, 0, 1, 5, 4, 2, -1, -1, 4, -1, 1, 6, 1, -1, 9, 3, -1, -1, 1, -1, -1, 5, -1, 4, 0, 1, 0, -1, 2, 6, 1, 2, 0, 2, 9, 9, 6, -1, 8, 8, -1, 9, 4, 9, -1, 7, 3, 8, 7, -1, 1, 1, 4, 4, -1, 1, 4, -1, -1, 2, -1, 2, 1, -1, 6, 7, -1, -1, -1, -1, -1, -1, -1, -1, -1, 9, -1, 1, 1, 1, -1]"
150,3,8,0.5,0.27543134981440015,3,52,"[{'cluster_no': -1, 'count': 52}, {'cluster_no': 0, 'count': 90}, {'cluster_no': 1, 'count': 95}]","[-1, 1, 1, 0, -1, 1, 0, 1, 1, 1, 1, 1, -1, -1, 0, -1, -1, 1, 0, -1, 1, -1, -1, -1, 1, 1, -1, 1, 1, 0, 0, -1, -1, 1, 0, 0, 1, -1, 1, -1, 1, 0, 1, 0, 1, 0, 1, 1, 1, 1, -1, 1, 1, 0, -1, 0, -1, 0, 0, 1, 1, 0, 0, 0, 0, 1, 1, 1, -1, -1, 1, -1, 1, 0, 1, 1, 1, 0, 1, -1, 0, -1, -1, 0, 1, -1, 0, 0, 0, 0, 0, 1, 1, 0, 1, 1, 0, 1, 1, 0, 1, 1, 1, 0, 0, -1, 0, 1, 1, 0, 1, 0, 0, 0, 0, 1, 0, 0, 1, 1, 1, 1, 0, 1, 1, 1, 1, 1, -1, -1, 1, -1, 0, 1, 1, -1, 0, -1, 0, 1, 0, 1, 0, -1, 0, -1, -1, 0, 1, 0, -1, 1, 1, 0, 0, 0, -1, 0, 0, 0, 0, 1, 1, 0, 0, -1, 0, 0, 0, 1, 1, 1, -1, -1, 0, 1, -1, 0, -1, 0, 0, 0, 0, -1, 1, 0, 0, 1, 0, 1, 1, 1, 0, 0, 1, 1, -1, 1, 0, 1, -1, 1, 1, 1, 1, 0, 0, 0, 0, 0, 0, 0, 0, 0, -1, 1, -1, 1, 0, -1, 0, 1, -1, 1, -1, 0, 0, -1, 1, 1, 1, 1, -1, 0, 0, 0, -1]"
150,3,8,1.0,0.27543134981440015,3,52,"[{'cluster_no': -1, 'count': 52}, {'cluster_no': 0, 'count': 90}, {'cluster_no': 1, 'count': 95}]","[-1, 1, 1, 0, -1, 1, 0, 1, 1, 1, 1, 1, -1, -1, 0, -1, -1, 1, 0, -1, 1, -1, -1, -1, 1, 1, -1, 1, 1, 0, 0, -1, -1, 1, 0, 0, 1, -1, 1, -1, 1, 0, 1, 0, 1, 0, 1, 1, 1, 1, -1, 1, 1, 0, -1, 0, -1, 0, 0, 1, 1, 0, 0, 0, 0, 1, 1, 1, -1, -1, 1, -1, 1, 0, 1, 1, 1, 0, 1, -1, 0, -1, -1, 0, 1, -1, 0, 0, 0, 0, 0, 1, 1, 0, 1, 1, 0, 1, 1, 0, 1, 1, 1, 0, 0, -1, 0, 1, 1, 0, 1, 0, 0, 0, 0, 1, 0, 0, 1, 1, 1, 1, 0, 1, 1, 1, 1, 1, -1, -1, 1, -1, 0, 1, 1, -1, 0, -1, 0, 1, 0, 1, 0, -1, 0, -1, -1, 0, 1, 0, -1, 1, 1, 0, 0, 0, -1, 0, 0, 0, 0, 1, 1, 0, 0, -1, 0, 0, 0, 1, 1, 1, -1, -1, 0, 1, -1, 0, -1, 0, 0, 0, 0, -1, 1, 0, 0, 1, 0, 1, 1, 1, 0, 0, 1, 1, -1, 1, 0, 1, -1, 1, 1, 1, 1, 0, 0, 0, 0, 0, 0, 0, 0, 0, -1, 1, -1, 1, 0, -1, 0, 1, -1, 1, -1, 0, 0, -1, 1, 1, 1, 1, -1, 0, 0, 0, -1]"
150,3,9,0.0,0.3564299837496973,9,85,"[{'cluster_no': -1, 'count': 85}, {'cluster_no': 0, 'count': 35}, {'cluster_no': 1, 'count': 21}, {'cluster_no': 2, 'count': 18}, {'cluster_no': 3, 'count': 10}, {'cluster_no': 4, 'count': 27}, {'cluster_no': 5, 'count': 15}, {'cluster_no': 6, 'count': 11}, {'cluster_no': 7, 'count': 15}]","[-1, 2, 2, 0, -1, 7, 4, 2, 2, 5, 2, 2, -1, -1, 4, -1, -1, -1, -1, -1, 6, -1, -1, -1, 2, 6, -1, 1, 1, 0, 0, -1, -1, 2, 4, 0, 6, -1, 1, -1, 7, 4, 5, -1, 2, 0, -1, 6, 2, 1, -1, 5, 2, 0, -1, 4, -1, 0, 0, -1, 5, -1, 4, 0, 4, 1, 1, 2, -1, -1, -1, -1, 2, 4, 7, 7, 5, 4, 1, -1, 0, -1, -1, 3, -1, -1, 0, 4, 0, 4, 0, 6, 5, 3, -1, 7, 4, 5, 1, 4, 1, 5, 1, -1, 0, -1, 4, 1, 7, 4, 7, 4, 4, 4, 0, 6, 0, 0, 7, 5, 1, -1, -1, 2, -1, 1, 2, 1, -1, -1, 7, -1, 4, 1, 6, -1, 0, -1, 0, 5, 3, 2, 0, -1, 0, -1, -1, 4, 6, 4, -1, 5, 5, -1, -1, 0, -1, -1, 0, 4, 3, 1, -1, -1, 3, -1, 0, 4, 0, -1, 7, 2, -1, -1, 0, -1, -1, 4, -1, 3, -1, 0, -1, -1, 1, 4, 0, 1, -1, 1, 7, 7, 4, -1, 6, 6, -1, 7, 3, 7, -1, 5, 2, 6, 5, -1, 0, 0, 3, 3, -1, 0, 3, -1, -1, 1, -1, 1, 0, -1, 4, 5, -1, -1, -1, -1, -1, -1, -1, -1, -1, 7, -1, 0, 0, 0, -1]"
150,3,9,0.5,0.27543134981440015,3,52,"[{'cluster_no': -1, 'count': 52}, {'cluster_no': 0, 'count': 90}, {'cluster_no': 1, 'count': 95}]","[-1, 1, 1, 0, -1, 1, 0, 1, 1, 1, 1, 1, -1, -1, 0, -1, -1, 1, 0, -1, 1, -1, -1, -1, 1, 1, -1, 1, 1, 0, 0, -1, -1, 1, 0, 0, 1, -1, 1, -1, 1, 0, 1, 0, 1, 0, 1, 1, 1, 1, -1, 1, 1, 0, -1, 0, -1, 0, 0, 1, 1, 0, 0, 0, 0, 1, 1, 1, -1, -1, 1, -1, 1, 0, 1, 1, 1, 0, 1, -1, 0, -1, -1, 0, 1, -1, 0, 0, 0, 0, 0, 1, 1, 0, 1, 1, 0, 1, 1, 0, 1, 1, 1, 0, 0, -1, 0, 1, 1, 0, 1, 0, 0, 0, 0, 1, 0, 0, 1, 1, 1, 1, 0, 1, 1, 1, 1, 1, -1, -1, 1, -1, 0, 1, 1, -1, 0, -1, 0, 1, 0, 1, 0, -1, 0, -1, -1, 0, 1, 0, -1, 1, 1, 0, 0, 0, -1, 0, 0, 0, 0, 1, 1, 0, 0, -1, 0, 0, 0, 1, 1, 1, -1, -1, 0, 1, -1, 0, -1, 0, 0, 0, 0, -1, 1, 0, 0, 1, 0, 1, 1, 1, 0, 0, 1, 1, -1, 1, 0, 1, -1, 1, 1, 1, 1, 0, 0, 0, 0, 0, 0, 0, 0, 0, -1, 1, -1, 1, 0, -1, 0, 1, -1, 1, -1, 0, 0, -1, 1, 1, 1, 1, -1, 0, 0, 0, -1]"
150,3,9,1.0,0.27543134981440015,3,52,"[{'cluster_no': -1, 'count': 52}, {'cluster_no': 0, 'count': 90}, {'cluster_no': 1, 'count': 95}]","[-1, 1, 1, 0, -1, 1, 0, 1, 1, 1, 1, 1, -1, -1, 0, -1, -1, 1, 0, -1, 1, -1, -1, -1, 1, 1, -1, 1, 1, 0, 0, -1, -1, 1, 0, 0, 1, -1, 1, -1, 1, 0, 1, 0, 1, 0, 1, 1, 1, 1, -1, 1, 1, 0, -1, 0, -1, 0, 0, 1, 1, 0, 0, 0, 0, 1, 1, 1, -1, -1, 1, -1, 1, 0, 1, 1, 1, 0, 1, -1, 0, -1, -1, 0, 1, -1, 0, 0, 0, 0, 0, 1, 1, 0, 1, 1, 0, 1, 1, 0, 1, 1, 1, 0, 0, -1, 0, 1, 1, 0, 1, 0, 0, 0, 0, 1, 0, 0, 1, 1, 1, 1, 0, 1, 1, 1, 1, 1, -1, -1, 1, -1, 0, 1, 1, -1, 0, -1, 0, 1, 0, 1, 0, -1, 0, -1, -1, 0, 1, 0, -1, 1, 1, 0, 0, 0, -1, 0, 0, 0, 0, 1, 1, 0, 0, -1, 0, 0, 0, 1, 1, 1, -1, -1, 0, 1, -1, 0, -1, 0, 0, 0, 0, -1, 1, 0, 0, 1, 0, 1, 1, 1, 0, 0, 1, 1, -1, 1, 0, 1, -1, 1, 1, 1, 1, 0, 0, 0, 0, 0, 0, 0, 0, 0, -1, 1, -1, 1, 0, -1, 0, 1, -1, 1, -1, 0, 0, -1, 1, 1, 1, 1, -1, 0, 0, 0, -1]"
150,3,10,0.0,0.3564299837496973,9,85,"[{'cluster_no': -1, 'count': 85}, {'cluster_no': 0, 'count': 35}, {'cluster_no': 1, 'count': 21}, {'cluster_no': 2, 'count': 18}, {'cluster_no': 3, 'count': 10}, {'cluster_no': 4, 'count': 27}, {'cluster_no': 5, 'count': 15}, {'cluster_no': 6, 'count': 11}, {'cluster_no': 7, 'count': 15}]","[-1, 2, 2, 0, -1, 7, 4, 2, 2, 5, 2, 2, -1, -1, 4, -1, -1, -1, -1, -1, 6, -1, -1, -1, 2, 6, -1, 1, 1, 0, 0, -1, -1, 2, 4, 0, 6, -1, 1, -1, 7, 4, 5, -1, 2, 0, -1, 6, 2, 1, -1, 5, 2, 0, -1, 4, -1, 0, 0, -1, 5, -1, 4, 0, 4, 1, 1, 2, -1, -1, -1, -1, 2, 4, 7, 7, 5, 4, 1, -1, 0, -1, -1, 3, -1, -1, 0, 4, 0, 4, 0, 6, 5, 3, -1, 7, 4, 5, 1, 4, 1, 5, 1, -1, 0, -1, 4, 1, 7, 4, 7, 4, 4, 4, 0, 6, 0, 0, 7, 5, 1, -1, -1, 2, -1, 1, 2, 1, -1, -1, 7, -1, 4, 1, 6, -1, 0, -1, 0, 5, 3, 2, 0, -1, 0, -1, -1, 4, 6, 4, -1, 5, 5, -1, -1, 0, -1, -1, 0, 4, 3, 1, -1, -1, 3, -1, 0, 4, 0, -1, 7, 2, -1, -1, 0, -1, -1, 4, -1, 3, -1, 0, -1, -1, 1, 4, 0, 1, -1, 1, 7, 7, 4, -1, 6, 6, -1, 7, 3, 7, -1, 5, 2, 6, 5, -1, 0, 0, 3, 3, -1, 0, 3, -1, -1, 1, -1, 1, 0, -1, 4, 5, -1, -1, -1, -1, -1, -1, -1, -1, -1, 7, -1, 0, 0, 0, -1]"
150,3,10,0.5,0.27543134981440015,3,52,"[{'cluster_no': -1, 'count': 52}, {'cluster_no': 0, 'count': 90}, {'cluster_no': 1, 'count': 95}]","[-1, 1, 1, 0, -1, 1, 0, 1, 1, 1, 1, 1, -1, -1, 0, -1, -1, 1, 0, -1, 1, -1, -1, -1, 1, 1, -1, 1, 1, 0, 0, -1, -1, 1, 0, 0, 1, -1, 1, -1, 1, 0, 1, 0, 1, 0, 1, 1, 1, 1, -1, 1, 1, 0, -1, 0, -1, 0, 0, 1, 1, 0, 0, 0, 0, 1, 1, 1, -1, -1, 1, -1, 1, 0, 1, 1, 1, 0, 1, -1, 0, -1, -1, 0, 1, -1, 0, 0, 0, 0, 0, 1, 1, 0, 1, 1, 0, 1, 1, 0, 1, 1, 1, 0, 0, -1, 0, 1, 1, 0, 1, 0, 0, 0, 0, 1, 0, 0, 1, 1, 1, 1, 0, 1, 1, 1, 1, 1, -1, -1, 1, -1, 0, 1, 1, -1, 0, -1, 0, 1, 0, 1, 0, -1, 0, -1, -1, 0, 1, 0, -1, 1, 1, 0, 0, 0, -1, 0, 0, 0, 0, 1, 1, 0, 0, -1, 0, 0, 0, 1, 1, 1, -1, -1, 0, 1, -1, 0, -1, 0, 0, 0, 0, -1, 1, 0, 0, 1, 0, 1, 1, 1, 0, 0, 1, 1, -1, 1, 0, 1, -1, 1, 1, 1, 1, 0, 0, 0, 0, 0, 0, 0, 0, 0, -1, 1, -1, 1, 0, -1, 0, 1, -1, 1, -1, 0, 0, -1, 1, 1, 1, 1, -1, 0, 0, 0, -1]"
150,3,10,1.0,0.27543134981440015,3,52,"[{'cluster_no': -1, 'count': 52}, {'cluster_no': 0, 'count': 90}, {'cluster_no': 1, 'count': 95}]","[-1, 1, 1, 0, -1, 1, 0, 1, 1, 1, 1, 1, -1, -1, 0, -1, -1, 1, 0, -1, 1, -1, -1, -1, 1, 1, -1, 1, 1, 0, 0, -1, -1, 1, 0, 0, 1, -1, 1, -1, 1, 0, 1, 0, 1, 0, 1, 1, 1, 1, -1, 1, 1, 0, -1, 0, -1, 0, 0, 1, 1, 0, 0, 0, 0, 1, 1, 1, -1, -1, 1, -1, 1, 0, 1, 1, 1, 0, 1, -1, 0, -1, -1, 0, 1, -1, 0, 0, 0, 0, 0, 1, 1, 0, 1, 1, 0, 1, 1, 0, 1, 1, 1, 0, 0, -1, 0, 1, 1, 0, 1, 0, 0, 0, 0, 1, 0, 0, 1, 1, 1, 1, 0, 1, 1, 1, 1, 1, -1, -1, 1, -1, 0, 1, 1, -1, 0, -1, 0, 1, 0, 1, 0, -1, 0, -1, -1, 0, 1, 0, -1, 1, 1, 0, 0, 0, -1, 0, 0, 0, 0, 1, 1, 0, 0, -1, 0, 0, 0, 1, 1, 1, -1, -1, 0, 1, -1, 0, -1, 0, 0, 0, 0, -1, 1, 0, 0, 1, 0, 1, 1, 1, 0, 0, 1, 1, -1, 1, 0, 1, -1, 1, 1, 1, 1, 0, 0, 0, 0, 0, 0, 0, 0, 0, -1, 1, -1, 1, 0, -1, 0, 1, -1, 1, -1, 0, 0, -1, 1, 1, 1, 1, -1, 0, 0, 0, -1]"
150,3,11,0.0,0.2899591926535556,6,72,"[{'cluster_no': -1, 'count': 72}, {'cluster_no': 0, 'count': 44}, {'cluster_no': 1, 'count': 35}, {'cluster_no': 2, 'count': 47}, {'cluster_no': 3, 'count': 21}, {'cluster_no': 4, 'count': 18}]","[-1, 4, 4, 1, -1, 2, 0, 4, 4, 2, 4, 4, -1, -1, 0, -1, -1, 2, -1, -1, 2, -1, -1, -1, 4, 2, -1, 3, 3, 1, 1, -1, -1, 4, 0, 1, 2, -1, 3, -1, 2, 0, 2, 0, 4, 1, 2, 2, 4, 3, -1, 2, 4, 1, -1, 0, -1, 1, 1, -1, 2, -1, 0, 1, 0, 3, 3, 4, -1, -1, -1, -1, 4, 0, 2, 2, 2, 0, 3, -1, 1, -1, -1, 0, 2, -1, 1, 0, 1, 0, 1, 2, 2, 0, 2, 2, 0, 2, 3, 0, 3, 2, 3, -1, 1, -1, 0, 3, 2, 0, 2, 0, 0, 0, 1, 2, 1, 1, 2, 2, 3, -1, 0, 4, -1, 3, 4, 3, -1, -1, 2, -1, 0, 3, 2, -1, 1, -1, 1, 2, 0, 4, 1, -1, 1, -1, -1, 0, 2, 0, -1, 2, 2, -1, -1, 1, -1, -1, 1, 0, 0, 3, 2, 0, 0, -1, 1, 0, 1, -1, 2, 4, -1, -1, 1, -1, -1, 0, -1, 0, -1, 1, -1, -1, 3, 0, 1, 3, -1, 3, 2, 2, 0, 0, 2, 2, -1, 2, 0, 2, -1, 2, 4, 2, 2, 0, 1, 1, 0, 0, -1, 1, 0, 0, -1, 3, -1, 3, 1, -1, 0, 2, -1, 2, -1, 0, -1, -1, -1, -1, -1, 2, -1, 1, 1, 1, -1]"
150,3,11,0.5,0.27543134981440015,3,52,"[{'cluster_no': -1, 'count': 52}, {'cluster_no': 0, 'count': 90}, {'cluster_no': 1, 'count': 95}]","[-1, 1, 1, 0, -1, 1, 0, 1, 1, 1, 1, 1, -1, -1, 0, -1, -1, 1, 0, -1, 1, -1, -1, -1, 1, 1, -1, 1, 1, 0, 0, -1, -1, 1, 0, 0, 1, -1, 1, -1, 1, 0, 1, 0, 1, 0, 1, 1, 1, 1, -1, 1, 1, 0, -1, 0, -1, 0, 0, 1, 1, 0, 0, 0, 0, 1, 1, 1, -1, -1, 1, -1, 1, 0, 1, 1, 1, 0, 1, -1, 0, -1, -1, 0, 1, -1, 0, 0, 0, 0, 0, 1, 1, 0, 1, 1, 0, 1, 1, 0, 1, 1, 1, 0, 0, -1, 0, 1, 1, 0, 1, 0, 0, 0, 0, 1, 0, 0, 1, 1, 1, 1, 0, 1, 1, 1, 1, 1, -1, -1, 1, -1, 0, 1, 1, -1, 0, -1, 0, 1, 0, 1, 0, -1, 0, -1, -1, 0, 1, 0, -1, 1, 1, 0, 0, 0, -1, 0, 0, 0, 0, 1, 1, 0, 0, -1, 0, 0, 0, 1, 1, 1, -1, -1, 0, 1, -1, 0, -1, 0, 0, 0, 0, -1, 1, 0, 0, 1, 0, 1, 1, 1, 0, 0, 1, 1, -1, 1, 0, 1, -1, 1, 1, 1, 1, 0, 0, 0, 0, 0, 0, 0, 0, 0, -1, 1, -1, 1, 0, -1, 0, 1, -1, 1, -1, 0, 0, -1, 1, 1, 1, 1, -1, 0, 0, 0, -1]"
150,3,11,1.0,0.27543134981440015,3,52,"[{'cluster_no': -1, 'count': 52}, {'cluster_no': 0, 'count': 90}, {'cluster_no': 1, 'count': 95}]","[-1, 1, 1, 0, -1, 1, 0, 1, 1, 1, 1, 1, -1, -1, 0, -1, -1, 1, 0, -1, 1, -1, -1, -1, 1, 1, -1, 1, 1, 0, 0, -1, -1, 1, 0, 0, 1, -1, 1, -1, 1, 0, 1, 0, 1, 0, 1, 1, 1, 1, -1, 1, 1, 0, -1, 0, -1, 0, 0, 1, 1, 0, 0, 0, 0, 1, 1, 1, -1, -1, 1, -1, 1, 0, 1, 1, 1, 0, 1, -1, 0, -1, -1, 0, 1, -1, 0, 0, 0, 0, 0, 1, 1, 0, 1, 1, 0, 1, 1, 0, 1, 1, 1, 0, 0, -1, 0, 1, 1, 0, 1, 0, 0, 0, 0, 1, 0, 0, 1, 1, 1, 1, 0, 1, 1, 1, 1, 1, -1, -1, 1, -1, 0, 1, 1, -1, 0, -1, 0, 1, 0, 1, 0, -1, 0, -1, -1, 0, 1, 0, -1, 1, 1, 0, 0, 0, -1, 0, 0, 0, 0, 1, 1, 0, 0, -1, 0, 0, 0, 1, 1, 1, -1, -1, 0, 1, -1, 0, -1, 0, 0, 0, 0, -1, 1, 0, 0, 1, 0, 1, 1, 1, 0, 0, 1, 1, -1, 1, 0, 1, -1, 1, 1, 1, 1, 0, 0, 0, 0, 0, 0, 0, 0, 0, -1, 1, -1, 1, 0, -1, 0, 1, -1, 1, -1, 0, 0, -1, 1, 1, 1, 1, -1, 0, 0, 0, -1]"
150,3,12,0.0,0.2899591926535556,6,72,"[{'cluster_no': -1, 'count': 72}, {'cluster_no': 0, 'count': 44}, {'cluster_no': 1, 'count': 35}, {'cluster_no': 2, 'count': 47}, {'cluster_no': 3, 'count': 21}, {'cluster_no': 4, 'count': 18}]","[-1, 4, 4, 1, -1, 2, 0, 4, 4, 2, 4, 4, -1, -1, 0, -1, -1, 2, -1, -1, 2, -1, -1, -1, 4, 2, -1, 3, 3, 1, 1, -1, -1, 4, 0, 1, 2, -1, 3, -1, 2, 0, 2, 0, 4, 1, 2, 2, 4, 3, -1, 2, 4, 1, -1, 0, -1, 1, 1, -1, 2, -1, 0, 1, 0, 3, 3, 4, -1, -1, -1, -1, 4, 0, 2, 2, 2, 0, 3, -1, 1, -1, -1, 0, 2, -1, 1, 0, 1, 0, 1, 2, 2, 0, 2, 2, 0, 2, 3, 0, 3, 2, 3, -1, 1, -1, 0, 3, 2, 0, 2, 0, 0, 0, 1, 2, 1, 1, 2, 2, 3, -1, 0, 4, -1, 3, 4, 3, -1, -1, 2, -1, 0, 3, 2, -1, 1, -1, 1, 2, 0, 4, 1, -1, 1, -1, -1, 0, 2, 0, -1, 2, 2, -1, -1, 1, -1, -1, 1, 0, 0, 3, 2, 0, 0, -1, 1, 0, 1, -1, 2, 4, -1, -1, 1, -1, -1, 0, -1, 0, -1, 1, -1, -1, 3, 0, 1, 3, -1, 3, 2, 2, 0, 0, 2, 2, -1, 2, 0, 2, -1, 2, 4, 2, 2, 0, 1, 1, 0, 0, -1, 1, 0, 0, -1, 3, -1, 3, 1, -1, 0, 2, -1, 2, -1, 0, -1, -1, -1, -1, -1, 2, -1, 1, 1, 1, -1]"
150,3,12,0.5,0.27543134981440015,3,52,"[{'cluster_no': -1, 'count': 52}, {'cluster_no': 0, 'count': 90}, {'cluster_no': 1, 'count': 95}]","[-1, 1, 1, 0, -1, 1, 0, 1, 1, 1, 1, 1, -1, -1, 0, -1, -1, 1, 0, -1, 1, -1, -1, -1, 1, 1, -1, 1, 1, 0, 0, -1, -1, 1, 0, 0, 1, -1, 1, -1, 1, 0, 1, 0, 1, 0, 1, 1, 1, 1, -1, 1, 1, 0, -1, 0, -1, 0, 0, 1, 1, 0, 0, 0, 0, 1, 1, 1, -1, -1, 1, -1, 1, 0, 1, 1, 1, 0, 1, -1, 0, -1, -1, 0, 1, -1, 0, 0, 0, 0, 0, 1, 1, 0, 1, 1, 0, 1, 1, 0, 1, 1, 1, 0, 0, -1, 0, 1, 1, 0, 1, 0, 0, 0, 0, 1, 0, 0, 1, 1, 1, 1, 0, 1, 1, 1, 1, 1, -1, -1, 1, -1, 0, 1, 1, -1, 0, -1, 0, 1, 0, 1, 0, -1, 0, -1, -1, 0, 1, 0, -1, 1, 1, 0, 0, 0, -1, 0, 0, 0, 0, 1, 1, 0, 0, -1, 0, 0, 0, 1, 1, 1, -1, -1, 0, 1, -1, 0, -1, 0, 0, 0, 0, -1, 1, 0, 0, 1, 0, 1, 1, 1, 0, 0, 1, 1, -1, 1, 0, 1, -1, 1, 1, 1, 1, 0, 0, 0, 0, 0, 0, 0, 0, 0, -1, 1, -1, 1, 0, -1, 0, 1, -1, 1, -1, 0, 0, -1, 1, 1, 1, 1, -1, 0, 0, 0, -1]"
150,3,12,1.0,0.27543134981440015,3,52,"[{'cluster_no': -1, 'count': 52}, {'cluster_no': 0, 'count': 90}, {'cluster_no': 1, 'count': 95}]","[-1, 1, 1, 0, -1, 1, 0, 1, 1, 1, 1, 1, -1, -1, 0, -1, -1, 1, 0, -1, 1, -1, -1, -1, 1, 1, -1, 1, 1, 0, 0, -1, -1, 1, 0, 0, 1, -1, 1, -1, 1, 0, 1, 0, 1, 0, 1, 1, 1, 1, -1, 1, 1, 0, -1, 0, -1, 0, 0, 1, 1, 0, 0, 0, 0, 1, 1, 1, -1, -1, 1, -1, 1, 0, 1, 1, 1, 0, 1, -1, 0, -1, -1, 0, 1, -1, 0, 0, 0, 0, 0, 1, 1, 0, 1, 1, 0, 1, 1, 0, 1, 1, 1, 0, 0, -1, 0, 1, 1, 0, 1, 0, 0, 0, 0, 1, 0, 0, 1, 1, 1, 1, 0, 1, 1, 1, 1, 1, -1, -1, 1, -1, 0, 1, 1, -1, 0, -1, 0, 1, 0, 1, 0, -1, 0, -1, -1, 0, 1, 0, -1, 1, 1, 0, 0, 0, -1, 0, 0, 0, 0, 1, 1, 0, 0, -1, 0, 0, 0, 1, 1, 1, -1, -1, 0, 1, -1, 0, -1, 0, 0, 0, 0, -1, 1, 0, 0, 1, 0, 1, 1, 1, 0, 0, 1, 1, -1, 1, 0, 1, -1, 1, 1, 1, 1, 0, 0, 0, 0, 0, 0, 0, 0, 0, -1, 1, -1, 1, 0, -1, 0, 1, -1, 1, -1, 0, 0, -1, 1, 1, 1, 1, -1, 0, 0, 0, -1]"
150,3,13,0.0,0.2899591926535556,6,72,"[{'cluster_no': -1, 'count': 72}, {'cluster_no': 0, 'count': 44}, {'cluster_no': 1, 'count': 35}, {'cluster_no': 2, 'count': 47}, {'cluster_no': 3, 'count': 21}, {'cluster_no': 4, 'count': 18}]","[-1, 4, 4, 1, -1, 2, 0, 4, 4, 2, 4, 4, -1, -1, 0, -1, -1, 2, -1, -1, 2, -1, -1, -1, 4, 2, -1, 3, 3, 1, 1, -1, -1, 4, 0, 1, 2, -1, 3, -1, 2, 0, 2, 0, 4, 1, 2, 2, 4, 3, -1, 2, 4, 1, -1, 0, -1, 1, 1, -1, 2, -1, 0, 1, 0, 3, 3, 4, -1, -1, -1, -1, 4, 0, 2, 2, 2, 0, 3, -1, 1, -1, -1, 0, 2, -1, 1, 0, 1, 0, 1, 2, 2, 0, 2, 2, 0, 2, 3, 0, 3, 2, 3, -1, 1, -1, 0, 3, 2, 0, 2, 0, 0, 0, 1, 2, 1, 1, 2, 2, 3, -1, 0, 4, -1, 3, 4, 3, -1, -1, 2, -1, 0, 3, 2, -1, 1, -1, 1, 2, 0, 4, 1, -1, 1, -1, -1, 0, 2, 0, -1, 2, 2, -1, -1, 1, -1, -1, 1, 0, 0, 3, 2, 0, 0, -1, 1, 0, 1, -1, 2, 4, -1, -1, 1, -1, -1, 0, -1, 0, -1, 1, -1, -1, 3, 0, 1, 3, -1, 3, 2, 2, 0, 0, 2, 2, -1, 2, 0, 2, -1, 2, 4, 2, 2, 0, 1, 1, 0, 0, -1, 1, 0, 0, -1, 3, -1, 3, 1, -1, 0, 2, -1, 2, -1, 0, -1, -1, -1, -1, -1, 2, -1, 1, 1, 1, -1]"
150,3,13,0.5,0.27543134981440015,3,52,"[{'cluster_no': -1, 'count': 52}, {'cluster_no': 0, 'count': 90}, {'cluster_no': 1, 'count': 95}]","[-1, 1, 1, 0, -1, 1, 0, 1, 1, 1, 1, 1, -1, -1, 0, -1, -1, 1, 0, -1, 1, -1, -1, -1, 1, 1, -1, 1, 1, 0, 0, -1, -1, 1, 0, 0, 1, -1, 1, -1, 1, 0, 1, 0, 1, 0, 1, 1, 1, 1, -1, 1, 1, 0, -1, 0, -1, 0, 0, 1, 1, 0, 0, 0, 0, 1, 1, 1, -1, -1, 1, -1, 1, 0, 1, 1, 1, 0, 1, -1, 0, -1, -1, 0, 1, -1, 0, 0, 0, 0, 0, 1, 1, 0, 1, 1, 0, 1, 1, 0, 1, 1, 1, 0, 0, -1, 0, 1, 1, 0, 1, 0, 0, 0, 0, 1, 0, 0, 1, 1, 1, 1, 0, 1, 1, 1, 1, 1, -1, -1, 1, -1, 0, 1, 1, -1, 0, -1, 0, 1, 0, 1, 0, -1, 0, -1, -1, 0, 1, 0, -1, 1, 1, 0, 0, 0, -1, 0, 0, 0, 0, 1, 1, 0, 0, -1, 0, 0, 0, 1, 1, 1, -1, -1, 0, 1, -1, 0, -1, 0, 0, 0, 0, -1, 1, 0, 0, 1, 0, 1, 1, 1, 0, 0, 1, 1, -1, 1, 0, 1, -1, 1, 1, 1, 1, 0, 0, 0, 0, 0, 0, 0, 0, 0, -1, 1, -1, 1, 0, -1, 0, 1, -1, 1, -1, 0, 0, -1, 1, 1, 1, 1, -1, 0, 0, 0, -1]"
150,3,13,1.0,0.27543134981440015,3,52,"[{'cluster_no': -1, 'count': 52}, {'cluster_no': 0, 'count': 90}, {'cluster_no': 1, 'count': 95}]","[-1, 1, 1, 0, -1, 1, 0, 1, 1, 1, 1, 1, -1, -1, 0, -1, -1, 1, 0, -1, 1, -1, -1, -1, 1, 1, -1, 1, 1, 0, 0, -1, -1, 1, 0, 0, 1, -1, 1, -1, 1, 0, 1, 0, 1, 0, 1, 1, 1, 1, -1, 1, 1, 0, -1, 0, -1, 0, 0, 1, 1, 0, 0, 0, 0, 1, 1, 1, -1, -1, 1, -1, 1, 0, 1, 1, 1, 0, 1, -1, 0, -1, -1, 0, 1, -1, 0, 0, 0, 0, 0, 1, 1, 0, 1, 1, 0, 1, 1, 0, 1, 1, 1, 0, 0, -1, 0, 1, 1, 0, 1, 0, 0, 0, 0, 1, 0, 0, 1, 1, 1, 1, 0, 1, 1, 1, 1, 1, -1, -1, 1, -1, 0, 1, 1, -1, 0, -1, 0, 1, 0, 1, 0, -1, 0, -1, -1, 0, 1, 0, -1, 1, 1, 0, 0, 0, -1, 0, 0, 0, 0, 1, 1, 0, 0, -1, 0, 0, 0, 1, 1, 1, -1, -1, 0, 1, -1, 0, -1, 0, 0, 0, 0, -1, 1, 0, 0, 1, 0, 1, 1, 1, 0, 0, 1, 1, -1, 1, 0, 1, -1, 1, 1, 1, 1, 0, 0, 0, 0, 0, 0, 0, 0, 0, -1, 1, -1, 1, 0, -1, 0, 1, -1, 1, -1, 0, 0, -1, 1, 1, 1, 1, -1, 0, 0, 0, -1]"
150,3,14,0.0,0.2899591926535556,6,72,"[{'cluster_no': -1, 'count': 72}, {'cluster_no': 0, 'count': 44}, {'cluster_no': 1, 'count': 35}, {'cluster_no': 2, 'count': 47}, {'cluster_no': 3, 'count': 21}, {'cluster_no': 4, 'count': 18}]","[-1, 4, 4, 1, -1, 2, 0, 4, 4, 2, 4, 4, -1, -1, 0, -1, -1, 2, -1, -1, 2, -1, -1, -1, 4, 2, -1, 3, 3, 1, 1, -1, -1, 4, 0, 1, 2, -1, 3, -1, 2, 0, 2, 0, 4, 1, 2, 2, 4, 3, -1, 2, 4, 1, -1, 0, -1, 1, 1, -1, 2, -1, 0, 1, 0, 3, 3, 4, -1, -1, -1, -1, 4, 0, 2, 2, 2, 0, 3, -1, 1, -1, -1, 0, 2, -1, 1, 0, 1, 0, 1, 2, 2, 0, 2, 2, 0, 2, 3, 0, 3, 2, 3, -1, 1, -1, 0, 3, 2, 0, 2, 0, 0, 0, 1, 2, 1, 1, 2, 2, 3, -1, 0, 4, -1, 3, 4, 3, -1, -1, 2, -1, 0, 3, 2, -1, 1, -1, 1, 2, 0, 4, 1, -1, 1, -1, -1, 0, 2, 0, -1, 2, 2, -1, -1, 1, -1, -1, 1, 0, 0, 3, 2, 0, 0, -1, 1, 0, 1, -1, 2, 4, -1, -1, 1, -1, -1, 0, -1, 0, -1, 1, -1, -1, 3, 0, 1, 3, -1, 3, 2, 2, 0, 0, 2, 2, -1, 2, 0, 2, -1, 2, 4, 2, 2, 0, 1, 1, 0, 0, -1, 1, 0, 0, -1, 3, -1, 3, 1, -1, 0, 2, -1, 2, -1, 0, -1, -1, -1, -1, -1, 2, -1, 1, 1, 1, -1]"
150,3,14,0.5,0.27543134981440015,3,52,"[{'cluster_no': -1, 'count': 52}, {'cluster_no': 0, 'count': 90}, {'cluster_no': 1, 'count': 95}]","[-1, 1, 1, 0, -1, 1, 0, 1, 1, 1, 1, 1, -1, -1, 0, -1, -1, 1, 0, -1, 1, -1, -1, -1, 1, 1, -1, 1, 1, 0, 0, -1, -1, 1, 0, 0, 1, -1, 1, -1, 1, 0, 1, 0, 1, 0, 1, 1, 1, 1, -1, 1, 1, 0, -1, 0, -1, 0, 0, 1, 1, 0, 0, 0, 0, 1, 1, 1, -1, -1, 1, -1, 1, 0, 1, 1, 1, 0, 1, -1, 0, -1, -1, 0, 1, -1, 0, 0, 0, 0, 0, 1, 1, 0, 1, 1, 0, 1, 1, 0, 1, 1, 1, 0, 0, -1, 0, 1, 1, 0, 1, 0, 0, 0, 0, 1, 0, 0, 1, 1, 1, 1, 0, 1, 1, 1, 1, 1, -1, -1, 1, -1, 0, 1, 1, -1, 0, -1, 0, 1, 0, 1, 0, -1, 0, -1, -1, 0, 1, 0, -1, 1, 1, 0, 0, 0, -1, 0, 0, 0, 0, 1, 1, 0, 0, -1, 0, 0, 0, 1, 1, 1, -1, -1, 0, 1, -1, 0, -1, 0, 0, 0, 0, -1, 1, 0, 0, 1, 0, 1, 1, 1, 0, 0, 1, 1, -1, 1, 0, 1, -1, 1, 1, 1, 1, 0, 0, 0, 0, 0, 0, 0, 0, 0, -1, 1, -1, 1, 0, -1, 0, 1, -1, 1, -1, 0, 0, -1, 1, 1, 1, 1, -1, 0, 0, 0, -1]"
150,3,14,1.0,0.27543134981440015,3,52,"[{'cluster_no': -1, 'count': 52}, {'cluster_no': 0, 'count': 90}, {'cluster_no': 1, 'count': 95}]","[-1, 1, 1, 0, -1, 1, 0, 1, 1, 1, 1, 1, -1, -1, 0, -1, -1, 1, 0, -1, 1, -1, -1, -1, 1, 1, -1, 1, 1, 0, 0, -1, -1, 1, 0, 0, 1, -1, 1, -1, 1, 0, 1, 0, 1, 0, 1, 1, 1, 1, -1, 1, 1, 0, -1, 0, -1, 0, 0, 1, 1, 0, 0, 0, 0, 1, 1, 1, -1, -1, 1, -1, 1, 0, 1, 1, 1, 0, 1, -1, 0, -1, -1, 0, 1, -1, 0, 0, 0, 0, 0, 1, 1, 0, 1, 1, 0, 1, 1, 0, 1, 1, 1, 0, 0, -1, 0, 1, 1, 0, 1, 0, 0, 0, 0, 1, 0, 0, 1, 1, 1, 1, 0, 1, 1, 1, 1, 1, -1, -1, 1, -1, 0, 1, 1, -1, 0, -1, 0, 1, 0, 1, 0, -1, 0, -1, -1, 0, 1, 0, -1, 1, 1, 0, 0, 0, -1, 0, 0, 0, 0, 1, 1, 0, 0, -1, 0, 0, 0, 1, 1, 1, -1, -1, 0, 1, -1, 0, -1, 0, 0, 0, 0, -1, 1, 0, 0, 1, 0, 1, 1, 1, 0, 0, 1, 1, -1, 1, 0, 1, -1, 1, 1, 1, 1, 0, 0, 0, 0, 0, 0, 0, 0, 0, -1, 1, -1, 1, 0, -1, 0, 1, -1, 1, -1, 0, 0, -1, 1, 1, 1, 1, -1, 0, 0, 0, -1]"
150,3,15,0.0,0.2899591926535556,6,72,"[{'cluster_no': -1, 'count': 72}, {'cluster_no': 0, 'count': 44}, {'cluster_no': 1, 'count': 35}, {'cluster_no': 2, 'count': 47}, {'cluster_no': 3, 'count': 21}, {'cluster_no': 4, 'count': 18}]","[-1, 4, 4, 1, -1, 2, 0, 4, 4, 2, 4, 4, -1, -1, 0, -1, -1, 2, -1, -1, 2, -1, -1, -1, 4, 2, -1, 3, 3, 1, 1, -1, -1, 4, 0, 1, 2, -1, 3, -1, 2, 0, 2, 0, 4, 1, 2, 2, 4, 3, -1, 2, 4, 1, -1, 0, -1, 1, 1, -1, 2, -1, 0, 1, 0, 3, 3, 4, -1, -1, -1, -1, 4, 0, 2, 2, 2, 0, 3, -1, 1, -1, -1, 0, 2, -1, 1, 0, 1, 0, 1, 2, 2, 0, 2, 2, 0, 2, 3, 0, 3, 2, 3, -1, 1, -1, 0, 3, 2, 0, 2, 0, 0, 0, 1, 2, 1, 1, 2, 2, 3, -1, 0, 4, -1, 3, 4, 3, -1, -1, 2, -1, 0, 3, 2, -1, 1, -1, 1, 2, 0, 4, 1, -1, 1, -1, -1, 0, 2, 0, -1, 2, 2, -1, -1, 1, -1, -1, 1, 0, 0, 3, 2, 0, 0, -1, 1, 0, 1, -1, 2, 4, -1, -1, 1, -1, -1, 0, -1, 0, -1, 1, -1, -1, 3, 0, 1, 3, -1, 3, 2, 2, 0, 0, 2, 2, -1, 2, 0, 2, -1, 2, 4, 2, 2, 0, 1, 1, 0, 0, -1, 1, 0, 0, -1, 3, -1, 3, 1, -1, 0, 2, -1, 2, -1, 0, -1, -1, -1, -1, -1, 2, -1, 1, 1, 1, -1]"
150,3,15,0.5,0.27543134981440015,3,52,"[{'cluster_no': -1, 'count': 52}, {'cluster_no': 0, 'count': 90}, {'cluster_no': 1, 'count': 95}]","[-1, 1, 1, 0, -1, 1, 0, 1, 1, 1, 1, 1, -1, -1, 0, -1, -1, 1, 0, -1, 1, -1, -1, -1, 1, 1, -1, 1, 1, 0, 0, -1, -1, 1, 0, 0, 1, -1, 1, -1, 1, 0, 1, 0, 1, 0, 1, 1, 1, 1, -1, 1, 1, 0, -1, 0, -1, 0, 0, 1, 1, 0, 0, 0, 0, 1, 1, 1, -1, -1, 1, -1, 1, 0, 1, 1, 1, 0, 1, -1, 0, -1, -1, 0, 1, -1, 0, 0, 0, 0, 0, 1, 1, 0, 1, 1, 0, 1, 1, 0, 1, 1, 1, 0, 0, -1, 0, 1, 1, 0, 1, 0, 0, 0, 0, 1, 0, 0, 1, 1, 1, 1, 0, 1, 1, 1, 1, 1, -1, -1, 1, -1, 0, 1, 1, -1, 0, -1, 0, 1, 0, 1, 0, -1, 0, -1, -1, 0, 1, 0, -1, 1, 1, 0, 0, 0, -1, 0, 0, 0, 0, 1, 1, 0, 0, -1, 0, 0, 0, 1, 1, 1, -1, -1, 0, 1, -1, 0, -1, 0, 0, 0, 0, -1, 1, 0, 0, 1, 0, 1, 1, 1, 0, 0, 1, 1, -1, 1, 0, 1, -1, 1, 1, 1, 1, 0, 0, 0, 0, 0, 0, 0, 0, 0, -1, 1, -1, 1, 0, -1, 0, 1, -1, 1, -1, 0, 0, -1, 1, 1, 1, 1, -1, 0, 0, 0, -1]"
150,3,15,1.0,0.27543134981440015,3,52,"[{'cluster_no': -1, 'count': 52}, {'cluster_no': 0, 'count': 90}, {'cluster_no': 1, 'count': 95}]","[-1, 1, 1, 0, -1, 1, 0, 1, 1, 1, 1, 1, -1, -1, 0, -1, -1, 1, 0, -1, 1, -1, -1, -1, 1, 1, -1, 1, 1, 0, 0, -1, -1, 1, 0, 0, 1, -1, 1, -1, 1, 0, 1, 0, 1, 0, 1, 1, 1, 1, -1, 1, 1, 0, -1, 0, -1, 0, 0, 1, 1, 0, 0, 0, 0, 1, 1, 1, -1, -1, 1, -1, 1, 0, 1, 1, 1, 0, 1, -1, 0, -1, -1, 0, 1, -1, 0, 0, 0, 0, 0, 1, 1, 0, 1, 1, 0, 1, 1, 0, 1, 1, 1, 0, 0, -1, 0, 1, 1, 0, 1, 0, 0, 0, 0, 1, 0, 0, 1, 1, 1, 1, 0, 1, 1, 1, 1, 1, -1, -1, 1, -1, 0, 1, 1, -1, 0, -1, 0, 1, 0, 1, 0, -1, 0, -1, -1, 0, 1, 0, -1, 1, 1, 0, 0, 0, -1, 0, 0, 0, 0, 1, 1, 0, 0, -1, 0, 0, 0, 1, 1, 1, -1, -1, 0, 1, -1, 0, -1, 0, 0, 0, 0, -1, 1, 0, 0, 1, 0, 1, 1, 1, 0, 0, 1, 1, -1, 1, 0, 1, -1, 1, 1, 1, 1, 0, 0, 0, 0, 0, 0, 0, 0, 0, -1, 1, -1, 1, 0, -1, 0, 1, -1, 1, -1, 0, 0, -1, 1, 1, 1, 1, -1, 0, 0, 0, -1]"
150,3,16,0.0,0.2899591926535556,6,72,"[{'cluster_no': -1, 'count': 72}, {'cluster_no': 0, 'count': 44}, {'cluster_no': 1, 'count': 35}, {'cluster_no': 2, 'count': 47}, {'cluster_no': 3, 'count': 21}, {'cluster_no': 4, 'count': 18}]","[-1, 4, 4, 1, -1, 2, 0, 4, 4, 2, 4, 4, -1, -1, 0, -1, -1, 2, -1, -1, 2, -1, -1, -1, 4, 2, -1, 3, 3, 1, 1, -1, -1, 4, 0, 1, 2, -1, 3, -1, 2, 0, 2, 0, 4, 1, 2, 2, 4, 3, -1, 2, 4, 1, -1, 0, -1, 1, 1, -1, 2, -1, 0, 1, 0, 3, 3, 4, -1, -1, -1, -1, 4, 0, 2, 2, 2, 0, 3, -1, 1, -1, -1, 0, 2, -1, 1, 0, 1, 0, 1, 2, 2, 0, 2, 2, 0, 2, 3, 0, 3, 2, 3, -1, 1, -1, 0, 3, 2, 0, 2, 0, 0, 0, 1, 2, 1, 1, 2, 2, 3, -1, 0, 4, -1, 3, 4, 3, -1, -1, 2, -1, 0, 3, 2, -1, 1, -1, 1, 2, 0, 4, 1, -1, 1, -1, -1, 0, 2, 0, -1, 2, 2, -1, -1, 1, -1, -1, 1, 0, 0, 3, 2, 0, 0, -1, 1, 0, 1, -1, 2, 4, -1, -1, 1, -1, -1, 0, -1, 0, -1, 1, -1, -1, 3, 0, 1, 3, -1, 3, 2, 2, 0, 0, 2, 2, -1, 2, 0, 2, -1, 2, 4, 2, 2, 0, 1, 1, 0, 0, -1, 1, 0, 0, -1, 3, -1, 3, 1, -1, 0, 2, -1, 2, -1, 0, -1, -1, -1, -1, -1, 2, -1, 1, 1, 1, -1]"
150,3,16,0.5,0.27543134981440015,3,52,"[{'cluster_no': -1, 'count': 52}, {'cluster_no': 0, 'count': 90}, {'cluster_no': 1, 'count': 95}]","[-1, 1, 1, 0, -1, 1, 0, 1, 1, 1, 1, 1, -1, -1, 0, -1, -1, 1, 0, -1, 1, -1, -1, -1, 1, 1, -1, 1, 1, 0, 0, -1, -1, 1, 0, 0, 1, -1, 1, -1, 1, 0, 1, 0, 1, 0, 1, 1, 1, 1, -1, 1, 1, 0, -1, 0, -1, 0, 0, 1, 1, 0, 0, 0, 0, 1, 1, 1, -1, -1, 1, -1, 1, 0, 1, 1, 1, 0, 1, -1, 0, -1, -1, 0, 1, -1, 0, 0, 0, 0, 0, 1, 1, 0, 1, 1, 0, 1, 1, 0, 1, 1, 1, 0, 0, -1, 0, 1, 1, 0, 1, 0, 0, 0, 0, 1, 0, 0, 1, 1, 1, 1, 0, 1, 1, 1, 1, 1, -1, -1, 1, -1, 0, 1, 1, -1, 0, -1, 0, 1, 0, 1, 0, -1, 0, -1, -1, 0, 1, 0, -1, 1, 1, 0, 0, 0, -1, 0, 0, 0, 0, 1, 1, 0, 0, -1, 0, 0, 0, 1, 1, 1, -1, -1, 0, 1, -1, 0, -1, 0, 0, 0, 0, -1, 1, 0, 0, 1, 0, 1, 1, 1, 0, 0, 1, 1, -1, 1, 0, 1, -1, 1, 1, 1, 1, 0, 0, 0, 0, 0, 0, 0, 0, 0, -1, 1, -1, 1, 0, -1, 0, 1, -1, 1, -1, 0, 0, -1, 1, 1, 1, 1, -1, 0, 0, 0, -1]"
150,3,16,1.0,0.27543134981440015,3,52,"[{'cluster_no': -1, 'count': 52}, {'cluster_no': 0, 'count': 90}, {'cluster_no': 1, 'count': 95}]","[-1, 1, 1, 0, -1, 1, 0, 1, 1, 1, 1, 1, -1, -1, 0, -1, -1, 1, 0, -1, 1, -1, -1, -1, 1, 1, -1, 1, 1, 0, 0, -1, -1, 1, 0, 0, 1, -1, 1, -1, 1, 0, 1, 0, 1, 0, 1, 1, 1, 1, -1, 1, 1, 0, -1, 0, -1, 0, 0, 1, 1, 0, 0, 0, 0, 1, 1, 1, -1, -1, 1, -1, 1, 0, 1, 1, 1, 0, 1, -1, 0, -1, -1, 0, 1, -1, 0, 0, 0, 0, 0, 1, 1, 0, 1, 1, 0, 1, 1, 0, 1, 1, 1, 0, 0, -1, 0, 1, 1, 0, 1, 0, 0, 0, 0, 1, 0, 0, 1, 1, 1, 1, 0, 1, 1, 1, 1, 1, -1, -1, 1, -1, 0, 1, 1, -1, 0, -1, 0, 1, 0, 1, 0, -1, 0, -1, -1, 0, 1, 0, -1, 1, 1, 0, 0, 0, -1, 0, 0, 0, 0, 1, 1, 0, 0, -1, 0, 0, 0, 1, 1, 1, -1, -1, 0, 1, -1, 0, -1, 0, 0, 0, 0, -1, 1, 0, 0, 1, 0, 1, 1, 1, 0, 0, 1, 1, -1, 1, 0, 1, -1, 1, 1, 1, 1, 0, 0, 0, 0, 0, 0, 0, 0, 0, -1, 1, -1, 1, 0, -1, 0, 1, -1, 1, -1, 0, 0, -1, 1, 1, 1, 1, -1, 0, 0, 0, -1]"
150,3,17,0.0,0.2899591926535556,6,72,"[{'cluster_no': -1, 'count': 72}, {'cluster_no': 0, 'count': 44}, {'cluster_no': 1, 'count': 35}, {'cluster_no': 2, 'count': 47}, {'cluster_no': 3, 'count': 21}, {'cluster_no': 4, 'count': 18}]","[-1, 4, 4, 1, -1, 2, 0, 4, 4, 2, 4, 4, -1, -1, 0, -1, -1, 2, -1, -1, 2, -1, -1, -1, 4, 2, -1, 3, 3, 1, 1, -1, -1, 4, 0, 1, 2, -1, 3, -1, 2, 0, 2, 0, 4, 1, 2, 2, 4, 3, -1, 2, 4, 1, -1, 0, -1, 1, 1, -1, 2, -1, 0, 1, 0, 3, 3, 4, -1, -1, -1, -1, 4, 0, 2, 2, 2, 0, 3, -1, 1, -1, -1, 0, 2, -1, 1, 0, 1, 0, 1, 2, 2, 0, 2, 2, 0, 2, 3, 0, 3, 2, 3, -1, 1, -1, 0, 3, 2, 0, 2, 0, 0, 0, 1, 2, 1, 1, 2, 2, 3, -1, 0, 4, -1, 3, 4, 3, -1, -1, 2, -1, 0, 3, 2, -1, 1, -1, 1, 2, 0, 4, 1, -1, 1, -1, -1, 0, 2, 0, -1, 2, 2, -1, -1, 1, -1, -1, 1, 0, 0, 3, 2, 0, 0, -1, 1, 0, 1, -1, 2, 4, -1, -1, 1, -1, -1, 0, -1, 0, -1, 1, -1, -1, 3, 0, 1, 3, -1, 3, 2, 2, 0, 0, 2, 2, -1, 2, 0, 2, -1, 2, 4, 2, 2, 0, 1, 1, 0, 0, -1, 1, 0, 0, -1, 3, -1, 3, 1, -1, 0, 2, -1, 2, -1, 0, -1, -1, -1, -1, -1, 2, -1, 1, 1, 1, -1]"
150,3,17,0.5,0.27543134981440015,3,52,"[{'cluster_no': -1, 'count': 52}, {'cluster_no': 0, 'count': 90}, {'cluster_no': 1, 'count': 95}]","[-1, 1, 1, 0, -1, 1, 0, 1, 1, 1, 1, 1, -1, -1, 0, -1, -1, 1, 0, -1, 1, -1, -1, -1, 1, 1, -1, 1, 1, 0, 0, -1, -1, 1, 0, 0, 1, -1, 1, -1, 1, 0, 1, 0, 1, 0, 1, 1, 1, 1, -1, 1, 1, 0, -1, 0, -1, 0, 0, 1, 1, 0, 0, 0, 0, 1, 1, 1, -1, -1, 1, -1, 1, 0, 1, 1, 1, 0, 1, -1, 0, -1, -1, 0, 1, -1, 0, 0, 0, 0, 0, 1, 1, 0, 1, 1, 0, 1, 1, 0, 1, 1, 1, 0, 0, -1, 0, 1, 1, 0, 1, 0, 0, 0, 0, 1, 0, 0, 1, 1, 1, 1, 0, 1, 1, 1, 1, 1, -1, -1, 1, -1, 0, 1, 1, -1, 0, -1, 0, 1, 0, 1, 0, -1, 0, -1, -1, 0, 1, 0, -1, 1, 1, 0, 0, 0, -1, 0, 0, 0, 0, 1, 1, 0, 0, -1, 0, 0, 0, 1, 1, 1, -1, -1, 0, 1, -1, 0, -1, 0, 0, 0, 0, -1, 1, 0, 0, 1, 0, 1, 1, 1, 0, 0, 1, 1, -1, 1, 0, 1, -1, 1, 1, 1, 1, 0, 0, 0, 0, 0, 0, 0, 0, 0, -1, 1, -1, 1, 0, -1, 0, 1, -1, 1, -1, 0, 0, -1, 1, 1, 1, 1, -1, 0, 0, 0, -1]"
150,3,17,1.0,0.27543134981440015,3,52,"[{'cluster_no': -1, 'count': 52}, {'cluster_no': 0, 'count': 90}, {'cluster_no': 1, 'count': 95}]","[-1, 1, 1, 0, -1, 1, 0, 1, 1, 1, 1, 1, -1, -1, 0, -1, -1, 1, 0, -1, 1, -1, -1, -1, 1, 1, -1, 1, 1, 0, 0, -1, -1, 1, 0, 0, 1, -1, 1, -1, 1, 0, 1, 0, 1, 0, 1, 1, 1, 1, -1, 1, 1, 0, -1, 0, -1, 0, 0, 1, 1, 0, 0, 0, 0, 1, 1, 1, -1, -1, 1, -1, 1, 0, 1, 1, 1, 0, 1, -1, 0, -1, -1, 0, 1, -1, 0, 0, 0, 0, 0, 1, 1, 0, 1, 1, 0, 1, 1, 0, 1, 1, 1, 0, 0, -1, 0, 1, 1, 0, 1, 0, 0, 0, 0, 1, 0, 0, 1, 1, 1, 1, 0, 1, 1, 1, 1, 1, -1, -1, 1, -1, 0, 1, 1, -1, 0, -1, 0, 1, 0, 1, 0, -1, 0, -1, -1, 0, 1, 0, -1, 1, 1, 0, 0, 0, -1, 0, 0, 0, 0, 1, 1, 0, 0, -1, 0, 0, 0, 1, 1, 1, -1, -1, 0, 1, -1, 0, -1, 0, 0, 0, 0, -1, 1, 0, 0, 1, 0, 1, 1, 1, 0, 0, 1, 1, -1, 1, 0, 1, -1, 1, 1, 1, 1, 0, 0, 0, 0, 0, 0, 0, 0, 0, -1, 1, -1, 1, 0, -1, 0, 1, -1, 1, -1, 0, 0, -1, 1, 1, 1, 1, -1, 0, 0, 0, -1]"
150,3,18,0.0,0.2899591926535556,6,72,"[{'cluster_no': -1, 'count': 72}, {'cluster_no': 0, 'count': 44}, {'cluster_no': 1, 'count': 35}, {'cluster_no': 2, 'count': 47}, {'cluster_no': 3, 'count': 21}, {'cluster_no': 4, 'count': 18}]","[-1, 4, 4, 1, -1, 2, 0, 4, 4, 2, 4, 4, -1, -1, 0, -1, -1, 2, -1, -1, 2, -1, -1, -1, 4, 2, -1, 3, 3, 1, 1, -1, -1, 4, 0, 1, 2, -1, 3, -1, 2, 0, 2, 0, 4, 1, 2, 2, 4, 3, -1, 2, 4, 1, -1, 0, -1, 1, 1, -1, 2, -1, 0, 1, 0, 3, 3, 4, -1, -1, -1, -1, 4, 0, 2, 2, 2, 0, 3, -1, 1, -1, -1, 0, 2, -1, 1, 0, 1, 0, 1, 2, 2, 0, 2, 2, 0, 2, 3, 0, 3, 2, 3, -1, 1, -1, 0, 3, 2, 0, 2, 0, 0, 0, 1, 2, 1, 1, 2, 2, 3, -1, 0, 4, -1, 3, 4, 3, -1, -1, 2, -1, 0, 3, 2, -1, 1, -1, 1, 2, 0, 4, 1, -1, 1, -1, -1, 0, 2, 0, -1, 2, 2, -1, -1, 1, -1, -1, 1, 0, 0, 3, 2, 0, 0, -1, 1, 0, 1, -1, 2, 4, -1, -1, 1, -1, -1, 0, -1, 0, -1, 1, -1, -1, 3, 0, 1, 3, -1, 3, 2, 2, 0, 0, 2, 2, -1, 2, 0, 2, -1, 2, 4, 2, 2, 0, 1, 1, 0, 0, -1, 1, 0, 0, -1, 3, -1, 3, 1, -1, 0, 2, -1, 2, -1, 0, -1, -1, -1, -1, -1, 2, -1, 1, 1, 1, -1]"
150,3,18,0.5,0.27543134981440015,3,52,"[{'cluster_no': -1, 'count': 52}, {'cluster_no': 0, 'count': 90}, {'cluster_no': 1, 'count': 95}]","[-1, 1, 1, 0, -1, 1, 0, 1, 1, 1, 1, 1, -1, -1, 0, -1, -1, 1, 0, -1, 1, -1, -1, -1, 1, 1, -1, 1, 1, 0, 0, -1, -1, 1, 0, 0, 1, -1, 1, -1, 1, 0, 1, 0, 1, 0, 1, 1, 1, 1, -1, 1, 1, 0, -1, 0, -1, 0, 0, 1, 1, 0, 0, 0, 0, 1, 1, 1, -1, -1, 1, -1, 1, 0, 1, 1, 1, 0, 1, -1, 0, -1, -1, 0, 1, -1, 0, 0, 0, 0, 0, 1, 1, 0, 1, 1, 0, 1, 1, 0, 1, 1, 1, 0, 0, -1, 0, 1, 1, 0, 1, 0, 0, 0, 0, 1, 0, 0, 1, 1, 1, 1, 0, 1, 1, 1, 1, 1, -1, -1, 1, -1, 0, 1, 1, -1, 0, -1, 0, 1, 0, 1, 0, -1, 0, -1, -1, 0, 1, 0, -1, 1, 1, 0, 0, 0, -1, 0, 0, 0, 0, 1, 1, 0, 0, -1, 0, 0, 0, 1, 1, 1, -1, -1, 0, 1, -1, 0, -1, 0, 0, 0, 0, -1, 1, 0, 0, 1, 0, 1, 1, 1, 0, 0, 1, 1, -1, 1, 0, 1, -1, 1, 1, 1, 1, 0, 0, 0, 0, 0, 0, 0, 0, 0, -1, 1, -1, 1, 0, -1, 0, 1, -1, 1, -1, 0, 0, -1, 1, 1, 1, 1, -1, 0, 0, 0, -1]"
150,3,18,1.0,0.27543134981440015,3,52,"[{'cluster_no': -1, 'count': 52}, {'cluster_no': 0, 'count': 90}, {'cluster_no': 1, 'count': 95}]","[-1, 1, 1, 0, -1, 1, 0, 1, 1, 1, 1, 1, -1, -1, 0, -1, -1, 1, 0, -1, 1, -1, -1, -1, 1, 1, -1, 1, 1, 0, 0, -1, -1, 1, 0, 0, 1, -1, 1, -1, 1, 0, 1, 0, 1, 0, 1, 1, 1, 1, -1, 1, 1, 0, -1, 0, -1, 0, 0, 1, 1, 0, 0, 0, 0, 1, 1, 1, -1, -1, 1, -1, 1, 0, 1, 1, 1, 0, 1, -1, 0, -1, -1, 0, 1, -1, 0, 0, 0, 0, 0, 1, 1, 0, 1, 1, 0, 1, 1, 0, 1, 1, 1, 0, 0, -1, 0, 1, 1, 0, 1, 0, 0, 0, 0, 1, 0, 0, 1, 1, 1, 1, 0, 1, 1, 1, 1, 1, -1, -1, 1, -1, 0, 1, 1, -1, 0, -1, 0, 1, 0, 1, 0, -1, 0, -1, -1, 0, 1, 0, -1, 1, 1, 0, 0, 0, -1, 0, 0, 0, 0, 1, 1, 0, 0, -1, 0, 0, 0, 1, 1, 1, -1, -1, 0, 1, -1, 0, -1, 0, 0, 0, 0, -1, 1, 0, 0, 1, 0, 1, 1, 1, 0, 0, 1, 1, -1, 1, 0, 1, -1, 1, 1, 1, 1, 0, 0, 0, 0, 0, 0, 0, 0, 0, -1, 1, -1, 1, 0, -1, 0, 1, -1, 1, -1, 0, 0, -1, 1, 1, 1, 1, -1, 0, 0, 0, -1]"
150,3,19,0.0,0.27794777159591094,5,71,"[{'cluster_no': -1, 'count': 71}, {'cluster_no': 0, 'count': 44}, {'cluster_no': 1, 'count': 35}, {'cluster_no': 2, 'count': 40}, {'cluster_no': 3, 'count': 47}]","[-1, 2, 2, 1, -1, 3, 0, 2, 2, 3, 2, 2, -1, -1, 0, -1, -1, 3, -1, -1, 3, -1, -1, -1, 2, 3, -1, 2, 2, 1, 1, -1, -1, 2, 0, 1, 3, -1, 2, -1, 3, 0, 3, 0, 2, 1, 3, 3, 2, 2, -1, 3, 2, 1, -1, 0, -1, 1, 1, -1, 3, -1, 0, 1, 0, 2, 2, 2, -1, -1, -1, -1, 2, 0, 3, 3, 3, 0, 2, -1, 1, -1, -1, 0, 3, -1, 1, 0, 1, 0, 1, 3, 3, 0, 3, 3, 0, 3, 2, 0, 2, 3, 2, -1, 1, -1, 0, 2, 3, 0, 3, 0, 0, 0, 1, 3, 1, 1, 3, 3, 2, -1, 0, 2, -1, 2, 2, 2, -1, -1, 3, -1, 0, 2, 3, -1, 1, -1, 1, 3, 0, 2, 1, -1, 1, -1, -1, 0, 3, 0, -1, 3, 3, -1, -1, 1, -1, -1, 1, 0, 0, 2, 3, 0, 0, -1, 1, 0, 1, 2, 3, 2, -1, -1, 1, -1, -1, 0, -1, 0, -1, 1, -1, -1, 2, 0, 1, 2, -1, 2, 3, 3, 0, 0, 3, 3, -1, 3, 0, 3, -1, 3, 2, 3, 3, 0, 1, 1, 0, 0, -1, 1, 0, 0, -1, 2, -1, 2, 1, -1, 0, 3, -1, 3, -1, 0, -1, -1, -1, -1, -1, 3, -1, 1, 1, 1, -1]"
150,3,19,0.5,0.27543134981440015,3,52,"[{'cluster_no': -1, 'count': 52}, {'cluster_no': 0, 'count': 90}, {'cluster_no': 1, 'count': 95}]","[-1, 1, 1, 0, -1, 1, 0, 1, 1, 1, 1, 1, -1, -1, 0, -1, -1, 1, 0, -1, 1, -1, -1, -1, 1, 1, -1, 1, 1, 0, 0, -1, -1, 1, 0, 0, 1, -1, 1, -1, 1, 0, 1, 0, 1, 0, 1, 1, 1, 1, -1, 1, 1, 0, -1, 0, -1, 0, 0, 1, 1, 0, 0, 0, 0, 1, 1, 1, -1, -1, 1, -1, 1, 0, 1, 1, 1, 0, 1, -1, 0, -1, -1, 0, 1, -1, 0, 0, 0, 0, 0, 1, 1, 0, 1, 1, 0, 1, 1, 0, 1, 1, 1, 0, 0, -1, 0, 1, 1, 0, 1, 0, 0, 0, 0, 1, 0, 0, 1, 1, 1, 1, 0, 1, 1, 1, 1, 1, -1, -1, 1, -1, 0, 1, 1, -1, 0, -1, 0, 1, 0, 1, 0, -1, 0, -1, -1, 0, 1, 0, -1, 1, 1, 0, 0, 0, -1, 0, 0, 0, 0, 1, 1, 0, 0, -1, 0, 0, 0, 1, 1, 1, -1, -1, 0, 1, -1, 0, -1, 0, 0, 0, 0, -1, 1, 0, 0, 1, 0, 1, 1, 1, 0, 0, 1, 1, -1, 1, 0, 1, -1, 1, 1, 1, 1, 0, 0, 0, 0, 0, 0, 0, 0, 0, -1, 1, -1, 1, 0, -1, 0, 1, -1, 1, -1, 0, 0, -1, 1, 1, 1, 1, -1, 0, 0, 0, -1]"
150,3,19,1.0,0.27543134981440015,3,52,"[{'cluster_no': -1, 'count': 52}, {'cluster_no': 0, 'count': 90}, {'cluster_no': 1, 'count': 95}]","[-1, 1, 1, 0, -1, 1, 0, 1, 1, 1, 1, 1, -1, -1, 0, -1, -1, 1, 0, -1, 1, -1, -1, -1, 1, 1, -1, 1, 1, 0, 0, -1, -1, 1, 0, 0, 1, -1, 1, -1, 1, 0, 1, 0, 1, 0, 1, 1, 1, 1, -1, 1, 1, 0, -1, 0, -1, 0, 0, 1, 1, 0, 0, 0, 0, 1, 1, 1, -1, -1, 1, -1, 1, 0, 1, 1, 1, 0, 1, -1, 0, -1, -1, 0, 1, -1, 0, 0, 0, 0, 0, 1, 1, 0, 1, 1, 0, 1, 1, 0, 1, 1, 1, 0, 0, -1, 0, 1, 1, 0, 1, 0, 0, 0, 0, 1, 0, 0, 1, 1, 1, 1, 0, 1, 1, 1, 1, 1, -1, -1, 1, -1, 0, 1, 1, -1, 0, -1, 0, 1, 0, 1, 0, -1, 0, -1, -1, 0, 1, 0, -1, 1, 1, 0, 0, 0, -1, 0, 0, 0, 0, 1, 1, 0, 0, -1, 0, 0, 0, 1, 1, 1, -1, -1, 0, 1, -1, 0, -1, 0, 0, 0, 0, -1, 1, 0, 0, 1, 0, 1, 1, 1, 0, 0, 1, 1, -1, 1, 0, 1, -1, 1, 1, 1, 1, 0, 0, 0, 0, 0, 0, 0, 0, 0, -1, 1, -1, 1, 0, -1, 0, 1, -1, 1, -1, 0, 0, -1, 1, 1, 1, 1, -1, 0, 0, 0, -1]"
150,3,20,0.0,0.27794777159591094,5,71,"[{'cluster_no': -1, 'count': 71}, {'cluster_no': 0, 'count': 44}, {'cluster_no': 1, 'count': 35}, {'cluster_no': 2, 'count': 40}, {'cluster_no': 3, 'count': 47}]","[-1, 2, 2, 1, -1, 3, 0, 2, 2, 3, 2, 2, -1, -1, 0, -1, -1, 3, -1, -1, 3, -1, -1, -1, 2, 3, -1, 2, 2, 1, 1, -1, -1, 2, 0, 1, 3, -1, 2, -1, 3, 0, 3, 0, 2, 1, 3, 3, 2, 2, -1, 3, 2, 1, -1, 0, -1, 1, 1, -1, 3, -1, 0, 1, 0, 2, 2, 2, -1, -1, -1, -1, 2, 0, 3, 3, 3, 0, 2, -1, 1, -1, -1, 0, 3, -1, 1, 0, 1, 0, 1, 3, 3, 0, 3, 3, 0, 3, 2, 0, 2, 3, 2, -1, 1, -1, 0, 2, 3, 0, 3, 0, 0, 0, 1, 3, 1, 1, 3, 3, 2, -1, 0, 2, -1, 2, 2, 2, -1, -1, 3, -1, 0, 2, 3, -1, 1, -1, 1, 3, 0, 2, 1, -1, 1, -1, -1, 0, 3, 0, -1, 3, 3, -1, -1, 1, -1, -1, 1, 0, 0, 2, 3, 0, 0, -1, 1, 0, 1, 2, 3, 2, -1, -1, 1, -1, -1, 0, -1, 0, -1, 1, -1, -1, 2, 0, 1, 2, -1, 2, 3, 3, 0, 0, 3, 3, -1, 3, 0, 3, -1, 3, 2, 3, 3, 0, 1, 1, 0, 0, -1, 1, 0, 0, -1, 2, -1, 2, 1, -1, 0, 3, -1, 3, -1, 0, -1, -1, -1, -1, -1, 3, -1, 1, 1, 1, -1]"
150,3,20,0.5,0.27543134981440015,3,52,"[{'cluster_no': -1, 'count': 52}, {'cluster_no': 0, 'count': 90}, {'cluster_no': 1, 'count': 95}]","[-1, 1, 1, 0, -1, 1, 0, 1, 1, 1, 1, 1, -1, -1, 0, -1, -1, 1, 0, -1, 1, -1, -1, -1, 1, 1, -1, 1, 1, 0, 0, -1, -1, 1, 0, 0, 1, -1, 1, -1, 1, 0, 1, 0, 1, 0, 1, 1, 1, 1, -1, 1, 1, 0, -1, 0, -1, 0, 0, 1, 1, 0, 0, 0, 0, 1, 1, 1, -1, -1, 1, -1, 1, 0, 1, 1, 1, 0, 1, -1, 0, -1, -1, 0, 1, -1, 0, 0, 0, 0, 0, 1, 1, 0, 1, 1, 0, 1, 1, 0, 1, 1, 1, 0, 0, -1, 0, 1, 1, 0, 1, 0, 0, 0, 0, 1, 0, 0, 1, 1, 1, 1, 0, 1, 1, 1, 1, 1, -1, -1, 1, -1, 0, 1, 1, -1, 0, -1, 0, 1, 0, 1, 0, -1, 0, -1, -1, 0, 1, 0, -1, 1, 1, 0, 0, 0, -1, 0, 0, 0, 0, 1, 1, 0, 0, -1, 0, 0, 0, 1, 1, 1, -1, -1, 0, 1, -1, 0, -1, 0, 0, 0, 0, -1, 1, 0, 0, 1, 0, 1, 1, 1, 0, 0, 1, 1, -1, 1, 0, 1, -1, 1, 1, 1, 1, 0, 0, 0, 0, 0, 0, 0, 0, 0, -1, 1, -1, 1, 0, -1, 0, 1, -1, 1, -1, 0, 0, -1, 1, 1, 1, 1, -1, 0, 0, 0, -1]"
150,3,20,1.0,0.27543134981440015,3,52,"[{'cluster_no': -1, 'count': 52}, {'cluster_no': 0, 'count': 90}, {'cluster_no': 1, 'count': 95}]","[-1, 1, 1, 0, -1, 1, 0, 1, 1, 1, 1, 1, -1, -1, 0, -1, -1, 1, 0, -1, 1, -1, -1, -1, 1, 1, -1, 1, 1, 0, 0, -1, -1, 1, 0, 0, 1, -1, 1, -1, 1, 0, 1, 0, 1, 0, 1, 1, 1, 1, -1, 1, 1, 0, -1, 0, -1, 0, 0, 1, 1, 0, 0, 0, 0, 1, 1, 1, -1, -1, 1, -1, 1, 0, 1, 1, 1, 0, 1, -1, 0, -1, -1, 0, 1, -1, 0, 0, 0, 0, 0, 1, 1, 0, 1, 1, 0, 1, 1, 0, 1, 1, 1, 0, 0, -1, 0, 1, 1, 0, 1, 0, 0, 0, 0, 1, 0, 0, 1, 1, 1, 1, 0, 1, 1, 1, 1, 1, -1, -1, 1, -1, 0, 1, 1, -1, 0, -1, 0, 1, 0, 1, 0, -1, 0, -1, -1, 0, 1, 0, -1, 1, 1, 0, 0, 0, -1, 0, 0, 0, 0, 1, 1, 0, 0, -1, 0, 0, 0, 1, 1, 1, -1, -1, 0, 1, -1, 0, -1, 0, 0, 0, 0, -1, 1, 0, 0, 1, 0, 1, 1, 1, 0, 0, 1, 1, -1, 1, 0, 1, -1, 1, 1, 1, 1, 0, 0, 0, 0, 0, 0, 0, 0, 0, -1, 1, -1, 1, 0, -1, 0, 1, -1, 1, -1, 0, 0, -1, 1, 1, 1, 1, -1, 0, 0, 0, -1]"
150,3,21,0.0,0.21386145324292416,4,63,"[{'cluster_no': -1, 'count': 63}, {'cluster_no': 0, 'count': 95}, {'cluster_no': 1, 'count': 44}, {'cluster_no': 2, 'count': 35}]","[-1, 0, 0, 2, -1, 0, 1, 0, 0, 0, 0, 0, -1, -1, 1, -1, -1, 0, -1, -1, 0, -1, -1, -1, 0, 0, -1, 0, 0, 2, 2, -1, -1, 0, 1, 2, 0, -1, 0, -1, 0, 1, 0, 1, 0, 2, 0, 0, 0, 0, -1, 0, 0, 2, -1, 1, -1, 2, 2, 0, 0, -1, 1, 2, 1, 0, 0, 0, -1, -1, 0, -1, 0, 1, 0, 0, 0, 1, 0, -1, 2, -1, -1, 1, 0, -1, 2, 1, 2, 1, 2, 0, 0, 1, 0, 0, 1, 0, 0, 1, 0, 0, 0, -1, 2, -1, 1, 0, 0, 1, 0, 1, 1, 1, 2, 0, 2, 2, 0, 0, 0, 0, 1, 0, 0, 0, 0, 0, -1, -1, 0, -1, 1, 0, 0, -1, 2, -1, 2, 0, 1, 0, 2, -1, 2, -1, -1, 1, 0, 1, -1, 0, 0, -1, -1, 2, -1, -1, 2, 1, 1, 0, 0, 1, 1, -1, 2, 1, 2, 0, 0, 0, -1, -1, 2, 0, -1, 1, -1, 1, -1, 2, -1, -1, 0, 1, 2, 0, -1, 0, 0, 0, 1, 1, 0, 0, -1, 0, 1, 0, -1, 0, 0, 0, 0, 1, 2, 2, 1, 1, -1, 2, 1, 1, -1, 0, -1, 0, 2, -1, 1, 0, -1, 0, -1, 1, -1, -1, 0, 0, 0, 0, -1, 2, 2, 2, -1]"
150,3,21,0.5,0.27543134981440015,3,52,"[{'cluster_no': -1, 'count': 52}, {'cluster_no': 0, 'count': 90}, {'cluster_no': 1, 'count': 95}]","[-1, 1, 1, 0, -1, 1, 0, 1, 1, 1, 1, 1, -1, -1, 0, -1, -1, 1, 0, -1, 1, -1, -1, -1, 1, 1, -1, 1, 1, 0, 0, -1, -1, 1, 0, 0, 1, -1, 1, -1, 1, 0, 1, 0, 1, 0, 1, 1, 1, 1, -1, 1, 1, 0, -1, 0, -1, 0, 0, 1, 1, 0, 0, 0, 0, 1, 1, 1, -1, -1, 1, -1, 1, 0, 1, 1, 1, 0, 1, -1, 0, -1, -1, 0, 1, -1, 0, 0, 0, 0, 0, 1, 1, 0, 1, 1, 0, 1, 1, 0, 1, 1, 1, 0, 0, -1, 0, 1, 1, 0, 1, 0, 0, 0, 0, 1, 0, 0, 1, 1, 1, 1, 0, 1, 1, 1, 1, 1, -1, -1, 1, -1, 0, 1, 1, -1, 0, -1, 0, 1, 0, 1, 0, -1, 0, -1, -1, 0, 1, 0, -1, 1, 1, 0, 0, 0, -1, 0, 0, 0, 0, 1, 1, 0, 0, -1, 0, 0, 0, 1, 1, 1, -1, -1, 0, 1, -1, 0, -1, 0, 0, 0, 0, -1, 1, 0, 0, 1, 0, 1, 1, 1, 0, 0, 1, 1, -1, 1, 0, 1, -1, 1, 1, 1, 1, 0, 0, 0, 0, 0, 0, 0, 0, 0, -1, 1, -1, 1, 0, -1, 0, 1, -1, 1, -1, 0, 0, -1, 1, 1, 1, 1, -1, 0, 0, 0, -1]"
150,3,21,1.0,0.27543134981440015,3,52,"[{'cluster_no': -1, 'count': 52}, {'cluster_no': 0, 'count': 90}, {'cluster_no': 1, 'count': 95}]","[-1, 1, 1, 0, -1, 1, 0, 1, 1, 1, 1, 1, -1, -1, 0, -1, -1, 1, 0, -1, 1, -1, -1, -1, 1, 1, -1, 1, 1, 0, 0, -1, -1, 1, 0, 0, 1, -1, 1, -1, 1, 0, 1, 0, 1, 0, 1, 1, 1, 1, -1, 1, 1, 0, -1, 0, -1, 0, 0, 1, 1, 0, 0, 0, 0, 1, 1, 1, -1, -1, 1, -1, 1, 0, 1, 1, 1, 0, 1, -1, 0, -1, -1, 0, 1, -1, 0, 0, 0, 0, 0, 1, 1, 0, 1, 1, 0, 1, 1, 0, 1, 1, 1, 0, 0, -1, 0, 1, 1, 0, 1, 0, 0, 0, 0, 1, 0, 0, 1, 1, 1, 1, 0, 1, 1, 1, 1, 1, -1, -1, 1, -1, 0, 1, 1, -1, 0, -1, 0, 1, 0, 1, 0, -1, 0, -1, -1, 0, 1, 0, -1, 1, 1, 0, 0, 0, -1, 0, 0, 0, 0, 1, 1, 0, 0, -1, 0, 0, 0, 1, 1, 1, -1, -1, 0, 1, -1, 0, -1, 0, 0, 0, 0, -1, 1, 0, 0, 1, 0, 1, 1, 1, 0, 0, 1, 1, -1, 1, 0, 1, -1, 1, 1, 1, 1, 0, 0, 0, 0, 0, 0, 0, 0, 0, -1, 1, -1, 1, 0, -1, 0, 1, -1, 1, -1, 0, 0, -1, 1, 1, 1, 1, -1, 0, 0, 0, -1]"
150,3,22,0.0,0.21386145324292416,4,63,"[{'cluster_no': -1, 'count': 63}, {'cluster_no': 0, 'count': 95}, {'cluster_no': 1, 'count': 44}, {'cluster_no': 2, 'count': 35}]","[-1, 0, 0, 2, -1, 0, 1, 0, 0, 0, 0, 0, -1, -1, 1, -1, -1, 0, -1, -1, 0, -1, -1, -1, 0, 0, -1, 0, 0, 2, 2, -1, -1, 0, 1, 2, 0, -1, 0, -1, 0, 1, 0, 1, 0, 2, 0, 0, 0, 0, -1, 0, 0, 2, -1, 1, -1, 2, 2, 0, 0, -1, 1, 2, 1, 0, 0, 0, -1, -1, 0, -1, 0, 1, 0, 0, 0, 1, 0, -1, 2, -1, -1, 1, 0, -1, 2, 1, 2, 1, 2, 0, 0, 1, 0, 0, 1, 0, 0, 1, 0, 0, 0, -1, 2, -1, 1, 0, 0, 1, 0, 1, 1, 1, 2, 0, 2, 2, 0, 0, 0, 0, 1, 0, 0, 0, 0, 0, -1, -1, 0, -1, 1, 0, 0, -1, 2, -1, 2, 0, 1, 0, 2, -1, 2, -1, -1, 1, 0, 1, -1, 0, 0, -1, -1, 2, -1, -1, 2, 1, 1, 0, 0, 1, 1, -1, 2, 1, 2, 0, 0, 0, -1, -1, 2, 0, -1, 1, -1, 1, -1, 2, -1, -1, 0, 1, 2, 0, -1, 0, 0, 0, 1, 1, 0, 0, -1, 0, 1, 0, -1, 0, 0, 0, 0, 1, 2, 2, 1, 1, -1, 2, 1, 1, -1, 0, -1, 0, 2, -1, 1, 0, -1, 0, -1, 1, -1, -1, 0, 0, 0, 0, -1, 2, 2, 2, -1]"
150,3,22,0.5,0.27543134981440015,3,52,"[{'cluster_no': -1, 'count': 52}, {'cluster_no': 0, 'count': 90}, {'cluster_no': 1, 'count': 95}]","[-1, 1, 1, 0, -1, 1, 0, 1, 1, 1, 1, 1, -1, -1, 0, -1, -1, 1, 0, -1, 1, -1, -1, -1, 1, 1, -1, 1, 1, 0, 0, -1, -1, 1, 0, 0, 1, -1, 1, -1, 1, 0, 1, 0, 1, 0, 1, 1, 1, 1, -1, 1, 1, 0, -1, 0, -1, 0, 0, 1, 1, 0, 0, 0, 0, 1, 1, 1, -1, -1, 1, -1, 1, 0, 1, 1, 1, 0, 1, -1, 0, -1, -1, 0, 1, -1, 0, 0, 0, 0, 0, 1, 1, 0, 1, 1, 0, 1, 1, 0, 1, 1, 1, 0, 0, -1, 0, 1, 1, 0, 1, 0, 0, 0, 0, 1, 0, 0, 1, 1, 1, 1, 0, 1, 1, 1, 1, 1, -1, -1, 1, -1, 0, 1, 1, -1, 0, -1, 0, 1, 0, 1, 0, -1, 0, -1, -1, 0, 1, 0, -1, 1, 1, 0, 0, 0, -1, 0, 0, 0, 0, 1, 1, 0, 0, -1, 0, 0, 0, 1, 1, 1, -1, -1, 0, 1, -1, 0, -1, 0, 0, 0, 0, -1, 1, 0, 0, 1, 0, 1, 1, 1, 0, 0, 1, 1, -1, 1, 0, 1, -1, 1, 1, 1, 1, 0, 0, 0, 0, 0, 0, 0, 0, 0, -1, 1, -1, 1, 0, -1, 0, 1, -1, 1, -1, 0, 0, -1, 1, 1, 1, 1, -1, 0, 0, 0, -1]"
150,3,22,1.0,0.27543134981440015,3,52,"[{'cluster_no': -1, 'count': 52}, {'cluster_no': 0, 'count': 90}, {'cluster_no': 1, 'count': 95}]","[-1, 1, 1, 0, -1, 1, 0, 1, 1, 1, 1, 1, -1, -1, 0, -1, -1, 1, 0, -1, 1, -1, -1, -1, 1, 1, -1, 1, 1, 0, 0, -1, -1, 1, 0, 0, 1, -1, 1, -1, 1, 0, 1, 0, 1, 0, 1, 1, 1, 1, -1, 1, 1, 0, -1, 0, -1, 0, 0, 1, 1, 0, 0, 0, 0, 1, 1, 1, -1, -1, 1, -1, 1, 0, 1, 1, 1, 0, 1, -1, 0, -1, -1, 0, 1, -1, 0, 0, 0, 0, 0, 1, 1, 0, 1, 1, 0, 1, 1, 0, 1, 1, 1, 0, 0, -1, 0, 1, 1, 0, 1, 0, 0, 0, 0, 1, 0, 0, 1, 1, 1, 1, 0, 1, 1, 1, 1, 1, -1, -1, 1, -1, 0, 1, 1, -1, 0, -1, 0, 1, 0, 1, 0, -1, 0, -1, -1, 0, 1, 0, -1, 1, 1, 0, 0, 0, -1, 0, 0, 0, 0, 1, 1, 0, 0, -1, 0, 0, 0, 1, 1, 1, -1, -1, 0, 1, -1, 0, -1, 0, 0, 0, 0, -1, 1, 0, 0, 1, 0, 1, 1, 1, 0, 0, 1, 1, -1, 1, 0, 1, -1, 1, 1, 1, 1, 0, 0, 0, 0, 0, 0, 0, 0, 0, -1, 1, -1, 1, 0, -1, 0, 1, -1, 1, -1, 0, 0, -1, 1, 1, 1, 1, -1, 0, 0, 0, -1]"
150,3,23,0.0,0.21386145324292416,4,63,"[{'cluster_no': -1, 'count': 63}, {'cluster_no': 0, 'count': 95}, {'cluster_no': 1, 'count': 44}, {'cluster_no': 2, 'count': 35}]","[-1, 0, 0, 2, -1, 0, 1, 0, 0, 0, 0, 0, -1, -1, 1, -1, -1, 0, -1, -1, 0, -1, -1, -1, 0, 0, -1, 0, 0, 2, 2, -1, -1, 0, 1, 2, 0, -1, 0, -1, 0, 1, 0, 1, 0, 2, 0, 0, 0, 0, -1, 0, 0, 2, -1, 1, -1, 2, 2, 0, 0, -1, 1, 2, 1, 0, 0, 0, -1, -1, 0, -1, 0, 1, 0, 0, 0, 1, 0, -1, 2, -1, -1, 1, 0, -1, 2, 1, 2, 1, 2, 0, 0, 1, 0, 0, 1, 0, 0, 1, 0, 0, 0, -1, 2, -1, 1, 0, 0, 1, 0, 1, 1, 1, 2, 0, 2, 2, 0, 0, 0, 0, 1, 0, 0, 0, 0, 0, -1, -1, 0, -1, 1, 0, 0, -1, 2, -1, 2, 0, 1, 0, 2, -1, 2, -1, -1, 1, 0, 1, -1, 0, 0, -1, -1, 2, -1, -1, 2, 1, 1, 0, 0, 1, 1, -1, 2, 1, 2, 0, 0, 0, -1, -1, 2, 0, -1, 1, -1, 1, -1, 2, -1, -1, 0, 1, 2, 0, -1, 0, 0, 0, 1, 1, 0, 0, -1, 0, 1, 0, -1, 0, 0, 0, 0, 1, 2, 2, 1, 1, -1, 2, 1, 1, -1, 0, -1, 0, 2, -1, 1, 0, -1, 0, -1, 1, -1, -1, 0, 0, 0, 0, -1, 2, 2, 2, -1]"
150,3,23,0.5,0.27543134981440015,3,52,"[{'cluster_no': -1, 'count': 52}, {'cluster_no': 0, 'count': 90}, {'cluster_no': 1, 'count': 95}]","[-1, 1, 1, 0, -1, 1, 0, 1, 1, 1, 1, 1, -1, -1, 0, -1, -1, 1, 0, -1, 1, -1, -1, -1, 1, 1, -1, 1, 1, 0, 0, -1, -1, 1, 0, 0, 1, -1, 1, -1, 1, 0, 1, 0, 1, 0, 1, 1, 1, 1, -1, 1, 1, 0, -1, 0, -1, 0, 0, 1, 1, 0, 0, 0, 0, 1, 1, 1, -1, -1, 1, -1, 1, 0, 1, 1, 1, 0, 1, -1, 0, -1, -1, 0, 1, -1, 0, 0, 0, 0, 0, 1, 1, 0, 1, 1, 0, 1, 1, 0, 1, 1, 1, 0, 0, -1, 0, 1, 1, 0, 1, 0, 0, 0, 0, 1, 0, 0, 1, 1, 1, 1, 0, 1, 1, 1, 1, 1, -1, -1, 1, -1, 0, 1, 1, -1, 0, -1, 0, 1, 0, 1, 0, -1, 0, -1, -1, 0, 1, 0, -1, 1, 1, 0, 0, 0, -1, 0, 0, 0, 0, 1, 1, 0, 0, -1, 0, 0, 0, 1, 1, 1, -1, -1, 0, 1, -1, 0, -1, 0, 0, 0, 0, -1, 1, 0, 0, 1, 0, 1, 1, 1, 0, 0, 1, 1, -1, 1, 0, 1, -1, 1, 1, 1, 1, 0, 0, 0, 0, 0, 0, 0, 0, 0, -1, 1, -1, 1, 0, -1, 0, 1, -1, 1, -1, 0, 0, -1, 1, 1, 1, 1, -1, 0, 0, 0, -1]"
150,3,23,1.0,0.27543134981440015,3,52,"[{'cluster_no': -1, 'count': 52}, {'cluster_no': 0, 'count': 90}, {'cluster_no': 1, 'count': 95}]","[-1, 1, 1, 0, -1, 1, 0, 1, 1, 1, 1, 1, -1, -1, 0, -1, -1, 1, 0, -1, 1, -1, -1, -1, 1, 1, -1, 1, 1, 0, 0, -1, -1, 1, 0, 0, 1, -1, 1, -1, 1, 0, 1, 0, 1, 0, 1, 1, 1, 1, -1, 1, 1, 0, -1, 0, -1, 0, 0, 1, 1, 0, 0, 0, 0, 1, 1, 1, -1, -1, 1, -1, 1, 0, 1, 1, 1, 0, 1, -1, 0, -1, -1, 0, 1, -1, 0, 0, 0, 0, 0, 1, 1, 0, 1, 1, 0, 1, 1, 0, 1, 1, 1, 0, 0, -1, 0, 1, 1, 0, 1, 0, 0, 0, 0, 1, 0, 0, 1, 1, 1, 1, 0, 1, 1, 1, 1, 1, -1, -1, 1, -1, 0, 1, 1, -1, 0, -1, 0, 1, 0, 1, 0, -1, 0, -1, -1, 0, 1, 0, -1, 1, 1, 0, 0, 0, -1, 0, 0, 0, 0, 1, 1, 0, 0, -1, 0, 0, 0, 1, 1, 1, -1, -1, 0, 1, -1, 0, -1, 0, 0, 0, 0, -1, 1, 0, 0, 1, 0, 1, 1, 1, 0, 0, 1, 1, -1, 1, 0, 1, -1, 1, 1, 1, 1, 0, 0, 0, 0, 0, 0, 0, 0, 0, -1, 1, -1, 1, 0, -1, 0, 1, -1, 1, -1, 0, 0, -1, 1, 1, 1, 1, -1, 0, 0, 0, -1]"
150,3,24,0.0,0.21386145324292416,4,63,"[{'cluster_no': -1, 'count': 63}, {'cluster_no': 0, 'count': 95}, {'cluster_no': 1, 'count': 44}, {'cluster_no': 2, 'count': 35}]","[-1, 0, 0, 2, -1, 0, 1, 0, 0, 0, 0, 0, -1, -1, 1, -1, -1, 0, -1, -1, 0, -1, -1, -1, 0, 0, -1, 0, 0, 2, 2, -1, -1, 0, 1, 2, 0, -1, 0, -1, 0, 1, 0, 1, 0, 2, 0, 0, 0, 0, -1, 0, 0, 2, -1, 1, -1, 2, 2, 0, 0, -1, 1, 2, 1, 0, 0, 0, -1, -1, 0, -1, 0, 1, 0, 0, 0, 1, 0, -1, 2, -1, -1, 1, 0, -1, 2, 1, 2, 1, 2, 0, 0, 1, 0, 0, 1, 0, 0, 1, 0, 0, 0, -1, 2, -1, 1, 0, 0, 1, 0, 1, 1, 1, 2, 0, 2, 2, 0, 0, 0, 0, 1, 0, 0, 0, 0, 0, -1, -1, 0, -1, 1, 0, 0, -1, 2, -1, 2, 0, 1, 0, 2, -1, 2, -1, -1, 1, 0, 1, -1, 0, 0, -1, -1, 2, -1, -1, 2, 1, 1, 0, 0, 1, 1, -1, 2, 1, 2, 0, 0, 0, -1, -1, 2, 0, -1, 1, -1, 1, -1, 2, -1, -1, 0, 1, 2, 0, -1, 0, 0, 0, 1, 1, 0, 0, -1, 0, 1, 0, -1, 0, 0, 0, 0, 1, 2, 2, 1, 1, -1, 2, 1, 1, -1, 0, -1, 0, 2, -1, 1, 0, -1, 0, -1, 1, -1, -1, 0, 0, 0, 0, -1, 2, 2, 2, -1]"
150,3,24,0.5,0.27543134981440015,3,52,"[{'cluster_no': -1, 'count': 52}, {'cluster_no': 0, 'count': 90}, {'cluster_no': 1, 'count': 95}]","[-1, 1, 1, 0, -1, 1, 0, 1, 1, 1, 1, 1, -1, -1, 0, -1, -1, 1, 0, -1, 1, -1, -1, -1, 1, 1, -1, 1, 1, 0, 0, -1, -1, 1, 0, 0, 1, -1, 1, -1, 1, 0, 1, 0, 1, 0, 1, 1, 1, 1, -1, 1, 1, 0, -1, 0, -1, 0, 0, 1, 1, 0, 0, 0, 0, 1, 1, 1, -1, -1, 1, -1, 1, 0, 1, 1, 1, 0, 1, -1, 0, -1, -1, 0, 1, -1, 0, 0, 0, 0, 0, 1, 1, 0, 1, 1, 0, 1, 1, 0, 1, 1, 1, 0, 0, -1, 0, 1, 1, 0, 1, 0, 0, 0, 0, 1, 0, 0, 1, 1, 1, 1, 0, 1, 1, 1, 1, 1, -1, -1, 1, -1, 0, 1, 1, -1, 0, -1, 0, 1, 0, 1, 0, -1, 0, -1, -1, 0, 1, 0, -1, 1, 1, 0, 0, 0, -1, 0, 0, 0, 0, 1, 1, 0, 0, -1, 0, 0, 0, 1, 1, 1, -1, -1, 0, 1, -1, 0, -1, 0, 0, 0, 0, -1, 1, 0, 0, 1, 0, 1, 1, 1, 0, 0, 1, 1, -1, 1, 0, 1, -1, 1, 1, 1, 1, 0, 0, 0, 0, 0, 0, 0, 0, 0, -1, 1, -1, 1, 0, -1, 0, 1, -1, 1, -1, 0, 0, -1, 1, 1, 1, 1, -1, 0, 0, 0, -1]"
150,3,24,1.0,0.27543134981440015,3,52,"[{'cluster_no': -1, 'count': 52}, {'cluster_no': 0, 'count': 90}, {'cluster_no': 1, 'count': 95}]","[-1, 1, 1, 0, -1, 1, 0, 1, 1, 1, 1, 1, -1, -1, 0, -1, -1, 1, 0, -1, 1, -1, -1, -1, 1, 1, -1, 1, 1, 0, 0, -1, -1, 1, 0, 0, 1, -1, 1, -1, 1, 0, 1, 0, 1, 0, 1, 1, 1, 1, -1, 1, 1, 0, -1, 0, -1, 0, 0, 1, 1, 0, 0, 0, 0, 1, 1, 1, -1, -1, 1, -1, 1, 0, 1, 1, 1, 0, 1, -1, 0, -1, -1, 0, 1, -1, 0, 0, 0, 0, 0, 1, 1, 0, 1, 1, 0, 1, 1, 0, 1, 1, 1, 0, 0, -1, 0, 1, 1, 0, 1, 0, 0, 0, 0, 1, 0, 0, 1, 1, 1, 1, 0, 1, 1, 1, 1, 1, -1, -1, 1, -1, 0, 1, 1, -1, 0, -1, 0, 1, 0, 1, 0, -1, 0, -1, -1, 0, 1, 0, -1, 1, 1, 0, 0, 0, -1, 0, 0, 0, 0, 1, 1, 0, 0, -1, 0, 0, 0, 1, 1, 1, -1, -1, 0, 1, -1, 0, -1, 0, 0, 0, 0, -1, 1, 0, 0, 1, 0, 1, 1, 1, 0, 0, 1, 1, -1, 1, 0, 1, -1, 1, 1, 1, 1, 0, 0, 0, 0, 0, 0, 0, 0, 0, -1, 1, -1, 1, 0, -1, 0, 1, -1, 1, -1, 0, 0, -1, 1, 1, 1, 1, -1, 0, 0, 0, -1]"
150,3,25,0.0,0.21386145324292416,4,63,"[{'cluster_no': -1, 'count': 63}, {'cluster_no': 0, 'count': 95}, {'cluster_no': 1, 'count': 44}, {'cluster_no': 2, 'count': 35}]","[-1, 0, 0, 2, -1, 0, 1, 0, 0, 0, 0, 0, -1, -1, 1, -1, -1, 0, -1, -1, 0, -1, -1, -1, 0, 0, -1, 0, 0, 2, 2, -1, -1, 0, 1, 2, 0, -1, 0, -1, 0, 1, 0, 1, 0, 2, 0, 0, 0, 0, -1, 0, 0, 2, -1, 1, -1, 2, 2, 0, 0, -1, 1, 2, 1, 0, 0, 0, -1, -1, 0, -1, 0, 1, 0, 0, 0, 1, 0, -1, 2, -1, -1, 1, 0, -1, 2, 1, 2, 1, 2, 0, 0, 1, 0, 0, 1, 0, 0, 1, 0, 0, 0, -1, 2, -1, 1, 0, 0, 1, 0, 1, 1, 1, 2, 0, 2, 2, 0, 0, 0, 0, 1, 0, 0, 0, 0, 0, -1, -1, 0, -1, 1, 0, 0, -1, 2, -1, 2, 0, 1, 0, 2, -1, 2, -1, -1, 1, 0, 1, -1, 0, 0, -1, -1, 2, -1, -1, 2, 1, 1, 0, 0, 1, 1, -1, 2, 1, 2, 0, 0, 0, -1, -1, 2, 0, -1, 1, -1, 1, -1, 2, -1, -1, 0, 1, 2, 0, -1, 0, 0, 0, 1, 1, 0, 0, -1, 0, 1, 0, -1, 0, 0, 0, 0, 1, 2, 2, 1, 1, -1, 2, 1, 1, -1, 0, -1, 0, 2, -1, 1, 0, -1, 0, -1, 1, -1, -1, 0, 0, 0, 0, -1, 2, 2, 2, -1]"
150,3,25,0.5,0.27543134981440015,3,52,"[{'cluster_no': -1, 'count': 52}, {'cluster_no': 0, 'count': 90}, {'cluster_no': 1, 'count': 95}]","[-1, 1, 1, 0, -1, 1, 0, 1, 1, 1, 1, 1, -1, -1, 0, -1, -1, 1, 0, -1, 1, -1, -1, -1, 1, 1, -1, 1, 1, 0, 0, -1, -1, 1, 0, 0, 1, -1, 1, -1, 1, 0, 1, 0, 1, 0, 1, 1, 1, 1, -1, 1, 1, 0, -1, 0, -1, 0, 0, 1, 1, 0, 0, 0, 0, 1, 1, 1, -1, -1, 1, -1, 1, 0, 1, 1, 1, 0, 1, -1, 0, -1, -1, 0, 1, -1, 0, 0, 0, 0, 0, 1, 1, 0, 1, 1, 0, 1, 1, 0, 1, 1, 1, 0, 0, -1, 0, 1, 1, 0, 1, 0, 0, 0, 0, 1, 0, 0, 1, 1, 1, 1, 0, 1, 1, 1, 1, 1, -1, -1, 1, -1, 0, 1, 1, -1, 0, -1, 0, 1, 0, 1, 0, -1, 0, -1, -1, 0, 1, 0, -1, 1, 1, 0, 0, 0, -1, 0, 0, 0, 0, 1, 1, 0, 0, -1, 0, 0, 0, 1, 1, 1, -1, -1, 0, 1, -1, 0, -1, 0, 0, 0, 0, -1, 1, 0, 0, 1, 0, 1, 1, 1, 0, 0, 1, 1, -1, 1, 0, 1, -1, 1, 1, 1, 1, 0, 0, 0, 0, 0, 0, 0, 0, 0, -1, 1, -1, 1, 0, -1, 0, 1, -1, 1, -1, 0, 0, -1, 1, 1, 1, 1, -1, 0, 0, 0, -1]"
150,3,25,1.0,0.27543134981440015,3,52,"[{'cluster_no': -1, 'count': 52}, {'cluster_no': 0, 'count': 90}, {'cluster_no': 1, 'count': 95}]","[-1, 1, 1, 0, -1, 1, 0, 1, 1, 1, 1, 1, -1, -1, 0, -1, -1, 1, 0, -1, 1, -1, -1, -1, 1, 1, -1, 1, 1, 0, 0, -1, -1, 1, 0, 0, 1, -1, 1, -1, 1, 0, 1, 0, 1, 0, 1, 1, 1, 1, -1, 1, 1, 0, -1, 0, -1, 0, 0, 1, 1, 0, 0, 0, 0, 1, 1, 1, -1, -1, 1, -1, 1, 0, 1, 1, 1, 0, 1, -1, 0, -1, -1, 0, 1, -1, 0, 0, 0, 0, 0, 1, 1, 0, 1, 1, 0, 1, 1, 0, 1, 1, 1, 0, 0, -1, 0, 1, 1, 0, 1, 0, 0, 0, 0, 1, 0, 0, 1, 1, 1, 1, 0, 1, 1, 1, 1, 1, -1, -1, 1, -1, 0, 1, 1, -1, 0, -1, 0, 1, 0, 1, 0, -1, 0, -1, -1, 0, 1, 0, -1, 1, 1, 0, 0, 0, -1, 0, 0, 0, 0, 1, 1, 0, 0, -1, 0, 0, 0, 1, 1, 1, -1, -1, 0, 1, -1, 0, -1, 0, 0, 0, 0, -1, 1, 0, 0, 1, 0, 1, 1, 1, 0, 0, 1, 1, -1, 1, 0, 1, -1, 1, 1, 1, 1, 0, 0, 0, 0, 0, 0, 0, 0, 0, -1, 1, -1, 1, 0, -1, 0, 1, -1, 1, -1, 0, 0, -1, 1, 1, 1, 1, -1, 0, 0, 0, -1]"
150,3,26,0.0,0.21386145324292416,4,63,"[{'cluster_no': -1, 'count': 63}, {'cluster_no': 0, 'count': 95}, {'cluster_no': 1, 'count': 44}, {'cluster_no': 2, 'count': 35}]","[-1, 0, 0, 2, -1, 0, 1, 0, 0, 0, 0, 0, -1, -1, 1, -1, -1, 0, -1, -1, 0, -1, -1, -1, 0, 0, -1, 0, 0, 2, 2, -1, -1, 0, 1, 2, 0, -1, 0, -1, 0, 1, 0, 1, 0, 2, 0, 0, 0, 0, -1, 0, 0, 2, -1, 1, -1, 2, 2, 0, 0, -1, 1, 2, 1, 0, 0, 0, -1, -1, 0, -1, 0, 1, 0, 0, 0, 1, 0, -1, 2, -1, -1, 1, 0, -1, 2, 1, 2, 1, 2, 0, 0, 1, 0, 0, 1, 0, 0, 1, 0, 0, 0, -1, 2, -1, 1, 0, 0, 1, 0, 1, 1, 1, 2, 0, 2, 2, 0, 0, 0, 0, 1, 0, 0, 0, 0, 0, -1, -1, 0, -1, 1, 0, 0, -1, 2, -1, 2, 0, 1, 0, 2, -1, 2, -1, -1, 1, 0, 1, -1, 0, 0, -1, -1, 2, -1, -1, 2, 1, 1, 0, 0, 1, 1, -1, 2, 1, 2, 0, 0, 0, -1, -1, 2, 0, -1, 1, -1, 1, -1, 2, -1, -1, 0, 1, 2, 0, -1, 0, 0, 0, 1, 1, 0, 0, -1, 0, 1, 0, -1, 0, 0, 0, 0, 1, 2, 2, 1, 1, -1, 2, 1, 1, -1, 0, -1, 0, 2, -1, 1, 0, -1, 0, -1, 1, -1, -1, 0, 0, 0, 0, -1, 2, 2, 2, -1]"
150,3,26,0.5,0.27543134981440015,3,52,"[{'cluster_no': -1, 'count': 52}, {'cluster_no': 0, 'count': 90}, {'cluster_no': 1, 'count': 95}]","[-1, 1, 1, 0, -1, 1, 0, 1, 1, 1, 1, 1, -1, -1, 0, -1, -1, 1, 0, -1, 1, -1, -1, -1, 1, 1, -1, 1, 1, 0, 0, -1, -1, 1, 0, 0, 1, -1, 1, -1, 1, 0, 1, 0, 1, 0, 1, 1, 1, 1, -1, 1, 1, 0, -1, 0, -1, 0, 0, 1, 1, 0, 0, 0, 0, 1, 1, 1, -1, -1, 1, -1, 1, 0, 1, 1, 1, 0, 1, -1, 0, -1, -1, 0, 1, -1, 0, 0, 0, 0, 0, 1, 1, 0, 1, 1, 0, 1, 1, 0, 1, 1, 1, 0, 0, -1, 0, 1, 1, 0, 1, 0, 0, 0, 0, 1, 0, 0, 1, 1, 1, 1, 0, 1, 1, 1, 1, 1, -1, -1, 1, -1, 0, 1, 1, -1, 0, -1, 0, 1, 0, 1, 0, -1, 0, -1, -1, 0, 1, 0, -1, 1, 1, 0, 0, 0, -1, 0, 0, 0, 0, 1, 1, 0, 0, -1, 0, 0, 0, 1, 1, 1, -1, -1, 0, 1, -1, 0, -1, 0, 0, 0, 0, -1, 1, 0, 0, 1, 0, 1, 1, 1, 0, 0, 1, 1, -1, 1, 0, 1, -1, 1, 1, 1, 1, 0, 0, 0, 0, 0, 0, 0, 0, 0, -1, 1, -1, 1, 0, -1, 0, 1, -1, 1, -1, 0, 0, -1, 1, 1, 1, 1, -1, 0, 0, 0, -1]"
150,3,26,1.0,0.27543134981440015,3,52,"[{'cluster_no': -1, 'count': 52}, {'cluster_no': 0, 'count': 90}, {'cluster_no': 1, 'count': 95}]","[-1, 1, 1, 0, -1, 1, 0, 1, 1, 1, 1, 1, -1, -1, 0, -1, -1, 1, 0, -1, 1, -1, -1, -1, 1, 1, -1, 1, 1, 0, 0, -1, -1, 1, 0, 0, 1, -1, 1, -1, 1, 0, 1, 0, 1, 0, 1, 1, 1, 1, -1, 1, 1, 0, -1, 0, -1, 0, 0, 1, 1, 0, 0, 0, 0, 1, 1, 1, -1, -1, 1, -1, 1, 0, 1, 1, 1, 0, 1, -1, 0, -1, -1, 0, 1, -1, 0, 0, 0, 0, 0, 1, 1, 0, 1, 1, 0, 1, 1, 0, 1, 1, 1, 0, 0, -1, 0, 1, 1, 0, 1, 0, 0, 0, 0, 1, 0, 0, 1, 1, 1, 1, 0, 1, 1, 1, 1, 1, -1, -1, 1, -1, 0, 1, 1, -1, 0, -1, 0, 1, 0, 1, 0, -1, 0, -1, -1, 0, 1, 0, -1, 1, 1, 0, 0, 0, -1, 0, 0, 0, 0, 1, 1, 0, 0, -1, 0, 0, 0, 1, 1, 1, -1, -1, 0, 1, -1, 0, -1, 0, 0, 0, 0, -1, 1, 0, 0, 1, 0, 1, 1, 1, 0, 0, 1, 1, -1, 1, 0, 1, -1, 1, 1, 1, 1, 0, 0, 0, 0, 0, 0, 0, 0, 0, -1, 1, -1, 1, 0, -1, 0, 1, -1, 1, -1, 0, 0, -1, 1, 1, 1, 1, -1, 0, 0, 0, -1]"
150,3,27,0.0,0.21386145324292416,4,63,"[{'cluster_no': -1, 'count': 63}, {'cluster_no': 0, 'count': 95}, {'cluster_no': 1, 'count': 44}, {'cluster_no': 2, 'count': 35}]","[-1, 0, 0, 2, -1, 0, 1, 0, 0, 0, 0, 0, -1, -1, 1, -1, -1, 0, -1, -1, 0, -1, -1, -1, 0, 0, -1, 0, 0, 2, 2, -1, -1, 0, 1, 2, 0, -1, 0, -1, 0, 1, 0, 1, 0, 2, 0, 0, 0, 0, -1, 0, 0, 2, -1, 1, -1, 2, 2, 0, 0, -1, 1, 2, 1, 0, 0, 0, -1, -1, 0, -1, 0, 1, 0, 0, 0, 1, 0, -1, 2, -1, -1, 1, 0, -1, 2, 1, 2, 1, 2, 0, 0, 1, 0, 0, 1, 0, 0, 1, 0, 0, 0, -1, 2, -1, 1, 0, 0, 1, 0, 1, 1, 1, 2, 0, 2, 2, 0, 0, 0, 0, 1, 0, 0, 0, 0, 0, -1, -1, 0, -1, 1, 0, 0, -1, 2, -1, 2, 0, 1, 0, 2, -1, 2, -1, -1, 1, 0, 1, -1, 0, 0, -1, -1, 2, -1, -1, 2, 1, 1, 0, 0, 1, 1, -1, 2, 1, 2, 0, 0, 0, -1, -1, 2, 0, -1, 1, -1, 1, -1, 2, -1, -1, 0, 1, 2, 0, -1, 0, 0, 0, 1, 1, 0, 0, -1, 0, 1, 0, -1, 0, 0, 0, 0, 1, 2, 2, 1, 1, -1, 2, 1, 1, -1, 0, -1, 0, 2, -1, 1, 0, -1, 0, -1, 1, -1, -1, 0, 0, 0, 0, -1, 2, 2, 2, -1]"
150,3,27,0.5,0.27543134981440015,3,52,"[{'cluster_no': -1, 'count': 52}, {'cluster_no': 0, 'count': 90}, {'cluster_no': 1, 'count': 95}]","[-1, 1, 1, 0, -1, 1, 0, 1, 1, 1, 1, 1, -1, -1, 0, -1, -1, 1, 0, -1, 1, -1, -1, -1, 1, 1, -1, 1, 1, 0, 0, -1, -1, 1, 0, 0, 1, -1, 1, -1, 1, 0, 1, 0, 1, 0, 1, 1, 1, 1, -1, 1, 1, 0, -1, 0, -1, 0, 0, 1, 1, 0, 0, 0, 0, 1, 1, 1, -1, -1, 1, -1, 1, 0, 1, 1, 1, 0, 1, -1, 0, -1, -1, 0, 1, -1, 0, 0, 0, 0, 0, 1, 1, 0, 1, 1, 0, 1, 1, 0, 1, 1, 1, 0, 0, -1, 0, 1, 1, 0, 1, 0, 0, 0, 0, 1, 0, 0, 1, 1, 1, 1, 0, 1, 1, 1, 1, 1, -1, -1, 1, -1, 0, 1, 1, -1, 0, -1, 0, 1, 0, 1, 0, -1, 0, -1, -1, 0, 1, 0, -1, 1, 1, 0, 0, 0, -1, 0, 0, 0, 0, 1, 1, 0, 0, -1, 0, 0, 0, 1, 1, 1, -1, -1, 0, 1, -1, 0, -1, 0, 0, 0, 0, -1, 1, 0, 0, 1, 0, 1, 1, 1, 0, 0, 1, 1, -1, 1, 0, 1, -1, 1, 1, 1, 1, 0, 0, 0, 0, 0, 0, 0, 0, 0, -1, 1, -1, 1, 0, -1, 0, 1, -1, 1, -1, 0, 0, -1, 1, 1, 1, 1, -1, 0, 0, 0, -1]"
150,3,27,1.0,0.27543134981440015,3,52,"[{'cluster_no': -1, 'count': 52}, {'cluster_no': 0, 'count': 90}, {'cluster_no': 1, 'count': 95}]","[-1, 1, 1, 0, -1, 1, 0, 1, 1, 1, 1, 1, -1, -1, 0, -1, -1, 1, 0, -1, 1, -1, -1, -1, 1, 1, -1, 1, 1, 0, 0, -1, -1, 1, 0, 0, 1, -1, 1, -1, 1, 0, 1, 0, 1, 0, 1, 1, 1, 1, -1, 1, 1, 0, -1, 0, -1, 0, 0, 1, 1, 0, 0, 0, 0, 1, 1, 1, -1, -1, 1, -1, 1, 0, 1, 1, 1, 0, 1, -1, 0, -1, -1, 0, 1, -1, 0, 0, 0, 0, 0, 1, 1, 0, 1, 1, 0, 1, 1, 0, 1, 1, 1, 0, 0, -1, 0, 1, 1, 0, 1, 0, 0, 0, 0, 1, 0, 0, 1, 1, 1, 1, 0, 1, 1, 1, 1, 1, -1, -1, 1, -1, 0, 1, 1, -1, 0, -1, 0, 1, 0, 1, 0, -1, 0, -1, -1, 0, 1, 0, -1, 1, 1, 0, 0, 0, -1, 0, 0, 0, 0, 1, 1, 0, 0, -1, 0, 0, 0, 1, 1, 1, -1, -1, 0, 1, -1, 0, -1, 0, 0, 0, 0, -1, 1, 0, 0, 1, 0, 1, 1, 1, 0, 0, 1, 1, -1, 1, 0, 1, -1, 1, 1, 1, 1, 0, 0, 0, 0, 0, 0, 0, 0, 0, -1, 1, -1, 1, 0, -1, 0, 1, -1, 1, -1, 0, 0, -1, 1, 1, 1, 1, -1, 0, 0, 0, -1]"
150,3,28,0.0,0.21386145324292416,4,63,"[{'cluster_no': -1, 'count': 63}, {'cluster_no': 0, 'count': 95}, {'cluster_no': 1, 'count': 44}, {'cluster_no': 2, 'count': 35}]","[-1, 0, 0, 2, -1, 0, 1, 0, 0, 0, 0, 0, -1, -1, 1, -1, -1, 0, -1, -1, 0, -1, -1, -1, 0, 0, -1, 0, 0, 2, 2, -1, -1, 0, 1, 2, 0, -1, 0, -1, 0, 1, 0, 1, 0, 2, 0, 0, 0, 0, -1, 0, 0, 2, -1, 1, -1, 2, 2, 0, 0, -1, 1, 2, 1, 0, 0, 0, -1, -1, 0, -1, 0, 1, 0, 0, 0, 1, 0, -1, 2, -1, -1, 1, 0, -1, 2, 1, 2, 1, 2, 0, 0, 1, 0, 0, 1, 0, 0, 1, 0, 0, 0, -1, 2, -1, 1, 0, 0, 1, 0, 1, 1, 1, 2, 0, 2, 2, 0, 0, 0, 0, 1, 0, 0, 0, 0, 0, -1, -1, 0, -1, 1, 0, 0, -1, 2, -1, 2, 0, 1, 0, 2, -1, 2, -1, -1, 1, 0, 1, -1, 0, 0, -1, -1, 2, -1, -1, 2, 1, 1, 0, 0, 1, 1, -1, 2, 1, 2, 0, 0, 0, -1, -1, 2, 0, -1, 1, -1, 1, -1, 2, -1, -1, 0, 1, 2, 0, -1, 0, 0, 0, 1, 1, 0, 0, -1, 0, 1, 0, -1, 0, 0, 0, 0, 1, 2, 2, 1, 1, -1, 2, 1, 1, -1, 0, -1, 0, 2, -1, 1, 0, -1, 0, -1, 1, -1, -1, 0, 0, 0, 0, -1, 2, 2, 2, -1]"
150,3,28,0.5,0.27543134981440015,3,52,"[{'cluster_no': -1, 'count': 52}, {'cluster_no': 0, 'count': 90}, {'cluster_no': 1, 'count': 95}]","[-1, 1, 1, 0, -1, 1, 0, 1, 1, 1, 1, 1, -1, -1, 0, -1, -1, 1, 0, -1, 1, -1, -1, -1, 1, 1, -1, 1, 1, 0, 0, -1, -1, 1, 0, 0, 1, -1, 1, -1, 1, 0, 1, 0, 1, 0, 1, 1, 1, 1, -1, 1, 1, 0, -1, 0, -1, 0, 0, 1, 1, 0, 0, 0, 0, 1, 1, 1, -1, -1, 1, -1, 1, 0, 1, 1, 1, 0, 1, -1, 0, -1, -1, 0, 1, -1, 0, 0, 0, 0, 0, 1, 1, 0, 1, 1, 0, 1, 1, 0, 1, 1, 1, 0, 0, -1, 0, 1, 1, 0, 1, 0, 0, 0, 0, 1, 0, 0, 1, 1, 1, 1, 0, 1, 1, 1, 1, 1, -1, -1, 1, -1, 0, 1, 1, -1, 0, -1, 0, 1, 0, 1, 0, -1, 0, -1, -1, 0, 1, 0, -1, 1, 1, 0, 0, 0, -1, 0, 0, 0, 0, 1, 1, 0, 0, -1, 0, 0, 0, 1, 1, 1, -1, -1, 0, 1, -1, 0, -1, 0, 0, 0, 0, -1, 1, 0, 0, 1, 0, 1, 1, 1, 0, 0, 1, 1, -1, 1, 0, 1, -1, 1, 1, 1, 1, 0, 0, 0, 0, 0, 0, 0, 0, 0, -1, 1, -1, 1, 0, -1, 0, 1, -1, 1, -1, 0, 0, -1, 1, 1, 1, 1, -1, 0, 0, 0, -1]"
150,3,28,1.0,0.27543134981440015,3,52,"[{'cluster_no': -1, 'count': 52}, {'cluster_no': 0, 'count': 90}, {'cluster_no': 1, 'count': 95}]","[-1, 1, 1, 0, -1, 1, 0, 1, 1, 1, 1, 1, -1, -1, 0, -1, -1, 1, 0, -1, 1, -1, -1, -1, 1, 1, -1, 1, 1, 0, 0, -1, -1, 1, 0, 0, 1, -1, 1, -1, 1, 0, 1, 0, 1, 0, 1, 1, 1, 1, -1, 1, 1, 0, -1, 0, -1, 0, 0, 1, 1, 0, 0, 0, 0, 1, 1, 1, -1, -1, 1, -1, 1, 0, 1, 1, 1, 0, 1, -1, 0, -1, -1, 0, 1, -1, 0, 0, 0, 0, 0, 1, 1, 0, 1, 1, 0, 1, 1, 0, 1, 1, 1, 0, 0, -1, 0, 1, 1, 0, 1, 0, 0, 0, 0, 1, 0, 0, 1, 1, 1, 1, 0, 1, 1, 1, 1, 1, -1, -1, 1, -1, 0, 1, 1, -1, 0, -1, 0, 1, 0, 1, 0, -1, 0, -1, -1, 0, 1, 0, -1, 1, 1, 0, 0, 0, -1, 0, 0, 0, 0, 1, 1, 0, 0, -1, 0, 0, 0, 1, 1, 1, -1, -1, 0, 1, -1, 0, -1, 0, 0, 0, 0, -1, 1, 0, 0, 1, 0, 1, 1, 1, 0, 0, 1, 1, -1, 1, 0, 1, -1, 1, 1, 1, 1, 0, 0, 0, 0, 0, 0, 0, 0, 0, -1, 1, -1, 1, 0, -1, 0, 1, -1, 1, -1, 0, 0, -1, 1, 1, 1, 1, -1, 0, 0, 0, -1]"
150,3,29,0.0,0.21386145324292416,4,63,"[{'cluster_no': -1, 'count': 63}, {'cluster_no': 0, 'count': 95}, {'cluster_no': 1, 'count': 44}, {'cluster_no': 2, 'count': 35}]","[-1, 0, 0, 2, -1, 0, 1, 0, 0, 0, 0, 0, -1, -1, 1, -1, -1, 0, -1, -1, 0, -1, -1, -1, 0, 0, -1, 0, 0, 2, 2, -1, -1, 0, 1, 2, 0, -1, 0, -1, 0, 1, 0, 1, 0, 2, 0, 0, 0, 0, -1, 0, 0, 2, -1, 1, -1, 2, 2, 0, 0, -1, 1, 2, 1, 0, 0, 0, -1, -1, 0, -1, 0, 1, 0, 0, 0, 1, 0, -1, 2, -1, -1, 1, 0, -1, 2, 1, 2, 1, 2, 0, 0, 1, 0, 0, 1, 0, 0, 1, 0, 0, 0, -1, 2, -1, 1, 0, 0, 1, 0, 1, 1, 1, 2, 0, 2, 2, 0, 0, 0, 0, 1, 0, 0, 0, 0, 0, -1, -1, 0, -1, 1, 0, 0, -1, 2, -1, 2, 0, 1, 0, 2, -1, 2, -1, -1, 1, 0, 1, -1, 0, 0, -1, -1, 2, -1, -1, 2, 1, 1, 0, 0, 1, 1, -1, 2, 1, 2, 0, 0, 0, -1, -1, 2, 0, -1, 1, -1, 1, -1, 2, -1, -1, 0, 1, 2, 0, -1, 0, 0, 0, 1, 1, 0, 0, -1, 0, 1, 0, -1, 0, 0, 0, 0, 1, 2, 2, 1, 1, -1, 2, 1, 1, -1, 0, -1, 0, 2, -1, 1, 0, -1, 0, -1, 1, -1, -1, 0, 0, 0, 0, -1, 2, 2, 2, -1]"
150,3,29,0.5,0.27543134981440015,3,52,"[{'cluster_no': -1, 'count': 52}, {'cluster_no': 0, 'count': 90}, {'cluster_no': 1, 'count': 95}]","[-1, 1, 1, 0, -1, 1, 0, 1, 1, 1, 1, 1, -1, -1, 0, -1, -1, 1, 0, -1, 1, -1, -1, -1, 1, 1, -1, 1, 1, 0, 0, -1, -1, 1, 0, 0, 1, -1, 1, -1, 1, 0, 1, 0, 1, 0, 1, 1, 1, 1, -1, 1, 1, 0, -1, 0, -1, 0, 0, 1, 1, 0, 0, 0, 0, 1, 1, 1, -1, -1, 1, -1, 1, 0, 1, 1, 1, 0, 1, -1, 0, -1, -1, 0, 1, -1, 0, 0, 0, 0, 0, 1, 1, 0, 1, 1, 0, 1, 1, 0, 1, 1, 1, 0, 0, -1, 0, 1, 1, 0, 1, 0, 0, 0, 0, 1, 0, 0, 1, 1, 1, 1, 0, 1, 1, 1, 1, 1, -1, -1, 1, -1, 0, 1, 1, -1, 0, -1, 0, 1, 0, 1, 0, -1, 0, -1, -1, 0, 1, 0, -1, 1, 1, 0, 0, 0, -1, 0, 0, 0, 0, 1, 1, 0, 0, -1, 0, 0, 0, 1, 1, 1, -1, -1, 0, 1, -1, 0, -1, 0, 0, 0, 0, -1, 1, 0, 0, 1, 0, 1, 1, 1, 0, 0, 1, 1, -1, 1, 0, 1, -1, 1, 1, 1, 1, 0, 0, 0, 0, 0, 0, 0, 0, 0, -1, 1, -1, 1, 0, -1, 0, 1, -1, 1, -1, 0, 0, -1, 1, 1, 1, 1, -1, 0, 0, 0, -1]"
150,3,29,1.0,0.27543134981440015,3,52,"[{'cluster_no': -1, 'count': 52}, {'cluster_no': 0, 'count': 90}, {'cluster_no': 1, 'count': 95}]","[-1, 1, 1, 0, -1, 1, 0, 1, 1, 1, 1, 1, -1, -1, 0, -1, -1, 1, 0, -1, 1, -1, -1, -1, 1, 1, -1, 1, 1, 0, 0, -1, -1, 1, 0, 0, 1, -1, 1, -1, 1, 0, 1, 0, 1, 0, 1, 1, 1, 1, -1, 1, 1, 0, -1, 0, -1, 0, 0, 1, 1, 0, 0, 0, 0, 1, 1, 1, -1, -1, 1, -1, 1, 0, 1, 1, 1, 0, 1, -1, 0, -1, -1, 0, 1, -1, 0, 0, 0, 0, 0, 1, 1, 0, 1, 1, 0, 1, 1, 0, 1, 1, 1, 0, 0, -1, 0, 1, 1, 0, 1, 0, 0, 0, 0, 1, 0, 0, 1, 1, 1, 1, 0, 1, 1, 1, 1, 1, -1, -1, 1, -1, 0, 1, 1, -1, 0, -1, 0, 1, 0, 1, 0, -1, 0, -1, -1, 0, 1, 0, -1, 1, 1, 0, 0, 0, -1, 0, 0, 0, 0, 1, 1, 0, 0, -1, 0, 0, 0, 1, 1, 1, -1, -1, 0, 1, -1, 0, -1, 0, 0, 0, 0, -1, 1, 0, 0, 1, 0, 1, 1, 1, 0, 0, 1, 1, -1, 1, 0, 1, -1, 1, 1, 1, 1, 0, 0, 0, 0, 0, 0, 0, 0, 0, -1, 1, -1, 1, 0, -1, 0, 1, -1, 1, -1, 0, 0, -1, 1, 1, 1, 1, -1, 0, 0, 0, -1]"
150,3,30,0.0,0.21386145324292416,4,63,"[{'cluster_no': -1, 'count': 63}, {'cluster_no': 0, 'count': 95}, {'cluster_no': 1, 'count': 44}, {'cluster_no': 2, 'count': 35}]","[-1, 0, 0, 2, -1, 0, 1, 0, 0, 0, 0, 0, -1, -1, 1, -1, -1, 0, -1, -1, 0, -1, -1, -1, 0, 0, -1, 0, 0, 2, 2, -1, -1, 0, 1, 2, 0, -1, 0, -1, 0, 1, 0, 1, 0, 2, 0, 0, 0, 0, -1, 0, 0, 2, -1, 1, -1, 2, 2, 0, 0, -1, 1, 2, 1, 0, 0, 0, -1, -1, 0, -1, 0, 1, 0, 0, 0, 1, 0, -1, 2, -1, -1, 1, 0, -1, 2, 1, 2, 1, 2, 0, 0, 1, 0, 0, 1, 0, 0, 1, 0, 0, 0, -1, 2, -1, 1, 0, 0, 1, 0, 1, 1, 1, 2, 0, 2, 2, 0, 0, 0, 0, 1, 0, 0, 0, 0, 0, -1, -1, 0, -1, 1, 0, 0, -1, 2, -1, 2, 0, 1, 0, 2, -1, 2, -1, -1, 1, 0, 1, -1, 0, 0, -1, -1, 2, -1, -1, 2, 1, 1, 0, 0, 1, 1, -1, 2, 1, 2, 0, 0, 0, -1, -1, 2, 0, -1, 1, -1, 1, -1, 2, -1, -1, 0, 1, 2, 0, -1, 0, 0, 0, 1, 1, 0, 0, -1, 0, 1, 0, -1, 0, 0, 0, 0, 1, 2, 2, 1, 1, -1, 2, 1, 1, -1, 0, -1, 0, 2, -1, 1, 0, -1, 0, -1, 1, -1, -1, 0, 0, 0, 0, -1, 2, 2, 2, -1]"
150,3,30,0.5,0.27543134981440015,3,52,"[{'cluster_no': -1, 'count': 52}, {'cluster_no': 0, 'count': 90}, {'cluster_no': 1, 'count': 95}]","[-1, 1, 1, 0, -1, 1, 0, 1, 1, 1, 1, 1, -1, -1, 0, -1, -1, 1, 0, -1, 1, -1, -1, -1, 1, 1, -1, 1, 1, 0, 0, -1, -1, 1, 0, 0, 1, -1, 1, -1, 1, 0, 1, 0, 1, 0, 1, 1, 1, 1, -1, 1, 1, 0, -1, 0, -1, 0, 0, 1, 1, 0, 0, 0, 0, 1, 1, 1, -1, -1, 1, -1, 1, 0, 1, 1, 1, 0, 1, -1, 0, -1, -1, 0, 1, -1, 0, 0, 0, 0, 0, 1, 1, 0, 1, 1, 0, 1, 1, 0, 1, 1, 1, 0, 0, -1, 0, 1, 1, 0, 1, 0, 0, 0, 0, 1, 0, 0, 1, 1, 1, 1, 0, 1, 1, 1, 1, 1, -1, -1, 1, -1, 0, 1, 1, -1, 0, -1, 0, 1, 0, 1, 0, -1, 0, -1, -1, 0, 1, 0, -1, 1, 1, 0, 0, 0, -1, 0, 0, 0, 0, 1, 1, 0, 0, -1, 0, 0, 0, 1, 1, 1, -1, -1, 0, 1, -1, 0, -1, 0, 0, 0, 0, -1, 1, 0, 0, 1, 0, 1, 1, 1, 0, 0, 1, 1, -1, 1, 0, 1, -1, 1, 1, 1, 1, 0, 0, 0, 0, 0, 0, 0, 0, 0, -1, 1, -1, 1, 0, -1, 0, 1, -1, 1, -1, 0, 0, -1, 1, 1, 1, 1, -1, 0, 0, 0, -1]"
150,3,30,1.0,0.27543134981440015,3,52,"[{'cluster_no': -1, 'count': 52}, {'cluster_no': 0, 'count': 90}, {'cluster_no': 1, 'count': 95}]","[-1, 1, 1, 0, -1, 1, 0, 1, 1, 1, 1, 1, -1, -1, 0, -1, -1, 1, 0, -1, 1, -1, -1, -1, 1, 1, -1, 1, 1, 0, 0, -1, -1, 1, 0, 0, 1, -1, 1, -1, 1, 0, 1, 0, 1, 0, 1, 1, 1, 1, -1, 1, 1, 0, -1, 0, -1, 0, 0, 1, 1, 0, 0, 0, 0, 1, 1, 1, -1, -1, 1, -1, 1, 0, 1, 1, 1, 0, 1, -1, 0, -1, -1, 0, 1, -1, 0, 0, 0, 0, 0, 1, 1, 0, 1, 1, 0, 1, 1, 0, 1, 1, 1, 0, 0, -1, 0, 1, 1, 0, 1, 0, 0, 0, 0, 1, 0, 0, 1, 1, 1, 1, 0, 1, 1, 1, 1, 1, -1, -1, 1, -1, 0, 1, 1, -1, 0, -1, 0, 1, 0, 1, 0, -1, 0, -1, -1, 0, 1, 0, -1, 1, 1, 0, 0, 0, -1, 0, 0, 0, 0, 1, 1, 0, 0, -1, 0, 0, 0, 1, 1, 1, -1, -1, 0, 1, -1, 0, -1, 0, 0, 0, 0, -1, 1, 0, 0, 1, 0, 1, 1, 1, 0, 0, 1, 1, -1, 1, 0, 1, -1, 1, 1, 1, 1, 0, 0, 0, 0, 0, 0, 0, 0, 0, -1, 1, -1, 1, 0, -1, 0, 1, -1, 1, -1, 0, 0, -1, 1, 1, 1, 1, -1, 0, 0, 0, -1]"
150,4,5,0.0,0.5072939400805808,17,94,"[{'cluster_no': -1, 'count': 94}, {'cluster_no': 0, 'count': 5}, {'cluster_no': 1, 'count': 7}, {'cluster_no': 2, 'count': 6}, {'cluster_no': 3, 'count': 8}, {'cluster_no': 4, 'count': 8}, {'cluster_no': 5, 'count': 17}, {'cluster_no': 6, 'count': 17}, {'cluster_no': 7, 'count': 8}, {'cluster_no': 8, 'count': 7}, {'cluster_no': 9, 'count': 5}, {'cluster_no': 10, 'count': 7}, {'cluster_no': 11, 'count': 8}, {'cluster_no': 12, 'count': 13}, {'cluster_no': 13, 'count': 6}, {'cluster_no': 14, 'count': 7}, {'cluster_no': 15, 'count': 14}]","[-1, 6, 6, -1, 2, 13, 1, 6, 6, 4, -1, 6, 0, -1, -1, -1, -1, -1, -1, -1, 15, -1, -1, -1, 6, 15, -1, 5, 5, 12, 12, -1, -1, 6, 1, -1, 15, 0, 5, 2, -1, 10, 4, -1, 6, 12, -1, 15, 6, 5, -1, 4, 6, 11, -1, -1, 0, 12, -1, -1, 4, 3, -1, 11, -1, 5, 5, 6, -1, -1, -1, -1, 6, -1, 13, 15, -1, 1, 5, -1, 11, -1, -1, 7, -1, -1, 11, 9, 12, 1, 11, 15, 14, -1, -1, 13, -1, 14, -1, 1, 5, 4, 5, 3, 12, -1, 10, 5, -1, 9, -1, -1, 10, 9, 8, 15, -1, -1, 13, 14, 5, -1, -1, 6, -1, 5, 6, 5, -1, -1, -1, 0, 1, 5, -1, 0, -1, -1, -1, 14, 7, 6, 8, -1, 8, 2, 2, -1, 15, 10, -1, 4, 4, 3, 3, 8, -1, 3, 12, 9, 7, 5, -1, -1, 7, -1, 12, 10, 12, -1, 13, 6, -1, -1, 12, -1, -1, 9, 2, 7, 3, 11, 3, -1, -1, 10, 12, -1, 3, -1, 15, -1, 10, -1, 15, 15, -1, 15, 7, 13, -1, 14, 6, 15, 14, -1, 8, 8, 7, -1, -1, 8, 7, -1, -1, 5, 2, 5, 12, -1, 1, 14, -1, -1, -1, -1, -1, -1, -1, -1, 4, 15, -1, 11, 12, 11, -1]"
150,4,5,0.5,-0.13695092235530382,3,60,"[{'cluster_no': -1, 'count': 60}, {'cluster_no': 0, 'count': 172}, {'cluster_no': 1, 'count': 5}]","[-1, 0, 0, 0, 0, 0, 0, 0, 0, 0, -1, 0, 1, -1, -1, -1, -1, -1, 0, -1, 0, -1, -1, -1, 0, 0, -1, 0, 0, 0, 0, -1, -1, 0, 0, 0, 0, 1, 0, 0, 0, 0, 0, -1, 0, 0, -1, 0, 0, 0, -1, 0, 0, 0, -1, 0, 1, 0, 0, -1, 0, 0, 0, 0, -1, 0, 0, 0, -1, -1, 0, -1, 0, -1, 0, 0, 0, 0, 0, -1, 0, -1, -1, 0, 0, -1, 0, 0, 0, 0, 0, 0, 0, 0, 0, 0, -1, 0, -1, 0, 0, 0, 0, 0, 0, -1, 0, 0, 0, 0, 0, -1, 0, 0, 0, 0, 0, -1, 0, 0, 0, 0, 0, 0, 0, 0, 0, 0, -1, -1, 0, 1, 0, 0, 0, 1, 0, -1, 0, 0, 0, 0, 0, -1, 0, 0, 0, -1, 0, 0, -1, 0, 0, 0, 0, 0, -1, 0, 0, 0, 0, 0, 0, 0, 0, -1, 0, 0, 0, 0, 0, 0, 0, -1, 0, -1, -1, 0, 0, 0, 0, 0, 0, -1, 0, 0, 0, 0, 0, 0, 0, 0, 0, 0, 0, 0, -1, 0, 0, 0, -1, 0, 0, 0, 0, 0, 0, 0, 0, 0, -1, 0, 0, -1, -1, 0, 0, 0, 0, -1, 0, 0, -1, -1, -1, -1, 0, -1, -1, -1, 0, 0, -1, 0, 0, 0, -1]"
150,4,5,1.0,-0.13695092235530382,3,60,"[{'cluster_no': -1, 'count': 60}, {'cluster_no': 0, 'count': 172}, {'cluster_no': 1, 'count': 5}]","[-1, 0, 0, 0, 0, 0, 0, 0, 0, 0, -1, 0, 1, -1, -1, -1, -1, -1, 0, -1, 0, -1, -1, -1, 0, 0, -1, 0, 0, 0, 0, -1, -1, 0, 0, 0, 0, 1, 0, 0, 0, 0, 0, -1, 0, 0, -1, 0, 0, 0, -1, 0, 0, 0, -1, 0, 1, 0, 0, -1, 0, 0, 0, 0, -1, 0, 0, 0, -1, -1, 0, -1, 0, -1, 0, 0, 0, 0, 0, -1, 0, -1, -1, 0, 0, -1, 0, 0, 0, 0, 0, 0, 0, 0, 0, 0, -1, 0, -1, 0, 0, 0, 0, 0, 0, -1, 0, 0, 0, 0, 0, -1, 0, 0, 0, 0, 0, -1, 0, 0, 0, 0, 0, 0, 0, 0, 0, 0, -1, -1, 0, 1, 0, 0, 0, 1, 0, -1, 0, 0, 0, 0, 0, -1, 0, 0, 0, -1, 0, 0, -1, 0, 0, 0, 0, 0, -1, 0, 0, 0, 0, 0, 0, 0, 0, -1, 0, 0, 0, 0, 0, 0, 0, -1, 0, -1, -1, 0, 0, 0, 0, 0, 0, -1, 0, 0, 0, 0, 0, 0, 0, 0, 0, 0, 0, 0, -1, 0, 0, 0, -1, 0, 0, 0, 0, 0, 0, 0, 0, 0, -1, 0, 0, -1, -1, 0, 0, 0, 0, -1, 0, 0, -1, -1, -1, -1, 0, -1, -1, -1, 0, 0, -1, 0, 0, 0, -1]"
150,4,6,0.0,0.29793856339831243,13,88,"[{'cluster_no': -1, 'count': 88}, {'cluster_no': 0, 'count': 7}, {'cluster_no': 1, 'count': 6}, {'cluster_no': 2, 'count': 8}, {'cluster_no': 3, 'count': 8}, {'cluster_no': 4, 'count': 37}, {'cluster_no': 5, 'count': 17}, {'cluster_no': 6, 'count': 17}, {'cluster_no': 7, 'count': 8}, {'cluster_no': 8, 'count': 13}, {'cluster_no': 9, 'count': 7}, {'cluster_no': 10, 'count': 8}, {'cluster_no': 11, 'count': 13}]","[-1, 6, 6, -1, 1, 4, 0, 6, 6, 3, -1, 6, -1, -1, -1, -1, -1, -1, -1, -1, 4, -1, -1, -1, 6, 4, -1, 5, 5, 11, 11, -1, -1, 6, 0, -1, 4, -1, 5, 1, 4, 8, 3, -1, 6, 11, -1, 4, 6, 5, -1, 3, 6, 10, -1, -1, -1, 11, -1, -1, 3, 2, -1, 10, -1, 5, 5, 6, -1, -1, -1, -1, 6, -1, 4, 4, 4, 0, 5, -1, 10, -1, -1, 7, 4, -1, 10, 8, 11, 0, 10, 4, 4, -1, 4, 4, -1, 4, -1, 0, 5, 3, 5, 2, 11, -1, 8, 5, 4, 8, 4, -1, 8, 8, 9, 4, -1, -1, 4, 4, 5, -1, -1, 6, -1, 5, 6, 5, -1, -1, 4, -1, 0, 5, 4, -1, -1, -1, -1, 4, 7, 6, 9, -1, 9, 1, 1, -1, 4, 8, -1, 3, 3, 2, 2, 9, -1, 2, 11, 8, 7, 5, 4, -1, 7, -1, 11, 8, 11, -1, 4, 6, -1, -1, 11, -1, -1, 8, 1, 7, 2, 10, 2, -1, -1, 8, 11, -1, 2, -1, 4, 4, 8, -1, 4, 4, -1, 4, 7, 4, -1, 4, 6, 4, 4, -1, 9, 9, 7, 8, -1, 9, 7, -1, -1, 5, 1, 5, 11, -1, 0, 4, -1, -1, -1, -1, -1, -1, -1, -1, 3, 4, -1, 10, 11, 10, -1]"
150,4,6,0.5,-0.09705001378638592,3,69,"[{'cluster_no': -1, 'count': 69}, {'cluster_no': 0, 'count': 161}, {'cluster_no': 1, 'count': 7}]","[-1, 0, 0, 0, 0, 0, 1, 0, 0, 0, -1, 0, -1, -1, -1, -1, -1, -1, -1, -1, 0, -1, -1, -1, 0, 0, -1, 0, 0, 0, 0, -1, -1, 0, 1, 0, 0, -1, 0, 0, 0, 0, 0, -1, 0, 0, -1, 0, 0, 0, -1, 0, 0, 0, -1, 0, -1, 0, 0, -1, 0, 0, 0, 0, -1, 0, 0, 0, -1, -1, 0, -1, 0, -1, 0, 0, 0, 1, 0, -1, 0, -1, -1, 0, 0, -1, 0, 0, 0, 1, 0, 0, 0, 0, 0, 0, -1, 0, -1, 1, 0, 0, 0, 0, 0, -1, 0, 0, 0, 0, 0, -1, 0, 0, 0, 0, 0, -1, 0, 0, 0, -1, 0, 0, 0, 0, 0, 0, -1, -1, 0, -1, 1, 0, 0, -1, 0, -1, 0, 0, 0, 0, 0, -1, 0, 0, 0, -1, 0, 0, -1, 0, 0, 0, 0, 0, -1, 0, 0, 0, 0, 0, 0, 0, 0, -1, 0, 0, 0, 0, 0, 0, -1, -1, 0, -1, -1, 0, 0, 0, 0, 0, 0, -1, 0, 0, 0, 0, 0, 0, 0, 0, 0, 0, 0, 0, -1, 0, 0, 0, -1, 0, 0, 0, 0, 0, 0, 0, 0, 0, -1, 0, 0, -1, -1, 0, 0, 0, 0, -1, 1, 0, -1, -1, -1, -1, -1, -1, -1, -1, 0, 0, -1, 0, 0, 0, -1]"
150,4,6,1.0,-0.09705001378638592,3,69,"[{'cluster_no': -1, 'count': 69}, {'cluster_no': 0, 'count': 161}, {'cluster_no': 1, 'count': 7}]","[-1, 0, 0, 0, 0, 0, 1, 0, 0, 0, -1, 0, -1, -1, -1, -1, -1, -1, -1, -1, 0, -1, -1, -1, 0, 0, -1, 0, 0, 0, 0, -1, -1, 0, 1, 0, 0, -1, 0, 0, 0, 0, 0, -1, 0, 0, -1, 0, 0, 0, -1, 0, 0, 0, -1, 0, -1, 0, 0, -1, 0, 0, 0, 0, -1, 0, 0, 0, -1, -1, 0, -1, 0, -1, 0, 0, 0, 1, 0, -1, 0, -1, -1, 0, 0, -1, 0, 0, 0, 1, 0, 0, 0, 0, 0, 0, -1, 0, -1, 1, 0, 0, 0, 0, 0, -1, 0, 0, 0, 0, 0, -1, 0, 0, 0, 0, 0, -1, 0, 0, 0, -1, 0, 0, 0, 0, 0, 0, -1, -1, 0, -1, 1, 0, 0, -1, 0, -1, 0, 0, 0, 0, 0, -1, 0, 0, 0, -1, 0, 0, -1, 0, 0, 0, 0, 0, -1, 0, 0, 0, 0, 0, 0, 0, 0, -1, 0, 0, 0, 0, 0, 0, -1, -1, 0, -1, -1, 0, 0, 0, 0, 0, 0, -1, 0, 0, 0, 0, 0, 0, 0, 0, 0, 0, 0, 0, -1, 0, 0, 0, -1, 0, 0, 0, 0, 0, 0, 0, 0, 0, -1, 0, 0, -1, -1, 0, 0, 0, 0, -1, 1, 0, -1, -1, -1, -1, -1, -1, -1, -1, 0, 0, -1, 0, 0, 0, -1]"
150,4,7,0.0,0.29902576023863375,12,94,"[{'cluster_no': -1, 'count': 94}, {'cluster_no': 0, 'count': 7}, {'cluster_no': 1, 'count': 8}, {'cluster_no': 2, 'count': 8}, {'cluster_no': 3, 'count': 37}, {'cluster_no': 4, 'count': 17}, {'cluster_no': 5, 'count': 17}, {'cluster_no': 6, 'count': 8}, {'cluster_no': 7, 'count': 13}, {'cluster_no': 8, 'count': 7}, {'cluster_no': 9, 'count': 8}, {'cluster_no': 10, 'count': 13}]","[-1, 5, 5, -1, -1, 3, 0, 5, 5, 2, -1, 5, -1, -1, -1, -1, -1, -1, -1, -1, 3, -1, -1, -1, 5, 3, -1, 4, 4, 10, 10, -1, -1, 5, 0, -1, 3, -1, 4, -1, 3, 7, 2, -1, 5, 10, -1, 3, 5, 4, -1, 2, 5, 9, -1, -1, -1, 10, -1, -1, 2, 1, -1, 9, -1, 4, 4, 5, -1, -1, -1, -1, 5, -1, 3, 3, 3, 0, 4, -1, 9, -1, -1, 6, 3, -1, 9, 7, 10, 0, 9, 3, 3, -1, 3, 3, -1, 3, -1, 0, 4, 2, 4, 1, 10, -1, 7, 4, 3, 7, 3, -1, 7, 7, 8, 3, -1, -1, 3, 3, 4, -1, -1, 5, -1, 4, 5, 4, -1, -1, 3, -1, 0, 4, 3, -1, -1, -1, -1, 3, 6, 5, 8, -1, 8, -1, -1, -1, 3, 7, -1, 2, 2, 1, 1, 8, -1, 1, 10, 7, 6, 4, 3, -1, 6, -1, 10, 7, 10, -1, 3, 5, -1, -1, 10, -1, -1, 7, -1, 6, 1, 9, 1, -1, -1, 7, 10, -1, 1, -1, 3, 3, 7, -1, 3, 3, -1, 3, 6, 3, -1, 3, 5, 3, 3, -1, 8, 8, 6, 7, -1, 8, 6, -1, -1, 4, -1, 4, 10, -1, 0, 3, -1, -1, -1, -1, -1, -1, -1, -1, 2, 3, -1, 9, 10, 9, -1]"
150,4,7,0.5,-0.09705001378638592,3,69,"[{'cluster_no': -1, 'count': 69}, {'cluster_no': 0, 'count': 161}, {'cluster_no': 1, 'count': 7}]","[-1, 0, 0, 0, 0, 0, 1, 0, 0, 0, -1, 0, -1, -1, -1, -1, -1, -1, -1, -1, 0, -1, -1, -1, 0, 0, -1, 0, 0, 0, 0, -1, -1, 0, 1, 0, 0, -1, 0, 0, 0, 0, 0, -1, 0, 0, -1, 0, 0, 0, -1, 0, 0, 0, -1, 0, -1, 0, 0, -1, 0, 0, 0, 0, -1, 0, 0, 0, -1, -1, 0, -1, 0, -1, 0, 0, 0, 1, 0, -1, 0, -1, -1, 0, 0, -1, 0, 0, 0, 1, 0, 0, 0, 0, 0, 0, -1, 0, -1, 1, 0, 0, 0, 0, 0, -1, 0, 0, 0, 0, 0, -1, 0, 0, 0, 0, 0, -1, 0, 0, 0, -1, 0, 0, 0, 0, 0, 0, -1, -1, 0, -1, 1, 0, 0, -1, 0, -1, 0, 0, 0, 0, 0, -1, 0, 0, 0, -1, 0, 0, -1, 0, 0, 0, 0, 0, -1, 0, 0, 0, 0, 0, 0, 0, 0, -1, 0, 0, 0, 0, 0, 0, -1, -1, 0, -1, -1, 0, 0, 0, 0, 0, 0, -1, 0, 0, 0, 0, 0, 0, 0, 0, 0, 0, 0, 0, -1, 0, 0, 0, -1, 0, 0, 0, 0, 0, 0, 0, 0, 0, -1, 0, 0, -1, -1, 0, 0, 0, 0, -1, 1, 0, -1, -1, -1, -1, -1, -1, -1, -1, 0, 0, -1, 0, 0, 0, -1]"
150,4,7,1.0,-0.09705001378638592,3,69,"[{'cluster_no': -1, 'count': 69}, {'cluster_no': 0, 'count': 161}, {'cluster_no': 1, 'count': 7}]","[-1, 0, 0, 0, 0, 0, 1, 0, 0, 0, -1, 0, -1, -1, -1, -1, -1, -1, -1, -1, 0, -1, -1, -1, 0, 0, -1, 0, 0, 0, 0, -1, -1, 0, 1, 0, 0, -1, 0, 0, 0, 0, 0, -1, 0, 0, -1, 0, 0, 0, -1, 0, 0, 0, -1, 0, -1, 0, 0, -1, 0, 0, 0, 0, -1, 0, 0, 0, -1, -1, 0, -1, 0, -1, 0, 0, 0, 1, 0, -1, 0, -1, -1, 0, 0, -1, 0, 0, 0, 1, 0, 0, 0, 0, 0, 0, -1, 0, -1, 1, 0, 0, 0, 0, 0, -1, 0, 0, 0, 0, 0, -1, 0, 0, 0, 0, 0, -1, 0, 0, 0, -1, 0, 0, 0, 0, 0, 0, -1, -1, 0, -1, 1, 0, 0, -1, 0, -1, 0, 0, 0, 0, 0, -1, 0, 0, 0, -1, 0, 0, -1, 0, 0, 0, 0, 0, -1, 0, 0, 0, 0, 0, 0, 0, 0, -1, 0, 0, 0, 0, 0, 0, -1, -1, 0, -1, -1, 0, 0, 0, 0, 0, 0, -1, 0, 0, 0, 0, 0, 0, 0, 0, 0, 0, 0, 0, -1, 0, 0, 0, -1, 0, 0, 0, 0, 0, 0, 0, 0, 0, -1, 0, 0, -1, -1, 0, 0, 0, 0, -1, 1, 0, -1, -1, -1, -1, -1, -1, -1, -1, 0, 0, -1, 0, 0, 0, -1]"
150,4,8,0.0,0.3779018790483547,10,108,"[{'cluster_no': -1, 'count': 108}, {'cluster_no': 0, 'count': 8}, {'cluster_no': 1, 'count': 8}, {'cluster_no': 2, 'count': 37}, {'cluster_no': 3, 'count': 17}, {'cluster_no': 4, 'count': 17}, {'cluster_no': 5, 'count': 8}, {'cluster_no': 6, 'count': 13}, {'cluster_no': 7, 'count': 8}, {'cluster_no': 8, 'count': 13}]","[-1, 4, 4, -1, -1, 2, -1, 4, 4, 1, -1, 4, -1, -1, -1, -1, -1, -1, -1, -1, 2, -1, -1, -1, 4, 2, -1, 3, 3, 8, 8, -1, -1, 4, -1, -1, 2, -1, 3, -1, 2, 6, 1, -1, 4, 8, -1, 2, 4, 3, -1, 1, 4, 7, -1, -1, -1, 8, -1, -1, 1, 0, -1, 7, -1, 3, 3, 4, -1, -1, -1, -1, 4, -1, 2, 2, 2, -1, 3, -1, 7, -1, -1, 5, 2, -1, 7, 6, 8, -1, 7, 2, 2, -1, 2, 2, -1, 2, -1, -1, 3, 1, 3, 0, 8, -1, 6, 3, 2, 6, 2, -1, 6, 6, -1, 2, -1, -1, 2, 2, 3, -1, -1, 4, -1, 3, 4, 3, -1, -1, 2, -1, -1, 3, 2, -1, -1, -1, -1, 2, 5, 4, -1, -1, -1, -1, -1, -1, 2, 6, -1, 1, 1, 0, 0, -1, -1, 0, 8, 6, 5, 3, 2, -1, 5, -1, 8, 6, 8, -1, 2, 4, -1, -1, 8, -1, -1, 6, -1, 5, 0, 7, 0, -1, -1, 6, 8, -1, 0, -1, 2, 2, 6, -1, 2, 2, -1, 2, 5, 2, -1, 2, 4, 2, 2, -1, -1, -1, 5, 6, -1, -1, 5, -1, -1, 3, -1, 3, 8, -1, -1, 2, -1, -1, -1, -1, -1, -1, -1, -1, 1, 2, -1, 7, 8, 7, -1]"
150,4,8,0.5,0.29991630444169964,3,77,"[{'cluster_no': -1, 'count': 77}, {'cluster_no': 0, 'count': 69}, {'cluster_no': 1, 'count': 91}]","[-1, 1, 1, 0, 1, 1, -1, 1, 1, 1, -1, 1, -1, -1, -1, -1, -1, -1, -1, -1, 1, -1, -1, -1, 1, 1, -1, 1, 1, 0, 0, -1, -1, 1, -1, 0, 1, -1, 1, 1, 1, 0, 1, -1, 1, 0, -1, 1, 1, 1, -1, 1, 1, 0, -1, -1, -1, 0, 0, -1, 1, 0, 0, 0, -1, 1, 1, 1, -1, -1, 1, -1, 1, -1, 1, 1, 1, -1, 1, -1, 0, -1, -1, 0, 1, -1, 0, 0, 0, -1, 0, 1, 1, 0, 1, 1, -1, 1, -1, -1, 1, 1, 1, 0, 0, -1, 0, 1, 1, 0, 1, -1, 0, 0, 0, 1, 0, -1, 1, 1, 1, -1, 0, 1, 1, 1, 1, 1, -1, -1, 1, -1, -1, 1, 1, -1, 0, -1, 0, 1, 0, 1, 0, -1, 0, 1, 1, -1, 1, 0, -1, 1, 1, 0, 0, 0, -1, 0, 0, 0, 0, 1, 1, 0, 0, -1, 0, 0, 0, 1, 1, 1, -1, -1, 0, -1, -1, 0, 1, 0, 0, 0, 0, -1, 1, 0, 0, 1, 0, 1, 1, 1, 0, 0, 1, 1, -1, 1, 0, 1, -1, 1, 1, 1, 1, 0, 0, 0, 0, 0, -1, 0, 0, -1, -1, 1, 1, 1, 0, -1, -1, 1, -1, -1, -1, -1, -1, -1, -1, -1, 1, 1, -1, 0, 0, 0, -1]"
150,4,8,1.0,0.29991630444169964,3,77,"[{'cluster_no': -1, 'count': 77}, {'cluster_no': 0, 'count': 69}, {'cluster_no': 1, 'count': 91}]","[-1, 1, 1, 0, 1, 1, -1, 1, 1, 1, -1, 1, -1, -1, -1, -1, -1, -1, -1, -1, 1, -1, -1, -1, 1, 1, -1, 1, 1, 0, 0, -1, -1, 1, -1, 0, 1, -1, 1, 1, 1, 0, 1, -1, 1, 0, -1, 1, 1, 1, -1, 1, 1, 0, -1, -1, -1, 0, 0, -1, 1, 0, 0, 0, -1, 1, 1, 1, -1, -1, 1, -1, 1, -1, 1, 1, 1, -1, 1, -1, 0, -1, -1, 0, 1, -1, 0, 0, 0, -1, 0, 1, 1, 0, 1, 1, -1, 1, -1, -1, 1, 1, 1, 0, 0, -1, 0, 1, 1, 0, 1, -1, 0, 0, 0, 1, 0, -1, 1, 1, 1, -1, 0, 1, 1, 1, 1, 1, -1, -1, 1, -1, -1, 1, 1, -1, 0, -1, 0, 1, 0, 1, 0, -1, 0, 1, 1, -1, 1, 0, -1, 1, 1, 0, 0, 0, -1, 0, 0, 0, 0, 1, 1, 0, 0, -1, 0, 0, 0, 1, 1, 1, -1, -1, 0, -1, -1, 0, 1, 0, 0, 0, 0, -1, 1, 0, 0, 1, 0, 1, 1, 1, 0, 0, 1, 1, -1, 1, 0, 1, -1, 1, 1, 1, 1, 0, 0, 0, 0, 0, -1, 0, 0, -1, -1, 1, 1, 1, 0, -1, -1, 1, -1, -1, -1, -1, -1, -1, -1, -1, 1, 1, -1, 0, 0, 0, -1]"
150,4,9,0.0,0.3859179672851877,6,99,"[{'cluster_no': -1, 'count': 99}, {'cluster_no': 0, 'count': 47}, {'cluster_no': 1, 'count': 24}, {'cluster_no': 2, 'count': 33}, {'cluster_no': 3, 'count': 17}, {'cluster_no': 4, 'count': 17}]","[-1, 4, 4, -1, -1, 0, -1, 4, 4, 0, -1, 4, -1, -1, -1, -1, -1, -1, -1, -1, 0, -1, -1, -1, 4, 0, -1, 3, 3, 2, 2, -1, -1, 4, -1, 2, 0, -1, 3, -1, 0, 1, 0, -1, 4, 2, -1, 0, 4, 3, -1, 0, 4, 2, -1, -1, -1, 2, 2, -1, 0, -1, -1, 2, -1, 3, 3, 4, -1, -1, 0, -1, 4, -1, 0, 0, 0, -1, 3, -1, 2, -1, -1, 1, 0, -1, 2, 1, 2, -1, 2, 0, 0, -1, 0, 0, -1, 0, -1, -1, 3, 0, 3, -1, 2, -1, 1, 3, 0, 1, 0, -1, 1, 1, 2, 0, 2, -1, 0, 0, 3, -1, 1, 4, 0, 3, 4, 3, -1, -1, 0, -1, -1, 3, 0, -1, 2, -1, 2, 0, 1, 4, 2, -1, 2, -1, -1, -1, 0, 1, -1, 0, 0, -1, -1, 2, -1, -1, 2, 1, 1, 3, 0, 1, 1, -1, 2, 1, 2, -1, 0, 4, -1, -1, 2, -1, -1, 1, -1, 1, -1, 2, -1, -1, -1, 1, 2, -1, -1, -1, 0, 0, 1, -1, 0, 0, -1, 0, 1, 0, -1, 0, 4, 0, 0, 1, 2, 2, 1, 1, -1, 2, 1, -1, -1, 3, -1, 3, 2, -1, -1, 0, -1, -1, -1, -1, -1, -1, -1, -1, 0, 0, -1, 2, 2, 2, -1]"
150,4,9,0.5,0.29991630444169964,3,77,"[{'cluster_no': -1, 'count': 77}, {'cluster_no': 0, 'count': 69}, {'cluster_no': 1, 'count': 91}]","[-1, 1, 1, 0, 1, 1, -1, 1, 1, 1, -1, 1, -1, -1, -1, -1, -1, -1, -1, -1, 1, -1, -1, -1, 1, 1, -1, 1, 1, 0, 0, -1, -1, 1, -1, 0, 1, -1, 1, 1, 1, 0, 1, -1, 1, 0, -1, 1, 1, 1, -1, 1, 1, 0, -1, -1, -1, 0, 0, -1, 1, 0, 0, 0, -1, 1, 1, 1, -1, -1, 1, -1, 1, -1, 1, 1, 1, -1, 1, -1, 0, -1, -1, 0, 1, -1, 0, 0, 0, -1, 0, 1, 1, 0, 1, 1, -1, 1, -1, -1, 1, 1, 1, 0, 0, -1, 0, 1, 1, 0, 1, -1, 0, 0, 0, 1, 0, -1, 1, 1, 1, -1, 0, 1, 1, 1, 1, 1, -1, -1, 1, -1, -1, 1, 1, -1, 0, -1, 0, 1, 0, 1, 0, -1, 0, 1, 1, -1, 1, 0, -1, 1, 1, 0, 0, 0, -1, 0, 0, 0, 0, 1, 1, 0, 0, -1, 0, 0, 0, 1, 1, 1, -1, -1, 0, -1, -1, 0, 1, 0, 0, 0, 0, -1, 1, 0, 0, 1, 0, 1, 1, 1, 0, 0, 1, 1, -1, 1, 0, 1, -1, 1, 1, 1, 1, 0, 0, 0, 0, 0, -1, 0, 0, -1, -1, 1, 1, 1, 0, -1, -1, 1, -1, -1, -1, -1, -1, -1, -1, -1, 1, 1, -1, 0, 0, 0, -1]"
150,4,9,1.0,0.29991630444169964,3,77,"[{'cluster_no': -1, 'count': 77}, {'cluster_no': 0, 'count': 69}, {'cluster_no': 1, 'count': 91}]","[-1, 1, 1, 0, 1, 1, -1, 1, 1, 1, -1, 1, -1, -1, -1, -1, -1, -1, -1, -1, 1, -1, -1, -1, 1, 1, -1, 1, 1, 0, 0, -1, -1, 1, -1, 0, 1, -1, 1, 1, 1, 0, 1, -1, 1, 0, -1, 1, 1, 1, -1, 1, 1, 0, -1, -1, -1, 0, 0, -1, 1, 0, 0, 0, -1, 1, 1, 1, -1, -1, 1, -1, 1, -1, 1, 1, 1, -1, 1, -1, 0, -1, -1, 0, 1, -1, 0, 0, 0, -1, 0, 1, 1, 0, 1, 1, -1, 1, -1, -1, 1, 1, 1, 0, 0, -1, 0, 1, 1, 0, 1, -1, 0, 0, 0, 1, 0, -1, 1, 1, 1, -1, 0, 1, 1, 1, 1, 1, -1, -1, 1, -1, -1, 1, 1, -1, 0, -1, 0, 1, 0, 1, 0, -1, 0, 1, 1, -1, 1, 0, -1, 1, 1, 0, 0, 0, -1, 0, 0, 0, 0, 1, 1, 0, 0, -1, 0, 0, 0, 1, 1, 1, -1, -1, 0, -1, -1, 0, 1, 0, 0, 0, 0, -1, 1, 0, 0, 1, 0, 1, 1, 1, 0, 0, 1, 1, -1, 1, 0, 1, -1, 1, 1, 1, 1, 0, 0, 0, 0, 0, -1, 0, 0, -1, -1, 1, 1, 1, 0, -1, -1, 1, -1, -1, -1, -1, -1, -1, -1, -1, 1, 1, -1, 0, 0, 0, -1]"
150,4,10,0.0,0.3859179672851877,6,99,"[{'cluster_no': -1, 'count': 99}, {'cluster_no': 0, 'count': 47}, {'cluster_no': 1, 'count': 24}, {'cluster_no': 2, 'count': 33}, {'cluster_no': 3, 'count': 17}, {'cluster_no': 4, 'count': 17}]","[-1, 4, 4, -1, -1, 0, -1, 4, 4, 0, -1, 4, -1, -1, -1, -1, -1, -1, -1, -1, 0, -1, -1, -1, 4, 0, -1, 3, 3, 2, 2, -1, -1, 4, -1, 2, 0, -1, 3, -1, 0, 1, 0, -1, 4, 2, -1, 0, 4, 3, -1, 0, 4, 2, -1, -1, -1, 2, 2, -1, 0, -1, -1, 2, -1, 3, 3, 4, -1, -1, 0, -1, 4, -1, 0, 0, 0, -1, 3, -1, 2, -1, -1, 1, 0, -1, 2, 1, 2, -1, 2, 0, 0, -1, 0, 0, -1, 0, -1, -1, 3, 0, 3, -1, 2, -1, 1, 3, 0, 1, 0, -1, 1, 1, 2, 0, 2, -1, 0, 0, 3, -1, 1, 4, 0, 3, 4, 3, -1, -1, 0, -1, -1, 3, 0, -1, 2, -1, 2, 0, 1, 4, 2, -1, 2, -1, -1, -1, 0, 1, -1, 0, 0, -1, -1, 2, -1, -1, 2, 1, 1, 3, 0, 1, 1, -1, 2, 1, 2, -1, 0, 4, -1, -1, 2, -1, -1, 1, -1, 1, -1, 2, -1, -1, -1, 1, 2, -1, -1, -1, 0, 0, 1, -1, 0, 0, -1, 0, 1, 0, -1, 0, 4, 0, 0, 1, 2, 2, 1, 1, -1, 2, 1, -1, -1, 3, -1, 3, 2, -1, -1, 0, -1, -1, -1, -1, -1, -1, -1, -1, 0, 0, -1, 2, 2, 2, -1]"
150,4,10,0.5,0.29991630444169964,3,77,"[{'cluster_no': -1, 'count': 77}, {'cluster_no': 0, 'count': 69}, {'cluster_no': 1, 'count': 91}]","[-1, 1, 1, 0, 1, 1, -1, 1, 1, 1, -1, 1, -1, -1, -1, -1, -1, -1, -1, -1, 1, -1, -1, -1, 1, 1, -1, 1, 1, 0, 0, -1, -1, 1, -1, 0, 1, -1, 1, 1, 1, 0, 1, -1, 1, 0, -1, 1, 1, 1, -1, 1, 1, 0, -1, -1, -1, 0, 0, -1, 1, 0, 0, 0, -1, 1, 1, 1, -1, -1, 1, -1, 1, -1, 1, 1, 1, -1, 1, -1, 0, -1, -1, 0, 1, -1, 0, 0, 0, -1, 0, 1, 1, 0, 1, 1, -1, 1, -1, -1, 1, 1, 1, 0, 0, -1, 0, 1, 1, 0, 1, -1, 0, 0, 0, 1, 0, -1, 1, 1, 1, -1, 0, 1, 1, 1, 1, 1, -1, -1, 1, -1, -1, 1, 1, -1, 0, -1, 0, 1, 0, 1, 0, -1, 0, 1, 1, -1, 1, 0, -1, 1, 1, 0, 0, 0, -1, 0, 0, 0, 0, 1, 1, 0, 0, -1, 0, 0, 0, 1, 1, 1, -1, -1, 0, -1, -1, 0, 1, 0, 0, 0, 0, -1, 1, 0, 0, 1, 0, 1, 1, 1, 0, 0, 1, 1, -1, 1, 0, 1, -1, 1, 1, 1, 1, 0, 0, 0, 0, 0, -1, 0, 0, -1, -1, 1, 1, 1, 0, -1, -1, 1, -1, -1, -1, -1, -1, -1, -1, -1, 1, 1, -1, 0, 0, 0, -1]"
150,4,10,1.0,0.29991630444169964,3,77,"[{'cluster_no': -1, 'count': 77}, {'cluster_no': 0, 'count': 69}, {'cluster_no': 1, 'count': 91}]","[-1, 1, 1, 0, 1, 1, -1, 1, 1, 1, -1, 1, -1, -1, -1, -1, -1, -1, -1, -1, 1, -1, -1, -1, 1, 1, -1, 1, 1, 0, 0, -1, -1, 1, -1, 0, 1, -1, 1, 1, 1, 0, 1, -1, 1, 0, -1, 1, 1, 1, -1, 1, 1, 0, -1, -1, -1, 0, 0, -1, 1, 0, 0, 0, -1, 1, 1, 1, -1, -1, 1, -1, 1, -1, 1, 1, 1, -1, 1, -1, 0, -1, -1, 0, 1, -1, 0, 0, 0, -1, 0, 1, 1, 0, 1, 1, -1, 1, -1, -1, 1, 1, 1, 0, 0, -1, 0, 1, 1, 0, 1, -1, 0, 0, 0, 1, 0, -1, 1, 1, 1, -1, 0, 1, 1, 1, 1, 1, -1, -1, 1, -1, -1, 1, 1, -1, 0, -1, 0, 1, 0, 1, 0, -1, 0, 1, 1, -1, 1, 0, -1, 1, 1, 0, 0, 0, -1, 0, 0, 0, 0, 1, 1, 0, 0, -1, 0, 0, 0, 1, 1, 1, -1, -1, 0, -1, -1, 0, 1, 0, 0, 0, 0, -1, 1, 0, 0, 1, 0, 1, 1, 1, 0, 0, 1, 1, -1, 1, 0, 1, -1, 1, 1, 1, 1, 0, 0, 0, 0, 0, -1, 0, 0, -1, -1, 1, 1, 1, 0, -1, -1, 1, -1, -1, -1, -1, -1, -1, -1, -1, 1, 1, -1, 0, 0, 0, -1]"
150,4,11,0.0,0.3859179672851877,6,99,"[{'cluster_no': -1, 'count': 99}, {'cluster_no': 0, 'count': 47}, {'cluster_no': 1, 'count': 24}, {'cluster_no': 2, 'count': 33}, {'cluster_no': 3, 'count': 17}, {'cluster_no': 4, 'count': 17}]","[-1, 4, 4, -1, -1, 0, -1, 4, 4, 0, -1, 4, -1, -1, -1, -1, -1, -1, -1, -1, 0, -1, -1, -1, 4, 0, -1, 3, 3, 2, 2, -1, -1, 4, -1, 2, 0, -1, 3, -1, 0, 1, 0, -1, 4, 2, -1, 0, 4, 3, -1, 0, 4, 2, -1, -1, -1, 2, 2, -1, 0, -1, -1, 2, -1, 3, 3, 4, -1, -1, 0, -1, 4, -1, 0, 0, 0, -1, 3, -1, 2, -1, -1, 1, 0, -1, 2, 1, 2, -1, 2, 0, 0, -1, 0, 0, -1, 0, -1, -1, 3, 0, 3, -1, 2, -1, 1, 3, 0, 1, 0, -1, 1, 1, 2, 0, 2, -1, 0, 0, 3, -1, 1, 4, 0, 3, 4, 3, -1, -1, 0, -1, -1, 3, 0, -1, 2, -1, 2, 0, 1, 4, 2, -1, 2, -1, -1, -1, 0, 1, -1, 0, 0, -1, -1, 2, -1, -1, 2, 1, 1, 3, 0, 1, 1, -1, 2, 1, 2, -1, 0, 4, -1, -1, 2, -1, -1, 1, -1, 1, -1, 2, -1, -1, -1, 1, 2, -1, -1, -1, 0, 0, 1, -1, 0, 0, -1, 0, 1, 0, -1, 0, 4, 0, 0, 1, 2, 2, 1, 1, -1, 2, 1, -1, -1, 3, -1, 3, 2, -1, -1, 0, -1, -1, -1, -1, -1, -1, -1, -1, 0, 0, -1, 2, 2, 2, -1]"
150,4,11,0.5,0.29991630444169964,3,77,"[{'cluster_no': -1, 'count': 77}, {'cluster_no': 0, 'count': 69}, {'cluster_no': 1, 'count': 91}]","[-1, 1, 1, 0, 1, 1, -1, 1, 1, 1, -1, 1, -1, -1, -1, -1, -1, -1, -1, -1, 1, -1, -1, -1, 1, 1, -1, 1, 1, 0, 0, -1, -1, 1, -1, 0, 1, -1, 1, 1, 1, 0, 1, -1, 1, 0, -1, 1, 1, 1, -1, 1, 1, 0, -1, -1, -1, 0, 0, -1, 1, 0, 0, 0, -1, 1, 1, 1, -1, -1, 1, -1, 1, -1, 1, 1, 1, -1, 1, -1, 0, -1, -1, 0, 1, -1, 0, 0, 0, -1, 0, 1, 1, 0, 1, 1, -1, 1, -1, -1, 1, 1, 1, 0, 0, -1, 0, 1, 1, 0, 1, -1, 0, 0, 0, 1, 0, -1, 1, 1, 1, -1, 0, 1, 1, 1, 1, 1, -1, -1, 1, -1, -1, 1, 1, -1, 0, -1, 0, 1, 0, 1, 0, -1, 0, 1, 1, -1, 1, 0, -1, 1, 1, 0, 0, 0, -1, 0, 0, 0, 0, 1, 1, 0, 0, -1, 0, 0, 0, 1, 1, 1, -1, -1, 0, -1, -1, 0, 1, 0, 0, 0, 0, -1, 1, 0, 0, 1, 0, 1, 1, 1, 0, 0, 1, 1, -1, 1, 0, 1, -1, 1, 1, 1, 1, 0, 0, 0, 0, 0, -1, 0, 0, -1, -1, 1, 1, 1, 0, -1, -1, 1, -1, -1, -1, -1, -1, -1, -1, -1, 1, 1, -1, 0, 0, 0, -1]"
150,4,11,1.0,0.29991630444169964,3,77,"[{'cluster_no': -1, 'count': 77}, {'cluster_no': 0, 'count': 69}, {'cluster_no': 1, 'count': 91}]","[-1, 1, 1, 0, 1, 1, -1, 1, 1, 1, -1, 1, -1, -1, -1, -1, -1, -1, -1, -1, 1, -1, -1, -1, 1, 1, -1, 1, 1, 0, 0, -1, -1, 1, -1, 0, 1, -1, 1, 1, 1, 0, 1, -1, 1, 0, -1, 1, 1, 1, -1, 1, 1, 0, -1, -1, -1, 0, 0, -1, 1, 0, 0, 0, -1, 1, 1, 1, -1, -1, 1, -1, 1, -1, 1, 1, 1, -1, 1, -1, 0, -1, -1, 0, 1, -1, 0, 0, 0, -1, 0, 1, 1, 0, 1, 1, -1, 1, -1, -1, 1, 1, 1, 0, 0, -1, 0, 1, 1, 0, 1, -1, 0, 0, 0, 1, 0, -1, 1, 1, 1, -1, 0, 1, 1, 1, 1, 1, -1, -1, 1, -1, -1, 1, 1, -1, 0, -1, 0, 1, 0, 1, 0, -1, 0, 1, 1, -1, 1, 0, -1, 1, 1, 0, 0, 0, -1, 0, 0, 0, 0, 1, 1, 0, 0, -1, 0, 0, 0, 1, 1, 1, -1, -1, 0, -1, -1, 0, 1, 0, 0, 0, 0, -1, 1, 0, 0, 1, 0, 1, 1, 1, 0, 0, 1, 1, -1, 1, 0, 1, -1, 1, 1, 1, 1, 0, 0, 0, 0, 0, -1, 0, 0, -1, -1, 1, 1, 1, 0, -1, -1, 1, -1, -1, -1, -1, -1, -1, -1, -1, 1, 1, -1, 0, 0, 0, -1]"
150,4,12,0.0,0.3859179672851877,6,99,"[{'cluster_no': -1, 'count': 99}, {'cluster_no': 0, 'count': 47}, {'cluster_no': 1, 'count': 24}, {'cluster_no': 2, 'count': 33}, {'cluster_no': 3, 'count': 17}, {'cluster_no': 4, 'count': 17}]","[-1, 4, 4, -1, -1, 0, -1, 4, 4, 0, -1, 4, -1, -1, -1, -1, -1, -1, -1, -1, 0, -1, -1, -1, 4, 0, -1, 3, 3, 2, 2, -1, -1, 4, -1, 2, 0, -1, 3, -1, 0, 1, 0, -1, 4, 2, -1, 0, 4, 3, -1, 0, 4, 2, -1, -1, -1, 2, 2, -1, 0, -1, -1, 2, -1, 3, 3, 4, -1, -1, 0, -1, 4, -1, 0, 0, 0, -1, 3, -1, 2, -1, -1, 1, 0, -1, 2, 1, 2, -1, 2, 0, 0, -1, 0, 0, -1, 0, -1, -1, 3, 0, 3, -1, 2, -1, 1, 3, 0, 1, 0, -1, 1, 1, 2, 0, 2, -1, 0, 0, 3, -1, 1, 4, 0, 3, 4, 3, -1, -1, 0, -1, -1, 3, 0, -1, 2, -1, 2, 0, 1, 4, 2, -1, 2, -1, -1, -1, 0, 1, -1, 0, 0, -1, -1, 2, -1, -1, 2, 1, 1, 3, 0, 1, 1, -1, 2, 1, 2, -1, 0, 4, -1, -1, 2, -1, -1, 1, -1, 1, -1, 2, -1, -1, -1, 1, 2, -1, -1, -1, 0, 0, 1, -1, 0, 0, -1, 0, 1, 0, -1, 0, 4, 0, 0, 1, 2, 2, 1, 1, -1, 2, 1, -1, -1, 3, -1, 3, 2, -1, -1, 0, -1, -1, -1, -1, -1, -1, -1, -1, 0, 0, -1, 2, 2, 2, -1]"
150,4,12,0.5,0.29991630444169964,3,77,"[{'cluster_no': -1, 'count': 77}, {'cluster_no': 0, 'count': 69}, {'cluster_no': 1, 'count': 91}]","[-1, 1, 1, 0, 1, 1, -1, 1, 1, 1, -1, 1, -1, -1, -1, -1, -1, -1, -1, -1, 1, -1, -1, -1, 1, 1, -1, 1, 1, 0, 0, -1, -1, 1, -1, 0, 1, -1, 1, 1, 1, 0, 1, -1, 1, 0, -1, 1, 1, 1, -1, 1, 1, 0, -1, -1, -1, 0, 0, -1, 1, 0, 0, 0, -1, 1, 1, 1, -1, -1, 1, -1, 1, -1, 1, 1, 1, -1, 1, -1, 0, -1, -1, 0, 1, -1, 0, 0, 0, -1, 0, 1, 1, 0, 1, 1, -1, 1, -1, -1, 1, 1, 1, 0, 0, -1, 0, 1, 1, 0, 1, -1, 0, 0, 0, 1, 0, -1, 1, 1, 1, -1, 0, 1, 1, 1, 1, 1, -1, -1, 1, -1, -1, 1, 1, -1, 0, -1, 0, 1, 0, 1, 0, -1, 0, 1, 1, -1, 1, 0, -1, 1, 1, 0, 0, 0, -1, 0, 0, 0, 0, 1, 1, 0, 0, -1, 0, 0, 0, 1, 1, 1, -1, -1, 0, -1, -1, 0, 1, 0, 0, 0, 0, -1, 1, 0, 0, 1, 0, 1, 1, 1, 0, 0, 1, 1, -1, 1, 0, 1, -1, 1, 1, 1, 1, 0, 0, 0, 0, 0, -1, 0, 0, -1, -1, 1, 1, 1, 0, -1, -1, 1, -1, -1, -1, -1, -1, -1, -1, -1, 1, 1, -1, 0, 0, 0, -1]"
150,4,12,1.0,0.29991630444169964,3,77,"[{'cluster_no': -1, 'count': 77}, {'cluster_no': 0, 'count': 69}, {'cluster_no': 1, 'count': 91}]","[-1, 1, 1, 0, 1, 1, -1, 1, 1, 1, -1, 1, -1, -1, -1, -1, -1, -1, -1, -1, 1, -1, -1, -1, 1, 1, -1, 1, 1, 0, 0, -1, -1, 1, -1, 0, 1, -1, 1, 1, 1, 0, 1, -1, 1, 0, -1, 1, 1, 1, -1, 1, 1, 0, -1, -1, -1, 0, 0, -1, 1, 0, 0, 0, -1, 1, 1, 1, -1, -1, 1, -1, 1, -1, 1, 1, 1, -1, 1, -1, 0, -1, -1, 0, 1, -1, 0, 0, 0, -1, 0, 1, 1, 0, 1, 1, -1, 1, -1, -1, 1, 1, 1, 0, 0, -1, 0, 1, 1, 0, 1, -1, 0, 0, 0, 1, 0, -1, 1, 1, 1, -1, 0, 1, 1, 1, 1, 1, -1, -1, 1, -1, -1, 1, 1, -1, 0, -1, 0, 1, 0, 1, 0, -1, 0, 1, 1, -1, 1, 0, -1, 1, 1, 0, 0, 0, -1, 0, 0, 0, 0, 1, 1, 0, 0, -1, 0, 0, 0, 1, 1, 1, -1, -1, 0, -1, -1, 0, 1, 0, 0, 0, 0, -1, 1, 0, 0, 1, 0, 1, 1, 1, 0, 0, 1, 1, -1, 1, 0, 1, -1, 1, 1, 1, 1, 0, 0, 0, 0, 0, -1, 0, 0, -1, -1, 1, 1, 1, 0, -1, -1, 1, -1, -1, -1, -1, -1, -1, -1, -1, 1, 1, -1, 0, 0, 0, -1]"
150,4,13,0.0,0.3859179672851877,6,99,"[{'cluster_no': -1, 'count': 99}, {'cluster_no': 0, 'count': 47}, {'cluster_no': 1, 'count': 24}, {'cluster_no': 2, 'count': 33}, {'cluster_no': 3, 'count': 17}, {'cluster_no': 4, 'count': 17}]","[-1, 4, 4, -1, -1, 0, -1, 4, 4, 0, -1, 4, -1, -1, -1, -1, -1, -1, -1, -1, 0, -1, -1, -1, 4, 0, -1, 3, 3, 2, 2, -1, -1, 4, -1, 2, 0, -1, 3, -1, 0, 1, 0, -1, 4, 2, -1, 0, 4, 3, -1, 0, 4, 2, -1, -1, -1, 2, 2, -1, 0, -1, -1, 2, -1, 3, 3, 4, -1, -1, 0, -1, 4, -1, 0, 0, 0, -1, 3, -1, 2, -1, -1, 1, 0, -1, 2, 1, 2, -1, 2, 0, 0, -1, 0, 0, -1, 0, -1, -1, 3, 0, 3, -1, 2, -1, 1, 3, 0, 1, 0, -1, 1, 1, 2, 0, 2, -1, 0, 0, 3, -1, 1, 4, 0, 3, 4, 3, -1, -1, 0, -1, -1, 3, 0, -1, 2, -1, 2, 0, 1, 4, 2, -1, 2, -1, -1, -1, 0, 1, -1, 0, 0, -1, -1, 2, -1, -1, 2, 1, 1, 3, 0, 1, 1, -1, 2, 1, 2, -1, 0, 4, -1, -1, 2, -1, -1, 1, -1, 1, -1, 2, -1, -1, -1, 1, 2, -1, -1, -1, 0, 0, 1, -1, 0, 0, -1, 0, 1, 0, -1, 0, 4, 0, 0, 1, 2, 2, 1, 1, -1, 2, 1, -1, -1, 3, -1, 3, 2, -1, -1, 0, -1, -1, -1, -1, -1, -1, -1, -1, 0, 0, -1, 2, 2, 2, -1]"
150,4,13,0.5,0.29991630444169964,3,77,"[{'cluster_no': -1, 'count': 77}, {'cluster_no': 0, 'count': 69}, {'cluster_no': 1, 'count': 91}]","[-1, 1, 1, 0, 1, 1, -1, 1, 1, 1, -1, 1, -1, -1, -1, -1, -1, -1, -1, -1, 1, -1, -1, -1, 1, 1, -1, 1, 1, 0, 0, -1, -1, 1, -1, 0, 1, -1, 1, 1, 1, 0, 1, -1, 1, 0, -1, 1, 1, 1, -1, 1, 1, 0, -1, -1, -1, 0, 0, -1, 1, 0, 0, 0, -1, 1, 1, 1, -1, -1, 1, -1, 1, -1, 1, 1, 1, -1, 1, -1, 0, -1, -1, 0, 1, -1, 0, 0, 0, -1, 0, 1, 1, 0, 1, 1, -1, 1, -1, -1, 1, 1, 1, 0, 0, -1, 0, 1, 1, 0, 1, -1, 0, 0, 0, 1, 0, -1, 1, 1, 1, -1, 0, 1, 1, 1, 1, 1, -1, -1, 1, -1, -1, 1, 1, -1, 0, -1, 0, 1, 0, 1, 0, -1, 0, 1, 1, -1, 1, 0, -1, 1, 1, 0, 0, 0, -1, 0, 0, 0, 0, 1, 1, 0, 0, -1, 0, 0, 0, 1, 1, 1, -1, -1, 0, -1, -1, 0, 1, 0, 0, 0, 0, -1, 1, 0, 0, 1, 0, 1, 1, 1, 0, 0, 1, 1, -1, 1, 0, 1, -1, 1, 1, 1, 1, 0, 0, 0, 0, 0, -1, 0, 0, -1, -1, 1, 1, 1, 0, -1, -1, 1, -1, -1, -1, -1, -1, -1, -1, -1, 1, 1, -1, 0, 0, 0, -1]"
150,4,13,1.0,0.29991630444169964,3,77,"[{'cluster_no': -1, 'count': 77}, {'cluster_no': 0, 'count': 69}, {'cluster_no': 1, 'count': 91}]","[-1, 1, 1, 0, 1, 1, -1, 1, 1, 1, -1, 1, -1, -1, -1, -1, -1, -1, -1, -1, 1, -1, -1, -1, 1, 1, -1, 1, 1, 0, 0, -1, -1, 1, -1, 0, 1, -1, 1, 1, 1, 0, 1, -1, 1, 0, -1, 1, 1, 1, -1, 1, 1, 0, -1, -1, -1, 0, 0, -1, 1, 0, 0, 0, -1, 1, 1, 1, -1, -1, 1, -1, 1, -1, 1, 1, 1, -1, 1, -1, 0, -1, -1, 0, 1, -1, 0, 0, 0, -1, 0, 1, 1, 0, 1, 1, -1, 1, -1, -1, 1, 1, 1, 0, 0, -1, 0, 1, 1, 0, 1, -1, 0, 0, 0, 1, 0, -1, 1, 1, 1, -1, 0, 1, 1, 1, 1, 1, -1, -1, 1, -1, -1, 1, 1, -1, 0, -1, 0, 1, 0, 1, 0, -1, 0, 1, 1, -1, 1, 0, -1, 1, 1, 0, 0, 0, -1, 0, 0, 0, 0, 1, 1, 0, 0, -1, 0, 0, 0, 1, 1, 1, -1, -1, 0, -1, -1, 0, 1, 0, 0, 0, 0, -1, 1, 0, 0, 1, 0, 1, 1, 1, 0, 0, 1, 1, -1, 1, 0, 1, -1, 1, 1, 1, 1, 0, 0, 0, 0, 0, -1, 0, 0, -1, -1, 1, 1, 1, 0, -1, -1, 1, -1, -1, -1, -1, -1, -1, -1, -1, 1, 1, -1, 0, 0, 0, -1]"
150,4,14,0.0,0.23993542052047617,4,89,"[{'cluster_no': -1, 'count': 89}, {'cluster_no': 0, 'count': 91}, {'cluster_no': 1, 'count': 24}, {'cluster_no': 2, 'count': 33}]","[-1, 0, 0, -1, 0, 0, -1, 0, 0, 0, -1, 0, -1, -1, -1, -1, -1, -1, -1, -1, 0, -1, -1, -1, 0, 0, -1, 0, 0, 2, 2, -1, -1, 0, -1, 2, 0, -1, 0, 0, 0, 1, 0, -1, 0, 2, -1, 0, 0, 0, -1, 0, 0, 2, -1, -1, -1, 2, 2, -1, 0, -1, -1, 2, -1, 0, 0, 0, -1, -1, 0, -1, 0, -1, 0, 0, 0, -1, 0, -1, 2, -1, -1, 1, 0, -1, 2, 1, 2, -1, 2, 0, 0, -1, 0, 0, -1, 0, -1, -1, 0, 0, 0, -1, 2, -1, 1, 0, 0, 1, 0, -1, 1, 1, 2, 0, 2, -1, 0, 0, 0, -1, 1, 0, 0, 0, 0, 0, -1, -1, 0, -1, -1, 0, 0, -1, 2, -1, 2, 0, 1, 0, 2, -1, 2, 0, 0, -1, 0, 1, -1, 0, 0, -1, -1, 2, -1, -1, 2, 1, 1, 0, 0, 1, 1, -1, 2, 1, 2, 0, 0, 0, -1, -1, 2, -1, -1, 1, 0, 1, -1, 2, -1, -1, 0, 1, 2, 0, -1, 0, 0, 0, 1, -1, 0, 0, -1, 0, 1, 0, -1, 0, 0, 0, 0, 1, 2, 2, 1, 1, -1, 2, 1, -1, -1, 0, 0, 0, 2, -1, -1, 0, -1, -1, -1, -1, -1, -1, -1, -1, 0, 0, -1, 2, 2, 2, -1]"
150,4,14,0.5,0.29991630444169964,3,77,"[{'cluster_no': -1, 'count': 77}, {'cluster_no': 0, 'count': 69}, {'cluster_no': 1, 'count': 91}]","[-1, 1, 1, 0, 1, 1, -1, 1, 1, 1, -1, 1, -1, -1, -1, -1, -1, -1, -1, -1, 1, -1, -1, -1, 1, 1, -1, 1, 1, 0, 0, -1, -1, 1, -1, 0, 1, -1, 1, 1, 1, 0, 1, -1, 1, 0, -1, 1, 1, 1, -1, 1, 1, 0, -1, -1, -1, 0, 0, -1, 1, 0, 0, 0, -1, 1, 1, 1, -1, -1, 1, -1, 1, -1, 1, 1, 1, -1, 1, -1, 0, -1, -1, 0, 1, -1, 0, 0, 0, -1, 0, 1, 1, 0, 1, 1, -1, 1, -1, -1, 1, 1, 1, 0, 0, -1, 0, 1, 1, 0, 1, -1, 0, 0, 0, 1, 0, -1, 1, 1, 1, -1, 0, 1, 1, 1, 1, 1, -1, -1, 1, -1, -1, 1, 1, -1, 0, -1, 0, 1, 0, 1, 0, -1, 0, 1, 1, -1, 1, 0, -1, 1, 1, 0, 0, 0, -1, 0, 0, 0, 0, 1, 1, 0, 0, -1, 0, 0, 0, 1, 1, 1, -1, -1, 0, -1, -1, 0, 1, 0, 0, 0, 0, -1, 1, 0, 0, 1, 0, 1, 1, 1, 0, 0, 1, 1, -1, 1, 0, 1, -1, 1, 1, 1, 1, 0, 0, 0, 0, 0, -1, 0, 0, -1, -1, 1, 1, 1, 0, -1, -1, 1, -1, -1, -1, -1, -1, -1, -1, -1, 1, 1, -1, 0, 0, 0, -1]"
150,4,14,1.0,0.29991630444169964,3,77,"[{'cluster_no': -1, 'count': 77}, {'cluster_no': 0, 'count': 69}, {'cluster_no': 1, 'count': 91}]","[-1, 1, 1, 0, 1, 1, -1, 1, 1, 1, -1, 1, -1, -1, -1, -1, -1, -1, -1, -1, 1, -1, -1, -1, 1, 1, -1, 1, 1, 0, 0, -1, -1, 1, -1, 0, 1, -1, 1, 1, 1, 0, 1, -1, 1, 0, -1, 1, 1, 1, -1, 1, 1, 0, -1, -1, -1, 0, 0, -1, 1, 0, 0, 0, -1, 1, 1, 1, -1, -1, 1, -1, 1, -1, 1, 1, 1, -1, 1, -1, 0, -1, -1, 0, 1, -1, 0, 0, 0, -1, 0, 1, 1, 0, 1, 1, -1, 1, -1, -1, 1, 1, 1, 0, 0, -1, 0, 1, 1, 0, 1, -1, 0, 0, 0, 1, 0, -1, 1, 1, 1, -1, 0, 1, 1, 1, 1, 1, -1, -1, 1, -1, -1, 1, 1, -1, 0, -1, 0, 1, 0, 1, 0, -1, 0, 1, 1, -1, 1, 0, -1, 1, 1, 0, 0, 0, -1, 0, 0, 0, 0, 1, 1, 0, 0, -1, 0, 0, 0, 1, 1, 1, -1, -1, 0, -1, -1, 0, 1, 0, 0, 0, 0, -1, 1, 0, 0, 1, 0, 1, 1, 1, 0, 0, 1, 1, -1, 1, 0, 1, -1, 1, 1, 1, 1, 0, 0, 0, 0, 0, -1, 0, 0, -1, -1, 1, 1, 1, 0, -1, -1, 1, -1, -1, -1, -1, -1, -1, -1, -1, 1, 1, -1, 0, 0, 0, -1]"
150,4,15,0.0,0.23993542052047617,4,89,"[{'cluster_no': -1, 'count': 89}, {'cluster_no': 0, 'count': 91}, {'cluster_no': 1, 'count': 24}, {'cluster_no': 2, 'count': 33}]","[-1, 0, 0, -1, 0, 0, -1, 0, 0, 0, -1, 0, -1, -1, -1, -1, -1, -1, -1, -1, 0, -1, -1, -1, 0, 0, -1, 0, 0, 2, 2, -1, -1, 0, -1, 2, 0, -1, 0, 0, 0, 1, 0, -1, 0, 2, -1, 0, 0, 0, -1, 0, 0, 2, -1, -1, -1, 2, 2, -1, 0, -1, -1, 2, -1, 0, 0, 0, -1, -1, 0, -1, 0, -1, 0, 0, 0, -1, 0, -1, 2, -1, -1, 1, 0, -1, 2, 1, 2, -1, 2, 0, 0, -1, 0, 0, -1, 0, -1, -1, 0, 0, 0, -1, 2, -1, 1, 0, 0, 1, 0, -1, 1, 1, 2, 0, 2, -1, 0, 0, 0, -1, 1, 0, 0, 0, 0, 0, -1, -1, 0, -1, -1, 0, 0, -1, 2, -1, 2, 0, 1, 0, 2, -1, 2, 0, 0, -1, 0, 1, -1, 0, 0, -1, -1, 2, -1, -1, 2, 1, 1, 0, 0, 1, 1, -1, 2, 1, 2, 0, 0, 0, -1, -1, 2, -1, -1, 1, 0, 1, -1, 2, -1, -1, 0, 1, 2, 0, -1, 0, 0, 0, 1, -1, 0, 0, -1, 0, 1, 0, -1, 0, 0, 0, 0, 1, 2, 2, 1, 1, -1, 2, 1, -1, -1, 0, 0, 0, 2, -1, -1, 0, -1, -1, -1, -1, -1, -1, -1, -1, 0, 0, -1, 2, 2, 2, -1]"
150,4,15,0.5,0.29991630444169964,3,77,"[{'cluster_no': -1, 'count': 77}, {'cluster_no': 0, 'count': 69}, {'cluster_no': 1, 'count': 91}]","[-1, 1, 1, 0, 1, 1, -1, 1, 1, 1, -1, 1, -1, -1, -1, -1, -1, -1, -1, -1, 1, -1, -1, -1, 1, 1, -1, 1, 1, 0, 0, -1, -1, 1, -1, 0, 1, -1, 1, 1, 1, 0, 1, -1, 1, 0, -1, 1, 1, 1, -1, 1, 1, 0, -1, -1, -1, 0, 0, -1, 1, 0, 0, 0, -1, 1, 1, 1, -1, -1, 1, -1, 1, -1, 1, 1, 1, -1, 1, -1, 0, -1, -1, 0, 1, -1, 0, 0, 0, -1, 0, 1, 1, 0, 1, 1, -1, 1, -1, -1, 1, 1, 1, 0, 0, -1, 0, 1, 1, 0, 1, -1, 0, 0, 0, 1, 0, -1, 1, 1, 1, -1, 0, 1, 1, 1, 1, 1, -1, -1, 1, -1, -1, 1, 1, -1, 0, -1, 0, 1, 0, 1, 0, -1, 0, 1, 1, -1, 1, 0, -1, 1, 1, 0, 0, 0, -1, 0, 0, 0, 0, 1, 1, 0, 0, -1, 0, 0, 0, 1, 1, 1, -1, -1, 0, -1, -1, 0, 1, 0, 0, 0, 0, -1, 1, 0, 0, 1, 0, 1, 1, 1, 0, 0, 1, 1, -1, 1, 0, 1, -1, 1, 1, 1, 1, 0, 0, 0, 0, 0, -1, 0, 0, -1, -1, 1, 1, 1, 0, -1, -1, 1, -1, -1, -1, -1, -1, -1, -1, -1, 1, 1, -1, 0, 0, 0, -1]"
150,4,15,1.0,0.29991630444169964,3,77,"[{'cluster_no': -1, 'count': 77}, {'cluster_no': 0, 'count': 69}, {'cluster_no': 1, 'count': 91}]","[-1, 1, 1, 0, 1, 1, -1, 1, 1, 1, -1, 1, -1, -1, -1, -1, -1, -1, -1, -1, 1, -1, -1, -1, 1, 1, -1, 1, 1, 0, 0, -1, -1, 1, -1, 0, 1, -1, 1, 1, 1, 0, 1, -1, 1, 0, -1, 1, 1, 1, -1, 1, 1, 0, -1, -1, -1, 0, 0, -1, 1, 0, 0, 0, -1, 1, 1, 1, -1, -1, 1, -1, 1, -1, 1, 1, 1, -1, 1, -1, 0, -1, -1, 0, 1, -1, 0, 0, 0, -1, 0, 1, 1, 0, 1, 1, -1, 1, -1, -1, 1, 1, 1, 0, 0, -1, 0, 1, 1, 0, 1, -1, 0, 0, 0, 1, 0, -1, 1, 1, 1, -1, 0, 1, 1, 1, 1, 1, -1, -1, 1, -1, -1, 1, 1, -1, 0, -1, 0, 1, 0, 1, 0, -1, 0, 1, 1, -1, 1, 0, -1, 1, 1, 0, 0, 0, -1, 0, 0, 0, 0, 1, 1, 0, 0, -1, 0, 0, 0, 1, 1, 1, -1, -1, 0, -1, -1, 0, 1, 0, 0, 0, 0, -1, 1, 0, 0, 1, 0, 1, 1, 1, 0, 0, 1, 1, -1, 1, 0, 1, -1, 1, 1, 1, 1, 0, 0, 0, 0, 0, -1, 0, 0, -1, -1, 1, 1, 1, 0, -1, -1, 1, -1, -1, -1, -1, -1, -1, -1, -1, 1, 1, -1, 0, 0, 0, -1]"
150,4,16,0.0,0.23993542052047617,4,89,"[{'cluster_no': -1, 'count': 89}, {'cluster_no': 0, 'count': 91}, {'cluster_no': 1, 'count': 24}, {'cluster_no': 2, 'count': 33}]","[-1, 0, 0, -1, 0, 0, -1, 0, 0, 0, -1, 0, -1, -1, -1, -1, -1, -1, -1, -1, 0, -1, -1, -1, 0, 0, -1, 0, 0, 2, 2, -1, -1, 0, -1, 2, 0, -1, 0, 0, 0, 1, 0, -1, 0, 2, -1, 0, 0, 0, -1, 0, 0, 2, -1, -1, -1, 2, 2, -1, 0, -1, -1, 2, -1, 0, 0, 0, -1, -1, 0, -1, 0, -1, 0, 0, 0, -1, 0, -1, 2, -1, -1, 1, 0, -1, 2, 1, 2, -1, 2, 0, 0, -1, 0, 0, -1, 0, -1, -1, 0, 0, 0, -1, 2, -1, 1, 0, 0, 1, 0, -1, 1, 1, 2, 0, 2, -1, 0, 0, 0, -1, 1, 0, 0, 0, 0, 0, -1, -1, 0, -1, -1, 0, 0, -1, 2, -1, 2, 0, 1, 0, 2, -1, 2, 0, 0, -1, 0, 1, -1, 0, 0, -1, -1, 2, -1, -1, 2, 1, 1, 0, 0, 1, 1, -1, 2, 1, 2, 0, 0, 0, -1, -1, 2, -1, -1, 1, 0, 1, -1, 2, -1, -1, 0, 1, 2, 0, -1, 0, 0, 0, 1, -1, 0, 0, -1, 0, 1, 0, -1, 0, 0, 0, 0, 1, 2, 2, 1, 1, -1, 2, 1, -1, -1, 0, 0, 0, 2, -1, -1, 0, -1, -1, -1, -1, -1, -1, -1, -1, 0, 0, -1, 2, 2, 2, -1]"
150,4,16,0.5,0.29991630444169964,3,77,"[{'cluster_no': -1, 'count': 77}, {'cluster_no': 0, 'count': 69}, {'cluster_no': 1, 'count': 91}]","[-1, 1, 1, 0, 1, 1, -1, 1, 1, 1, -1, 1, -1, -1, -1, -1, -1, -1, -1, -1, 1, -1, -1, -1, 1, 1, -1, 1, 1, 0, 0, -1, -1, 1, -1, 0, 1, -1, 1, 1, 1, 0, 1, -1, 1, 0, -1, 1, 1, 1, -1, 1, 1, 0, -1, -1, -1, 0, 0, -1, 1, 0, 0, 0, -1, 1, 1, 1, -1, -1, 1, -1, 1, -1, 1, 1, 1, -1, 1, -1, 0, -1, -1, 0, 1, -1, 0, 0, 0, -1, 0, 1, 1, 0, 1, 1, -1, 1, -1, -1, 1, 1, 1, 0, 0, -1, 0, 1, 1, 0, 1, -1, 0, 0, 0, 1, 0, -1, 1, 1, 1, -1, 0, 1, 1, 1, 1, 1, -1, -1, 1, -1, -1, 1, 1, -1, 0, -1, 0, 1, 0, 1, 0, -1, 0, 1, 1, -1, 1, 0, -1, 1, 1, 0, 0, 0, -1, 0, 0, 0, 0, 1, 1, 0, 0, -1, 0, 0, 0, 1, 1, 1, -1, -1, 0, -1, -1, 0, 1, 0, 0, 0, 0, -1, 1, 0, 0, 1, 0, 1, 1, 1, 0, 0, 1, 1, -1, 1, 0, 1, -1, 1, 1, 1, 1, 0, 0, 0, 0, 0, -1, 0, 0, -1, -1, 1, 1, 1, 0, -1, -1, 1, -1, -1, -1, -1, -1, -1, -1, -1, 1, 1, -1, 0, 0, 0, -1]"
150,4,16,1.0,0.29991630444169964,3,77,"[{'cluster_no': -1, 'count': 77}, {'cluster_no': 0, 'count': 69}, {'cluster_no': 1, 'count': 91}]","[-1, 1, 1, 0, 1, 1, -1, 1, 1, 1, -1, 1, -1, -1, -1, -1, -1, -1, -1, -1, 1, -1, -1, -1, 1, 1, -1, 1, 1, 0, 0, -1, -1, 1, -1, 0, 1, -1, 1, 1, 1, 0, 1, -1, 1, 0, -1, 1, 1, 1, -1, 1, 1, 0, -1, -1, -1, 0, 0, -1, 1, 0, 0, 0, -1, 1, 1, 1, -1, -1, 1, -1, 1, -1, 1, 1, 1, -1, 1, -1, 0, -1, -1, 0, 1, -1, 0, 0, 0, -1, 0, 1, 1, 0, 1, 1, -1, 1, -1, -1, 1, 1, 1, 0, 0, -1, 0, 1, 1, 0, 1, -1, 0, 0, 0, 1, 0, -1, 1, 1, 1, -1, 0, 1, 1, 1, 1, 1, -1, -1, 1, -1, -1, 1, 1, -1, 0, -1, 0, 1, 0, 1, 0, -1, 0, 1, 1, -1, 1, 0, -1, 1, 1, 0, 0, 0, -1, 0, 0, 0, 0, 1, 1, 0, 0, -1, 0, 0, 0, 1, 1, 1, -1, -1, 0, -1, -1, 0, 1, 0, 0, 0, 0, -1, 1, 0, 0, 1, 0, 1, 1, 1, 0, 0, 1, 1, -1, 1, 0, 1, -1, 1, 1, 1, 1, 0, 0, 0, 0, 0, -1, 0, 0, -1, -1, 1, 1, 1, 0, -1, -1, 1, -1, -1, -1, -1, -1, -1, -1, -1, 1, 1, -1, 0, 0, 0, -1]"
150,4,17,0.0,0.23993542052047617,4,89,"[{'cluster_no': -1, 'count': 89}, {'cluster_no': 0, 'count': 91}, {'cluster_no': 1, 'count': 24}, {'cluster_no': 2, 'count': 33}]","[-1, 0, 0, -1, 0, 0, -1, 0, 0, 0, -1, 0, -1, -1, -1, -1, -1, -1, -1, -1, 0, -1, -1, -1, 0, 0, -1, 0, 0, 2, 2, -1, -1, 0, -1, 2, 0, -1, 0, 0, 0, 1, 0, -1, 0, 2, -1, 0, 0, 0, -1, 0, 0, 2, -1, -1, -1, 2, 2, -1, 0, -1, -1, 2, -1, 0, 0, 0, -1, -1, 0, -1, 0, -1, 0, 0, 0, -1, 0, -1, 2, -1, -1, 1, 0, -1, 2, 1, 2, -1, 2, 0, 0, -1, 0, 0, -1, 0, -1, -1, 0, 0, 0, -1, 2, -1, 1, 0, 0, 1, 0, -1, 1, 1, 2, 0, 2, -1, 0, 0, 0, -1, 1, 0, 0, 0, 0, 0, -1, -1, 0, -1, -1, 0, 0, -1, 2, -1, 2, 0, 1, 0, 2, -1, 2, 0, 0, -1, 0, 1, -1, 0, 0, -1, -1, 2, -1, -1, 2, 1, 1, 0, 0, 1, 1, -1, 2, 1, 2, 0, 0, 0, -1, -1, 2, -1, -1, 1, 0, 1, -1, 2, -1, -1, 0, 1, 2, 0, -1, 0, 0, 0, 1, -1, 0, 0, -1, 0, 1, 0, -1, 0, 0, 0, 0, 1, 2, 2, 1, 1, -1, 2, 1, -1, -1, 0, 0, 0, 2, -1, -1, 0, -1, -1, -1, -1, -1, -1, -1, -1, 0, 0, -1, 2, 2, 2, -1]"
150,4,17,0.5,0.29991630444169964,3,77,"[{'cluster_no': -1, 'count': 77}, {'cluster_no': 0, 'count': 69}, {'cluster_no': 1, 'count': 91}]","[-1, 1, 1, 0, 1, 1, -1, 1, 1, 1, -1, 1, -1, -1, -1, -1, -1, -1, -1, -1, 1, -1, -1, -1, 1, 1, -1, 1, 1, 0, 0, -1, -1, 1, -1, 0, 1, -1, 1, 1, 1, 0, 1, -1, 1, 0, -1, 1, 1, 1, -1, 1, 1, 0, -1, -1, -1, 0, 0, -1, 1, 0, 0, 0, -1, 1, 1, 1, -1, -1, 1, -1, 1, -1, 1, 1, 1, -1, 1, -1, 0, -1, -1, 0, 1, -1, 0, 0, 0, -1, 0, 1, 1, 0, 1, 1, -1, 1, -1, -1, 1, 1, 1, 0, 0, -1, 0, 1, 1, 0, 1, -1, 0, 0, 0, 1, 0, -1, 1, 1, 1, -1, 0, 1, 1, 1, 1, 1, -1, -1, 1, -1, -1, 1, 1, -1, 0, -1, 0, 1, 0, 1, 0, -1, 0, 1, 1, -1, 1, 0, -1, 1, 1, 0, 0, 0, -1, 0, 0, 0, 0, 1, 1, 0, 0, -1, 0, 0, 0, 1, 1, 1, -1, -1, 0, -1, -1, 0, 1, 0, 0, 0, 0, -1, 1, 0, 0, 1, 0, 1, 1, 1, 0, 0, 1, 1, -1, 1, 0, 1, -1, 1, 1, 1, 1, 0, 0, 0, 0, 0, -1, 0, 0, -1, -1, 1, 1, 1, 0, -1, -1, 1, -1, -1, -1, -1, -1, -1, -1, -1, 1, 1, -1, 0, 0, 0, -1]"
150,4,17,1.0,0.29991630444169964,3,77,"[{'cluster_no': -1, 'count': 77}, {'cluster_no': 0, 'count': 69}, {'cluster_no': 1, 'count': 91}]","[-1, 1, 1, 0, 1, 1, -1, 1, 1, 1, -1, 1, -1, -1, -1, -1, -1, -1, -1, -1, 1, -1, -1, -1, 1, 1, -1, 1, 1, 0, 0, -1, -1, 1, -1, 0, 1, -1, 1, 1, 1, 0, 1, -1, 1, 0, -1, 1, 1, 1, -1, 1, 1, 0, -1, -1, -1, 0, 0, -1, 1, 0, 0, 0, -1, 1, 1, 1, -1, -1, 1, -1, 1, -1, 1, 1, 1, -1, 1, -1, 0, -1, -1, 0, 1, -1, 0, 0, 0, -1, 0, 1, 1, 0, 1, 1, -1, 1, -1, -1, 1, 1, 1, 0, 0, -1, 0, 1, 1, 0, 1, -1, 0, 0, 0, 1, 0, -1, 1, 1, 1, -1, 0, 1, 1, 1, 1, 1, -1, -1, 1, -1, -1, 1, 1, -1, 0, -1, 0, 1, 0, 1, 0, -1, 0, 1, 1, -1, 1, 0, -1, 1, 1, 0, 0, 0, -1, 0, 0, 0, 0, 1, 1, 0, 0, -1, 0, 0, 0, 1, 1, 1, -1, -1, 0, -1, -1, 0, 1, 0, 0, 0, 0, -1, 1, 0, 0, 1, 0, 1, 1, 1, 0, 0, 1, 1, -1, 1, 0, 1, -1, 1, 1, 1, 1, 0, 0, 0, 0, 0, -1, 0, 0, -1, -1, 1, 1, 1, 0, -1, -1, 1, -1, -1, -1, -1, -1, -1, -1, -1, 1, 1, -1, 0, 0, 0, -1]"
150,4,18,0.0,0.23993542052047617,4,89,"[{'cluster_no': -1, 'count': 89}, {'cluster_no': 0, 'count': 91}, {'cluster_no': 1, 'count': 24}, {'cluster_no': 2, 'count': 33}]","[-1, 0, 0, -1, 0, 0, -1, 0, 0, 0, -1, 0, -1, -1, -1, -1, -1, -1, -1, -1, 0, -1, -1, -1, 0, 0, -1, 0, 0, 2, 2, -1, -1, 0, -1, 2, 0, -1, 0, 0, 0, 1, 0, -1, 0, 2, -1, 0, 0, 0, -1, 0, 0, 2, -1, -1, -1, 2, 2, -1, 0, -1, -1, 2, -1, 0, 0, 0, -1, -1, 0, -1, 0, -1, 0, 0, 0, -1, 0, -1, 2, -1, -1, 1, 0, -1, 2, 1, 2, -1, 2, 0, 0, -1, 0, 0, -1, 0, -1, -1, 0, 0, 0, -1, 2, -1, 1, 0, 0, 1, 0, -1, 1, 1, 2, 0, 2, -1, 0, 0, 0, -1, 1, 0, 0, 0, 0, 0, -1, -1, 0, -1, -1, 0, 0, -1, 2, -1, 2, 0, 1, 0, 2, -1, 2, 0, 0, -1, 0, 1, -1, 0, 0, -1, -1, 2, -1, -1, 2, 1, 1, 0, 0, 1, 1, -1, 2, 1, 2, 0, 0, 0, -1, -1, 2, -1, -1, 1, 0, 1, -1, 2, -1, -1, 0, 1, 2, 0, -1, 0, 0, 0, 1, -1, 0, 0, -1, 0, 1, 0, -1, 0, 0, 0, 0, 1, 2, 2, 1, 1, -1, 2, 1, -1, -1, 0, 0, 0, 2, -1, -1, 0, -1, -1, -1, -1, -1, -1, -1, -1, 0, 0, -1, 2, 2, 2, -1]"
150,4,18,0.5,0.29991630444169964,3,77,"[{'cluster_no': -1, 'count': 77}, {'cluster_no': 0, 'count': 69}, {'cluster_no': 1, 'count': 91}]","[-1, 1, 1, 0, 1, 1, -1, 1, 1, 1, -1, 1, -1, -1, -1, -1, -1, -1, -1, -1, 1, -1, -1, -1, 1, 1, -1, 1, 1, 0, 0, -1, -1, 1, -1, 0, 1, -1, 1, 1, 1, 0, 1, -1, 1, 0, -1, 1, 1, 1, -1, 1, 1, 0, -1, -1, -1, 0, 0, -1, 1, 0, 0, 0, -1, 1, 1, 1, -1, -1, 1, -1, 1, -1, 1, 1, 1, -1, 1, -1, 0, -1, -1, 0, 1, -1, 0, 0, 0, -1, 0, 1, 1, 0, 1, 1, -1, 1, -1, -1, 1, 1, 1, 0, 0, -1, 0, 1, 1, 0, 1, -1, 0, 0, 0, 1, 0, -1, 1, 1, 1, -1, 0, 1, 1, 1, 1, 1, -1, -1, 1, -1, -1, 1, 1, -1, 0, -1, 0, 1, 0, 1, 0, -1, 0, 1, 1, -1, 1, 0, -1, 1, 1, 0, 0, 0, -1, 0, 0, 0, 0, 1, 1, 0, 0, -1, 0, 0, 0, 1, 1, 1, -1, -1, 0, -1, -1, 0, 1, 0, 0, 0, 0, -1, 1, 0, 0, 1, 0, 1, 1, 1, 0, 0, 1, 1, -1, 1, 0, 1, -1, 1, 1, 1, 1, 0, 0, 0, 0, 0, -1, 0, 0, -1, -1, 1, 1, 1, 0, -1, -1, 1, -1, -1, -1, -1, -1, -1, -1, -1, 1, 1, -1, 0, 0, 0, -1]"
150,4,18,1.0,0.29991630444169964,3,77,"[{'cluster_no': -1, 'count': 77}, {'cluster_no': 0, 'count': 69}, {'cluster_no': 1, 'count': 91}]","[-1, 1, 1, 0, 1, 1, -1, 1, 1, 1, -1, 1, -1, -1, -1, -1, -1, -1, -1, -1, 1, -1, -1, -1, 1, 1, -1, 1, 1, 0, 0, -1, -1, 1, -1, 0, 1, -1, 1, 1, 1, 0, 1, -1, 1, 0, -1, 1, 1, 1, -1, 1, 1, 0, -1, -1, -1, 0, 0, -1, 1, 0, 0, 0, -1, 1, 1, 1, -1, -1, 1, -1, 1, -1, 1, 1, 1, -1, 1, -1, 0, -1, -1, 0, 1, -1, 0, 0, 0, -1, 0, 1, 1, 0, 1, 1, -1, 1, -1, -1, 1, 1, 1, 0, 0, -1, 0, 1, 1, 0, 1, -1, 0, 0, 0, 1, 0, -1, 1, 1, 1, -1, 0, 1, 1, 1, 1, 1, -1, -1, 1, -1, -1, 1, 1, -1, 0, -1, 0, 1, 0, 1, 0, -1, 0, 1, 1, -1, 1, 0, -1, 1, 1, 0, 0, 0, -1, 0, 0, 0, 0, 1, 1, 0, 0, -1, 0, 0, 0, 1, 1, 1, -1, -1, 0, -1, -1, 0, 1, 0, 0, 0, 0, -1, 1, 0, 0, 1, 0, 1, 1, 1, 0, 0, 1, 1, -1, 1, 0, 1, -1, 1, 1, 1, 1, 0, 0, 0, 0, 0, -1, 0, 0, -1, -1, 1, 1, 1, 0, -1, -1, 1, -1, -1, -1, -1, -1, -1, -1, -1, 1, 1, -1, 0, 0, 0, -1]"
150,4,19,0.0,0.23993542052047617,4,89,"[{'cluster_no': -1, 'count': 89}, {'cluster_no': 0, 'count': 91}, {'cluster_no': 1, 'count': 24}, {'cluster_no': 2, 'count': 33}]","[-1, 0, 0, -1, 0, 0, -1, 0, 0, 0, -1, 0, -1, -1, -1, -1, -1, -1, -1, -1, 0, -1, -1, -1, 0, 0, -1, 0, 0, 2, 2, -1, -1, 0, -1, 2, 0, -1, 0, 0, 0, 1, 0, -1, 0, 2, -1, 0, 0, 0, -1, 0, 0, 2, -1, -1, -1, 2, 2, -1, 0, -1, -1, 2, -1, 0, 0, 0, -1, -1, 0, -1, 0, -1, 0, 0, 0, -1, 0, -1, 2, -1, -1, 1, 0, -1, 2, 1, 2, -1, 2, 0, 0, -1, 0, 0, -1, 0, -1, -1, 0, 0, 0, -1, 2, -1, 1, 0, 0, 1, 0, -1, 1, 1, 2, 0, 2, -1, 0, 0, 0, -1, 1, 0, 0, 0, 0, 0, -1, -1, 0, -1, -1, 0, 0, -1, 2, -1, 2, 0, 1, 0, 2, -1, 2, 0, 0, -1, 0, 1, -1, 0, 0, -1, -1, 2, -1, -1, 2, 1, 1, 0, 0, 1, 1, -1, 2, 1, 2, 0, 0, 0, -1, -1, 2, -1, -1, 1, 0, 1, -1, 2, -1, -1, 0, 1, 2, 0, -1, 0, 0, 0, 1, -1, 0, 0, -1, 0, 1, 0, -1, 0, 0, 0, 0, 1, 2, 2, 1, 1, -1, 2, 1, -1, -1, 0, 0, 0, 2, -1, -1, 0, -1, -1, -1, -1, -1, -1, -1, -1, 0, 0, -1, 2, 2, 2, -1]"
150,4,19,0.5,0.29991630444169964,3,77,"[{'cluster_no': -1, 'count': 77}, {'cluster_no': 0, 'count': 69}, {'cluster_no': 1, 'count': 91}]","[-1, 1, 1, 0, 1, 1, -1, 1, 1, 1, -1, 1, -1, -1, -1, -1, -1, -1, -1, -1, 1, -1, -1, -1, 1, 1, -1, 1, 1, 0, 0, -1, -1, 1, -1, 0, 1, -1, 1, 1, 1, 0, 1, -1, 1, 0, -1, 1, 1, 1, -1, 1, 1, 0, -1, -1, -1, 0, 0, -1, 1, 0, 0, 0, -1, 1, 1, 1, -1, -1, 1, -1, 1, -1, 1, 1, 1, -1, 1, -1, 0, -1, -1, 0, 1, -1, 0, 0, 0, -1, 0, 1, 1, 0, 1, 1, -1, 1, -1, -1, 1, 1, 1, 0, 0, -1, 0, 1, 1, 0, 1, -1, 0, 0, 0, 1, 0, -1, 1, 1, 1, -1, 0, 1, 1, 1, 1, 1, -1, -1, 1, -1, -1, 1, 1, -1, 0, -1, 0, 1, 0, 1, 0, -1, 0, 1, 1, -1, 1, 0, -1, 1, 1, 0, 0, 0, -1, 0, 0, 0, 0, 1, 1, 0, 0, -1, 0, 0, 0, 1, 1, 1, -1, -1, 0, -1, -1, 0, 1, 0, 0, 0, 0, -1, 1, 0, 0, 1, 0, 1, 1, 1, 0, 0, 1, 1, -1, 1, 0, 1, -1, 1, 1, 1, 1, 0, 0, 0, 0, 0, -1, 0, 0, -1, -1, 1, 1, 1, 0, -1, -1, 1, -1, -1, -1, -1, -1, -1, -1, -1, 1, 1, -1, 0, 0, 0, -1]"
150,4,19,1.0,0.29991630444169964,3,77,"[{'cluster_no': -1, 'count': 77}, {'cluster_no': 0, 'count': 69}, {'cluster_no': 1, 'count': 91}]","[-1, 1, 1, 0, 1, 1, -1, 1, 1, 1, -1, 1, -1, -1, -1, -1, -1, -1, -1, -1, 1, -1, -1, -1, 1, 1, -1, 1, 1, 0, 0, -1, -1, 1, -1, 0, 1, -1, 1, 1, 1, 0, 1, -1, 1, 0, -1, 1, 1, 1, -1, 1, 1, 0, -1, -1, -1, 0, 0, -1, 1, 0, 0, 0, -1, 1, 1, 1, -1, -1, 1, -1, 1, -1, 1, 1, 1, -1, 1, -1, 0, -1, -1, 0, 1, -1, 0, 0, 0, -1, 0, 1, 1, 0, 1, 1, -1, 1, -1, -1, 1, 1, 1, 0, 0, -1, 0, 1, 1, 0, 1, -1, 0, 0, 0, 1, 0, -1, 1, 1, 1, -1, 0, 1, 1, 1, 1, 1, -1, -1, 1, -1, -1, 1, 1, -1, 0, -1, 0, 1, 0, 1, 0, -1, 0, 1, 1, -1, 1, 0, -1, 1, 1, 0, 0, 0, -1, 0, 0, 0, 0, 1, 1, 0, 0, -1, 0, 0, 0, 1, 1, 1, -1, -1, 0, -1, -1, 0, 1, 0, 0, 0, 0, -1, 1, 0, 0, 1, 0, 1, 1, 1, 0, 0, 1, 1, -1, 1, 0, 1, -1, 1, 1, 1, 1, 0, 0, 0, 0, 0, -1, 0, 0, -1, -1, 1, 1, 1, 0, -1, -1, 1, -1, -1, -1, -1, -1, -1, -1, -1, 1, 1, -1, 0, 0, 0, -1]"
150,4,20,0.0,0.23993542052047617,4,89,"[{'cluster_no': -1, 'count': 89}, {'cluster_no': 0, 'count': 91}, {'cluster_no': 1, 'count': 24}, {'cluster_no': 2, 'count': 33}]","[-1, 0, 0, -1, 0, 0, -1, 0, 0, 0, -1, 0, -1, -1, -1, -1, -1, -1, -1, -1, 0, -1, -1, -1, 0, 0, -1, 0, 0, 2, 2, -1, -1, 0, -1, 2, 0, -1, 0, 0, 0, 1, 0, -1, 0, 2, -1, 0, 0, 0, -1, 0, 0, 2, -1, -1, -1, 2, 2, -1, 0, -1, -1, 2, -1, 0, 0, 0, -1, -1, 0, -1, 0, -1, 0, 0, 0, -1, 0, -1, 2, -1, -1, 1, 0, -1, 2, 1, 2, -1, 2, 0, 0, -1, 0, 0, -1, 0, -1, -1, 0, 0, 0, -1, 2, -1, 1, 0, 0, 1, 0, -1, 1, 1, 2, 0, 2, -1, 0, 0, 0, -1, 1, 0, 0, 0, 0, 0, -1, -1, 0, -1, -1, 0, 0, -1, 2, -1, 2, 0, 1, 0, 2, -1, 2, 0, 0, -1, 0, 1, -1, 0, 0, -1, -1, 2, -1, -1, 2, 1, 1, 0, 0, 1, 1, -1, 2, 1, 2, 0, 0, 0, -1, -1, 2, -1, -1, 1, 0, 1, -1, 2, -1, -1, 0, 1, 2, 0, -1, 0, 0, 0, 1, -1, 0, 0, -1, 0, 1, 0, -1, 0, 0, 0, 0, 1, 2, 2, 1, 1, -1, 2, 1, -1, -1, 0, 0, 0, 2, -1, -1, 0, -1, -1, -1, -1, -1, -1, -1, -1, 0, 0, -1, 2, 2, 2, -1]"
150,4,20,0.5,0.29991630444169964,3,77,"[{'cluster_no': -1, 'count': 77}, {'cluster_no': 0, 'count': 69}, {'cluster_no': 1, 'count': 91}]","[-1, 1, 1, 0, 1, 1, -1, 1, 1, 1, -1, 1, -1, -1, -1, -1, -1, -1, -1, -1, 1, -1, -1, -1, 1, 1, -1, 1, 1, 0, 0, -1, -1, 1, -1, 0, 1, -1, 1, 1, 1, 0, 1, -1, 1, 0, -1, 1, 1, 1, -1, 1, 1, 0, -1, -1, -1, 0, 0, -1, 1, 0, 0, 0, -1, 1, 1, 1, -1, -1, 1, -1, 1, -1, 1, 1, 1, -1, 1, -1, 0, -1, -1, 0, 1, -1, 0, 0, 0, -1, 0, 1, 1, 0, 1, 1, -1, 1, -1, -1, 1, 1, 1, 0, 0, -1, 0, 1, 1, 0, 1, -1, 0, 0, 0, 1, 0, -1, 1, 1, 1, -1, 0, 1, 1, 1, 1, 1, -1, -1, 1, -1, -1, 1, 1, -1, 0, -1, 0, 1, 0, 1, 0, -1, 0, 1, 1, -1, 1, 0, -1, 1, 1, 0, 0, 0, -1, 0, 0, 0, 0, 1, 1, 0, 0, -1, 0, 0, 0, 1, 1, 1, -1, -1, 0, -1, -1, 0, 1, 0, 0, 0, 0, -1, 1, 0, 0, 1, 0, 1, 1, 1, 0, 0, 1, 1, -1, 1, 0, 1, -1, 1, 1, 1, 1, 0, 0, 0, 0, 0, -1, 0, 0, -1, -1, 1, 1, 1, 0, -1, -1, 1, -1, -1, -1, -1, -1, -1, -1, -1, 1, 1, -1, 0, 0, 0, -1]"
150,4,20,1.0,0.29991630444169964,3,77,"[{'cluster_no': -1, 'count': 77}, {'cluster_no': 0, 'count': 69}, {'cluster_no': 1, 'count': 91}]","[-1, 1, 1, 0, 1, 1, -1, 1, 1, 1, -1, 1, -1, -1, -1, -1, -1, -1, -1, -1, 1, -1, -1, -1, 1, 1, -1, 1, 1, 0, 0, -1, -1, 1, -1, 0, 1, -1, 1, 1, 1, 0, 1, -1, 1, 0, -1, 1, 1, 1, -1, 1, 1, 0, -1, -1, -1, 0, 0, -1, 1, 0, 0, 0, -1, 1, 1, 1, -1, -1, 1, -1, 1, -1, 1, 1, 1, -1, 1, -1, 0, -1, -1, 0, 1, -1, 0, 0, 0, -1, 0, 1, 1, 0, 1, 1, -1, 1, -1, -1, 1, 1, 1, 0, 0, -1, 0, 1, 1, 0, 1, -1, 0, 0, 0, 1, 0, -1, 1, 1, 1, -1, 0, 1, 1, 1, 1, 1, -1, -1, 1, -1, -1, 1, 1, -1, 0, -1, 0, 1, 0, 1, 0, -1, 0, 1, 1, -1, 1, 0, -1, 1, 1, 0, 0, 0, -1, 0, 0, 0, 0, 1, 1, 0, 0, -1, 0, 0, 0, 1, 1, 1, -1, -1, 0, -1, -1, 0, 1, 0, 0, 0, 0, -1, 1, 0, 0, 1, 0, 1, 1, 1, 0, 0, 1, 1, -1, 1, 0, 1, -1, 1, 1, 1, 1, 0, 0, 0, 0, 0, -1, 0, 0, -1, -1, 1, 1, 1, 0, -1, -1, 1, -1, -1, -1, -1, -1, -1, -1, -1, 1, 1, -1, 0, 0, 0, -1]"
150,4,21,0.0,0.23993542052047617,4,89,"[{'cluster_no': -1, 'count': 89}, {'cluster_no': 0, 'count': 91}, {'cluster_no': 1, 'count': 24}, {'cluster_no': 2, 'count': 33}]","[-1, 0, 0, -1, 0, 0, -1, 0, 0, 0, -1, 0, -1, -1, -1, -1, -1, -1, -1, -1, 0, -1, -1, -1, 0, 0, -1, 0, 0, 2, 2, -1, -1, 0, -1, 2, 0, -1, 0, 0, 0, 1, 0, -1, 0, 2, -1, 0, 0, 0, -1, 0, 0, 2, -1, -1, -1, 2, 2, -1, 0, -1, -1, 2, -1, 0, 0, 0, -1, -1, 0, -1, 0, -1, 0, 0, 0, -1, 0, -1, 2, -1, -1, 1, 0, -1, 2, 1, 2, -1, 2, 0, 0, -1, 0, 0, -1, 0, -1, -1, 0, 0, 0, -1, 2, -1, 1, 0, 0, 1, 0, -1, 1, 1, 2, 0, 2, -1, 0, 0, 0, -1, 1, 0, 0, 0, 0, 0, -1, -1, 0, -1, -1, 0, 0, -1, 2, -1, 2, 0, 1, 0, 2, -1, 2, 0, 0, -1, 0, 1, -1, 0, 0, -1, -1, 2, -1, -1, 2, 1, 1, 0, 0, 1, 1, -1, 2, 1, 2, 0, 0, 0, -1, -1, 2, -1, -1, 1, 0, 1, -1, 2, -1, -1, 0, 1, 2, 0, -1, 0, 0, 0, 1, -1, 0, 0, -1, 0, 1, 0, -1, 0, 0, 0, 0, 1, 2, 2, 1, 1, -1, 2, 1, -1, -1, 0, 0, 0, 2, -1, -1, 0, -1, -1, -1, -1, -1, -1, -1, -1, 0, 0, -1, 2, 2, 2, -1]"
150,4,21,0.5,0.29991630444169964,3,77,"[{'cluster_no': -1, 'count': 77}, {'cluster_no': 0, 'count': 69}, {'cluster_no': 1, 'count': 91}]","[-1, 1, 1, 0, 1, 1, -1, 1, 1, 1, -1, 1, -1, -1, -1, -1, -1, -1, -1, -1, 1, -1, -1, -1, 1, 1, -1, 1, 1, 0, 0, -1, -1, 1, -1, 0, 1, -1, 1, 1, 1, 0, 1, -1, 1, 0, -1, 1, 1, 1, -1, 1, 1, 0, -1, -1, -1, 0, 0, -1, 1, 0, 0, 0, -1, 1, 1, 1, -1, -1, 1, -1, 1, -1, 1, 1, 1, -1, 1, -1, 0, -1, -1, 0, 1, -1, 0, 0, 0, -1, 0, 1, 1, 0, 1, 1, -1, 1, -1, -1, 1, 1, 1, 0, 0, -1, 0, 1, 1, 0, 1, -1, 0, 0, 0, 1, 0, -1, 1, 1, 1, -1, 0, 1, 1, 1, 1, 1, -1, -1, 1, -1, -1, 1, 1, -1, 0, -1, 0, 1, 0, 1, 0, -1, 0, 1, 1, -1, 1, 0, -1, 1, 1, 0, 0, 0, -1, 0, 0, 0, 0, 1, 1, 0, 0, -1, 0, 0, 0, 1, 1, 1, -1, -1, 0, -1, -1, 0, 1, 0, 0, 0, 0, -1, 1, 0, 0, 1, 0, 1, 1, 1, 0, 0, 1, 1, -1, 1, 0, 1, -1, 1, 1, 1, 1, 0, 0, 0, 0, 0, -1, 0, 0, -1, -1, 1, 1, 1, 0, -1, -1, 1, -1, -1, -1, -1, -1, -1, -1, -1, 1, 1, -1, 0, 0, 0, -1]"
150,4,21,1.0,0.29991630444169964,3,77,"[{'cluster_no': -1, 'count': 77}, {'cluster_no': 0, 'count': 69}, {'cluster_no': 1, 'count': 91}]","[-1, 1, 1, 0, 1, 1, -1, 1, 1, 1, -1, 1, -1, -1, -1, -1, -1, -1, -1, -1, 1, -1, -1, -1, 1, 1, -1, 1, 1, 0, 0, -1, -1, 1, -1, 0, 1, -1, 1, 1, 1, 0, 1, -1, 1, 0, -1, 1, 1, 1, -1, 1, 1, 0, -1, -1, -1, 0, 0, -1, 1, 0, 0, 0, -1, 1, 1, 1, -1, -1, 1, -1, 1, -1, 1, 1, 1, -1, 1, -1, 0, -1, -1, 0, 1, -1, 0, 0, 0, -1, 0, 1, 1, 0, 1, 1, -1, 1, -1, -1, 1, 1, 1, 0, 0, -1, 0, 1, 1, 0, 1, -1, 0, 0, 0, 1, 0, -1, 1, 1, 1, -1, 0, 1, 1, 1, 1, 1, -1, -1, 1, -1, -1, 1, 1, -1, 0, -1, 0, 1, 0, 1, 0, -1, 0, 1, 1, -1, 1, 0, -1, 1, 1, 0, 0, 0, -1, 0, 0, 0, 0, 1, 1, 0, 0, -1, 0, 0, 0, 1, 1, 1, -1, -1, 0, -1, -1, 0, 1, 0, 0, 0, 0, -1, 1, 0, 0, 1, 0, 1, 1, 1, 0, 0, 1, 1, -1, 1, 0, 1, -1, 1, 1, 1, 1, 0, 0, 0, 0, 0, -1, 0, 0, -1, -1, 1, 1, 1, 0, -1, -1, 1, -1, -1, -1, -1, -1, -1, -1, -1, 1, 1, -1, 0, 0, 0, -1]"
150,4,22,0.0,0.23993542052047617,4,89,"[{'cluster_no': -1, 'count': 89}, {'cluster_no': 0, 'count': 91}, {'cluster_no': 1, 'count': 24}, {'cluster_no': 2, 'count': 33}]","[-1, 0, 0, -1, 0, 0, -1, 0, 0, 0, -1, 0, -1, -1, -1, -1, -1, -1, -1, -1, 0, -1, -1, -1, 0, 0, -1, 0, 0, 2, 2, -1, -1, 0, -1, 2, 0, -1, 0, 0, 0, 1, 0, -1, 0, 2, -1, 0, 0, 0, -1, 0, 0, 2, -1, -1, -1, 2, 2, -1, 0, -1, -1, 2, -1, 0, 0, 0, -1, -1, 0, -1, 0, -1, 0, 0, 0, -1, 0, -1, 2, -1, -1, 1, 0, -1, 2, 1, 2, -1, 2, 0, 0, -1, 0, 0, -1, 0, -1, -1, 0, 0, 0, -1, 2, -1, 1, 0, 0, 1, 0, -1, 1, 1, 2, 0, 2, -1, 0, 0, 0, -1, 1, 0, 0, 0, 0, 0, -1, -1, 0, -1, -1, 0, 0, -1, 2, -1, 2, 0, 1, 0, 2, -1, 2, 0, 0, -1, 0, 1, -1, 0, 0, -1, -1, 2, -1, -1, 2, 1, 1, 0, 0, 1, 1, -1, 2, 1, 2, 0, 0, 0, -1, -1, 2, -1, -1, 1, 0, 1, -1, 2, -1, -1, 0, 1, 2, 0, -1, 0, 0, 0, 1, -1, 0, 0, -1, 0, 1, 0, -1, 0, 0, 0, 0, 1, 2, 2, 1, 1, -1, 2, 1, -1, -1, 0, 0, 0, 2, -1, -1, 0, -1, -1, -1, -1, -1, -1, -1, -1, 0, 0, -1, 2, 2, 2, -1]"
150,4,22,0.5,0.29991630444169964,3,77,"[{'cluster_no': -1, 'count': 77}, {'cluster_no': 0, 'count': 69}, {'cluster_no': 1, 'count': 91}]","[-1, 1, 1, 0, 1, 1, -1, 1, 1, 1, -1, 1, -1, -1, -1, -1, -1, -1, -1, -1, 1, -1, -1, -1, 1, 1, -1, 1, 1, 0, 0, -1, -1, 1, -1, 0, 1, -1, 1, 1, 1, 0, 1, -1, 1, 0, -1, 1, 1, 1, -1, 1, 1, 0, -1, -1, -1, 0, 0, -1, 1, 0, 0, 0, -1, 1, 1, 1, -1, -1, 1, -1, 1, -1, 1, 1, 1, -1, 1, -1, 0, -1, -1, 0, 1, -1, 0, 0, 0, -1, 0, 1, 1, 0, 1, 1, -1, 1, -1, -1, 1, 1, 1, 0, 0, -1, 0, 1, 1, 0, 1, -1, 0, 0, 0, 1, 0, -1, 1, 1, 1, -1, 0, 1, 1, 1, 1, 1, -1, -1, 1, -1, -1, 1, 1, -1, 0, -1, 0, 1, 0, 1, 0, -1, 0, 1, 1, -1, 1, 0, -1, 1, 1, 0, 0, 0, -1, 0, 0, 0, 0, 1, 1, 0, 0, -1, 0, 0, 0, 1, 1, 1, -1, -1, 0, -1, -1, 0, 1, 0, 0, 0, 0, -1, 1, 0, 0, 1, 0, 1, 1, 1, 0, 0, 1, 1, -1, 1, 0, 1, -1, 1, 1, 1, 1, 0, 0, 0, 0, 0, -1, 0, 0, -1, -1, 1, 1, 1, 0, -1, -1, 1, -1, -1, -1, -1, -1, -1, -1, -1, 1, 1, -1, 0, 0, 0, -1]"
150,4,22,1.0,0.29991630444169964,3,77,"[{'cluster_no': -1, 'count': 77}, {'cluster_no': 0, 'count': 69}, {'cluster_no': 1, 'count': 91}]","[-1, 1, 1, 0, 1, 1, -1, 1, 1, 1, -1, 1, -1, -1, -1, -1, -1, -1, -1, -1, 1, -1, -1, -1, 1, 1, -1, 1, 1, 0, 0, -1, -1, 1, -1, 0, 1, -1, 1, 1, 1, 0, 1, -1, 1, 0, -1, 1, 1, 1, -1, 1, 1, 0, -1, -1, -1, 0, 0, -1, 1, 0, 0, 0, -1, 1, 1, 1, -1, -1, 1, -1, 1, -1, 1, 1, 1, -1, 1, -1, 0, -1, -1, 0, 1, -1, 0, 0, 0, -1, 0, 1, 1, 0, 1, 1, -1, 1, -1, -1, 1, 1, 1, 0, 0, -1, 0, 1, 1, 0, 1, -1, 0, 0, 0, 1, 0, -1, 1, 1, 1, -1, 0, 1, 1, 1, 1, 1, -1, -1, 1, -1, -1, 1, 1, -1, 0, -1, 0, 1, 0, 1, 0, -1, 0, 1, 1, -1, 1, 0, -1, 1, 1, 0, 0, 0, -1, 0, 0, 0, 0, 1, 1, 0, 0, -1, 0, 0, 0, 1, 1, 1, -1, -1, 0, -1, -1, 0, 1, 0, 0, 0, 0, -1, 1, 0, 0, 1, 0, 1, 1, 1, 0, 0, 1, 1, -1, 1, 0, 1, -1, 1, 1, 1, 1, 0, 0, 0, 0, 0, -1, 0, 0, -1, -1, 1, 1, 1, 0, -1, -1, 1, -1, -1, -1, -1, -1, -1, -1, -1, 1, 1, -1, 0, 0, 0, -1]"
150,4,23,0.0,0.23993542052047617,4,89,"[{'cluster_no': -1, 'count': 89}, {'cluster_no': 0, 'count': 91}, {'cluster_no': 1, 'count': 24}, {'cluster_no': 2, 'count': 33}]","[-1, 0, 0, -1, 0, 0, -1, 0, 0, 0, -1, 0, -1, -1, -1, -1, -1, -1, -1, -1, 0, -1, -1, -1, 0, 0, -1, 0, 0, 2, 2, -1, -1, 0, -1, 2, 0, -1, 0, 0, 0, 1, 0, -1, 0, 2, -1, 0, 0, 0, -1, 0, 0, 2, -1, -1, -1, 2, 2, -1, 0, -1, -1, 2, -1, 0, 0, 0, -1, -1, 0, -1, 0, -1, 0, 0, 0, -1, 0, -1, 2, -1, -1, 1, 0, -1, 2, 1, 2, -1, 2, 0, 0, -1, 0, 0, -1, 0, -1, -1, 0, 0, 0, -1, 2, -1, 1, 0, 0, 1, 0, -1, 1, 1, 2, 0, 2, -1, 0, 0, 0, -1, 1, 0, 0, 0, 0, 0, -1, -1, 0, -1, -1, 0, 0, -1, 2, -1, 2, 0, 1, 0, 2, -1, 2, 0, 0, -1, 0, 1, -1, 0, 0, -1, -1, 2, -1, -1, 2, 1, 1, 0, 0, 1, 1, -1, 2, 1, 2, 0, 0, 0, -1, -1, 2, -1, -1, 1, 0, 1, -1, 2, -1, -1, 0, 1, 2, 0, -1, 0, 0, 0, 1, -1, 0, 0, -1, 0, 1, 0, -1, 0, 0, 0, 0, 1, 2, 2, 1, 1, -1, 2, 1, -1, -1, 0, 0, 0, 2, -1, -1, 0, -1, -1, -1, -1, -1, -1, -1, -1, 0, 0, -1, 2, 2, 2, -1]"
150,4,23,0.5,0.29991630444169964,3,77,"[{'cluster_no': -1, 'count': 77}, {'cluster_no': 0, 'count': 69}, {'cluster_no': 1, 'count': 91}]","[-1, 1, 1, 0, 1, 1, -1, 1, 1, 1, -1, 1, -1, -1, -1, -1, -1, -1, -1, -1, 1, -1, -1, -1, 1, 1, -1, 1, 1, 0, 0, -1, -1, 1, -1, 0, 1, -1, 1, 1, 1, 0, 1, -1, 1, 0, -1, 1, 1, 1, -1, 1, 1, 0, -1, -1, -1, 0, 0, -1, 1, 0, 0, 0, -1, 1, 1, 1, -1, -1, 1, -1, 1, -1, 1, 1, 1, -1, 1, -1, 0, -1, -1, 0, 1, -1, 0, 0, 0, -1, 0, 1, 1, 0, 1, 1, -1, 1, -1, -1, 1, 1, 1, 0, 0, -1, 0, 1, 1, 0, 1, -1, 0, 0, 0, 1, 0, -1, 1, 1, 1, -1, 0, 1, 1, 1, 1, 1, -1, -1, 1, -1, -1, 1, 1, -1, 0, -1, 0, 1, 0, 1, 0, -1, 0, 1, 1, -1, 1, 0, -1, 1, 1, 0, 0, 0, -1, 0, 0, 0, 0, 1, 1, 0, 0, -1, 0, 0, 0, 1, 1, 1, -1, -1, 0, -1, -1, 0, 1, 0, 0, 0, 0, -1, 1, 0, 0, 1, 0, 1, 1, 1, 0, 0, 1, 1, -1, 1, 0, 1, -1, 1, 1, 1, 1, 0, 0, 0, 0, 0, -1, 0, 0, -1, -1, 1, 1, 1, 0, -1, -1, 1, -1, -1, -1, -1, -1, -1, -1, -1, 1, 1, -1, 0, 0, 0, -1]"
150,4,23,1.0,0.29991630444169964,3,77,"[{'cluster_no': -1, 'count': 77}, {'cluster_no': 0, 'count': 69}, {'cluster_no': 1, 'count': 91}]","[-1, 1, 1, 0, 1, 1, -1, 1, 1, 1, -1, 1, -1, -1, -1, -1, -1, -1, -1, -1, 1, -1, -1, -1, 1, 1, -1, 1, 1, 0, 0, -1, -1, 1, -1, 0, 1, -1, 1, 1, 1, 0, 1, -1, 1, 0, -1, 1, 1, 1, -1, 1, 1, 0, -1, -1, -1, 0, 0, -1, 1, 0, 0, 0, -1, 1, 1, 1, -1, -1, 1, -1, 1, -1, 1, 1, 1, -1, 1, -1, 0, -1, -1, 0, 1, -1, 0, 0, 0, -1, 0, 1, 1, 0, 1, 1, -1, 1, -1, -1, 1, 1, 1, 0, 0, -1, 0, 1, 1, 0, 1, -1, 0, 0, 0, 1, 0, -1, 1, 1, 1, -1, 0, 1, 1, 1, 1, 1, -1, -1, 1, -1, -1, 1, 1, -1, 0, -1, 0, 1, 0, 1, 0, -1, 0, 1, 1, -1, 1, 0, -1, 1, 1, 0, 0, 0, -1, 0, 0, 0, 0, 1, 1, 0, 0, -1, 0, 0, 0, 1, 1, 1, -1, -1, 0, -1, -1, 0, 1, 0, 0, 0, 0, -1, 1, 0, 0, 1, 0, 1, 1, 1, 0, 0, 1, 1, -1, 1, 0, 1, -1, 1, 1, 1, 1, 0, 0, 0, 0, 0, -1, 0, 0, -1, -1, 1, 1, 1, 0, -1, -1, 1, -1, -1, -1, -1, -1, -1, -1, -1, 1, 1, -1, 0, 0, 0, -1]"
150,4,24,0.0,0.23993542052047617,4,89,"[{'cluster_no': -1, 'count': 89}, {'cluster_no': 0, 'count': 91}, {'cluster_no': 1, 'count': 24}, {'cluster_no': 2, 'count': 33}]","[-1, 0, 0, -1, 0, 0, -1, 0, 0, 0, -1, 0, -1, -1, -1, -1, -1, -1, -1, -1, 0, -1, -1, -1, 0, 0, -1, 0, 0, 2, 2, -1, -1, 0, -1, 2, 0, -1, 0, 0, 0, 1, 0, -1, 0, 2, -1, 0, 0, 0, -1, 0, 0, 2, -1, -1, -1, 2, 2, -1, 0, -1, -1, 2, -1, 0, 0, 0, -1, -1, 0, -1, 0, -1, 0, 0, 0, -1, 0, -1, 2, -1, -1, 1, 0, -1, 2, 1, 2, -1, 2, 0, 0, -1, 0, 0, -1, 0, -1, -1, 0, 0, 0, -1, 2, -1, 1, 0, 0, 1, 0, -1, 1, 1, 2, 0, 2, -1, 0, 0, 0, -1, 1, 0, 0, 0, 0, 0, -1, -1, 0, -1, -1, 0, 0, -1, 2, -1, 2, 0, 1, 0, 2, -1, 2, 0, 0, -1, 0, 1, -1, 0, 0, -1, -1, 2, -1, -1, 2, 1, 1, 0, 0, 1, 1, -1, 2, 1, 2, 0, 0, 0, -1, -1, 2, -1, -1, 1, 0, 1, -1, 2, -1, -1, 0, 1, 2, 0, -1, 0, 0, 0, 1, -1, 0, 0, -1, 0, 1, 0, -1, 0, 0, 0, 0, 1, 2, 2, 1, 1, -1, 2, 1, -1, -1, 0, 0, 0, 2, -1, -1, 0, -1, -1, -1, -1, -1, -1, -1, -1, 0, 0, -1, 2, 2, 2, -1]"
150,4,24,0.5,0.29991630444169964,3,77,"[{'cluster_no': -1, 'count': 77}, {'cluster_no': 0, 'count': 69}, {'cluster_no': 1, 'count': 91}]","[-1, 1, 1, 0, 1, 1, -1, 1, 1, 1, -1, 1, -1, -1, -1, -1, -1, -1, -1, -1, 1, -1, -1, -1, 1, 1, -1, 1, 1, 0, 0, -1, -1, 1, -1, 0, 1, -1, 1, 1, 1, 0, 1, -1, 1, 0, -1, 1, 1, 1, -1, 1, 1, 0, -1, -1, -1, 0, 0, -1, 1, 0, 0, 0, -1, 1, 1, 1, -1, -1, 1, -1, 1, -1, 1, 1, 1, -1, 1, -1, 0, -1, -1, 0, 1, -1, 0, 0, 0, -1, 0, 1, 1, 0, 1, 1, -1, 1, -1, -1, 1, 1, 1, 0, 0, -1, 0, 1, 1, 0, 1, -1, 0, 0, 0, 1, 0, -1, 1, 1, 1, -1, 0, 1, 1, 1, 1, 1, -1, -1, 1, -1, -1, 1, 1, -1, 0, -1, 0, 1, 0, 1, 0, -1, 0, 1, 1, -1, 1, 0, -1, 1, 1, 0, 0, 0, -1, 0, 0, 0, 0, 1, 1, 0, 0, -1, 0, 0, 0, 1, 1, 1, -1, -1, 0, -1, -1, 0, 1, 0, 0, 0, 0, -1, 1, 0, 0, 1, 0, 1, 1, 1, 0, 0, 1, 1, -1, 1, 0, 1, -1, 1, 1, 1, 1, 0, 0, 0, 0, 0, -1, 0, 0, -1, -1, 1, 1, 1, 0, -1, -1, 1, -1, -1, -1, -1, -1, -1, -1, -1, 1, 1, -1, 0, 0, 0, -1]"
150,4,24,1.0,0.29991630444169964,3,77,"[{'cluster_no': -1, 'count': 77}, {'cluster_no': 0, 'count': 69}, {'cluster_no': 1, 'count': 91}]","[-1, 1, 1, 0, 1, 1, -1, 1, 1, 1, -1, 1, -1, -1, -1, -1, -1, -1, -1, -1, 1, -1, -1, -1, 1, 1, -1, 1, 1, 0, 0, -1, -1, 1, -1, 0, 1, -1, 1, 1, 1, 0, 1, -1, 1, 0, -1, 1, 1, 1, -1, 1, 1, 0, -1, -1, -1, 0, 0, -1, 1, 0, 0, 0, -1, 1, 1, 1, -1, -1, 1, -1, 1, -1, 1, 1, 1, -1, 1, -1, 0, -1, -1, 0, 1, -1, 0, 0, 0, -1, 0, 1, 1, 0, 1, 1, -1, 1, -1, -1, 1, 1, 1, 0, 0, -1, 0, 1, 1, 0, 1, -1, 0, 0, 0, 1, 0, -1, 1, 1, 1, -1, 0, 1, 1, 1, 1, 1, -1, -1, 1, -1, -1, 1, 1, -1, 0, -1, 0, 1, 0, 1, 0, -1, 0, 1, 1, -1, 1, 0, -1, 1, 1, 0, 0, 0, -1, 0, 0, 0, 0, 1, 1, 0, 0, -1, 0, 0, 0, 1, 1, 1, -1, -1, 0, -1, -1, 0, 1, 0, 0, 0, 0, -1, 1, 0, 0, 1, 0, 1, 1, 1, 0, 0, 1, 1, -1, 1, 0, 1, -1, 1, 1, 1, 1, 0, 0, 0, 0, 0, -1, 0, 0, -1, -1, 1, 1, 1, 0, -1, -1, 1, -1, -1, -1, -1, -1, -1, -1, -1, 1, 1, -1, 0, 0, 0, -1]"
150,4,25,0.0,0.29991630444169964,3,77,"[{'cluster_no': -1, 'count': 77}, {'cluster_no': 0, 'count': 69}, {'cluster_no': 1, 'count': 91}]","[-1, 1, 1, 0, 1, 1, -1, 1, 1, 1, -1, 1, -1, -1, -1, -1, -1, -1, -1, -1, 1, -1, -1, -1, 1, 1, -1, 1, 1, 0, 0, -1, -1, 1, -1, 0, 1, -1, 1, 1, 1, 0, 1, -1, 1, 0, -1, 1, 1, 1, -1, 1, 1, 0, -1, -1, -1, 0, 0, -1, 1, 0, 0, 0, -1, 1, 1, 1, -1, -1, 1, -1, 1, -1, 1, 1, 1, -1, 1, -1, 0, -1, -1, 0, 1, -1, 0, 0, 0, -1, 0, 1, 1, 0, 1, 1, -1, 1, -1, -1, 1, 1, 1, 0, 0, -1, 0, 1, 1, 0, 1, -1, 0, 0, 0, 1, 0, -1, 1, 1, 1, -1, 0, 1, 1, 1, 1, 1, -1, -1, 1, -1, -1, 1, 1, -1, 0, -1, 0, 1, 0, 1, 0, -1, 0, 1, 1, -1, 1, 0, -1, 1, 1, 0, 0, 0, -1, 0, 0, 0, 0, 1, 1, 0, 0, -1, 0, 0, 0, 1, 1, 1, -1, -1, 0, -1, -1, 0, 1, 0, 0, 0, 0, -1, 1, 0, 0, 1, 0, 1, 1, 1, 0, 0, 1, 1, -1, 1, 0, 1, -1, 1, 1, 1, 1, 0, 0, 0, 0, 0, -1, 0, 0, -1, -1, 1, 1, 1, 0, -1, -1, 1, -1, -1, -1, -1, -1, -1, -1, -1, 1, 1, -1, 0, 0, 0, -1]"
150,4,25,0.5,0.29991630444169964,3,77,"[{'cluster_no': -1, 'count': 77}, {'cluster_no': 0, 'count': 69}, {'cluster_no': 1, 'count': 91}]","[-1, 1, 1, 0, 1, 1, -1, 1, 1, 1, -1, 1, -1, -1, -1, -1, -1, -1, -1, -1, 1, -1, -1, -1, 1, 1, -1, 1, 1, 0, 0, -1, -1, 1, -1, 0, 1, -1, 1, 1, 1, 0, 1, -1, 1, 0, -1, 1, 1, 1, -1, 1, 1, 0, -1, -1, -1, 0, 0, -1, 1, 0, 0, 0, -1, 1, 1, 1, -1, -1, 1, -1, 1, -1, 1, 1, 1, -1, 1, -1, 0, -1, -1, 0, 1, -1, 0, 0, 0, -1, 0, 1, 1, 0, 1, 1, -1, 1, -1, -1, 1, 1, 1, 0, 0, -1, 0, 1, 1, 0, 1, -1, 0, 0, 0, 1, 0, -1, 1, 1, 1, -1, 0, 1, 1, 1, 1, 1, -1, -1, 1, -1, -1, 1, 1, -1, 0, -1, 0, 1, 0, 1, 0, -1, 0, 1, 1, -1, 1, 0, -1, 1, 1, 0, 0, 0, -1, 0, 0, 0, 0, 1, 1, 0, 0, -1, 0, 0, 0, 1, 1, 1, -1, -1, 0, -1, -1, 0, 1, 0, 0, 0, 0, -1, 1, 0, 0, 1, 0, 1, 1, 1, 0, 0, 1, 1, -1, 1, 0, 1, -1, 1, 1, 1, 1, 0, 0, 0, 0, 0, -1, 0, 0, -1, -1, 1, 1, 1, 0, -1, -1, 1, -1, -1, -1, -1, -1, -1, -1, -1, 1, 1, -1, 0, 0, 0, -1]"
150,4,25,1.0,0.29991630444169964,3,77,"[{'cluster_no': -1, 'count': 77}, {'cluster_no': 0, 'count': 69}, {'cluster_no': 1, 'count': 91}]","[-1, 1, 1, 0, 1, 1, -1, 1, 1, 1, -1, 1, -1, -1, -1, -1, -1, -1, -1, -1, 1, -1, -1, -1, 1, 1, -1, 1, 1, 0, 0, -1, -1, 1, -1, 0, 1, -1, 1, 1, 1, 0, 1, -1, 1, 0, -1, 1, 1, 1, -1, 1, 1, 0, -1, -1, -1, 0, 0, -1, 1, 0, 0, 0, -1, 1, 1, 1, -1, -1, 1, -1, 1, -1, 1, 1, 1, -1, 1, -1, 0, -1, -1, 0, 1, -1, 0, 0, 0, -1, 0, 1, 1, 0, 1, 1, -1, 1, -1, -1, 1, 1, 1, 0, 0, -1, 0, 1, 1, 0, 1, -1, 0, 0, 0, 1, 0, -1, 1, 1, 1, -1, 0, 1, 1, 1, 1, 1, -1, -1, 1, -1, -1, 1, 1, -1, 0, -1, 0, 1, 0, 1, 0, -1, 0, 1, 1, -1, 1, 0, -1, 1, 1, 0, 0, 0, -1, 0, 0, 0, 0, 1, 1, 0, 0, -1, 0, 0, 0, 1, 1, 1, -1, -1, 0, -1, -1, 0, 1, 0, 0, 0, 0, -1, 1, 0, 0, 1, 0, 1, 1, 1, 0, 0, 1, 1, -1, 1, 0, 1, -1, 1, 1, 1, 1, 0, 0, 0, 0, 0, -1, 0, 0, -1, -1, 1, 1, 1, 0, -1, -1, 1, -1, -1, -1, -1, -1, -1, -1, -1, 1, 1, -1, 0, 0, 0, -1]"
150,4,26,0.0,0.29991630444169964,3,77,"[{'cluster_no': -1, 'count': 77}, {'cluster_no': 0, 'count': 69}, {'cluster_no': 1, 'count': 91}]","[-1, 1, 1, 0, 1, 1, -1, 1, 1, 1, -1, 1, -1, -1, -1, -1, -1, -1, -1, -1, 1, -1, -1, -1, 1, 1, -1, 1, 1, 0, 0, -1, -1, 1, -1, 0, 1, -1, 1, 1, 1, 0, 1, -1, 1, 0, -1, 1, 1, 1, -1, 1, 1, 0, -1, -1, -1, 0, 0, -1, 1, 0, 0, 0, -1, 1, 1, 1, -1, -1, 1, -1, 1, -1, 1, 1, 1, -1, 1, -1, 0, -1, -1, 0, 1, -1, 0, 0, 0, -1, 0, 1, 1, 0, 1, 1, -1, 1, -1, -1, 1, 1, 1, 0, 0, -1, 0, 1, 1, 0, 1, -1, 0, 0, 0, 1, 0, -1, 1, 1, 1, -1, 0, 1, 1, 1, 1, 1, -1, -1, 1, -1, -1, 1, 1, -1, 0, -1, 0, 1, 0, 1, 0, -1, 0, 1, 1, -1, 1, 0, -1, 1, 1, 0, 0, 0, -1, 0, 0, 0, 0, 1, 1, 0, 0, -1, 0, 0, 0, 1, 1, 1, -1, -1, 0, -1, -1, 0, 1, 0, 0, 0, 0, -1, 1, 0, 0, 1, 0, 1, 1, 1, 0, 0, 1, 1, -1, 1, 0, 1, -1, 1, 1, 1, 1, 0, 0, 0, 0, 0, -1, 0, 0, -1, -1, 1, 1, 1, 0, -1, -1, 1, -1, -1, -1, -1, -1, -1, -1, -1, 1, 1, -1, 0, 0, 0, -1]"
150,4,26,0.5,0.29991630444169964,3,77,"[{'cluster_no': -1, 'count': 77}, {'cluster_no': 0, 'count': 69}, {'cluster_no': 1, 'count': 91}]","[-1, 1, 1, 0, 1, 1, -1, 1, 1, 1, -1, 1, -1, -1, -1, -1, -1, -1, -1, -1, 1, -1, -1, -1, 1, 1, -1, 1, 1, 0, 0, -1, -1, 1, -1, 0, 1, -1, 1, 1, 1, 0, 1, -1, 1, 0, -1, 1, 1, 1, -1, 1, 1, 0, -1, -1, -1, 0, 0, -1, 1, 0, 0, 0, -1, 1, 1, 1, -1, -1, 1, -1, 1, -1, 1, 1, 1, -1, 1, -1, 0, -1, -1, 0, 1, -1, 0, 0, 0, -1, 0, 1, 1, 0, 1, 1, -1, 1, -1, -1, 1, 1, 1, 0, 0, -1, 0, 1, 1, 0, 1, -1, 0, 0, 0, 1, 0, -1, 1, 1, 1, -1, 0, 1, 1, 1, 1, 1, -1, -1, 1, -1, -1, 1, 1, -1, 0, -1, 0, 1, 0, 1, 0, -1, 0, 1, 1, -1, 1, 0, -1, 1, 1, 0, 0, 0, -1, 0, 0, 0, 0, 1, 1, 0, 0, -1, 0, 0, 0, 1, 1, 1, -1, -1, 0, -1, -1, 0, 1, 0, 0, 0, 0, -1, 1, 0, 0, 1, 0, 1, 1, 1, 0, 0, 1, 1, -1, 1, 0, 1, -1, 1, 1, 1, 1, 0, 0, 0, 0, 0, -1, 0, 0, -1, -1, 1, 1, 1, 0, -1, -1, 1, -1, -1, -1, -1, -1, -1, -1, -1, 1, 1, -1, 0, 0, 0, -1]"
150,4,26,1.0,0.29991630444169964,3,77,"[{'cluster_no': -1, 'count': 77}, {'cluster_no': 0, 'count': 69}, {'cluster_no': 1, 'count': 91}]","[-1, 1, 1, 0, 1, 1, -1, 1, 1, 1, -1, 1, -1, -1, -1, -1, -1, -1, -1, -1, 1, -1, -1, -1, 1, 1, -1, 1, 1, 0, 0, -1, -1, 1, -1, 0, 1, -1, 1, 1, 1, 0, 1, -1, 1, 0, -1, 1, 1, 1, -1, 1, 1, 0, -1, -1, -1, 0, 0, -1, 1, 0, 0, 0, -1, 1, 1, 1, -1, -1, 1, -1, 1, -1, 1, 1, 1, -1, 1, -1, 0, -1, -1, 0, 1, -1, 0, 0, 0, -1, 0, 1, 1, 0, 1, 1, -1, 1, -1, -1, 1, 1, 1, 0, 0, -1, 0, 1, 1, 0, 1, -1, 0, 0, 0, 1, 0, -1, 1, 1, 1, -1, 0, 1, 1, 1, 1, 1, -1, -1, 1, -1, -1, 1, 1, -1, 0, -1, 0, 1, 0, 1, 0, -1, 0, 1, 1, -1, 1, 0, -1, 1, 1, 0, 0, 0, -1, 0, 0, 0, 0, 1, 1, 0, 0, -1, 0, 0, 0, 1, 1, 1, -1, -1, 0, -1, -1, 0, 1, 0, 0, 0, 0, -1, 1, 0, 0, 1, 0, 1, 1, 1, 0, 0, 1, 1, -1, 1, 0, 1, -1, 1, 1, 1, 1, 0, 0, 0, 0, 0, -1, 0, 0, -1, -1, 1, 1, 1, 0, -1, -1, 1, -1, -1, -1, -1, -1, -1, -1, -1, 1, 1, -1, 0, 0, 0, -1]"
150,4,27,0.0,0.29991630444169964,3,77,"[{'cluster_no': -1, 'count': 77}, {'cluster_no': 0, 'count': 69}, {'cluster_no': 1, 'count': 91}]","[-1, 1, 1, 0, 1, 1, -1, 1, 1, 1, -1, 1, -1, -1, -1, -1, -1, -1, -1, -1, 1, -1, -1, -1, 1, 1, -1, 1, 1, 0, 0, -1, -1, 1, -1, 0, 1, -1, 1, 1, 1, 0, 1, -1, 1, 0, -1, 1, 1, 1, -1, 1, 1, 0, -1, -1, -1, 0, 0, -1, 1, 0, 0, 0, -1, 1, 1, 1, -1, -1, 1, -1, 1, -1, 1, 1, 1, -1, 1, -1, 0, -1, -1, 0, 1, -1, 0, 0, 0, -1, 0, 1, 1, 0, 1, 1, -1, 1, -1, -1, 1, 1, 1, 0, 0, -1, 0, 1, 1, 0, 1, -1, 0, 0, 0, 1, 0, -1, 1, 1, 1, -1, 0, 1, 1, 1, 1, 1, -1, -1, 1, -1, -1, 1, 1, -1, 0, -1, 0, 1, 0, 1, 0, -1, 0, 1, 1, -1, 1, 0, -1, 1, 1, 0, 0, 0, -1, 0, 0, 0, 0, 1, 1, 0, 0, -1, 0, 0, 0, 1, 1, 1, -1, -1, 0, -1, -1, 0, 1, 0, 0, 0, 0, -1, 1, 0, 0, 1, 0, 1, 1, 1, 0, 0, 1, 1, -1, 1, 0, 1, -1, 1, 1, 1, 1, 0, 0, 0, 0, 0, -1, 0, 0, -1, -1, 1, 1, 1, 0, -1, -1, 1, -1, -1, -1, -1, -1, -1, -1, -1, 1, 1, -1, 0, 0, 0, -1]"
150,4,27,0.5,0.29991630444169964,3,77,"[{'cluster_no': -1, 'count': 77}, {'cluster_no': 0, 'count': 69}, {'cluster_no': 1, 'count': 91}]","[-1, 1, 1, 0, 1, 1, -1, 1, 1, 1, -1, 1, -1, -1, -1, -1, -1, -1, -1, -1, 1, -1, -1, -1, 1, 1, -1, 1, 1, 0, 0, -1, -1, 1, -1, 0, 1, -1, 1, 1, 1, 0, 1, -1, 1, 0, -1, 1, 1, 1, -1, 1, 1, 0, -1, -1, -1, 0, 0, -1, 1, 0, 0, 0, -1, 1, 1, 1, -1, -1, 1, -1, 1, -1, 1, 1, 1, -1, 1, -1, 0, -1, -1, 0, 1, -1, 0, 0, 0, -1, 0, 1, 1, 0, 1, 1, -1, 1, -1, -1, 1, 1, 1, 0, 0, -1, 0, 1, 1, 0, 1, -1, 0, 0, 0, 1, 0, -1, 1, 1, 1, -1, 0, 1, 1, 1, 1, 1, -1, -1, 1, -1, -1, 1, 1, -1, 0, -1, 0, 1, 0, 1, 0, -1, 0, 1, 1, -1, 1, 0, -1, 1, 1, 0, 0, 0, -1, 0, 0, 0, 0, 1, 1, 0, 0, -1, 0, 0, 0, 1, 1, 1, -1, -1, 0, -1, -1, 0, 1, 0, 0, 0, 0, -1, 1, 0, 0, 1, 0, 1, 1, 1, 0, 0, 1, 1, -1, 1, 0, 1, -1, 1, 1, 1, 1, 0, 0, 0, 0, 0, -1, 0, 0, -1, -1, 1, 1, 1, 0, -1, -1, 1, -1, -1, -1, -1, -1, -1, -1, -1, 1, 1, -1, 0, 0, 0, -1]"
150,4,27,1.0,0.29991630444169964,3,77,"[{'cluster_no': -1, 'count': 77}, {'cluster_no': 0, 'count': 69}, {'cluster_no': 1, 'count': 91}]","[-1, 1, 1, 0, 1, 1, -1, 1, 1, 1, -1, 1, -1, -1, -1, -1, -1, -1, -1, -1, 1, -1, -1, -1, 1, 1, -1, 1, 1, 0, 0, -1, -1, 1, -1, 0, 1, -1, 1, 1, 1, 0, 1, -1, 1, 0, -1, 1, 1, 1, -1, 1, 1, 0, -1, -1, -1, 0, 0, -1, 1, 0, 0, 0, -1, 1, 1, 1, -1, -1, 1, -1, 1, -1, 1, 1, 1, -1, 1, -1, 0, -1, -1, 0, 1, -1, 0, 0, 0, -1, 0, 1, 1, 0, 1, 1, -1, 1, -1, -1, 1, 1, 1, 0, 0, -1, 0, 1, 1, 0, 1, -1, 0, 0, 0, 1, 0, -1, 1, 1, 1, -1, 0, 1, 1, 1, 1, 1, -1, -1, 1, -1, -1, 1, 1, -1, 0, -1, 0, 1, 0, 1, 0, -1, 0, 1, 1, -1, 1, 0, -1, 1, 1, 0, 0, 0, -1, 0, 0, 0, 0, 1, 1, 0, 0, -1, 0, 0, 0, 1, 1, 1, -1, -1, 0, -1, -1, 0, 1, 0, 0, 0, 0, -1, 1, 0, 0, 1, 0, 1, 1, 1, 0, 0, 1, 1, -1, 1, 0, 1, -1, 1, 1, 1, 1, 0, 0, 0, 0, 0, -1, 0, 0, -1, -1, 1, 1, 1, 0, -1, -1, 1, -1, -1, -1, -1, -1, -1, -1, -1, 1, 1, -1, 0, 0, 0, -1]"
150,4,28,0.0,0.29991630444169964,3,77,"[{'cluster_no': -1, 'count': 77}, {'cluster_no': 0, 'count': 69}, {'cluster_no': 1, 'count': 91}]","[-1, 1, 1, 0, 1, 1, -1, 1, 1, 1, -1, 1, -1, -1, -1, -1, -1, -1, -1, -1, 1, -1, -1, -1, 1, 1, -1, 1, 1, 0, 0, -1, -1, 1, -1, 0, 1, -1, 1, 1, 1, 0, 1, -1, 1, 0, -1, 1, 1, 1, -1, 1, 1, 0, -1, -1, -1, 0, 0, -1, 1, 0, 0, 0, -1, 1, 1, 1, -1, -1, 1, -1, 1, -1, 1, 1, 1, -1, 1, -1, 0, -1, -1, 0, 1, -1, 0, 0, 0, -1, 0, 1, 1, 0, 1, 1, -1, 1, -1, -1, 1, 1, 1, 0, 0, -1, 0, 1, 1, 0, 1, -1, 0, 0, 0, 1, 0, -1, 1, 1, 1, -1, 0, 1, 1, 1, 1, 1, -1, -1, 1, -1, -1, 1, 1, -1, 0, -1, 0, 1, 0, 1, 0, -1, 0, 1, 1, -1, 1, 0, -1, 1, 1, 0, 0, 0, -1, 0, 0, 0, 0, 1, 1, 0, 0, -1, 0, 0, 0, 1, 1, 1, -1, -1, 0, -1, -1, 0, 1, 0, 0, 0, 0, -1, 1, 0, 0, 1, 0, 1, 1, 1, 0, 0, 1, 1, -1, 1, 0, 1, -1, 1, 1, 1, 1, 0, 0, 0, 0, 0, -1, 0, 0, -1, -1, 1, 1, 1, 0, -1, -1, 1, -1, -1, -1, -1, -1, -1, -1, -1, 1, 1, -1, 0, 0, 0, -1]"
150,4,28,0.5,0.29991630444169964,3,77,"[{'cluster_no': -1, 'count': 77}, {'cluster_no': 0, 'count': 69}, {'cluster_no': 1, 'count': 91}]","[-1, 1, 1, 0, 1, 1, -1, 1, 1, 1, -1, 1, -1, -1, -1, -1, -1, -1, -1, -1, 1, -1, -1, -1, 1, 1, -1, 1, 1, 0, 0, -1, -1, 1, -1, 0, 1, -1, 1, 1, 1, 0, 1, -1, 1, 0, -1, 1, 1, 1, -1, 1, 1, 0, -1, -1, -1, 0, 0, -1, 1, 0, 0, 0, -1, 1, 1, 1, -1, -1, 1, -1, 1, -1, 1, 1, 1, -1, 1, -1, 0, -1, -1, 0, 1, -1, 0, 0, 0, -1, 0, 1, 1, 0, 1, 1, -1, 1, -1, -1, 1, 1, 1, 0, 0, -1, 0, 1, 1, 0, 1, -1, 0, 0, 0, 1, 0, -1, 1, 1, 1, -1, 0, 1, 1, 1, 1, 1, -1, -1, 1, -1, -1, 1, 1, -1, 0, -1, 0, 1, 0, 1, 0, -1, 0, 1, 1, -1, 1, 0, -1, 1, 1, 0, 0, 0, -1, 0, 0, 0, 0, 1, 1, 0, 0, -1, 0, 0, 0, 1, 1, 1, -1, -1, 0, -1, -1, 0, 1, 0, 0, 0, 0, -1, 1, 0, 0, 1, 0, 1, 1, 1, 0, 0, 1, 1, -1, 1, 0, 1, -1, 1, 1, 1, 1, 0, 0, 0, 0, 0, -1, 0, 0, -1, -1, 1, 1, 1, 0, -1, -1, 1, -1, -1, -1, -1, -1, -1, -1, -1, 1, 1, -1, 0, 0, 0, -1]"
150,4,28,1.0,0.29991630444169964,3,77,"[{'cluster_no': -1, 'count': 77}, {'cluster_no': 0, 'count': 69}, {'cluster_no': 1, 'count': 91}]","[-1, 1, 1, 0, 1, 1, -1, 1, 1, 1, -1, 1, -1, -1, -1, -1, -1, -1, -1, -1, 1, -1, -1, -1, 1, 1, -1, 1, 1, 0, 0, -1, -1, 1, -1, 0, 1, -1, 1, 1, 1, 0, 1, -1, 1, 0, -1, 1, 1, 1, -1, 1, 1, 0, -1, -1, -1, 0, 0, -1, 1, 0, 0, 0, -1, 1, 1, 1, -1, -1, 1, -1, 1, -1, 1, 1, 1, -1, 1, -1, 0, -1, -1, 0, 1, -1, 0, 0, 0, -1, 0, 1, 1, 0, 1, 1, -1, 1, -1, -1, 1, 1, 1, 0, 0, -1, 0, 1, 1, 0, 1, -1, 0, 0, 0, 1, 0, -1, 1, 1, 1, -1, 0, 1, 1, 1, 1, 1, -1, -1, 1, -1, -1, 1, 1, -1, 0, -1, 0, 1, 0, 1, 0, -1, 0, 1, 1, -1, 1, 0, -1, 1, 1, 0, 0, 0, -1, 0, 0, 0, 0, 1, 1, 0, 0, -1, 0, 0, 0, 1, 1, 1, -1, -1, 0, -1, -1, 0, 1, 0, 0, 0, 0, -1, 1, 0, 0, 1, 0, 1, 1, 1, 0, 0, 1, 1, -1, 1, 0, 1, -1, 1, 1, 1, 1, 0, 0, 0, 0, 0, -1, 0, 0, -1, -1, 1, 1, 1, 0, -1, -1, 1, -1, -1, -1, -1, -1, -1, -1, -1, 1, 1, -1, 0, 0, 0, -1]"
150,4,29,0.0,0.29991630444169964,3,77,"[{'cluster_no': -1, 'count': 77}, {'cluster_no': 0, 'count': 69}, {'cluster_no': 1, 'count': 91}]","[-1, 1, 1, 0, 1, 1, -1, 1, 1, 1, -1, 1, -1, -1, -1, -1, -1, -1, -1, -1, 1, -1, -1, -1, 1, 1, -1, 1, 1, 0, 0, -1, -1, 1, -1, 0, 1, -1, 1, 1, 1, 0, 1, -1, 1, 0, -1, 1, 1, 1, -1, 1, 1, 0, -1, -1, -1, 0, 0, -1, 1, 0, 0, 0, -1, 1, 1, 1, -1, -1, 1, -1, 1, -1, 1, 1, 1, -1, 1, -1, 0, -1, -1, 0, 1, -1, 0, 0, 0, -1, 0, 1, 1, 0, 1, 1, -1, 1, -1, -1, 1, 1, 1, 0, 0, -1, 0, 1, 1, 0, 1, -1, 0, 0, 0, 1, 0, -1, 1, 1, 1, -1, 0, 1, 1, 1, 1, 1, -1, -1, 1, -1, -1, 1, 1, -1, 0, -1, 0, 1, 0, 1, 0, -1, 0, 1, 1, -1, 1, 0, -1, 1, 1, 0, 0, 0, -1, 0, 0, 0, 0, 1, 1, 0, 0, -1, 0, 0, 0, 1, 1, 1, -1, -1, 0, -1, -1, 0, 1, 0, 0, 0, 0, -1, 1, 0, 0, 1, 0, 1, 1, 1, 0, 0, 1, 1, -1, 1, 0, 1, -1, 1, 1, 1, 1, 0, 0, 0, 0, 0, -1, 0, 0, -1, -1, 1, 1, 1, 0, -1, -1, 1, -1, -1, -1, -1, -1, -1, -1, -1, 1, 1, -1, 0, 0, 0, -1]"
150,4,29,0.5,0.29991630444169964,3,77,"[{'cluster_no': -1, 'count': 77}, {'cluster_no': 0, 'count': 69}, {'cluster_no': 1, 'count': 91}]","[-1, 1, 1, 0, 1, 1, -1, 1, 1, 1, -1, 1, -1, -1, -1, -1, -1, -1, -1, -1, 1, -1, -1, -1, 1, 1, -1, 1, 1, 0, 0, -1, -1, 1, -1, 0, 1, -1, 1, 1, 1, 0, 1, -1, 1, 0, -1, 1, 1, 1, -1, 1, 1, 0, -1, -1, -1, 0, 0, -1, 1, 0, 0, 0, -1, 1, 1, 1, -1, -1, 1, -1, 1, -1, 1, 1, 1, -1, 1, -1, 0, -1, -1, 0, 1, -1, 0, 0, 0, -1, 0, 1, 1, 0, 1, 1, -1, 1, -1, -1, 1, 1, 1, 0, 0, -1, 0, 1, 1, 0, 1, -1, 0, 0, 0, 1, 0, -1, 1, 1, 1, -1, 0, 1, 1, 1, 1, 1, -1, -1, 1, -1, -1, 1, 1, -1, 0, -1, 0, 1, 0, 1, 0, -1, 0, 1, 1, -1, 1, 0, -1, 1, 1, 0, 0, 0, -1, 0, 0, 0, 0, 1, 1, 0, 0, -1, 0, 0, 0, 1, 1, 1, -1, -1, 0, -1, -1, 0, 1, 0, 0, 0, 0, -1, 1, 0, 0, 1, 0, 1, 1, 1, 0, 0, 1, 1, -1, 1, 0, 1, -1, 1, 1, 1, 1, 0, 0, 0, 0, 0, -1, 0, 0, -1, -1, 1, 1, 1, 0, -1, -1, 1, -1, -1, -1, -1, -1, -1, -1, -1, 1, 1, -1, 0, 0, 0, -1]"
150,4,29,1.0,0.29991630444169964,3,77,"[{'cluster_no': -1, 'count': 77}, {'cluster_no': 0, 'count': 69}, {'cluster_no': 1, 'count': 91}]","[-1, 1, 1, 0, 1, 1, -1, 1, 1, 1, -1, 1, -1, -1, -1, -1, -1, -1, -1, -1, 1, -1, -1, -1, 1, 1, -1, 1, 1, 0, 0, -1, -1, 1, -1, 0, 1, -1, 1, 1, 1, 0, 1, -1, 1, 0, -1, 1, 1, 1, -1, 1, 1, 0, -1, -1, -1, 0, 0, -1, 1, 0, 0, 0, -1, 1, 1, 1, -1, -1, 1, -1, 1, -1, 1, 1, 1, -1, 1, -1, 0, -1, -1, 0, 1, -1, 0, 0, 0, -1, 0, 1, 1, 0, 1, 1, -1, 1, -1, -1, 1, 1, 1, 0, 0, -1, 0, 1, 1, 0, 1, -1, 0, 0, 0, 1, 0, -1, 1, 1, 1, -1, 0, 1, 1, 1, 1, 1, -1, -1, 1, -1, -1, 1, 1, -1, 0, -1, 0, 1, 0, 1, 0, -1, 0, 1, 1, -1, 1, 0, -1, 1, 1, 0, 0, 0, -1, 0, 0, 0, 0, 1, 1, 0, 0, -1, 0, 0, 0, 1, 1, 1, -1, -1, 0, -1, -1, 0, 1, 0, 0, 0, 0, -1, 1, 0, 0, 1, 0, 1, 1, 1, 0, 0, 1, 1, -1, 1, 0, 1, -1, 1, 1, 1, 1, 0, 0, 0, 0, 0, -1, 0, 0, -1, -1, 1, 1, 1, 0, -1, -1, 1, -1, -1, -1, -1, -1, -1, -1, -1, 1, 1, -1, 0, 0, 0, -1]"
150,4,30,0.0,0.29991630444169964,3,77,"[{'cluster_no': -1, 'count': 77}, {'cluster_no': 0, 'count': 69}, {'cluster_no': 1, 'count': 91}]","[-1, 1, 1, 0, 1, 1, -1, 1, 1, 1, -1, 1, -1, -1, -1, -1, -1, -1, -1, -1, 1, -1, -1, -1, 1, 1, -1, 1, 1, 0, 0, -1, -1, 1, -1, 0, 1, -1, 1, 1, 1, 0, 1, -1, 1, 0, -1, 1, 1, 1, -1, 1, 1, 0, -1, -1, -1, 0, 0, -1, 1, 0, 0, 0, -1, 1, 1, 1, -1, -1, 1, -1, 1, -1, 1, 1, 1, -1, 1, -1, 0, -1, -1, 0, 1, -1, 0, 0, 0, -1, 0, 1, 1, 0, 1, 1, -1, 1, -1, -1, 1, 1, 1, 0, 0, -1, 0, 1, 1, 0, 1, -1, 0, 0, 0, 1, 0, -1, 1, 1, 1, -1, 0, 1, 1, 1, 1, 1, -1, -1, 1, -1, -1, 1, 1, -1, 0, -1, 0, 1, 0, 1, 0, -1, 0, 1, 1, -1, 1, 0, -1, 1, 1, 0, 0, 0, -1, 0, 0, 0, 0, 1, 1, 0, 0, -1, 0, 0, 0, 1, 1, 1, -1, -1, 0, -1, -1, 0, 1, 0, 0, 0, 0, -1, 1, 0, 0, 1, 0, 1, 1, 1, 0, 0, 1, 1, -1, 1, 0, 1, -1, 1, 1, 1, 1, 0, 0, 0, 0, 0, -1, 0, 0, -1, -1, 1, 1, 1, 0, -1, -1, 1, -1, -1, -1, -1, -1, -1, -1, -1, 1, 1, -1, 0, 0, 0, -1]"
150,4,30,0.5,0.29991630444169964,3,77,"[{'cluster_no': -1, 'count': 77}, {'cluster_no': 0, 'count': 69}, {'cluster_no': 1, 'count': 91}]","[-1, 1, 1, 0, 1, 1, -1, 1, 1, 1, -1, 1, -1, -1, -1, -1, -1, -1, -1, -1, 1, -1, -1, -1, 1, 1, -1, 1, 1, 0, 0, -1, -1, 1, -1, 0, 1, -1, 1, 1, 1, 0, 1, -1, 1, 0, -1, 1, 1, 1, -1, 1, 1, 0, -1, -1, -1, 0, 0, -1, 1, 0, 0, 0, -1, 1, 1, 1, -1, -1, 1, -1, 1, -1, 1, 1, 1, -1, 1, -1, 0, -1, -1, 0, 1, -1, 0, 0, 0, -1, 0, 1, 1, 0, 1, 1, -1, 1, -1, -1, 1, 1, 1, 0, 0, -1, 0, 1, 1, 0, 1, -1, 0, 0, 0, 1, 0, -1, 1, 1, 1, -1, 0, 1, 1, 1, 1, 1, -1, -1, 1, -1, -1, 1, 1, -1, 0, -1, 0, 1, 0, 1, 0, -1, 0, 1, 1, -1, 1, 0, -1, 1, 1, 0, 0, 0, -1, 0, 0, 0, 0, 1, 1, 0, 0, -1, 0, 0, 0, 1, 1, 1, -1, -1, 0, -1, -1, 0, 1, 0, 0, 0, 0, -1, 1, 0, 0, 1, 0, 1, 1, 1, 0, 0, 1, 1, -1, 1, 0, 1, -1, 1, 1, 1, 1, 0, 0, 0, 0, 0, -1, 0, 0, -1, -1, 1, 1, 1, 0, -1, -1, 1, -1, -1, -1, -1, -1, -1, -1, -1, 1, 1, -1, 0, 0, 0, -1]"
150,4,30,1.0,0.29991630444169964,3,77,"[{'cluster_no': -1, 'count': 77}, {'cluster_no': 0, 'count': 69}, {'cluster_no': 1, 'count': 91}]","[-1, 1, 1, 0, 1, 1, -1, 1, 1, 1, -1, 1, -1, -1, -1, -1, -1, -1, -1, -1, 1, -1, -1, -1, 1, 1, -1, 1, 1, 0, 0, -1, -1, 1, -1, 0, 1, -1, 1, 1, 1, 0, 1, -1, 1, 0, -1, 1, 1, 1, -1, 1, 1, 0, -1, -1, -1, 0, 0, -1, 1, 0, 0, 0, -1, 1, 1, 1, -1, -1, 1, -1, 1, -1, 1, 1, 1, -1, 1, -1, 0, -1, -1, 0, 1, -1, 0, 0, 0, -1, 0, 1, 1, 0, 1, 1, -1, 1, -1, -1, 1, 1, 1, 0, 0, -1, 0, 1, 1, 0, 1, -1, 0, 0, 0, 1, 0, -1, 1, 1, 1, -1, 0, 1, 1, 1, 1, 1, -1, -1, 1, -1, -1, 1, 1, -1, 0, -1, 0, 1, 0, 1, 0, -1, 0, 1, 1, -1, 1, 0, -1, 1, 1, 0, 0, 0, -1, 0, 0, 0, 0, 1, 1, 0, 0, -1, 0, 0, 0, 1, 1, 1, -1, -1, 0, -1, -1, 0, 1, 0, 0, 0, 0, -1, 1, 0, 0, 1, 0, 1, 1, 1, 0, 0, 1, 1, -1, 1, 0, 1, -1, 1, 1, 1, 1, 0, 0, 0, 0, 0, -1, 0, 0, -1, -1, 1, 1, 1, 0, -1, -1, 1, -1, -1, -1, -1, -1, -1, -1, -1, 1, 1, -1, 0, 0, 0, -1]"
150,5,5,0.0,0.49352486049682787,14,113,"[{'cluster_no': -1, 'count': 113}, {'cluster_no': 0, 'count': 7}, {'cluster_no': 1, 'count': 6}, {'cluster_no': 2, 'count': 7}, {'cluster_no': 3, 'count': 14}, {'cluster_no': 4, 'count': 15}, {'cluster_no': 5, 'count': 6}, {'cluster_no': 6, 'count': 6}, {'cluster_no': 7, 'count': 12}, {'cluster_no': 8, 'count': 7}, {'cluster_no': 9, 'count': 16}, {'cluster_no': 10, 'count': 10}, {'cluster_no': 11, 'count': 11}, {'cluster_no': 12, 'count': 7}]","[-1, 4, 4, -1, 1, 10, 0, 4, 4, 5, -1, 4, -1, -1, -1, -1, -1, -1, -1, -1, 9, -1, -1, -1, -1, 9, -1, -1, 3, -1, 11, -1, -1, 4, 0, -1, 9, -1, 3, 1, -1, 7, 5, -1, 4, 11, -1, -1, 4, 3, -1, -1, 4, 8, -1, -1, -1, 11, -1, -1, -1, 2, -1, 8, -1, 3, -1, 4, -1, -1, -1, -1, 4, -1, 10, 10, -1, 0, 3, -1, -1, -1, -1, 6, -1, -1, 8, 7, 11, 0, 8, 9, 9, -1, -1, 10, -1, 9, -1, 0, 3, 5, 3, 2, 11, -1, 7, 3, 10, 7, -1, -1, 7, -1, 12, -1, -1, -1, 10, 9, 3, -1, -1, -1, -1, 3, 4, 3, -1, -1, -1, -1, 0, 3, -1, -1, -1, -1, -1, 9, 6, 4, 12, -1, 12, 1, 1, -1, 9, 7, -1, 5, 5, 2, 2, 12, -1, 2, 11, 7, -1, -1, 9, -1, 6, -1, -1, 7, 11, -1, 10, 4, -1, -1, 11, -1, -1, 7, 1, 6, 2, 8, 2, -1, -1, 7, 11, -1, -1, -1, 9, -1, 7, -1, 9, 9, -1, 10, 6, 10, -1, 9, 4, -1, 9, -1, 12, 12, 6, 7, -1, 12, -1, -1, -1, 3, 1, 3, 11, -1, 0, 9, -1, -1, -1, -1, -1, -1, -1, -1, 5, 10, -1, 8, 11, 8, -1]"
150,5,5,0.5,-0.10272806336048494,3,76,"[{'cluster_no': -1, 'count': 76}, {'cluster_no': 0, 'count': 154}, {'cluster_no': 1, 'count': 7}]","[-1, 0, 0, 0, 0, 0, 1, 0, 0, 0, -1, 0, -1, -1, -1, -1, -1, -1, -1, -1, 0, -1, -1, -1, 0, 0, -1, 0, 0, 0, 0, -1, -1, 0, 1, 0, 0, -1, 0, 0, 0, 0, 0, -1, 0, 0, -1, 0, 0, 0, -1, -1, 0, 0, -1, -1, -1, 0, -1, -1, 0, 0, -1, 0, -1, 0, 0, 0, -1, -1, -1, -1, 0, -1, 0, 0, 0, 1, 0, -1, 0, -1, -1, 0, 0, -1, 0, 0, 0, 1, 0, 0, 0, -1, 0, 0, -1, 0, -1, 1, 0, 0, 0, 0, 0, -1, 0, 0, 0, 0, 0, -1, 0, 0, 0, -1, 0, -1, 0, 0, 0, -1, 0, 0, 0, 0, 0, 0, -1, -1, 0, -1, 1, 0, 0, 0, 0, -1, 0, 0, 0, 0, 0, -1, 0, 0, 0, -1, 0, 0, -1, 0, 0, 0, 0, 0, -1, 0, 0, 0, 0, 0, 0, -1, 0, -1, 0, 0, 0, -1, 0, 0, 0, -1, 0, -1, -1, 0, 0, 0, 0, 0, 0, -1, 0, 0, 0, 0, 0, 0, 0, 0, 0, -1, 0, 0, -1, 0, 0, 0, -1, 0, 0, 0, 0, 0, 0, 0, 0, 0, 0, 0, 0, -1, -1, 0, 0, 0, 0, -1, 1, 0, -1, -1, -1, -1, -1, -1, -1, -1, 0, 0, -1, 0, 0, 0, -1]"
150,5,5,1.0,-0.10272806336048494,3,76,"[{'cluster_no': -1, 'count': 76}, {'cluster_no': 0, 'count': 154}, {'cluster_no': 1, 'count': 7}]","[-1, 0, 0, 0, 0, 0, 1, 0, 0, 0, -1, 0, -1, -1, -1, -1, -1, -1, -1, -1, 0, -1, -1, -1, 0, 0, -1, 0, 0, 0, 0, -1, -1, 0, 1, 0, 0, -1, 0, 0, 0, 0, 0, -1, 0, 0, -1, 0, 0, 0, -1, -1, 0, 0, -1, -1, -1, 0, -1, -1, 0, 0, -1, 0, -1, 0, 0, 0, -1, -1, -1, -1, 0, -1, 0, 0, 0, 1, 0, -1, 0, -1, -1, 0, 0, -1, 0, 0, 0, 1, 0, 0, 0, -1, 0, 0, -1, 0, -1, 1, 0, 0, 0, 0, 0, -1, 0, 0, 0, 0, 0, -1, 0, 0, 0, -1, 0, -1, 0, 0, 0, -1, 0, 0, 0, 0, 0, 0, -1, -1, 0, -1, 1, 0, 0, 0, 0, -1, 0, 0, 0, 0, 0, -1, 0, 0, 0, -1, 0, 0, -1, 0, 0, 0, 0, 0, -1, 0, 0, 0, 0, 0, 0, -1, 0, -1, 0, 0, 0, -1, 0, 0, 0, -1, 0, -1, -1, 0, 0, 0, 0, 0, 0, -1, 0, 0, 0, 0, 0, 0, 0, 0, 0, -1, 0, 0, -1, 0, 0, 0, -1, 0, 0, 0, 0, 0, 0, 0, 0, 0, 0, 0, 0, -1, -1, 0, 0, 0, 0, -1, 1, 0, -1, -1, -1, -1, -1, -1, -1, -1, 0, 0, -1, 0, 0, 0, -1]"
150,5,6,0.0,0.49352486049682787,14,113,"[{'cluster_no': -1, 'count': 113}, {'cluster_no': 0, 'count': 7}, {'cluster_no': 1, 'count': 6}, {'cluster_no': 2, 'count': 7}, {'cluster_no': 3, 'count': 14}, {'cluster_no': 4, 'count': 15}, {'cluster_no': 5, 'count': 6}, {'cluster_no': 6, 'count': 6}, {'cluster_no': 7, 'count': 12}, {'cluster_no': 8, 'count': 7}, {'cluster_no': 9, 'count': 16}, {'cluster_no': 10, 'count': 10}, {'cluster_no': 11, 'count': 11}, {'cluster_no': 12, 'count': 7}]","[-1, 4, 4, -1, 1, 10, 0, 4, 4, 5, -1, 4, -1, -1, -1, -1, -1, -1, -1, -1, 9, -1, -1, -1, -1, 9, -1, -1, 3, -1, 11, -1, -1, 4, 0, -1, 9, -1, 3, 1, -1, 7, 5, -1, 4, 11, -1, -1, 4, 3, -1, -1, 4, 8, -1, -1, -1, 11, -1, -1, -1, 2, -1, 8, -1, 3, -1, 4, -1, -1, -1, -1, 4, -1, 10, 10, -1, 0, 3, -1, -1, -1, -1, 6, -1, -1, 8, 7, 11, 0, 8, 9, 9, -1, -1, 10, -1, 9, -1, 0, 3, 5, 3, 2, 11, -1, 7, 3, 10, 7, -1, -1, 7, -1, 12, -1, -1, -1, 10, 9, 3, -1, -1, -1, -1, 3, 4, 3, -1, -1, -1, -1, 0, 3, -1, -1, -1, -1, -1, 9, 6, 4, 12, -1, 12, 1, 1, -1, 9, 7, -1, 5, 5, 2, 2, 12, -1, 2, 11, 7, -1, -1, 9, -1, 6, -1, -1, 7, 11, -1, 10, 4, -1, -1, 11, -1, -1, 7, 1, 6, 2, 8, 2, -1, -1, 7, 11, -1, -1, -1, 9, -1, 7, -1, 9, 9, -1, 10, 6, 10, -1, 9, 4, -1, 9, -1, 12, 12, 6, 7, -1, 12, -1, -1, -1, 3, 1, 3, 11, -1, 0, 9, -1, -1, -1, -1, -1, -1, -1, -1, 5, 10, -1, 8, 11, 8, -1]"
150,5,6,0.5,-0.10272806336048494,3,76,"[{'cluster_no': -1, 'count': 76}, {'cluster_no': 0, 'count': 154}, {'cluster_no': 1, 'count': 7}]","[-1, 0, 0, 0, 0, 0, 1, 0, 0, 0, -1, 0, -1, -1, -1, -1, -1, -1, -1, -1, 0, -1, -1, -1, 0, 0, -1, 0, 0, 0, 0, -1, -1, 0, 1, 0, 0, -1, 0, 0, 0, 0, 0, -1, 0, 0, -1, 0, 0, 0, -1, -1, 0, 0, -1, -1, -1, 0, -1, -1, 0, 0, -1, 0, -1, 0, 0, 0, -1, -1, -1, -1, 0, -1, 0, 0, 0, 1, 0, -1, 0, -1, -1, 0, 0, -1, 0, 0, 0, 1, 0, 0, 0, -1, 0, 0, -1, 0, -1, 1, 0, 0, 0, 0, 0, -1, 0, 0, 0, 0, 0, -1, 0, 0, 0, -1, 0, -1, 0, 0, 0, -1, 0, 0, 0, 0, 0, 0, -1, -1, 0, -1, 1, 0, 0, 0, 0, -1, 0, 0, 0, 0, 0, -1, 0, 0, 0, -1, 0, 0, -1, 0, 0, 0, 0, 0, -1, 0, 0, 0, 0, 0, 0, -1, 0, -1, 0, 0, 0, -1, 0, 0, 0, -1, 0, -1, -1, 0, 0, 0, 0, 0, 0, -1, 0, 0, 0, 0, 0, 0, 0, 0, 0, -1, 0, 0, -1, 0, 0, 0, -1, 0, 0, 0, 0, 0, 0, 0, 0, 0, 0, 0, 0, -1, -1, 0, 0, 0, 0, -1, 1, 0, -1, -1, -1, -1, -1, -1, -1, -1, 0, 0, -1, 0, 0, 0, -1]"
150,5,6,1.0,-0.10272806336048494,3,76,"[{'cluster_no': -1, 'count': 76}, {'cluster_no': 0, 'count': 154}, {'cluster_no': 1, 'count': 7}]","[-1, 0, 0, 0, 0, 0, 1, 0, 0, 0, -1, 0, -1, -1, -1, -1, -1, -1, -1, -1, 0, -1, -1, -1, 0, 0, -1, 0, 0, 0, 0, -1, -1, 0, 1, 0, 0, -1, 0, 0, 0, 0, 0, -1, 0, 0, -1, 0, 0, 0, -1, -1, 0, 0, -1, -1, -1, 0, -1, -1, 0, 0, -1, 0, -1, 0, 0, 0, -1, -1, -1, -1, 0, -1, 0, 0, 0, 1, 0, -1, 0, -1, -1, 0, 0, -1, 0, 0, 0, 1, 0, 0, 0, -1, 0, 0, -1, 0, -1, 1, 0, 0, 0, 0, 0, -1, 0, 0, 0, 0, 0, -1, 0, 0, 0, -1, 0, -1, 0, 0, 0, -1, 0, 0, 0, 0, 0, 0, -1, -1, 0, -1, 1, 0, 0, 0, 0, -1, 0, 0, 0, 0, 0, -1, 0, 0, 0, -1, 0, 0, -1, 0, 0, 0, 0, 0, -1, 0, 0, 0, 0, 0, 0, -1, 0, -1, 0, 0, 0, -1, 0, 0, 0, -1, 0, -1, -1, 0, 0, 0, 0, 0, 0, -1, 0, 0, 0, 0, 0, 0, 0, 0, 0, -1, 0, 0, -1, 0, 0, 0, -1, 0, 0, 0, 0, 0, 0, 0, 0, 0, 0, 0, 0, -1, -1, 0, 0, 0, 0, -1, 1, 0, -1, -1, -1, -1, -1, -1, -1, -1, 0, 0, -1, 0, 0, 0, -1]"
150,5,7,0.0,0.3094564296880886,10,107,"[{'cluster_no': -1, 'count': 107}, {'cluster_no': 0, 'count': 7}, {'cluster_no': 1, 'count': 43}, {'cluster_no': 2, 'count': 7}, {'cluster_no': 3, 'count': 14}, {'cluster_no': 4, 'count': 15}, {'cluster_no': 5, 'count': 19}, {'cluster_no': 6, 'count': 7}, {'cluster_no': 7, 'count': 11}, {'cluster_no': 8, 'count': 7}]","[-1, 4, 4, -1, -1, 1, 0, 4, 4, 1, -1, 4, -1, -1, -1, -1, -1, -1, -1, -1, 1, -1, -1, -1, -1, 1, -1, -1, 3, -1, 7, -1, -1, 4, 0, -1, 1, -1, 3, -1, 1, 5, 1, -1, 4, 7, -1, -1, 4, 3, -1, -1, 4, 6, -1, -1, -1, 7, -1, -1, 1, 2, -1, 6, -1, 3, -1, 4, -1, -1, -1, -1, 4, -1, 1, 1, 1, 0, 3, -1, -1, -1, -1, 5, 1, -1, 6, 5, 7, 0, 6, 1, 1, -1, 1, 1, -1, 1, -1, 0, 3, 1, 3, 2, 7, -1, 5, 3, 1, 5, 1, -1, 5, 5, 8, -1, -1, -1, 1, 1, 3, -1, -1, -1, 1, 3, 4, 3, -1, -1, 1, -1, 0, 3, 1, -1, -1, -1, -1, 1, 5, 4, 8, -1, 8, -1, -1, -1, 1, 5, -1, 1, 1, 2, 2, 8, -1, 2, 7, 5, -1, -1, 1, -1, 5, -1, -1, 5, 7, -1, 1, 4, -1, -1, 7, -1, -1, 5, -1, 5, 2, 6, 2, -1, -1, 5, 7, -1, -1, -1, 1, 1, 5, -1, 1, 1, -1, 1, 5, 1, -1, 1, 4, 1, 1, -1, 8, 8, 5, 5, -1, 8, -1, -1, -1, 3, -1, 3, 7, -1, 0, 1, -1, -1, -1, -1, -1, -1, -1, -1, 1, 1, -1, 6, 7, 6, -1]"
150,5,7,0.5,-0.10272806336048494,3,76,"[{'cluster_no': -1, 'count': 76}, {'cluster_no': 0, 'count': 154}, {'cluster_no': 1, 'count': 7}]","[-1, 0, 0, 0, 0, 0, 1, 0, 0, 0, -1, 0, -1, -1, -1, -1, -1, -1, -1, -1, 0, -1, -1, -1, 0, 0, -1, 0, 0, 0, 0, -1, -1, 0, 1, 0, 0, -1, 0, 0, 0, 0, 0, -1, 0, 0, -1, 0, 0, 0, -1, -1, 0, 0, -1, -1, -1, 0, -1, -1, 0, 0, -1, 0, -1, 0, 0, 0, -1, -1, -1, -1, 0, -1, 0, 0, 0, 1, 0, -1, 0, -1, -1, 0, 0, -1, 0, 0, 0, 1, 0, 0, 0, -1, 0, 0, -1, 0, -1, 1, 0, 0, 0, 0, 0, -1, 0, 0, 0, 0, 0, -1, 0, 0, 0, -1, 0, -1, 0, 0, 0, -1, 0, 0, 0, 0, 0, 0, -1, -1, 0, -1, 1, 0, 0, 0, 0, -1, 0, 0, 0, 0, 0, -1, 0, 0, 0, -1, 0, 0, -1, 0, 0, 0, 0, 0, -1, 0, 0, 0, 0, 0, 0, -1, 0, -1, 0, 0, 0, -1, 0, 0, 0, -1, 0, -1, -1, 0, 0, 0, 0, 0, 0, -1, 0, 0, 0, 0, 0, 0, 0, 0, 0, -1, 0, 0, -1, 0, 0, 0, -1, 0, 0, 0, 0, 0, 0, 0, 0, 0, 0, 0, 0, -1, -1, 0, 0, 0, 0, -1, 1, 0, -1, -1, -1, -1, -1, -1, -1, -1, 0, 0, -1, 0, 0, 0, -1]"
150,5,7,1.0,-0.10272806336048494,3,76,"[{'cluster_no': -1, 'count': 76}, {'cluster_no': 0, 'count': 154}, {'cluster_no': 1, 'count': 7}]","[-1, 0, 0, 0, 0, 0, 1, 0, 0, 0, -1, 0, -1, -1, -1, -1, -1, -1, -1, -1, 0, -1, -1, -1, 0, 0, -1, 0, 0, 0, 0, -1, -1, 0, 1, 0, 0, -1, 0, 0, 0, 0, 0, -1, 0, 0, -1, 0, 0, 0, -1, -1, 0, 0, -1, -1, -1, 0, -1, -1, 0, 0, -1, 0, -1, 0, 0, 0, -1, -1, -1, -1, 0, -1, 0, 0, 0, 1, 0, -1, 0, -1, -1, 0, 0, -1, 0, 0, 0, 1, 0, 0, 0, -1, 0, 0, -1, 0, -1, 1, 0, 0, 0, 0, 0, -1, 0, 0, 0, 0, 0, -1, 0, 0, 0, -1, 0, -1, 0, 0, 0, -1, 0, 0, 0, 0, 0, 0, -1, -1, 0, -1, 1, 0, 0, 0, 0, -1, 0, 0, 0, 0, 0, -1, 0, 0, 0, -1, 0, 0, -1, 0, 0, 0, 0, 0, -1, 0, 0, 0, 0, 0, 0, -1, 0, -1, 0, 0, 0, -1, 0, 0, 0, -1, 0, -1, -1, 0, 0, 0, 0, 0, 0, -1, 0, 0, 0, 0, 0, 0, 0, 0, 0, -1, 0, 0, -1, 0, 0, 0, -1, 0, 0, 0, 0, 0, 0, 0, 0, 0, 0, 0, 0, -1, -1, 0, 0, 0, 0, -1, 1, 0, -1, -1, -1, -1, -1, -1, -1, -1, 0, 0, -1, 0, 0, 0, -1]"
150,5,8,0.0,0.442416715546524,6,115,"[{'cluster_no': -1, 'count': 115}, {'cluster_no': 0, 'count': 43}, {'cluster_no': 1, 'count': 14}, {'cluster_no': 2, 'count': 15}, {'cluster_no': 3, 'count': 31}, {'cluster_no': 4, 'count': 19}]","[-1, 2, 2, -1, -1, 0, -1, 2, 2, 0, -1, 2, -1, -1, -1, -1, -1, -1, -1, -1, 0, -1, -1, -1, -1, 0, -1, -1, 1, 3, 3, -1, -1, 2, -1, -1, 0, -1, 1, -1, 0, 4, 0, -1, 2, 3, -1, -1, 2, 1, -1, -1, 2, 3, -1, -1, -1, 3, -1, -1, 0, -1, -1, 3, -1, 1, -1, 2, -1, -1, -1, -1, 2, -1, 0, 0, 0, -1, 1, -1, 3, -1, -1, 4, 0, -1, 3, 4, 3, -1, 3, 0, 0, -1, 0, 0, -1, 0, -1, -1, 1, 0, 1, -1, 3, -1, 4, 1, 0, 4, 0, -1, 4, 4, 3, -1, 3, -1, 0, 0, 1, -1, -1, -1, 0, 1, 2, 1, -1, -1, 0, -1, -1, 1, 0, -1, 3, -1, -1, 0, 4, 2, 3, -1, 3, -1, -1, -1, 0, 4, -1, 0, 0, -1, -1, 3, -1, -1, 3, 4, 3, -1, 0, -1, 4, -1, 3, 4, 3, -1, 0, 2, -1, -1, 3, -1, -1, 4, -1, 4, -1, 3, -1, -1, -1, 4, 3, -1, -1, -1, 0, 0, 4, -1, 0, 0, -1, 0, 4, 0, -1, 0, 2, 0, 0, -1, 3, 3, 4, 4, -1, 3, -1, -1, -1, 1, -1, 1, 3, -1, -1, 0, -1, -1, -1, -1, -1, -1, -1, -1, 0, 0, -1, 3, 3, 3, -1]"
150,5,8,0.5,0.19536904472761465,3,84,"[{'cluster_no': -1, 'count': 84}, {'cluster_no': 0, 'count': 110}, {'cluster_no': 1, 'count': 43}]","[-1, 1, 1, 0, 1, 0, -1, 1, 1, 0, -1, 1, -1, -1, -1, -1, -1, -1, -1, -1, 0, -1, -1, -1, 1, 0, -1, 1, 1, 0, 0, -1, -1, 1, -1, 0, 0, -1, 1, 1, 0, 0, 0, -1, 1, 0, -1, 0, 1, 1, -1, -1, 1, 0, -1, -1, -1, 0, -1, -1, 0, 0, -1, 0, -1, 1, 1, 1, -1, -1, -1, -1, 1, -1, 0, 0, 0, -1, 1, -1, 0, -1, -1, 0, 0, -1, 0, 0, 0, -1, 0, 0, 0, -1, 0, 0, -1, 0, -1, -1, 1, 0, 1, 0, 0, -1, 0, 1, 0, 0, 0, -1, 0, 0, 0, -1, 0, -1, 0, 0, 1, -1, 0, 1, 0, 1, 1, 1, -1, -1, 0, -1, -1, 1, 0, 0, 0, -1, 0, 0, 0, 1, 0, -1, 0, 1, 1, -1, 0, 0, -1, 0, 0, 0, 0, 0, -1, 0, 0, 0, 0, 1, 0, -1, 0, -1, 0, 0, 0, -1, 0, 1, 0, -1, 0, -1, -1, 0, 1, 0, 0, 0, 0, -1, 1, 0, 0, 1, 0, 1, 0, 0, 0, -1, 0, 0, -1, 0, 0, 0, -1, 0, 1, 0, 0, 0, 0, 0, 0, 0, -1, 0, 0, -1, -1, 1, 1, 1, 0, -1, -1, 0, -1, -1, -1, -1, -1, -1, -1, -1, 0, 0, -1, 0, 0, 0, -1]"
150,5,8,1.0,0.19536904472761465,3,84,"[{'cluster_no': -1, 'count': 84}, {'cluster_no': 0, 'count': 110}, {'cluster_no': 1, 'count': 43}]","[-1, 1, 1, 0, 1, 0, -1, 1, 1, 0, -1, 1, -1, -1, -1, -1, -1, -1, -1, -1, 0, -1, -1, -1, 1, 0, -1, 1, 1, 0, 0, -1, -1, 1, -1, 0, 0, -1, 1, 1, 0, 0, 0, -1, 1, 0, -1, 0, 1, 1, -1, -1, 1, 0, -1, -1, -1, 0, -1, -1, 0, 0, -1, 0, -1, 1, 1, 1, -1, -1, -1, -1, 1, -1, 0, 0, 0, -1, 1, -1, 0, -1, -1, 0, 0, -1, 0, 0, 0, -1, 0, 0, 0, -1, 0, 0, -1, 0, -1, -1, 1, 0, 1, 0, 0, -1, 0, 1, 0, 0, 0, -1, 0, 0, 0, -1, 0, -1, 0, 0, 1, -1, 0, 1, 0, 1, 1, 1, -1, -1, 0, -1, -1, 1, 0, 0, 0, -1, 0, 0, 0, 1, 0, -1, 0, 1, 1, -1, 0, 0, -1, 0, 0, 0, 0, 0, -1, 0, 0, 0, 0, 1, 0, -1, 0, -1, 0, 0, 0, -1, 0, 1, 0, -1, 0, -1, -1, 0, 1, 0, 0, 0, 0, -1, 1, 0, 0, 1, 0, 1, 0, 0, 0, -1, 0, 0, -1, 0, 0, 0, -1, 0, 1, 0, 0, 0, 0, 0, 0, 0, -1, 0, 0, -1, -1, 1, 1, 1, 0, -1, -1, 0, -1, -1, -1, -1, -1, -1, -1, -1, 0, 0, -1, 0, 0, 0, -1]"
150,5,9,0.0,0.3642742761903681,5,101,"[{'cluster_no': -1, 'count': 101}, {'cluster_no': 0, 'count': 43}, {'cluster_no': 1, 'count': 43}, {'cluster_no': 2, 'count': 31}, {'cluster_no': 3, 'count': 19}]","[-1, 0, 0, -1, 0, 1, -1, 0, 0, 1, -1, 0, -1, -1, -1, -1, -1, -1, -1, -1, 1, -1, -1, -1, 0, 1, -1, 0, 0, 2, 2, -1, -1, 0, -1, -1, 1, -1, 0, 0, 1, 3, 1, -1, 0, 2, -1, -1, 0, 0, -1, -1, 0, 2, -1, -1, -1, 2, -1, -1, 1, -1, -1, 2, -1, 0, 0, 0, -1, -1, -1, -1, 0, -1, 1, 1, 1, -1, 0, -1, 2, -1, -1, 3, 1, -1, 2, 3, 2, -1, 2, 1, 1, -1, 1, 1, -1, 1, -1, -1, 0, 1, 0, -1, 2, -1, 3, 0, 1, 3, 1, -1, 3, 3, 2, -1, 2, -1, 1, 1, 0, -1, -1, 0, 1, 0, 0, 0, -1, -1, 1, -1, -1, 0, 1, -1, 2, -1, -1, 1, 3, 0, 2, -1, 2, 0, 0, -1, 1, 3, -1, 1, 1, -1, -1, 2, -1, -1, 2, 3, 2, 0, 1, -1, 3, -1, 2, 3, 2, -1, 1, 0, -1, -1, 2, -1, -1, 3, 0, 3, -1, 2, -1, -1, 0, 3, 2, 0, -1, 0, 1, 1, 3, -1, 1, 1, -1, 1, 3, 1, -1, 1, 0, 1, 1, -1, 2, 2, 3, 3, -1, 2, -1, -1, -1, 0, 0, 0, 2, -1, -1, 1, -1, -1, -1, -1, -1, -1, -1, -1, 1, 1, -1, 2, 2, 2, -1]"
150,5,9,0.5,0.19536904472761465,3,84,"[{'cluster_no': -1, 'count': 84}, {'cluster_no': 0, 'count': 110}, {'cluster_no': 1, 'count': 43}]","[-1, 1, 1, 0, 1, 0, -1, 1, 1, 0, -1, 1, -1, -1, -1, -1, -1, -1, -1, -1, 0, -1, -1, -1, 1, 0, -1, 1, 1, 0, 0, -1, -1, 1, -1, 0, 0, -1, 1, 1, 0, 0, 0, -1, 1, 0, -1, 0, 1, 1, -1, -1, 1, 0, -1, -1, -1, 0, -1, -1, 0, 0, -1, 0, -1, 1, 1, 1, -1, -1, -1, -1, 1, -1, 0, 0, 0, -1, 1, -1, 0, -1, -1, 0, 0, -1, 0, 0, 0, -1, 0, 0, 0, -1, 0, 0, -1, 0, -1, -1, 1, 0, 1, 0, 0, -1, 0, 1, 0, 0, 0, -1, 0, 0, 0, -1, 0, -1, 0, 0, 1, -1, 0, 1, 0, 1, 1, 1, -1, -1, 0, -1, -1, 1, 0, 0, 0, -1, 0, 0, 0, 1, 0, -1, 0, 1, 1, -1, 0, 0, -1, 0, 0, 0, 0, 0, -1, 0, 0, 0, 0, 1, 0, -1, 0, -1, 0, 0, 0, -1, 0, 1, 0, -1, 0, -1, -1, 0, 1, 0, 0, 0, 0, -1, 1, 0, 0, 1, 0, 1, 0, 0, 0, -1, 0, 0, -1, 0, 0, 0, -1, 0, 1, 0, 0, 0, 0, 0, 0, 0, -1, 0, 0, -1, -1, 1, 1, 1, 0, -1, -1, 0, -1, -1, -1, -1, -1, -1, -1, -1, 0, 0, -1, 0, 0, 0, -1]"
150,5,9,1.0,0.19536904472761465,3,84,"[{'cluster_no': -1, 'count': 84}, {'cluster_no': 0, 'count': 110}, {'cluster_no': 1, 'count': 43}]","[-1, 1, 1, 0, 1, 0, -1, 1, 1, 0, -1, 1, -1, -1, -1, -1, -1, -1, -1, -1, 0, -1, -1, -1, 1, 0, -1, 1, 1, 0, 0, -1, -1, 1, -1, 0, 0, -1, 1, 1, 0, 0, 0, -1, 1, 0, -1, 0, 1, 1, -1, -1, 1, 0, -1, -1, -1, 0, -1, -1, 0, 0, -1, 0, -1, 1, 1, 1, -1, -1, -1, -1, 1, -1, 0, 0, 0, -1, 1, -1, 0, -1, -1, 0, 0, -1, 0, 0, 0, -1, 0, 0, 0, -1, 0, 0, -1, 0, -1, -1, 1, 0, 1, 0, 0, -1, 0, 1, 0, 0, 0, -1, 0, 0, 0, -1, 0, -1, 0, 0, 1, -1, 0, 1, 0, 1, 1, 1, -1, -1, 0, -1, -1, 1, 0, 0, 0, -1, 0, 0, 0, 1, 0, -1, 0, 1, 1, -1, 0, 0, -1, 0, 0, 0, 0, 0, -1, 0, 0, 0, 0, 1, 0, -1, 0, -1, 0, 0, 0, -1, 0, 1, 0, -1, 0, -1, -1, 0, 1, 0, 0, 0, 0, -1, 1, 0, 0, 1, 0, 1, 0, 0, 0, -1, 0, 0, -1, 0, 0, 0, -1, 0, 1, 0, 0, 0, 0, 0, 0, 0, -1, 0, 0, -1, -1, 1, 1, 1, 0, -1, -1, 0, -1, -1, -1, -1, -1, -1, -1, -1, 0, 0, -1, 0, 0, 0, -1]"
150,5,10,0.0,0.3642742761903681,5,101,"[{'cluster_no': -1, 'count': 101}, {'cluster_no': 0, 'count': 43}, {'cluster_no': 1, 'count': 43}, {'cluster_no': 2, 'count': 31}, {'cluster_no': 3, 'count': 19}]","[-1, 0, 0, -1, 0, 1, -1, 0, 0, 1, -1, 0, -1, -1, -1, -1, -1, -1, -1, -1, 1, -1, -1, -1, 0, 1, -1, 0, 0, 2, 2, -1, -1, 0, -1, -1, 1, -1, 0, 0, 1, 3, 1, -1, 0, 2, -1, -1, 0, 0, -1, -1, 0, 2, -1, -1, -1, 2, -1, -1, 1, -1, -1, 2, -1, 0, 0, 0, -1, -1, -1, -1, 0, -1, 1, 1, 1, -1, 0, -1, 2, -1, -1, 3, 1, -1, 2, 3, 2, -1, 2, 1, 1, -1, 1, 1, -1, 1, -1, -1, 0, 1, 0, -1, 2, -1, 3, 0, 1, 3, 1, -1, 3, 3, 2, -1, 2, -1, 1, 1, 0, -1, -1, 0, 1, 0, 0, 0, -1, -1, 1, -1, -1, 0, 1, -1, 2, -1, -1, 1, 3, 0, 2, -1, 2, 0, 0, -1, 1, 3, -1, 1, 1, -1, -1, 2, -1, -1, 2, 3, 2, 0, 1, -1, 3, -1, 2, 3, 2, -1, 1, 0, -1, -1, 2, -1, -1, 3, 0, 3, -1, 2, -1, -1, 0, 3, 2, 0, -1, 0, 1, 1, 3, -1, 1, 1, -1, 1, 3, 1, -1, 1, 0, 1, 1, -1, 2, 2, 3, 3, -1, 2, -1, -1, -1, 0, 0, 0, 2, -1, -1, 1, -1, -1, -1, -1, -1, -1, -1, -1, 1, 1, -1, 2, 2, 2, -1]"
150,5,10,0.5,0.19536904472761465,3,84,"[{'cluster_no': -1, 'count': 84}, {'cluster_no': 0, 'count': 110}, {'cluster_no': 1, 'count': 43}]","[-1, 1, 1, 0, 1, 0, -1, 1, 1, 0, -1, 1, -1, -1, -1, -1, -1, -1, -1, -1, 0, -1, -1, -1, 1, 0, -1, 1, 1, 0, 0, -1, -1, 1, -1, 0, 0, -1, 1, 1, 0, 0, 0, -1, 1, 0, -1, 0, 1, 1, -1, -1, 1, 0, -1, -1, -1, 0, -1, -1, 0, 0, -1, 0, -1, 1, 1, 1, -1, -1, -1, -1, 1, -1, 0, 0, 0, -1, 1, -1, 0, -1, -1, 0, 0, -1, 0, 0, 0, -1, 0, 0, 0, -1, 0, 0, -1, 0, -1, -1, 1, 0, 1, 0, 0, -1, 0, 1, 0, 0, 0, -1, 0, 0, 0, -1, 0, -1, 0, 0, 1, -1, 0, 1, 0, 1, 1, 1, -1, -1, 0, -1, -1, 1, 0, 0, 0, -1, 0, 0, 0, 1, 0, -1, 0, 1, 1, -1, 0, 0, -1, 0, 0, 0, 0, 0, -1, 0, 0, 0, 0, 1, 0, -1, 0, -1, 0, 0, 0, -1, 0, 1, 0, -1, 0, -1, -1, 0, 1, 0, 0, 0, 0, -1, 1, 0, 0, 1, 0, 1, 0, 0, 0, -1, 0, 0, -1, 0, 0, 0, -1, 0, 1, 0, 0, 0, 0, 0, 0, 0, -1, 0, 0, -1, -1, 1, 1, 1, 0, -1, -1, 0, -1, -1, -1, -1, -1, -1, -1, -1, 0, 0, -1, 0, 0, 0, -1]"
150,5,10,1.0,0.19536904472761465,3,84,"[{'cluster_no': -1, 'count': 84}, {'cluster_no': 0, 'count': 110}, {'cluster_no': 1, 'count': 43}]","[-1, 1, 1, 0, 1, 0, -1, 1, 1, 0, -1, 1, -1, -1, -1, -1, -1, -1, -1, -1, 0, -1, -1, -1, 1, 0, -1, 1, 1, 0, 0, -1, -1, 1, -1, 0, 0, -1, 1, 1, 0, 0, 0, -1, 1, 0, -1, 0, 1, 1, -1, -1, 1, 0, -1, -1, -1, 0, -1, -1, 0, 0, -1, 0, -1, 1, 1, 1, -1, -1, -1, -1, 1, -1, 0, 0, 0, -1, 1, -1, 0, -1, -1, 0, 0, -1, 0, 0, 0, -1, 0, 0, 0, -1, 0, 0, -1, 0, -1, -1, 1, 0, 1, 0, 0, -1, 0, 1, 0, 0, 0, -1, 0, 0, 0, -1, 0, -1, 0, 0, 1, -1, 0, 1, 0, 1, 1, 1, -1, -1, 0, -1, -1, 1, 0, 0, 0, -1, 0, 0, 0, 1, 0, -1, 0, 1, 1, -1, 0, 0, -1, 0, 0, 0, 0, 0, -1, 0, 0, 0, 0, 1, 0, -1, 0, -1, 0, 0, 0, -1, 0, 1, 0, -1, 0, -1, -1, 0, 1, 0, 0, 0, 0, -1, 1, 0, 0, 1, 0, 1, 0, 0, 0, -1, 0, 0, -1, 0, 0, 0, -1, 0, 1, 0, 0, 0, 0, 0, 0, 0, -1, 0, 0, -1, -1, 1, 1, 1, 0, -1, -1, 0, -1, -1, -1, -1, -1, -1, -1, -1, 0, 0, -1, 0, 0, 0, -1]"
150,5,11,0.0,0.3642742761903681,5,101,"[{'cluster_no': -1, 'count': 101}, {'cluster_no': 0, 'count': 43}, {'cluster_no': 1, 'count': 43}, {'cluster_no': 2, 'count': 31}, {'cluster_no': 3, 'count': 19}]","[-1, 0, 0, -1, 0, 1, -1, 0, 0, 1, -1, 0, -1, -1, -1, -1, -1, -1, -1, -1, 1, -1, -1, -1, 0, 1, -1, 0, 0, 2, 2, -1, -1, 0, -1, -1, 1, -1, 0, 0, 1, 3, 1, -1, 0, 2, -1, -1, 0, 0, -1, -1, 0, 2, -1, -1, -1, 2, -1, -1, 1, -1, -1, 2, -1, 0, 0, 0, -1, -1, -1, -1, 0, -1, 1, 1, 1, -1, 0, -1, 2, -1, -1, 3, 1, -1, 2, 3, 2, -1, 2, 1, 1, -1, 1, 1, -1, 1, -1, -1, 0, 1, 0, -1, 2, -1, 3, 0, 1, 3, 1, -1, 3, 3, 2, -1, 2, -1, 1, 1, 0, -1, -1, 0, 1, 0, 0, 0, -1, -1, 1, -1, -1, 0, 1, -1, 2, -1, -1, 1, 3, 0, 2, -1, 2, 0, 0, -1, 1, 3, -1, 1, 1, -1, -1, 2, -1, -1, 2, 3, 2, 0, 1, -1, 3, -1, 2, 3, 2, -1, 1, 0, -1, -1, 2, -1, -1, 3, 0, 3, -1, 2, -1, -1, 0, 3, 2, 0, -1, 0, 1, 1, 3, -1, 1, 1, -1, 1, 3, 1, -1, 1, 0, 1, 1, -1, 2, 2, 3, 3, -1, 2, -1, -1, -1, 0, 0, 0, 2, -1, -1, 1, -1, -1, -1, -1, -1, -1, -1, -1, 1, 1, -1, 2, 2, 2, -1]"
150,5,11,0.5,0.19536904472761465,3,84,"[{'cluster_no': -1, 'count': 84}, {'cluster_no': 0, 'count': 110}, {'cluster_no': 1, 'count': 43}]","[-1, 1, 1, 0, 1, 0, -1, 1, 1, 0, -1, 1, -1, -1, -1, -1, -1, -1, -1, -1, 0, -1, -1, -1, 1, 0, -1, 1, 1, 0, 0, -1, -1, 1, -1, 0, 0, -1, 1, 1, 0, 0, 0, -1, 1, 0, -1, 0, 1, 1, -1, -1, 1, 0, -1, -1, -1, 0, -1, -1, 0, 0, -1, 0, -1, 1, 1, 1, -1, -1, -1, -1, 1, -1, 0, 0, 0, -1, 1, -1, 0, -1, -1, 0, 0, -1, 0, 0, 0, -1, 0, 0, 0, -1, 0, 0, -1, 0, -1, -1, 1, 0, 1, 0, 0, -1, 0, 1, 0, 0, 0, -1, 0, 0, 0, -1, 0, -1, 0, 0, 1, -1, 0, 1, 0, 1, 1, 1, -1, -1, 0, -1, -1, 1, 0, 0, 0, -1, 0, 0, 0, 1, 0, -1, 0, 1, 1, -1, 0, 0, -1, 0, 0, 0, 0, 0, -1, 0, 0, 0, 0, 1, 0, -1, 0, -1, 0, 0, 0, -1, 0, 1, 0, -1, 0, -1, -1, 0, 1, 0, 0, 0, 0, -1, 1, 0, 0, 1, 0, 1, 0, 0, 0, -1, 0, 0, -1, 0, 0, 0, -1, 0, 1, 0, 0, 0, 0, 0, 0, 0, -1, 0, 0, -1, -1, 1, 1, 1, 0, -1, -1, 0, -1, -1, -1, -1, -1, -1, -1, -1, 0, 0, -1, 0, 0, 0, -1]"
150,5,11,1.0,0.19536904472761465,3,84,"[{'cluster_no': -1, 'count': 84}, {'cluster_no': 0, 'count': 110}, {'cluster_no': 1, 'count': 43}]","[-1, 1, 1, 0, 1, 0, -1, 1, 1, 0, -1, 1, -1, -1, -1, -1, -1, -1, -1, -1, 0, -1, -1, -1, 1, 0, -1, 1, 1, 0, 0, -1, -1, 1, -1, 0, 0, -1, 1, 1, 0, 0, 0, -1, 1, 0, -1, 0, 1, 1, -1, -1, 1, 0, -1, -1, -1, 0, -1, -1, 0, 0, -1, 0, -1, 1, 1, 1, -1, -1, -1, -1, 1, -1, 0, 0, 0, -1, 1, -1, 0, -1, -1, 0, 0, -1, 0, 0, 0, -1, 0, 0, 0, -1, 0, 0, -1, 0, -1, -1, 1, 0, 1, 0, 0, -1, 0, 1, 0, 0, 0, -1, 0, 0, 0, -1, 0, -1, 0, 0, 1, -1, 0, 1, 0, 1, 1, 1, -1, -1, 0, -1, -1, 1, 0, 0, 0, -1, 0, 0, 0, 1, 0, -1, 0, 1, 1, -1, 0, 0, -1, 0, 0, 0, 0, 0, -1, 0, 0, 0, 0, 1, 0, -1, 0, -1, 0, 0, 0, -1, 0, 1, 0, -1, 0, -1, -1, 0, 1, 0, 0, 0, 0, -1, 1, 0, 0, 1, 0, 1, 0, 0, 0, -1, 0, 0, -1, 0, 0, 0, -1, 0, 1, 0, 0, 0, 0, 0, 0, 0, -1, 0, 0, -1, -1, 1, 1, 1, 0, -1, -1, 0, -1, -1, -1, -1, -1, -1, -1, -1, 0, 0, -1, 0, 0, 0, -1]"
150,5,12,0.0,0.3642742761903681,5,101,"[{'cluster_no': -1, 'count': 101}, {'cluster_no': 0, 'count': 43}, {'cluster_no': 1, 'count': 43}, {'cluster_no': 2, 'count': 31}, {'cluster_no': 3, 'count': 19}]","[-1, 0, 0, -1, 0, 1, -1, 0, 0, 1, -1, 0, -1, -1, -1, -1, -1, -1, -1, -1, 1, -1, -1, -1, 0, 1, -1, 0, 0, 2, 2, -1, -1, 0, -1, -1, 1, -1, 0, 0, 1, 3, 1, -1, 0, 2, -1, -1, 0, 0, -1, -1, 0, 2, -1, -1, -1, 2, -1, -1, 1, -1, -1, 2, -1, 0, 0, 0, -1, -1, -1, -1, 0, -1, 1, 1, 1, -1, 0, -1, 2, -1, -1, 3, 1, -1, 2, 3, 2, -1, 2, 1, 1, -1, 1, 1, -1, 1, -1, -1, 0, 1, 0, -1, 2, -1, 3, 0, 1, 3, 1, -1, 3, 3, 2, -1, 2, -1, 1, 1, 0, -1, -1, 0, 1, 0, 0, 0, -1, -1, 1, -1, -1, 0, 1, -1, 2, -1, -1, 1, 3, 0, 2, -1, 2, 0, 0, -1, 1, 3, -1, 1, 1, -1, -1, 2, -1, -1, 2, 3, 2, 0, 1, -1, 3, -1, 2, 3, 2, -1, 1, 0, -1, -1, 2, -1, -1, 3, 0, 3, -1, 2, -1, -1, 0, 3, 2, 0, -1, 0, 1, 1, 3, -1, 1, 1, -1, 1, 3, 1, -1, 1, 0, 1, 1, -1, 2, 2, 3, 3, -1, 2, -1, -1, -1, 0, 0, 0, 2, -1, -1, 1, -1, -1, -1, -1, -1, -1, -1, -1, 1, 1, -1, 2, 2, 2, -1]"
150,5,12,0.5,0.19536904472761465,3,84,"[{'cluster_no': -1, 'count': 84}, {'cluster_no': 0, 'count': 110}, {'cluster_no': 1, 'count': 43}]","[-1, 1, 1, 0, 1, 0, -1, 1, 1, 0, -1, 1, -1, -1, -1, -1, -1, -1, -1, -1, 0, -1, -1, -1, 1, 0, -1, 1, 1, 0, 0, -1, -1, 1, -1, 0, 0, -1, 1, 1, 0, 0, 0, -1, 1, 0, -1, 0, 1, 1, -1, -1, 1, 0, -1, -1, -1, 0, -1, -1, 0, 0, -1, 0, -1, 1, 1, 1, -1, -1, -1, -1, 1, -1, 0, 0, 0, -1, 1, -1, 0, -1, -1, 0, 0, -1, 0, 0, 0, -1, 0, 0, 0, -1, 0, 0, -1, 0, -1, -1, 1, 0, 1, 0, 0, -1, 0, 1, 0, 0, 0, -1, 0, 0, 0, -1, 0, -1, 0, 0, 1, -1, 0, 1, 0, 1, 1, 1, -1, -1, 0, -1, -1, 1, 0, 0, 0, -1, 0, 0, 0, 1, 0, -1, 0, 1, 1, -1, 0, 0, -1, 0, 0, 0, 0, 0, -1, 0, 0, 0, 0, 1, 0, -1, 0, -1, 0, 0, 0, -1, 0, 1, 0, -1, 0, -1, -1, 0, 1, 0, 0, 0, 0, -1, 1, 0, 0, 1, 0, 1, 0, 0, 0, -1, 0, 0, -1, 0, 0, 0, -1, 0, 1, 0, 0, 0, 0, 0, 0, 0, -1, 0, 0, -1, -1, 1, 1, 1, 0, -1, -1, 0, -1, -1, -1, -1, -1, -1, -1, -1, 0, 0, -1, 0, 0, 0, -1]"
150,5,12,1.0,0.19536904472761465,3,84,"[{'cluster_no': -1, 'count': 84}, {'cluster_no': 0, 'count': 110}, {'cluster_no': 1, 'count': 43}]","[-1, 1, 1, 0, 1, 0, -1, 1, 1, 0, -1, 1, -1, -1, -1, -1, -1, -1, -1, -1, 0, -1, -1, -1, 1, 0, -1, 1, 1, 0, 0, -1, -1, 1, -1, 0, 0, -1, 1, 1, 0, 0, 0, -1, 1, 0, -1, 0, 1, 1, -1, -1, 1, 0, -1, -1, -1, 0, -1, -1, 0, 0, -1, 0, -1, 1, 1, 1, -1, -1, -1, -1, 1, -1, 0, 0, 0, -1, 1, -1, 0, -1, -1, 0, 0, -1, 0, 0, 0, -1, 0, 0, 0, -1, 0, 0, -1, 0, -1, -1, 1, 0, 1, 0, 0, -1, 0, 1, 0, 0, 0, -1, 0, 0, 0, -1, 0, -1, 0, 0, 1, -1, 0, 1, 0, 1, 1, 1, -1, -1, 0, -1, -1, 1, 0, 0, 0, -1, 0, 0, 0, 1, 0, -1, 0, 1, 1, -1, 0, 0, -1, 0, 0, 0, 0, 0, -1, 0, 0, 0, 0, 1, 0, -1, 0, -1, 0, 0, 0, -1, 0, 1, 0, -1, 0, -1, -1, 0, 1, 0, 0, 0, 0, -1, 1, 0, 0, 1, 0, 1, 0, 0, 0, -1, 0, 0, -1, 0, 0, 0, -1, 0, 1, 0, 0, 0, 0, 0, 0, 0, -1, 0, 0, -1, -1, 1, 1, 1, 0, -1, -1, 0, -1, -1, -1, -1, -1, -1, -1, -1, 0, 0, -1, 0, 0, 0, -1]"
150,5,13,0.0,0.3642742761903681,5,101,"[{'cluster_no': -1, 'count': 101}, {'cluster_no': 0, 'count': 43}, {'cluster_no': 1, 'count': 43}, {'cluster_no': 2, 'count': 31}, {'cluster_no': 3, 'count': 19}]","[-1, 0, 0, -1, 0, 1, -1, 0, 0, 1, -1, 0, -1, -1, -1, -1, -1, -1, -1, -1, 1, -1, -1, -1, 0, 1, -1, 0, 0, 2, 2, -1, -1, 0, -1, -1, 1, -1, 0, 0, 1, 3, 1, -1, 0, 2, -1, -1, 0, 0, -1, -1, 0, 2, -1, -1, -1, 2, -1, -1, 1, -1, -1, 2, -1, 0, 0, 0, -1, -1, -1, -1, 0, -1, 1, 1, 1, -1, 0, -1, 2, -1, -1, 3, 1, -1, 2, 3, 2, -1, 2, 1, 1, -1, 1, 1, -1, 1, -1, -1, 0, 1, 0, -1, 2, -1, 3, 0, 1, 3, 1, -1, 3, 3, 2, -1, 2, -1, 1, 1, 0, -1, -1, 0, 1, 0, 0, 0, -1, -1, 1, -1, -1, 0, 1, -1, 2, -1, -1, 1, 3, 0, 2, -1, 2, 0, 0, -1, 1, 3, -1, 1, 1, -1, -1, 2, -1, -1, 2, 3, 2, 0, 1, -1, 3, -1, 2, 3, 2, -1, 1, 0, -1, -1, 2, -1, -1, 3, 0, 3, -1, 2, -1, -1, 0, 3, 2, 0, -1, 0, 1, 1, 3, -1, 1, 1, -1, 1, 3, 1, -1, 1, 0, 1, 1, -1, 2, 2, 3, 3, -1, 2, -1, -1, -1, 0, 0, 0, 2, -1, -1, 1, -1, -1, -1, -1, -1, -1, -1, -1, 1, 1, -1, 2, 2, 2, -1]"
150,5,13,0.5,0.19536904472761465,3,84,"[{'cluster_no': -1, 'count': 84}, {'cluster_no': 0, 'count': 110}, {'cluster_no': 1, 'count': 43}]","[-1, 1, 1, 0, 1, 0, -1, 1, 1, 0, -1, 1, -1, -1, -1, -1, -1, -1, -1, -1, 0, -1, -1, -1, 1, 0, -1, 1, 1, 0, 0, -1, -1, 1, -1, 0, 0, -1, 1, 1, 0, 0, 0, -1, 1, 0, -1, 0, 1, 1, -1, -1, 1, 0, -1, -1, -1, 0, -1, -1, 0, 0, -1, 0, -1, 1, 1, 1, -1, -1, -1, -1, 1, -1, 0, 0, 0, -1, 1, -1, 0, -1, -1, 0, 0, -1, 0, 0, 0, -1, 0, 0, 0, -1, 0, 0, -1, 0, -1, -1, 1, 0, 1, 0, 0, -1, 0, 1, 0, 0, 0, -1, 0, 0, 0, -1, 0, -1, 0, 0, 1, -1, 0, 1, 0, 1, 1, 1, -1, -1, 0, -1, -1, 1, 0, 0, 0, -1, 0, 0, 0, 1, 0, -1, 0, 1, 1, -1, 0, 0, -1, 0, 0, 0, 0, 0, -1, 0, 0, 0, 0, 1, 0, -1, 0, -1, 0, 0, 0, -1, 0, 1, 0, -1, 0, -1, -1, 0, 1, 0, 0, 0, 0, -1, 1, 0, 0, 1, 0, 1, 0, 0, 0, -1, 0, 0, -1, 0, 0, 0, -1, 0, 1, 0, 0, 0, 0, 0, 0, 0, -1, 0, 0, -1, -1, 1, 1, 1, 0, -1, -1, 0, -1, -1, -1, -1, -1, -1, -1, -1, 0, 0, -1, 0, 0, 0, -1]"
150,5,13,1.0,0.19536904472761465,3,84,"[{'cluster_no': -1, 'count': 84}, {'cluster_no': 0, 'count': 110}, {'cluster_no': 1, 'count': 43}]","[-1, 1, 1, 0, 1, 0, -1, 1, 1, 0, -1, 1, -1, -1, -1, -1, -1, -1, -1, -1, 0, -1, -1, -1, 1, 0, -1, 1, 1, 0, 0, -1, -1, 1, -1, 0, 0, -1, 1, 1, 0, 0, 0, -1, 1, 0, -1, 0, 1, 1, -1, -1, 1, 0, -1, -1, -1, 0, -1, -1, 0, 0, -1, 0, -1, 1, 1, 1, -1, -1, -1, -1, 1, -1, 0, 0, 0, -1, 1, -1, 0, -1, -1, 0, 0, -1, 0, 0, 0, -1, 0, 0, 0, -1, 0, 0, -1, 0, -1, -1, 1, 0, 1, 0, 0, -1, 0, 1, 0, 0, 0, -1, 0, 0, 0, -1, 0, -1, 0, 0, 1, -1, 0, 1, 0, 1, 1, 1, -1, -1, 0, -1, -1, 1, 0, 0, 0, -1, 0, 0, 0, 1, 0, -1, 0, 1, 1, -1, 0, 0, -1, 0, 0, 0, 0, 0, -1, 0, 0, 0, 0, 1, 0, -1, 0, -1, 0, 0, 0, -1, 0, 1, 0, -1, 0, -1, -1, 0, 1, 0, 0, 0, 0, -1, 1, 0, 0, 1, 0, 1, 0, 0, 0, -1, 0, 0, -1, 0, 0, 0, -1, 0, 1, 0, 0, 0, 0, 0, 0, 0, -1, 0, 0, -1, -1, 1, 1, 1, 0, -1, -1, 0, -1, -1, -1, -1, -1, -1, -1, -1, 0, 0, -1, 0, 0, 0, -1]"
150,5,14,0.0,0.3642742761903681,5,101,"[{'cluster_no': -1, 'count': 101}, {'cluster_no': 0, 'count': 43}, {'cluster_no': 1, 'count': 43}, {'cluster_no': 2, 'count': 31}, {'cluster_no': 3, 'count': 19}]","[-1, 0, 0, -1, 0, 1, -1, 0, 0, 1, -1, 0, -1, -1, -1, -1, -1, -1, -1, -1, 1, -1, -1, -1, 0, 1, -1, 0, 0, 2, 2, -1, -1, 0, -1, -1, 1, -1, 0, 0, 1, 3, 1, -1, 0, 2, -1, -1, 0, 0, -1, -1, 0, 2, -1, -1, -1, 2, -1, -1, 1, -1, -1, 2, -1, 0, 0, 0, -1, -1, -1, -1, 0, -1, 1, 1, 1, -1, 0, -1, 2, -1, -1, 3, 1, -1, 2, 3, 2, -1, 2, 1, 1, -1, 1, 1, -1, 1, -1, -1, 0, 1, 0, -1, 2, -1, 3, 0, 1, 3, 1, -1, 3, 3, 2, -1, 2, -1, 1, 1, 0, -1, -1, 0, 1, 0, 0, 0, -1, -1, 1, -1, -1, 0, 1, -1, 2, -1, -1, 1, 3, 0, 2, -1, 2, 0, 0, -1, 1, 3, -1, 1, 1, -1, -1, 2, -1, -1, 2, 3, 2, 0, 1, -1, 3, -1, 2, 3, 2, -1, 1, 0, -1, -1, 2, -1, -1, 3, 0, 3, -1, 2, -1, -1, 0, 3, 2, 0, -1, 0, 1, 1, 3, -1, 1, 1, -1, 1, 3, 1, -1, 1, 0, 1, 1, -1, 2, 2, 3, 3, -1, 2, -1, -1, -1, 0, 0, 0, 2, -1, -1, 1, -1, -1, -1, -1, -1, -1, -1, -1, 1, 1, -1, 2, 2, 2, -1]"
150,5,14,0.5,0.19536904472761465,3,84,"[{'cluster_no': -1, 'count': 84}, {'cluster_no': 0, 'count': 110}, {'cluster_no': 1, 'count': 43}]","[-1, 1, 1, 0, 1, 0, -1, 1, 1, 0, -1, 1, -1, -1, -1, -1, -1, -1, -1, -1, 0, -1, -1, -1, 1, 0, -1, 1, 1, 0, 0, -1, -1, 1, -1, 0, 0, -1, 1, 1, 0, 0, 0, -1, 1, 0, -1, 0, 1, 1, -1, -1, 1, 0, -1, -1, -1, 0, -1, -1, 0, 0, -1, 0, -1, 1, 1, 1, -1, -1, -1, -1, 1, -1, 0, 0, 0, -1, 1, -1, 0, -1, -1, 0, 0, -1, 0, 0, 0, -1, 0, 0, 0, -1, 0, 0, -1, 0, -1, -1, 1, 0, 1, 0, 0, -1, 0, 1, 0, 0, 0, -1, 0, 0, 0, -1, 0, -1, 0, 0, 1, -1, 0, 1, 0, 1, 1, 1, -1, -1, 0, -1, -1, 1, 0, 0, 0, -1, 0, 0, 0, 1, 0, -1, 0, 1, 1, -1, 0, 0, -1, 0, 0, 0, 0, 0, -1, 0, 0, 0, 0, 1, 0, -1, 0, -1, 0, 0, 0, -1, 0, 1, 0, -1, 0, -1, -1, 0, 1, 0, 0, 0, 0, -1, 1, 0, 0, 1, 0, 1, 0, 0, 0, -1, 0, 0, -1, 0, 0, 0, -1, 0, 1, 0, 0, 0, 0, 0, 0, 0, -1, 0, 0, -1, -1, 1, 1, 1, 0, -1, -1, 0, -1, -1, -1, -1, -1, -1, -1, -1, 0, 0, -1, 0, 0, 0, -1]"
150,5,14,1.0,0.19536904472761465,3,84,"[{'cluster_no': -1, 'count': 84}, {'cluster_no': 0, 'count': 110}, {'cluster_no': 1, 'count': 43}]","[-1, 1, 1, 0, 1, 0, -1, 1, 1, 0, -1, 1, -1, -1, -1, -1, -1, -1, -1, -1, 0, -1, -1, -1, 1, 0, -1, 1, 1, 0, 0, -1, -1, 1, -1, 0, 0, -1, 1, 1, 0, 0, 0, -1, 1, 0, -1, 0, 1, 1, -1, -1, 1, 0, -1, -1, -1, 0, -1, -1, 0, 0, -1, 0, -1, 1, 1, 1, -1, -1, -1, -1, 1, -1, 0, 0, 0, -1, 1, -1, 0, -1, -1, 0, 0, -1, 0, 0, 0, -1, 0, 0, 0, -1, 0, 0, -1, 0, -1, -1, 1, 0, 1, 0, 0, -1, 0, 1, 0, 0, 0, -1, 0, 0, 0, -1, 0, -1, 0, 0, 1, -1, 0, 1, 0, 1, 1, 1, -1, -1, 0, -1, -1, 1, 0, 0, 0, -1, 0, 0, 0, 1, 0, -1, 0, 1, 1, -1, 0, 0, -1, 0, 0, 0, 0, 0, -1, 0, 0, 0, 0, 1, 0, -1, 0, -1, 0, 0, 0, -1, 0, 1, 0, -1, 0, -1, -1, 0, 1, 0, 0, 0, 0, -1, 1, 0, 0, 1, 0, 1, 0, 0, 0, -1, 0, 0, -1, 0, 0, 0, -1, 0, 1, 0, 0, 0, 0, 0, 0, 0, -1, 0, 0, -1, -1, 1, 1, 1, 0, -1, -1, 0, -1, -1, -1, -1, -1, -1, -1, -1, 0, 0, -1, 0, 0, 0, -1]"
150,5,15,0.0,0.3642742761903681,5,101,"[{'cluster_no': -1, 'count': 101}, {'cluster_no': 0, 'count': 43}, {'cluster_no': 1, 'count': 43}, {'cluster_no': 2, 'count': 31}, {'cluster_no': 3, 'count': 19}]","[-1, 0, 0, -1, 0, 1, -1, 0, 0, 1, -1, 0, -1, -1, -1, -1, -1, -1, -1, -1, 1, -1, -1, -1, 0, 1, -1, 0, 0, 2, 2, -1, -1, 0, -1, -1, 1, -1, 0, 0, 1, 3, 1, -1, 0, 2, -1, -1, 0, 0, -1, -1, 0, 2, -1, -1, -1, 2, -1, -1, 1, -1, -1, 2, -1, 0, 0, 0, -1, -1, -1, -1, 0, -1, 1, 1, 1, -1, 0, -1, 2, -1, -1, 3, 1, -1, 2, 3, 2, -1, 2, 1, 1, -1, 1, 1, -1, 1, -1, -1, 0, 1, 0, -1, 2, -1, 3, 0, 1, 3, 1, -1, 3, 3, 2, -1, 2, -1, 1, 1, 0, -1, -1, 0, 1, 0, 0, 0, -1, -1, 1, -1, -1, 0, 1, -1, 2, -1, -1, 1, 3, 0, 2, -1, 2, 0, 0, -1, 1, 3, -1, 1, 1, -1, -1, 2, -1, -1, 2, 3, 2, 0, 1, -1, 3, -1, 2, 3, 2, -1, 1, 0, -1, -1, 2, -1, -1, 3, 0, 3, -1, 2, -1, -1, 0, 3, 2, 0, -1, 0, 1, 1, 3, -1, 1, 1, -1, 1, 3, 1, -1, 1, 0, 1, 1, -1, 2, 2, 3, 3, -1, 2, -1, -1, -1, 0, 0, 0, 2, -1, -1, 1, -1, -1, -1, -1, -1, -1, -1, -1, 1, 1, -1, 2, 2, 2, -1]"
150,5,15,0.5,0.19536904472761465,3,84,"[{'cluster_no': -1, 'count': 84}, {'cluster_no': 0, 'count': 110}, {'cluster_no': 1, 'count': 43}]","[-1, 1, 1, 0, 1, 0, -1, 1, 1, 0, -1, 1, -1, -1, -1, -1, -1, -1, -1, -1, 0, -1, -1, -1, 1, 0, -1, 1, 1, 0, 0, -1, -1, 1, -1, 0, 0, -1, 1, 1, 0, 0, 0, -1, 1, 0, -1, 0, 1, 1, -1, -1, 1, 0, -1, -1, -1, 0, -1, -1, 0, 0, -1, 0, -1, 1, 1, 1, -1, -1, -1, -1, 1, -1, 0, 0, 0, -1, 1, -1, 0, -1, -1, 0, 0, -1, 0, 0, 0, -1, 0, 0, 0, -1, 0, 0, -1, 0, -1, -1, 1, 0, 1, 0, 0, -1, 0, 1, 0, 0, 0, -1, 0, 0, 0, -1, 0, -1, 0, 0, 1, -1, 0, 1, 0, 1, 1, 1, -1, -1, 0, -1, -1, 1, 0, 0, 0, -1, 0, 0, 0, 1, 0, -1, 0, 1, 1, -1, 0, 0, -1, 0, 0, 0, 0, 0, -1, 0, 0, 0, 0, 1, 0, -1, 0, -1, 0, 0, 0, -1, 0, 1, 0, -1, 0, -1, -1, 0, 1, 0, 0, 0, 0, -1, 1, 0, 0, 1, 0, 1, 0, 0, 0, -1, 0, 0, -1, 0, 0, 0, -1, 0, 1, 0, 0, 0, 0, 0, 0, 0, -1, 0, 0, -1, -1, 1, 1, 1, 0, -1, -1, 0, -1, -1, -1, -1, -1, -1, -1, -1, 0, 0, -1, 0, 0, 0, -1]"
150,5,15,1.0,0.19536904472761465,3,84,"[{'cluster_no': -1, 'count': 84}, {'cluster_no': 0, 'count': 110}, {'cluster_no': 1, 'count': 43}]","[-1, 1, 1, 0, 1, 0, -1, 1, 1, 0, -1, 1, -1, -1, -1, -1, -1, -1, -1, -1, 0, -1, -1, -1, 1, 0, -1, 1, 1, 0, 0, -1, -1, 1, -1, 0, 0, -1, 1, 1, 0, 0, 0, -1, 1, 0, -1, 0, 1, 1, -1, -1, 1, 0, -1, -1, -1, 0, -1, -1, 0, 0, -1, 0, -1, 1, 1, 1, -1, -1, -1, -1, 1, -1, 0, 0, 0, -1, 1, -1, 0, -1, -1, 0, 0, -1, 0, 0, 0, -1, 0, 0, 0, -1, 0, 0, -1, 0, -1, -1, 1, 0, 1, 0, 0, -1, 0, 1, 0, 0, 0, -1, 0, 0, 0, -1, 0, -1, 0, 0, 1, -1, 0, 1, 0, 1, 1, 1, -1, -1, 0, -1, -1, 1, 0, 0, 0, -1, 0, 0, 0, 1, 0, -1, 0, 1, 1, -1, 0, 0, -1, 0, 0, 0, 0, 0, -1, 0, 0, 0, 0, 1, 0, -1, 0, -1, 0, 0, 0, -1, 0, 1, 0, -1, 0, -1, -1, 0, 1, 0, 0, 0, 0, -1, 1, 0, 0, 1, 0, 1, 0, 0, 0, -1, 0, 0, -1, 0, 0, 0, -1, 0, 1, 0, 0, 0, 0, 0, 0, 0, -1, 0, 0, -1, -1, 1, 1, 1, 0, -1, -1, 0, -1, -1, -1, -1, -1, -1, -1, -1, 0, 0, -1, 0, 0, 0, -1]"
150,5,16,0.0,0.3642742761903681,5,101,"[{'cluster_no': -1, 'count': 101}, {'cluster_no': 0, 'count': 43}, {'cluster_no': 1, 'count': 43}, {'cluster_no': 2, 'count': 31}, {'cluster_no': 3, 'count': 19}]","[-1, 0, 0, -1, 0, 1, -1, 0, 0, 1, -1, 0, -1, -1, -1, -1, -1, -1, -1, -1, 1, -1, -1, -1, 0, 1, -1, 0, 0, 2, 2, -1, -1, 0, -1, -1, 1, -1, 0, 0, 1, 3, 1, -1, 0, 2, -1, -1, 0, 0, -1, -1, 0, 2, -1, -1, -1, 2, -1, -1, 1, -1, -1, 2, -1, 0, 0, 0, -1, -1, -1, -1, 0, -1, 1, 1, 1, -1, 0, -1, 2, -1, -1, 3, 1, -1, 2, 3, 2, -1, 2, 1, 1, -1, 1, 1, -1, 1, -1, -1, 0, 1, 0, -1, 2, -1, 3, 0, 1, 3, 1, -1, 3, 3, 2, -1, 2, -1, 1, 1, 0, -1, -1, 0, 1, 0, 0, 0, -1, -1, 1, -1, -1, 0, 1, -1, 2, -1, -1, 1, 3, 0, 2, -1, 2, 0, 0, -1, 1, 3, -1, 1, 1, -1, -1, 2, -1, -1, 2, 3, 2, 0, 1, -1, 3, -1, 2, 3, 2, -1, 1, 0, -1, -1, 2, -1, -1, 3, 0, 3, -1, 2, -1, -1, 0, 3, 2, 0, -1, 0, 1, 1, 3, -1, 1, 1, -1, 1, 3, 1, -1, 1, 0, 1, 1, -1, 2, 2, 3, 3, -1, 2, -1, -1, -1, 0, 0, 0, 2, -1, -1, 1, -1, -1, -1, -1, -1, -1, -1, -1, 1, 1, -1, 2, 2, 2, -1]"
150,5,16,0.5,0.19536904472761465,3,84,"[{'cluster_no': -1, 'count': 84}, {'cluster_no': 0, 'count': 110}, {'cluster_no': 1, 'count': 43}]","[-1, 1, 1, 0, 1, 0, -1, 1, 1, 0, -1, 1, -1, -1, -1, -1, -1, -1, -1, -1, 0, -1, -1, -1, 1, 0, -1, 1, 1, 0, 0, -1, -1, 1, -1, 0, 0, -1, 1, 1, 0, 0, 0, -1, 1, 0, -1, 0, 1, 1, -1, -1, 1, 0, -1, -1, -1, 0, -1, -1, 0, 0, -1, 0, -1, 1, 1, 1, -1, -1, -1, -1, 1, -1, 0, 0, 0, -1, 1, -1, 0, -1, -1, 0, 0, -1, 0, 0, 0, -1, 0, 0, 0, -1, 0, 0, -1, 0, -1, -1, 1, 0, 1, 0, 0, -1, 0, 1, 0, 0, 0, -1, 0, 0, 0, -1, 0, -1, 0, 0, 1, -1, 0, 1, 0, 1, 1, 1, -1, -1, 0, -1, -1, 1, 0, 0, 0, -1, 0, 0, 0, 1, 0, -1, 0, 1, 1, -1, 0, 0, -1, 0, 0, 0, 0, 0, -1, 0, 0, 0, 0, 1, 0, -1, 0, -1, 0, 0, 0, -1, 0, 1, 0, -1, 0, -1, -1, 0, 1, 0, 0, 0, 0, -1, 1, 0, 0, 1, 0, 1, 0, 0, 0, -1, 0, 0, -1, 0, 0, 0, -1, 0, 1, 0, 0, 0, 0, 0, 0, 0, -1, 0, 0, -1, -1, 1, 1, 1, 0, -1, -1, 0, -1, -1, -1, -1, -1, -1, -1, -1, 0, 0, -1, 0, 0, 0, -1]"
150,5,16,1.0,0.19536904472761465,3,84,"[{'cluster_no': -1, 'count': 84}, {'cluster_no': 0, 'count': 110}, {'cluster_no': 1, 'count': 43}]","[-1, 1, 1, 0, 1, 0, -1, 1, 1, 0, -1, 1, -1, -1, -1, -1, -1, -1, -1, -1, 0, -1, -1, -1, 1, 0, -1, 1, 1, 0, 0, -1, -1, 1, -1, 0, 0, -1, 1, 1, 0, 0, 0, -1, 1, 0, -1, 0, 1, 1, -1, -1, 1, 0, -1, -1, -1, 0, -1, -1, 0, 0, -1, 0, -1, 1, 1, 1, -1, -1, -1, -1, 1, -1, 0, 0, 0, -1, 1, -1, 0, -1, -1, 0, 0, -1, 0, 0, 0, -1, 0, 0, 0, -1, 0, 0, -1, 0, -1, -1, 1, 0, 1, 0, 0, -1, 0, 1, 0, 0, 0, -1, 0, 0, 0, -1, 0, -1, 0, 0, 1, -1, 0, 1, 0, 1, 1, 1, -1, -1, 0, -1, -1, 1, 0, 0, 0, -1, 0, 0, 0, 1, 0, -1, 0, 1, 1, -1, 0, 0, -1, 0, 0, 0, 0, 0, -1, 0, 0, 0, 0, 1, 0, -1, 0, -1, 0, 0, 0, -1, 0, 1, 0, -1, 0, -1, -1, 0, 1, 0, 0, 0, 0, -1, 1, 0, 0, 1, 0, 1, 0, 0, 0, -1, 0, 0, -1, 0, 0, 0, -1, 0, 1, 0, 0, 0, 0, 0, 0, 0, -1, 0, 0, -1, -1, 1, 1, 1, 0, -1, -1, 0, -1, -1, -1, -1, -1, -1, -1, -1, 0, 0, -1, 0, 0, 0, -1]"
150,5,17,0.0,0.3642742761903681,5,101,"[{'cluster_no': -1, 'count': 101}, {'cluster_no': 0, 'count': 43}, {'cluster_no': 1, 'count': 43}, {'cluster_no': 2, 'count': 31}, {'cluster_no': 3, 'count': 19}]","[-1, 0, 0, -1, 0, 1, -1, 0, 0, 1, -1, 0, -1, -1, -1, -1, -1, -1, -1, -1, 1, -1, -1, -1, 0, 1, -1, 0, 0, 2, 2, -1, -1, 0, -1, -1, 1, -1, 0, 0, 1, 3, 1, -1, 0, 2, -1, -1, 0, 0, -1, -1, 0, 2, -1, -1, -1, 2, -1, -1, 1, -1, -1, 2, -1, 0, 0, 0, -1, -1, -1, -1, 0, -1, 1, 1, 1, -1, 0, -1, 2, -1, -1, 3, 1, -1, 2, 3, 2, -1, 2, 1, 1, -1, 1, 1, -1, 1, -1, -1, 0, 1, 0, -1, 2, -1, 3, 0, 1, 3, 1, -1, 3, 3, 2, -1, 2, -1, 1, 1, 0, -1, -1, 0, 1, 0, 0, 0, -1, -1, 1, -1, -1, 0, 1, -1, 2, -1, -1, 1, 3, 0, 2, -1, 2, 0, 0, -1, 1, 3, -1, 1, 1, -1, -1, 2, -1, -1, 2, 3, 2, 0, 1, -1, 3, -1, 2, 3, 2, -1, 1, 0, -1, -1, 2, -1, -1, 3, 0, 3, -1, 2, -1, -1, 0, 3, 2, 0, -1, 0, 1, 1, 3, -1, 1, 1, -1, 1, 3, 1, -1, 1, 0, 1, 1, -1, 2, 2, 3, 3, -1, 2, -1, -1, -1, 0, 0, 0, 2, -1, -1, 1, -1, -1, -1, -1, -1, -1, -1, -1, 1, 1, -1, 2, 2, 2, -1]"
150,5,17,0.5,0.19536904472761465,3,84,"[{'cluster_no': -1, 'count': 84}, {'cluster_no': 0, 'count': 110}, {'cluster_no': 1, 'count': 43}]","[-1, 1, 1, 0, 1, 0, -1, 1, 1, 0, -1, 1, -1, -1, -1, -1, -1, -1, -1, -1, 0, -1, -1, -1, 1, 0, -1, 1, 1, 0, 0, -1, -1, 1, -1, 0, 0, -1, 1, 1, 0, 0, 0, -1, 1, 0, -1, 0, 1, 1, -1, -1, 1, 0, -1, -1, -1, 0, -1, -1, 0, 0, -1, 0, -1, 1, 1, 1, -1, -1, -1, -1, 1, -1, 0, 0, 0, -1, 1, -1, 0, -1, -1, 0, 0, -1, 0, 0, 0, -1, 0, 0, 0, -1, 0, 0, -1, 0, -1, -1, 1, 0, 1, 0, 0, -1, 0, 1, 0, 0, 0, -1, 0, 0, 0, -1, 0, -1, 0, 0, 1, -1, 0, 1, 0, 1, 1, 1, -1, -1, 0, -1, -1, 1, 0, 0, 0, -1, 0, 0, 0, 1, 0, -1, 0, 1, 1, -1, 0, 0, -1, 0, 0, 0, 0, 0, -1, 0, 0, 0, 0, 1, 0, -1, 0, -1, 0, 0, 0, -1, 0, 1, 0, -1, 0, -1, -1, 0, 1, 0, 0, 0, 0, -1, 1, 0, 0, 1, 0, 1, 0, 0, 0, -1, 0, 0, -1, 0, 0, 0, -1, 0, 1, 0, 0, 0, 0, 0, 0, 0, -1, 0, 0, -1, -1, 1, 1, 1, 0, -1, -1, 0, -1, -1, -1, -1, -1, -1, -1, -1, 0, 0, -1, 0, 0, 0, -1]"
150,5,17,1.0,0.19536904472761465,3,84,"[{'cluster_no': -1, 'count': 84}, {'cluster_no': 0, 'count': 110}, {'cluster_no': 1, 'count': 43}]","[-1, 1, 1, 0, 1, 0, -1, 1, 1, 0, -1, 1, -1, -1, -1, -1, -1, -1, -1, -1, 0, -1, -1, -1, 1, 0, -1, 1, 1, 0, 0, -1, -1, 1, -1, 0, 0, -1, 1, 1, 0, 0, 0, -1, 1, 0, -1, 0, 1, 1, -1, -1, 1, 0, -1, -1, -1, 0, -1, -1, 0, 0, -1, 0, -1, 1, 1, 1, -1, -1, -1, -1, 1, -1, 0, 0, 0, -1, 1, -1, 0, -1, -1, 0, 0, -1, 0, 0, 0, -1, 0, 0, 0, -1, 0, 0, -1, 0, -1, -1, 1, 0, 1, 0, 0, -1, 0, 1, 0, 0, 0, -1, 0, 0, 0, -1, 0, -1, 0, 0, 1, -1, 0, 1, 0, 1, 1, 1, -1, -1, 0, -1, -1, 1, 0, 0, 0, -1, 0, 0, 0, 1, 0, -1, 0, 1, 1, -1, 0, 0, -1, 0, 0, 0, 0, 0, -1, 0, 0, 0, 0, 1, 0, -1, 0, -1, 0, 0, 0, -1, 0, 1, 0, -1, 0, -1, -1, 0, 1, 0, 0, 0, 0, -1, 1, 0, 0, 1, 0, 1, 0, 0, 0, -1, 0, 0, -1, 0, 0, 0, -1, 0, 1, 0, 0, 0, 0, 0, 0, 0, -1, 0, 0, -1, -1, 1, 1, 1, 0, -1, -1, 0, -1, -1, -1, -1, -1, -1, -1, -1, 0, 0, -1, 0, 0, 0, -1]"
150,5,18,0.0,0.3642742761903681,5,101,"[{'cluster_no': -1, 'count': 101}, {'cluster_no': 0, 'count': 43}, {'cluster_no': 1, 'count': 43}, {'cluster_no': 2, 'count': 31}, {'cluster_no': 3, 'count': 19}]","[-1, 0, 0, -1, 0, 1, -1, 0, 0, 1, -1, 0, -1, -1, -1, -1, -1, -1, -1, -1, 1, -1, -1, -1, 0, 1, -1, 0, 0, 2, 2, -1, -1, 0, -1, -1, 1, -1, 0, 0, 1, 3, 1, -1, 0, 2, -1, -1, 0, 0, -1, -1, 0, 2, -1, -1, -1, 2, -1, -1, 1, -1, -1, 2, -1, 0, 0, 0, -1, -1, -1, -1, 0, -1, 1, 1, 1, -1, 0, -1, 2, -1, -1, 3, 1, -1, 2, 3, 2, -1, 2, 1, 1, -1, 1, 1, -1, 1, -1, -1, 0, 1, 0, -1, 2, -1, 3, 0, 1, 3, 1, -1, 3, 3, 2, -1, 2, -1, 1, 1, 0, -1, -1, 0, 1, 0, 0, 0, -1, -1, 1, -1, -1, 0, 1, -1, 2, -1, -1, 1, 3, 0, 2, -1, 2, 0, 0, -1, 1, 3, -1, 1, 1, -1, -1, 2, -1, -1, 2, 3, 2, 0, 1, -1, 3, -1, 2, 3, 2, -1, 1, 0, -1, -1, 2, -1, -1, 3, 0, 3, -1, 2, -1, -1, 0, 3, 2, 0, -1, 0, 1, 1, 3, -1, 1, 1, -1, 1, 3, 1, -1, 1, 0, 1, 1, -1, 2, 2, 3, 3, -1, 2, -1, -1, -1, 0, 0, 0, 2, -1, -1, 1, -1, -1, -1, -1, -1, -1, -1, -1, 1, 1, -1, 2, 2, 2, -1]"
150,5,18,0.5,0.19536904472761465,3,84,"[{'cluster_no': -1, 'count': 84}, {'cluster_no': 0, 'count': 110}, {'cluster_no': 1, 'count': 43}]","[-1, 1, 1, 0, 1, 0, -1, 1, 1, 0, -1, 1, -1, -1, -1, -1, -1, -1, -1, -1, 0, -1, -1, -1, 1, 0, -1, 1, 1, 0, 0, -1, -1, 1, -1, 0, 0, -1, 1, 1, 0, 0, 0, -1, 1, 0, -1, 0, 1, 1, -1, -1, 1, 0, -1, -1, -1, 0, -1, -1, 0, 0, -1, 0, -1, 1, 1, 1, -1, -1, -1, -1, 1, -1, 0, 0, 0, -1, 1, -1, 0, -1, -1, 0, 0, -1, 0, 0, 0, -1, 0, 0, 0, -1, 0, 0, -1, 0, -1, -1, 1, 0, 1, 0, 0, -1, 0, 1, 0, 0, 0, -1, 0, 0, 0, -1, 0, -1, 0, 0, 1, -1, 0, 1, 0, 1, 1, 1, -1, -1, 0, -1, -1, 1, 0, 0, 0, -1, 0, 0, 0, 1, 0, -1, 0, 1, 1, -1, 0, 0, -1, 0, 0, 0, 0, 0, -1, 0, 0, 0, 0, 1, 0, -1, 0, -1, 0, 0, 0, -1, 0, 1, 0, -1, 0, -1, -1, 0, 1, 0, 0, 0, 0, -1, 1, 0, 0, 1, 0, 1, 0, 0, 0, -1, 0, 0, -1, 0, 0, 0, -1, 0, 1, 0, 0, 0, 0, 0, 0, 0, -1, 0, 0, -1, -1, 1, 1, 1, 0, -1, -1, 0, -1, -1, -1, -1, -1, -1, -1, -1, 0, 0, -1, 0, 0, 0, -1]"
150,5,18,1.0,0.19536904472761465,3,84,"[{'cluster_no': -1, 'count': 84}, {'cluster_no': 0, 'count': 110}, {'cluster_no': 1, 'count': 43}]","[-1, 1, 1, 0, 1, 0, -1, 1, 1, 0, -1, 1, -1, -1, -1, -1, -1, -1, -1, -1, 0, -1, -1, -1, 1, 0, -1, 1, 1, 0, 0, -1, -1, 1, -1, 0, 0, -1, 1, 1, 0, 0, 0, -1, 1, 0, -1, 0, 1, 1, -1, -1, 1, 0, -1, -1, -1, 0, -1, -1, 0, 0, -1, 0, -1, 1, 1, 1, -1, -1, -1, -1, 1, -1, 0, 0, 0, -1, 1, -1, 0, -1, -1, 0, 0, -1, 0, 0, 0, -1, 0, 0, 0, -1, 0, 0, -1, 0, -1, -1, 1, 0, 1, 0, 0, -1, 0, 1, 0, 0, 0, -1, 0, 0, 0, -1, 0, -1, 0, 0, 1, -1, 0, 1, 0, 1, 1, 1, -1, -1, 0, -1, -1, 1, 0, 0, 0, -1, 0, 0, 0, 1, 0, -1, 0, 1, 1, -1, 0, 0, -1, 0, 0, 0, 0, 0, -1, 0, 0, 0, 0, 1, 0, -1, 0, -1, 0, 0, 0, -1, 0, 1, 0, -1, 0, -1, -1, 0, 1, 0, 0, 0, 0, -1, 1, 0, 0, 1, 0, 1, 0, 0, 0, -1, 0, 0, -1, 0, 0, 0, -1, 0, 1, 0, 0, 0, 0, 0, 0, 0, -1, 0, 0, -1, -1, 1, 1, 1, 0, -1, -1, 0, -1, -1, -1, -1, -1, -1, -1, -1, 0, 0, -1, 0, 0, 0, -1]"
150,5,19,0.0,0.3642742761903681,5,101,"[{'cluster_no': -1, 'count': 101}, {'cluster_no': 0, 'count': 43}, {'cluster_no': 1, 'count': 43}, {'cluster_no': 2, 'count': 31}, {'cluster_no': 3, 'count': 19}]","[-1, 0, 0, -1, 0, 1, -1, 0, 0, 1, -1, 0, -1, -1, -1, -1, -1, -1, -1, -1, 1, -1, -1, -1, 0, 1, -1, 0, 0, 2, 2, -1, -1, 0, -1, -1, 1, -1, 0, 0, 1, 3, 1, -1, 0, 2, -1, -1, 0, 0, -1, -1, 0, 2, -1, -1, -1, 2, -1, -1, 1, -1, -1, 2, -1, 0, 0, 0, -1, -1, -1, -1, 0, -1, 1, 1, 1, -1, 0, -1, 2, -1, -1, 3, 1, -1, 2, 3, 2, -1, 2, 1, 1, -1, 1, 1, -1, 1, -1, -1, 0, 1, 0, -1, 2, -1, 3, 0, 1, 3, 1, -1, 3, 3, 2, -1, 2, -1, 1, 1, 0, -1, -1, 0, 1, 0, 0, 0, -1, -1, 1, -1, -1, 0, 1, -1, 2, -1, -1, 1, 3, 0, 2, -1, 2, 0, 0, -1, 1, 3, -1, 1, 1, -1, -1, 2, -1, -1, 2, 3, 2, 0, 1, -1, 3, -1, 2, 3, 2, -1, 1, 0, -1, -1, 2, -1, -1, 3, 0, 3, -1, 2, -1, -1, 0, 3, 2, 0, -1, 0, 1, 1, 3, -1, 1, 1, -1, 1, 3, 1, -1, 1, 0, 1, 1, -1, 2, 2, 3, 3, -1, 2, -1, -1, -1, 0, 0, 0, 2, -1, -1, 1, -1, -1, -1, -1, -1, -1, -1, -1, 1, 1, -1, 2, 2, 2, -1]"
150,5,19,0.5,0.19536904472761465,3,84,"[{'cluster_no': -1, 'count': 84}, {'cluster_no': 0, 'count': 110}, {'cluster_no': 1, 'count': 43}]","[-1, 1, 1, 0, 1, 0, -1, 1, 1, 0, -1, 1, -1, -1, -1, -1, -1, -1, -1, -1, 0, -1, -1, -1, 1, 0, -1, 1, 1, 0, 0, -1, -1, 1, -1, 0, 0, -1, 1, 1, 0, 0, 0, -1, 1, 0, -1, 0, 1, 1, -1, -1, 1, 0, -1, -1, -1, 0, -1, -1, 0, 0, -1, 0, -1, 1, 1, 1, -1, -1, -1, -1, 1, -1, 0, 0, 0, -1, 1, -1, 0, -1, -1, 0, 0, -1, 0, 0, 0, -1, 0, 0, 0, -1, 0, 0, -1, 0, -1, -1, 1, 0, 1, 0, 0, -1, 0, 1, 0, 0, 0, -1, 0, 0, 0, -1, 0, -1, 0, 0, 1, -1, 0, 1, 0, 1, 1, 1, -1, -1, 0, -1, -1, 1, 0, 0, 0, -1, 0, 0, 0, 1, 0, -1, 0, 1, 1, -1, 0, 0, -1, 0, 0, 0, 0, 0, -1, 0, 0, 0, 0, 1, 0, -1, 0, -1, 0, 0, 0, -1, 0, 1, 0, -1, 0, -1, -1, 0, 1, 0, 0, 0, 0, -1, 1, 0, 0, 1, 0, 1, 0, 0, 0, -1, 0, 0, -1, 0, 0, 0, -1, 0, 1, 0, 0, 0, 0, 0, 0, 0, -1, 0, 0, -1, -1, 1, 1, 1, 0, -1, -1, 0, -1, -1, -1, -1, -1, -1, -1, -1, 0, 0, -1, 0, 0, 0, -1]"
150,5,19,1.0,0.19536904472761465,3,84,"[{'cluster_no': -1, 'count': 84}, {'cluster_no': 0, 'count': 110}, {'cluster_no': 1, 'count': 43}]","[-1, 1, 1, 0, 1, 0, -1, 1, 1, 0, -1, 1, -1, -1, -1, -1, -1, -1, -1, -1, 0, -1, -1, -1, 1, 0, -1, 1, 1, 0, 0, -1, -1, 1, -1, 0, 0, -1, 1, 1, 0, 0, 0, -1, 1, 0, -1, 0, 1, 1, -1, -1, 1, 0, -1, -1, -1, 0, -1, -1, 0, 0, -1, 0, -1, 1, 1, 1, -1, -1, -1, -1, 1, -1, 0, 0, 0, -1, 1, -1, 0, -1, -1, 0, 0, -1, 0, 0, 0, -1, 0, 0, 0, -1, 0, 0, -1, 0, -1, -1, 1, 0, 1, 0, 0, -1, 0, 1, 0, 0, 0, -1, 0, 0, 0, -1, 0, -1, 0, 0, 1, -1, 0, 1, 0, 1, 1, 1, -1, -1, 0, -1, -1, 1, 0, 0, 0, -1, 0, 0, 0, 1, 0, -1, 0, 1, 1, -1, 0, 0, -1, 0, 0, 0, 0, 0, -1, 0, 0, 0, 0, 1, 0, -1, 0, -1, 0, 0, 0, -1, 0, 1, 0, -1, 0, -1, -1, 0, 1, 0, 0, 0, 0, -1, 1, 0, 0, 1, 0, 1, 0, 0, 0, -1, 0, 0, -1, 0, 0, 0, -1, 0, 1, 0, 0, 0, 0, 0, 0, 0, -1, 0, 0, -1, -1, 1, 1, 1, 0, -1, -1, 0, -1, -1, -1, -1, -1, -1, -1, -1, 0, 0, -1, 0, 0, 0, -1]"
150,5,20,0.0,0.32461291508691614,4,88,"[{'cluster_no': -1, 'count': 88}, {'cluster_no': 0, 'count': 43}, {'cluster_no': 1, 'count': 63}, {'cluster_no': 2, 'count': 43}]","[-1, 0, 0, -1, 0, 2, -1, 0, 0, 2, -1, 0, -1, -1, -1, -1, -1, -1, -1, -1, 2, -1, -1, -1, 0, 2, -1, 0, 0, 1, 1, -1, -1, 0, -1, 1, 2, -1, 0, 0, 2, 1, 2, -1, 0, 1, -1, -1, 0, 0, -1, -1, 0, 1, -1, -1, -1, 1, -1, -1, 2, 1, -1, 1, -1, 0, 0, 0, -1, -1, -1, -1, 0, -1, 2, 2, 2, -1, 0, -1, 1, -1, -1, 1, 2, -1, 1, 1, 1, -1, 1, 2, 2, -1, 2, 2, -1, 2, -1, -1, 0, 2, 0, 1, 1, -1, 1, 0, 2, 1, 2, -1, 1, 1, 1, -1, 1, -1, 2, 2, 0, -1, 1, 0, 2, 0, 0, 0, -1, -1, 2, -1, -1, 0, 2, -1, 1, -1, 1, 2, 1, 0, 1, -1, 1, 0, 0, -1, 2, 1, -1, 2, 2, 1, 1, 1, -1, 1, 1, 1, 1, 0, 2, -1, 1, -1, 1, 1, 1, -1, 2, 0, -1, -1, 1, -1, -1, 1, 0, 1, 1, 1, 1, -1, 0, 1, 1, 0, 1, 0, 2, 2, 1, -1, 2, 2, -1, 2, 1, 2, -1, 2, 0, 2, 2, 1, 1, 1, 1, 1, -1, 1, 1, -1, -1, 0, 0, 0, 1, -1, -1, 2, -1, -1, -1, -1, -1, -1, -1, -1, 2, 2, -1, 1, 1, 1, -1]"
150,5,20,0.5,0.19536904472761465,3,84,"[{'cluster_no': -1, 'count': 84}, {'cluster_no': 0, 'count': 110}, {'cluster_no': 1, 'count': 43}]","[-1, 1, 1, 0, 1, 0, -1, 1, 1, 0, -1, 1, -1, -1, -1, -1, -1, -1, -1, -1, 0, -1, -1, -1, 1, 0, -1, 1, 1, 0, 0, -1, -1, 1, -1, 0, 0, -1, 1, 1, 0, 0, 0, -1, 1, 0, -1, 0, 1, 1, -1, -1, 1, 0, -1, -1, -1, 0, -1, -1, 0, 0, -1, 0, -1, 1, 1, 1, -1, -1, -1, -1, 1, -1, 0, 0, 0, -1, 1, -1, 0, -1, -1, 0, 0, -1, 0, 0, 0, -1, 0, 0, 0, -1, 0, 0, -1, 0, -1, -1, 1, 0, 1, 0, 0, -1, 0, 1, 0, 0, 0, -1, 0, 0, 0, -1, 0, -1, 0, 0, 1, -1, 0, 1, 0, 1, 1, 1, -1, -1, 0, -1, -1, 1, 0, 0, 0, -1, 0, 0, 0, 1, 0, -1, 0, 1, 1, -1, 0, 0, -1, 0, 0, 0, 0, 0, -1, 0, 0, 0, 0, 1, 0, -1, 0, -1, 0, 0, 0, -1, 0, 1, 0, -1, 0, -1, -1, 0, 1, 0, 0, 0, 0, -1, 1, 0, 0, 1, 0, 1, 0, 0, 0, -1, 0, 0, -1, 0, 0, 0, -1, 0, 1, 0, 0, 0, 0, 0, 0, 0, -1, 0, 0, -1, -1, 1, 1, 1, 0, -1, -1, 0, -1, -1, -1, -1, -1, -1, -1, -1, 0, 0, -1, 0, 0, 0, -1]"
150,5,20,1.0,0.19536904472761465,3,84,"[{'cluster_no': -1, 'count': 84}, {'cluster_no': 0, 'count': 110}, {'cluster_no': 1, 'count': 43}]","[-1, 1, 1, 0, 1, 0, -1, 1, 1, 0, -1, 1, -1, -1, -1, -1, -1, -1, -1, -1, 0, -1, -1, -1, 1, 0, -1, 1, 1, 0, 0, -1, -1, 1, -1, 0, 0, -1, 1, 1, 0, 0, 0, -1, 1, 0, -1, 0, 1, 1, -1, -1, 1, 0, -1, -1, -1, 0, -1, -1, 0, 0, -1, 0, -1, 1, 1, 1, -1, -1, -1, -1, 1, -1, 0, 0, 0, -1, 1, -1, 0, -1, -1, 0, 0, -1, 0, 0, 0, -1, 0, 0, 0, -1, 0, 0, -1, 0, -1, -1, 1, 0, 1, 0, 0, -1, 0, 1, 0, 0, 0, -1, 0, 0, 0, -1, 0, -1, 0, 0, 1, -1, 0, 1, 0, 1, 1, 1, -1, -1, 0, -1, -1, 1, 0, 0, 0, -1, 0, 0, 0, 1, 0, -1, 0, 1, 1, -1, 0, 0, -1, 0, 0, 0, 0, 0, -1, 0, 0, 0, 0, 1, 0, -1, 0, -1, 0, 0, 0, -1, 0, 1, 0, -1, 0, -1, -1, 0, 1, 0, 0, 0, 0, -1, 1, 0, 0, 1, 0, 1, 0, 0, 0, -1, 0, 0, -1, 0, 0, 0, -1, 0, 1, 0, 0, 0, 0, 0, 0, 0, -1, 0, 0, -1, -1, 1, 1, 1, 0, -1, -1, 0, -1, -1, -1, -1, -1, -1, -1, -1, 0, 0, -1, 0, 0, 0, -1]"
150,5,21,0.0,0.32461291508691614,4,88,"[{'cluster_no': -1, 'count': 88}, {'cluster_no': 0, 'count': 43}, {'cluster_no': 1, 'count': 63}, {'cluster_no': 2, 'count': 43}]","[-1, 0, 0, -1, 0, 2, -1, 0, 0, 2, -1, 0, -1, -1, -1, -1, -1, -1, -1, -1, 2, -1, -1, -1, 0, 2, -1, 0, 0, 1, 1, -1, -1, 0, -1, 1, 2, -1, 0, 0, 2, 1, 2, -1, 0, 1, -1, -1, 0, 0, -1, -1, 0, 1, -1, -1, -1, 1, -1, -1, 2, 1, -1, 1, -1, 0, 0, 0, -1, -1, -1, -1, 0, -1, 2, 2, 2, -1, 0, -1, 1, -1, -1, 1, 2, -1, 1, 1, 1, -1, 1, 2, 2, -1, 2, 2, -1, 2, -1, -1, 0, 2, 0, 1, 1, -1, 1, 0, 2, 1, 2, -1, 1, 1, 1, -1, 1, -1, 2, 2, 0, -1, 1, 0, 2, 0, 0, 0, -1, -1, 2, -1, -1, 0, 2, -1, 1, -1, 1, 2, 1, 0, 1, -1, 1, 0, 0, -1, 2, 1, -1, 2, 2, 1, 1, 1, -1, 1, 1, 1, 1, 0, 2, -1, 1, -1, 1, 1, 1, -1, 2, 0, -1, -1, 1, -1, -1, 1, 0, 1, 1, 1, 1, -1, 0, 1, 1, 0, 1, 0, 2, 2, 1, -1, 2, 2, -1, 2, 1, 2, -1, 2, 0, 2, 2, 1, 1, 1, 1, 1, -1, 1, 1, -1, -1, 0, 0, 0, 1, -1, -1, 2, -1, -1, -1, -1, -1, -1, -1, -1, 2, 2, -1, 1, 1, 1, -1]"
150,5,21,0.5,0.19536904472761465,3,84,"[{'cluster_no': -1, 'count': 84}, {'cluster_no': 0, 'count': 110}, {'cluster_no': 1, 'count': 43}]","[-1, 1, 1, 0, 1, 0, -1, 1, 1, 0, -1, 1, -1, -1, -1, -1, -1, -1, -1, -1, 0, -1, -1, -1, 1, 0, -1, 1, 1, 0, 0, -1, -1, 1, -1, 0, 0, -1, 1, 1, 0, 0, 0, -1, 1, 0, -1, 0, 1, 1, -1, -1, 1, 0, -1, -1, -1, 0, -1, -1, 0, 0, -1, 0, -1, 1, 1, 1, -1, -1, -1, -1, 1, -1, 0, 0, 0, -1, 1, -1, 0, -1, -1, 0, 0, -1, 0, 0, 0, -1, 0, 0, 0, -1, 0, 0, -1, 0, -1, -1, 1, 0, 1, 0, 0, -1, 0, 1, 0, 0, 0, -1, 0, 0, 0, -1, 0, -1, 0, 0, 1, -1, 0, 1, 0, 1, 1, 1, -1, -1, 0, -1, -1, 1, 0, 0, 0, -1, 0, 0, 0, 1, 0, -1, 0, 1, 1, -1, 0, 0, -1, 0, 0, 0, 0, 0, -1, 0, 0, 0, 0, 1, 0, -1, 0, -1, 0, 0, 0, -1, 0, 1, 0, -1, 0, -1, -1, 0, 1, 0, 0, 0, 0, -1, 1, 0, 0, 1, 0, 1, 0, 0, 0, -1, 0, 0, -1, 0, 0, 0, -1, 0, 1, 0, 0, 0, 0, 0, 0, 0, -1, 0, 0, -1, -1, 1, 1, 1, 0, -1, -1, 0, -1, -1, -1, -1, -1, -1, -1, -1, 0, 0, -1, 0, 0, 0, -1]"
150,5,21,1.0,0.19536904472761465,3,84,"[{'cluster_no': -1, 'count': 84}, {'cluster_no': 0, 'count': 110}, {'cluster_no': 1, 'count': 43}]","[-1, 1, 1, 0, 1, 0, -1, 1, 1, 0, -1, 1, -1, -1, -1, -1, -1, -1, -1, -1, 0, -1, -1, -1, 1, 0, -1, 1, 1, 0, 0, -1, -1, 1, -1, 0, 0, -1, 1, 1, 0, 0, 0, -1, 1, 0, -1, 0, 1, 1, -1, -1, 1, 0, -1, -1, -1, 0, -1, -1, 0, 0, -1, 0, -1, 1, 1, 1, -1, -1, -1, -1, 1, -1, 0, 0, 0, -1, 1, -1, 0, -1, -1, 0, 0, -1, 0, 0, 0, -1, 0, 0, 0, -1, 0, 0, -1, 0, -1, -1, 1, 0, 1, 0, 0, -1, 0, 1, 0, 0, 0, -1, 0, 0, 0, -1, 0, -1, 0, 0, 1, -1, 0, 1, 0, 1, 1, 1, -1, -1, 0, -1, -1, 1, 0, 0, 0, -1, 0, 0, 0, 1, 0, -1, 0, 1, 1, -1, 0, 0, -1, 0, 0, 0, 0, 0, -1, 0, 0, 0, 0, 1, 0, -1, 0, -1, 0, 0, 0, -1, 0, 1, 0, -1, 0, -1, -1, 0, 1, 0, 0, 0, 0, -1, 1, 0, 0, 1, 0, 1, 0, 0, 0, -1, 0, 0, -1, 0, 0, 0, -1, 0, 1, 0, 0, 0, 0, 0, 0, 0, -1, 0, 0, -1, -1, 1, 1, 1, 0, -1, -1, 0, -1, -1, -1, -1, -1, -1, -1, -1, 0, 0, -1, 0, 0, 0, -1]"
150,5,22,0.0,0.32461291508691614,4,88,"[{'cluster_no': -1, 'count': 88}, {'cluster_no': 0, 'count': 43}, {'cluster_no': 1, 'count': 63}, {'cluster_no': 2, 'count': 43}]","[-1, 0, 0, -1, 0, 2, -1, 0, 0, 2, -1, 0, -1, -1, -1, -1, -1, -1, -1, -1, 2, -1, -1, -1, 0, 2, -1, 0, 0, 1, 1, -1, -1, 0, -1, 1, 2, -1, 0, 0, 2, 1, 2, -1, 0, 1, -1, -1, 0, 0, -1, -1, 0, 1, -1, -1, -1, 1, -1, -1, 2, 1, -1, 1, -1, 0, 0, 0, -1, -1, -1, -1, 0, -1, 2, 2, 2, -1, 0, -1, 1, -1, -1, 1, 2, -1, 1, 1, 1, -1, 1, 2, 2, -1, 2, 2, -1, 2, -1, -1, 0, 2, 0, 1, 1, -1, 1, 0, 2, 1, 2, -1, 1, 1, 1, -1, 1, -1, 2, 2, 0, -1, 1, 0, 2, 0, 0, 0, -1, -1, 2, -1, -1, 0, 2, -1, 1, -1, 1, 2, 1, 0, 1, -1, 1, 0, 0, -1, 2, 1, -1, 2, 2, 1, 1, 1, -1, 1, 1, 1, 1, 0, 2, -1, 1, -1, 1, 1, 1, -1, 2, 0, -1, -1, 1, -1, -1, 1, 0, 1, 1, 1, 1, -1, 0, 1, 1, 0, 1, 0, 2, 2, 1, -1, 2, 2, -1, 2, 1, 2, -1, 2, 0, 2, 2, 1, 1, 1, 1, 1, -1, 1, 1, -1, -1, 0, 0, 0, 1, -1, -1, 2, -1, -1, -1, -1, -1, -1, -1, -1, 2, 2, -1, 1, 1, 1, -1]"
150,5,22,0.5,0.19536904472761465,3,84,"[{'cluster_no': -1, 'count': 84}, {'cluster_no': 0, 'count': 110}, {'cluster_no': 1, 'count': 43}]","[-1, 1, 1, 0, 1, 0, -1, 1, 1, 0, -1, 1, -1, -1, -1, -1, -1, -1, -1, -1, 0, -1, -1, -1, 1, 0, -1, 1, 1, 0, 0, -1, -1, 1, -1, 0, 0, -1, 1, 1, 0, 0, 0, -1, 1, 0, -1, 0, 1, 1, -1, -1, 1, 0, -1, -1, -1, 0, -1, -1, 0, 0, -1, 0, -1, 1, 1, 1, -1, -1, -1, -1, 1, -1, 0, 0, 0, -1, 1, -1, 0, -1, -1, 0, 0, -1, 0, 0, 0, -1, 0, 0, 0, -1, 0, 0, -1, 0, -1, -1, 1, 0, 1, 0, 0, -1, 0, 1, 0, 0, 0, -1, 0, 0, 0, -1, 0, -1, 0, 0, 1, -1, 0, 1, 0, 1, 1, 1, -1, -1, 0, -1, -1, 1, 0, 0, 0, -1, 0, 0, 0, 1, 0, -1, 0, 1, 1, -1, 0, 0, -1, 0, 0, 0, 0, 0, -1, 0, 0, 0, 0, 1, 0, -1, 0, -1, 0, 0, 0, -1, 0, 1, 0, -1, 0, -1, -1, 0, 1, 0, 0, 0, 0, -1, 1, 0, 0, 1, 0, 1, 0, 0, 0, -1, 0, 0, -1, 0, 0, 0, -1, 0, 1, 0, 0, 0, 0, 0, 0, 0, -1, 0, 0, -1, -1, 1, 1, 1, 0, -1, -1, 0, -1, -1, -1, -1, -1, -1, -1, -1, 0, 0, -1, 0, 0, 0, -1]"
150,5,22,1.0,0.19536904472761465,3,84,"[{'cluster_no': -1, 'count': 84}, {'cluster_no': 0, 'count': 110}, {'cluster_no': 1, 'count': 43}]","[-1, 1, 1, 0, 1, 0, -1, 1, 1, 0, -1, 1, -1, -1, -1, -1, -1, -1, -1, -1, 0, -1, -1, -1, 1, 0, -1, 1, 1, 0, 0, -1, -1, 1, -1, 0, 0, -1, 1, 1, 0, 0, 0, -1, 1, 0, -1, 0, 1, 1, -1, -1, 1, 0, -1, -1, -1, 0, -1, -1, 0, 0, -1, 0, -1, 1, 1, 1, -1, -1, -1, -1, 1, -1, 0, 0, 0, -1, 1, -1, 0, -1, -1, 0, 0, -1, 0, 0, 0, -1, 0, 0, 0, -1, 0, 0, -1, 0, -1, -1, 1, 0, 1, 0, 0, -1, 0, 1, 0, 0, 0, -1, 0, 0, 0, -1, 0, -1, 0, 0, 1, -1, 0, 1, 0, 1, 1, 1, -1, -1, 0, -1, -1, 1, 0, 0, 0, -1, 0, 0, 0, 1, 0, -1, 0, 1, 1, -1, 0, 0, -1, 0, 0, 0, 0, 0, -1, 0, 0, 0, 0, 1, 0, -1, 0, -1, 0, 0, 0, -1, 0, 1, 0, -1, 0, -1, -1, 0, 1, 0, 0, 0, 0, -1, 1, 0, 0, 1, 0, 1, 0, 0, 0, -1, 0, 0, -1, 0, 0, 0, -1, 0, 1, 0, 0, 0, 0, 0, 0, 0, -1, 0, 0, -1, -1, 1, 1, 1, 0, -1, -1, 0, -1, -1, -1, -1, -1, -1, -1, -1, 0, 0, -1, 0, 0, 0, -1]"
150,5,23,0.0,0.32461291508691614,4,88,"[{'cluster_no': -1, 'count': 88}, {'cluster_no': 0, 'count': 43}, {'cluster_no': 1, 'count': 63}, {'cluster_no': 2, 'count': 43}]","[-1, 0, 0, -1, 0, 2, -1, 0, 0, 2, -1, 0, -1, -1, -1, -1, -1, -1, -1, -1, 2, -1, -1, -1, 0, 2, -1, 0, 0, 1, 1, -1, -1, 0, -1, 1, 2, -1, 0, 0, 2, 1, 2, -1, 0, 1, -1, -1, 0, 0, -1, -1, 0, 1, -1, -1, -1, 1, -1, -1, 2, 1, -1, 1, -1, 0, 0, 0, -1, -1, -1, -1, 0, -1, 2, 2, 2, -1, 0, -1, 1, -1, -1, 1, 2, -1, 1, 1, 1, -1, 1, 2, 2, -1, 2, 2, -1, 2, -1, -1, 0, 2, 0, 1, 1, -1, 1, 0, 2, 1, 2, -1, 1, 1, 1, -1, 1, -1, 2, 2, 0, -1, 1, 0, 2, 0, 0, 0, -1, -1, 2, -1, -1, 0, 2, -1, 1, -1, 1, 2, 1, 0, 1, -1, 1, 0, 0, -1, 2, 1, -1, 2, 2, 1, 1, 1, -1, 1, 1, 1, 1, 0, 2, -1, 1, -1, 1, 1, 1, -1, 2, 0, -1, -1, 1, -1, -1, 1, 0, 1, 1, 1, 1, -1, 0, 1, 1, 0, 1, 0, 2, 2, 1, -1, 2, 2, -1, 2, 1, 2, -1, 2, 0, 2, 2, 1, 1, 1, 1, 1, -1, 1, 1, -1, -1, 0, 0, 0, 1, -1, -1, 2, -1, -1, -1, -1, -1, -1, -1, -1, 2, 2, -1, 1, 1, 1, -1]"
150,5,23,0.5,0.19536904472761465,3,84,"[{'cluster_no': -1, 'count': 84}, {'cluster_no': 0, 'count': 110}, {'cluster_no': 1, 'count': 43}]","[-1, 1, 1, 0, 1, 0, -1, 1, 1, 0, -1, 1, -1, -1, -1, -1, -1, -1, -1, -1, 0, -1, -1, -1, 1, 0, -1, 1, 1, 0, 0, -1, -1, 1, -1, 0, 0, -1, 1, 1, 0, 0, 0, -1, 1, 0, -1, 0, 1, 1, -1, -1, 1, 0, -1, -1, -1, 0, -1, -1, 0, 0, -1, 0, -1, 1, 1, 1, -1, -1, -1, -1, 1, -1, 0, 0, 0, -1, 1, -1, 0, -1, -1, 0, 0, -1, 0, 0, 0, -1, 0, 0, 0, -1, 0, 0, -1, 0, -1, -1, 1, 0, 1, 0, 0, -1, 0, 1, 0, 0, 0, -1, 0, 0, 0, -1, 0, -1, 0, 0, 1, -1, 0, 1, 0, 1, 1, 1, -1, -1, 0, -1, -1, 1, 0, 0, 0, -1, 0, 0, 0, 1, 0, -1, 0, 1, 1, -1, 0, 0, -1, 0, 0, 0, 0, 0, -1, 0, 0, 0, 0, 1, 0, -1, 0, -1, 0, 0, 0, -1, 0, 1, 0, -1, 0, -1, -1, 0, 1, 0, 0, 0, 0, -1, 1, 0, 0, 1, 0, 1, 0, 0, 0, -1, 0, 0, -1, 0, 0, 0, -1, 0, 1, 0, 0, 0, 0, 0, 0, 0, -1, 0, 0, -1, -1, 1, 1, 1, 0, -1, -1, 0, -1, -1, -1, -1, -1, -1, -1, -1, 0, 0, -1, 0, 0, 0, -1]"
150,5,23,1.0,0.19536904472761465,3,84,"[{'cluster_no': -1, 'count': 84}, {'cluster_no': 0, 'count': 110}, {'cluster_no': 1, 'count': 43}]","[-1, 1, 1, 0, 1, 0, -1, 1, 1, 0, -1, 1, -1, -1, -1, -1, -1, -1, -1, -1, 0, -1, -1, -1, 1, 0, -1, 1, 1, 0, 0, -1, -1, 1, -1, 0, 0, -1, 1, 1, 0, 0, 0, -1, 1, 0, -1, 0, 1, 1, -1, -1, 1, 0, -1, -1, -1, 0, -1, -1, 0, 0, -1, 0, -1, 1, 1, 1, -1, -1, -1, -1, 1, -1, 0, 0, 0, -1, 1, -1, 0, -1, -1, 0, 0, -1, 0, 0, 0, -1, 0, 0, 0, -1, 0, 0, -1, 0, -1, -1, 1, 0, 1, 0, 0, -1, 0, 1, 0, 0, 0, -1, 0, 0, 0, -1, 0, -1, 0, 0, 1, -1, 0, 1, 0, 1, 1, 1, -1, -1, 0, -1, -1, 1, 0, 0, 0, -1, 0, 0, 0, 1, 0, -1, 0, 1, 1, -1, 0, 0, -1, 0, 0, 0, 0, 0, -1, 0, 0, 0, 0, 1, 0, -1, 0, -1, 0, 0, 0, -1, 0, 1, 0, -1, 0, -1, -1, 0, 1, 0, 0, 0, 0, -1, 1, 0, 0, 1, 0, 1, 0, 0, 0, -1, 0, 0, -1, 0, 0, 0, -1, 0, 1, 0, 0, 0, 0, 0, 0, 0, -1, 0, 0, -1, -1, 1, 1, 1, 0, -1, -1, 0, -1, -1, -1, -1, -1, -1, -1, -1, 0, 0, -1, 0, 0, 0, -1]"
150,5,24,0.0,0.32461291508691614,4,88,"[{'cluster_no': -1, 'count': 88}, {'cluster_no': 0, 'count': 43}, {'cluster_no': 1, 'count': 63}, {'cluster_no': 2, 'count': 43}]","[-1, 0, 0, -1, 0, 2, -1, 0, 0, 2, -1, 0, -1, -1, -1, -1, -1, -1, -1, -1, 2, -1, -1, -1, 0, 2, -1, 0, 0, 1, 1, -1, -1, 0, -1, 1, 2, -1, 0, 0, 2, 1, 2, -1, 0, 1, -1, -1, 0, 0, -1, -1, 0, 1, -1, -1, -1, 1, -1, -1, 2, 1, -1, 1, -1, 0, 0, 0, -1, -1, -1, -1, 0, -1, 2, 2, 2, -1, 0, -1, 1, -1, -1, 1, 2, -1, 1, 1, 1, -1, 1, 2, 2, -1, 2, 2, -1, 2, -1, -1, 0, 2, 0, 1, 1, -1, 1, 0, 2, 1, 2, -1, 1, 1, 1, -1, 1, -1, 2, 2, 0, -1, 1, 0, 2, 0, 0, 0, -1, -1, 2, -1, -1, 0, 2, -1, 1, -1, 1, 2, 1, 0, 1, -1, 1, 0, 0, -1, 2, 1, -1, 2, 2, 1, 1, 1, -1, 1, 1, 1, 1, 0, 2, -1, 1, -1, 1, 1, 1, -1, 2, 0, -1, -1, 1, -1, -1, 1, 0, 1, 1, 1, 1, -1, 0, 1, 1, 0, 1, 0, 2, 2, 1, -1, 2, 2, -1, 2, 1, 2, -1, 2, 0, 2, 2, 1, 1, 1, 1, 1, -1, 1, 1, -1, -1, 0, 0, 0, 1, -1, -1, 2, -1, -1, -1, -1, -1, -1, -1, -1, 2, 2, -1, 1, 1, 1, -1]"
150,5,24,0.5,0.19536904472761465,3,84,"[{'cluster_no': -1, 'count': 84}, {'cluster_no': 0, 'count': 110}, {'cluster_no': 1, 'count': 43}]","[-1, 1, 1, 0, 1, 0, -1, 1, 1, 0, -1, 1, -1, -1, -1, -1, -1, -1, -1, -1, 0, -1, -1, -1, 1, 0, -1, 1, 1, 0, 0, -1, -1, 1, -1, 0, 0, -1, 1, 1, 0, 0, 0, -1, 1, 0, -1, 0, 1, 1, -1, -1, 1, 0, -1, -1, -1, 0, -1, -1, 0, 0, -1, 0, -1, 1, 1, 1, -1, -1, -1, -1, 1, -1, 0, 0, 0, -1, 1, -1, 0, -1, -1, 0, 0, -1, 0, 0, 0, -1, 0, 0, 0, -1, 0, 0, -1, 0, -1, -1, 1, 0, 1, 0, 0, -1, 0, 1, 0, 0, 0, -1, 0, 0, 0, -1, 0, -1, 0, 0, 1, -1, 0, 1, 0, 1, 1, 1, -1, -1, 0, -1, -1, 1, 0, 0, 0, -1, 0, 0, 0, 1, 0, -1, 0, 1, 1, -1, 0, 0, -1, 0, 0, 0, 0, 0, -1, 0, 0, 0, 0, 1, 0, -1, 0, -1, 0, 0, 0, -1, 0, 1, 0, -1, 0, -1, -1, 0, 1, 0, 0, 0, 0, -1, 1, 0, 0, 1, 0, 1, 0, 0, 0, -1, 0, 0, -1, 0, 0, 0, -1, 0, 1, 0, 0, 0, 0, 0, 0, 0, -1, 0, 0, -1, -1, 1, 1, 1, 0, -1, -1, 0, -1, -1, -1, -1, -1, -1, -1, -1, 0, 0, -1, 0, 0, 0, -1]"
150,5,24,1.0,0.19536904472761465,3,84,"[{'cluster_no': -1, 'count': 84}, {'cluster_no': 0, 'count': 110}, {'cluster_no': 1, 'count': 43}]","[-1, 1, 1, 0, 1, 0, -1, 1, 1, 0, -1, 1, -1, -1, -1, -1, -1, -1, -1, -1, 0, -1, -1, -1, 1, 0, -1, 1, 1, 0, 0, -1, -1, 1, -1, 0, 0, -1, 1, 1, 0, 0, 0, -1, 1, 0, -1, 0, 1, 1, -1, -1, 1, 0, -1, -1, -1, 0, -1, -1, 0, 0, -1, 0, -1, 1, 1, 1, -1, -1, -1, -1, 1, -1, 0, 0, 0, -1, 1, -1, 0, -1, -1, 0, 0, -1, 0, 0, 0, -1, 0, 0, 0, -1, 0, 0, -1, 0, -1, -1, 1, 0, 1, 0, 0, -1, 0, 1, 0, 0, 0, -1, 0, 0, 0, -1, 0, -1, 0, 0, 1, -1, 0, 1, 0, 1, 1, 1, -1, -1, 0, -1, -1, 1, 0, 0, 0, -1, 0, 0, 0, 1, 0, -1, 0, 1, 1, -1, 0, 0, -1, 0, 0, 0, 0, 0, -1, 0, 0, 0, 0, 1, 0, -1, 0, -1, 0, 0, 0, -1, 0, 1, 0, -1, 0, -1, -1, 0, 1, 0, 0, 0, 0, -1, 1, 0, 0, 1, 0, 1, 0, 0, 0, -1, 0, 0, -1, 0, 0, 0, -1, 0, 1, 0, 0, 0, 0, 0, 0, 0, -1, 0, 0, -1, -1, 1, 1, 1, 0, -1, -1, 0, -1, -1, -1, -1, -1, -1, -1, -1, 0, 0, -1, 0, 0, 0, -1]"
150,5,25,0.0,0.32461291508691614,4,88,"[{'cluster_no': -1, 'count': 88}, {'cluster_no': 0, 'count': 43}, {'cluster_no': 1, 'count': 63}, {'cluster_no': 2, 'count': 43}]","[-1, 0, 0, -1, 0, 2, -1, 0, 0, 2, -1, 0, -1, -1, -1, -1, -1, -1, -1, -1, 2, -1, -1, -1, 0, 2, -1, 0, 0, 1, 1, -1, -1, 0, -1, 1, 2, -1, 0, 0, 2, 1, 2, -1, 0, 1, -1, -1, 0, 0, -1, -1, 0, 1, -1, -1, -1, 1, -1, -1, 2, 1, -1, 1, -1, 0, 0, 0, -1, -1, -1, -1, 0, -1, 2, 2, 2, -1, 0, -1, 1, -1, -1, 1, 2, -1, 1, 1, 1, -1, 1, 2, 2, -1, 2, 2, -1, 2, -1, -1, 0, 2, 0, 1, 1, -1, 1, 0, 2, 1, 2, -1, 1, 1, 1, -1, 1, -1, 2, 2, 0, -1, 1, 0, 2, 0, 0, 0, -1, -1, 2, -1, -1, 0, 2, -1, 1, -1, 1, 2, 1, 0, 1, -1, 1, 0, 0, -1, 2, 1, -1, 2, 2, 1, 1, 1, -1, 1, 1, 1, 1, 0, 2, -1, 1, -1, 1, 1, 1, -1, 2, 0, -1, -1, 1, -1, -1, 1, 0, 1, 1, 1, 1, -1, 0, 1, 1, 0, 1, 0, 2, 2, 1, -1, 2, 2, -1, 2, 1, 2, -1, 2, 0, 2, 2, 1, 1, 1, 1, 1, -1, 1, 1, -1, -1, 0, 0, 0, 1, -1, -1, 2, -1, -1, -1, -1, -1, -1, -1, -1, 2, 2, -1, 1, 1, 1, -1]"
150,5,25,0.5,0.19536904472761465,3,84,"[{'cluster_no': -1, 'count': 84}, {'cluster_no': 0, 'count': 110}, {'cluster_no': 1, 'count': 43}]","[-1, 1, 1, 0, 1, 0, -1, 1, 1, 0, -1, 1, -1, -1, -1, -1, -1, -1, -1, -1, 0, -1, -1, -1, 1, 0, -1, 1, 1, 0, 0, -1, -1, 1, -1, 0, 0, -1, 1, 1, 0, 0, 0, -1, 1, 0, -1, 0, 1, 1, -1, -1, 1, 0, -1, -1, -1, 0, -1, -1, 0, 0, -1, 0, -1, 1, 1, 1, -1, -1, -1, -1, 1, -1, 0, 0, 0, -1, 1, -1, 0, -1, -1, 0, 0, -1, 0, 0, 0, -1, 0, 0, 0, -1, 0, 0, -1, 0, -1, -1, 1, 0, 1, 0, 0, -1, 0, 1, 0, 0, 0, -1, 0, 0, 0, -1, 0, -1, 0, 0, 1, -1, 0, 1, 0, 1, 1, 1, -1, -1, 0, -1, -1, 1, 0, 0, 0, -1, 0, 0, 0, 1, 0, -1, 0, 1, 1, -1, 0, 0, -1, 0, 0, 0, 0, 0, -1, 0, 0, 0, 0, 1, 0, -1, 0, -1, 0, 0, 0, -1, 0, 1, 0, -1, 0, -1, -1, 0, 1, 0, 0, 0, 0, -1, 1, 0, 0, 1, 0, 1, 0, 0, 0, -1, 0, 0, -1, 0, 0, 0, -1, 0, 1, 0, 0, 0, 0, 0, 0, 0, -1, 0, 0, -1, -1, 1, 1, 1, 0, -1, -1, 0, -1, -1, -1, -1, -1, -1, -1, -1, 0, 0, -1, 0, 0, 0, -1]"
150,5,25,1.0,0.19536904472761465,3,84,"[{'cluster_no': -1, 'count': 84}, {'cluster_no': 0, 'count': 110}, {'cluster_no': 1, 'count': 43}]","[-1, 1, 1, 0, 1, 0, -1, 1, 1, 0, -1, 1, -1, -1, -1, -1, -1, -1, -1, -1, 0, -1, -1, -1, 1, 0, -1, 1, 1, 0, 0, -1, -1, 1, -1, 0, 0, -1, 1, 1, 0, 0, 0, -1, 1, 0, -1, 0, 1, 1, -1, -1, 1, 0, -1, -1, -1, 0, -1, -1, 0, 0, -1, 0, -1, 1, 1, 1, -1, -1, -1, -1, 1, -1, 0, 0, 0, -1, 1, -1, 0, -1, -1, 0, 0, -1, 0, 0, 0, -1, 0, 0, 0, -1, 0, 0, -1, 0, -1, -1, 1, 0, 1, 0, 0, -1, 0, 1, 0, 0, 0, -1, 0, 0, 0, -1, 0, -1, 0, 0, 1, -1, 0, 1, 0, 1, 1, 1, -1, -1, 0, -1, -1, 1, 0, 0, 0, -1, 0, 0, 0, 1, 0, -1, 0, 1, 1, -1, 0, 0, -1, 0, 0, 0, 0, 0, -1, 0, 0, 0, 0, 1, 0, -1, 0, -1, 0, 0, 0, -1, 0, 1, 0, -1, 0, -1, -1, 0, 1, 0, 0, 0, 0, -1, 1, 0, 0, 1, 0, 1, 0, 0, 0, -1, 0, 0, -1, 0, 0, 0, -1, 0, 1, 0, 0, 0, 0, 0, 0, 0, -1, 0, 0, -1, -1, 1, 1, 1, 0, -1, -1, 0, -1, -1, -1, -1, -1, -1, -1, -1, 0, 0, -1, 0, 0, 0, -1]"
150,5,26,0.0,0.32461291508691614,4,88,"[{'cluster_no': -1, 'count': 88}, {'cluster_no': 0, 'count': 43}, {'cluster_no': 1, 'count': 63}, {'cluster_no': 2, 'count': 43}]","[-1, 0, 0, -1, 0, 2, -1, 0, 0, 2, -1, 0, -1, -1, -1, -1, -1, -1, -1, -1, 2, -1, -1, -1, 0, 2, -1, 0, 0, 1, 1, -1, -1, 0, -1, 1, 2, -1, 0, 0, 2, 1, 2, -1, 0, 1, -1, -1, 0, 0, -1, -1, 0, 1, -1, -1, -1, 1, -1, -1, 2, 1, -1, 1, -1, 0, 0, 0, -1, -1, -1, -1, 0, -1, 2, 2, 2, -1, 0, -1, 1, -1, -1, 1, 2, -1, 1, 1, 1, -1, 1, 2, 2, -1, 2, 2, -1, 2, -1, -1, 0, 2, 0, 1, 1, -1, 1, 0, 2, 1, 2, -1, 1, 1, 1, -1, 1, -1, 2, 2, 0, -1, 1, 0, 2, 0, 0, 0, -1, -1, 2, -1, -1, 0, 2, -1, 1, -1, 1, 2, 1, 0, 1, -1, 1, 0, 0, -1, 2, 1, -1, 2, 2, 1, 1, 1, -1, 1, 1, 1, 1, 0, 2, -1, 1, -1, 1, 1, 1, -1, 2, 0, -1, -1, 1, -1, -1, 1, 0, 1, 1, 1, 1, -1, 0, 1, 1, 0, 1, 0, 2, 2, 1, -1, 2, 2, -1, 2, 1, 2, -1, 2, 0, 2, 2, 1, 1, 1, 1, 1, -1, 1, 1, -1, -1, 0, 0, 0, 1, -1, -1, 2, -1, -1, -1, -1, -1, -1, -1, -1, 2, 2, -1, 1, 1, 1, -1]"
150,5,26,0.5,0.19536904472761465,3,84,"[{'cluster_no': -1, 'count': 84}, {'cluster_no': 0, 'count': 110}, {'cluster_no': 1, 'count': 43}]","[-1, 1, 1, 0, 1, 0, -1, 1, 1, 0, -1, 1, -1, -1, -1, -1, -1, -1, -1, -1, 0, -1, -1, -1, 1, 0, -1, 1, 1, 0, 0, -1, -1, 1, -1, 0, 0, -1, 1, 1, 0, 0, 0, -1, 1, 0, -1, 0, 1, 1, -1, -1, 1, 0, -1, -1, -1, 0, -1, -1, 0, 0, -1, 0, -1, 1, 1, 1, -1, -1, -1, -1, 1, -1, 0, 0, 0, -1, 1, -1, 0, -1, -1, 0, 0, -1, 0, 0, 0, -1, 0, 0, 0, -1, 0, 0, -1, 0, -1, -1, 1, 0, 1, 0, 0, -1, 0, 1, 0, 0, 0, -1, 0, 0, 0, -1, 0, -1, 0, 0, 1, -1, 0, 1, 0, 1, 1, 1, -1, -1, 0, -1, -1, 1, 0, 0, 0, -1, 0, 0, 0, 1, 0, -1, 0, 1, 1, -1, 0, 0, -1, 0, 0, 0, 0, 0, -1, 0, 0, 0, 0, 1, 0, -1, 0, -1, 0, 0, 0, -1, 0, 1, 0, -1, 0, -1, -1, 0, 1, 0, 0, 0, 0, -1, 1, 0, 0, 1, 0, 1, 0, 0, 0, -1, 0, 0, -1, 0, 0, 0, -1, 0, 1, 0, 0, 0, 0, 0, 0, 0, -1, 0, 0, -1, -1, 1, 1, 1, 0, -1, -1, 0, -1, -1, -1, -1, -1, -1, -1, -1, 0, 0, -1, 0, 0, 0, -1]"
150,5,26,1.0,0.19536904472761465,3,84,"[{'cluster_no': -1, 'count': 84}, {'cluster_no': 0, 'count': 110}, {'cluster_no': 1, 'count': 43}]","[-1, 1, 1, 0, 1, 0, -1, 1, 1, 0, -1, 1, -1, -1, -1, -1, -1, -1, -1, -1, 0, -1, -1, -1, 1, 0, -1, 1, 1, 0, 0, -1, -1, 1, -1, 0, 0, -1, 1, 1, 0, 0, 0, -1, 1, 0, -1, 0, 1, 1, -1, -1, 1, 0, -1, -1, -1, 0, -1, -1, 0, 0, -1, 0, -1, 1, 1, 1, -1, -1, -1, -1, 1, -1, 0, 0, 0, -1, 1, -1, 0, -1, -1, 0, 0, -1, 0, 0, 0, -1, 0, 0, 0, -1, 0, 0, -1, 0, -1, -1, 1, 0, 1, 0, 0, -1, 0, 1, 0, 0, 0, -1, 0, 0, 0, -1, 0, -1, 0, 0, 1, -1, 0, 1, 0, 1, 1, 1, -1, -1, 0, -1, -1, 1, 0, 0, 0, -1, 0, 0, 0, 1, 0, -1, 0, 1, 1, -1, 0, 0, -1, 0, 0, 0, 0, 0, -1, 0, 0, 0, 0, 1, 0, -1, 0, -1, 0, 0, 0, -1, 0, 1, 0, -1, 0, -1, -1, 0, 1, 0, 0, 0, 0, -1, 1, 0, 0, 1, 0, 1, 0, 0, 0, -1, 0, 0, -1, 0, 0, 0, -1, 0, 1, 0, 0, 0, 0, 0, 0, 0, -1, 0, 0, -1, -1, 1, 1, 1, 0, -1, -1, 0, -1, -1, -1, -1, -1, -1, -1, -1, 0, 0, -1, 0, 0, 0, -1]"
150,5,27,0.0,0.32461291508691614,4,88,"[{'cluster_no': -1, 'count': 88}, {'cluster_no': 0, 'count': 43}, {'cluster_no': 1, 'count': 63}, {'cluster_no': 2, 'count': 43}]","[-1, 0, 0, -1, 0, 2, -1, 0, 0, 2, -1, 0, -1, -1, -1, -1, -1, -1, -1, -1, 2, -1, -1, -1, 0, 2, -1, 0, 0, 1, 1, -1, -1, 0, -1, 1, 2, -1, 0, 0, 2, 1, 2, -1, 0, 1, -1, -1, 0, 0, -1, -1, 0, 1, -1, -1, -1, 1, -1, -1, 2, 1, -1, 1, -1, 0, 0, 0, -1, -1, -1, -1, 0, -1, 2, 2, 2, -1, 0, -1, 1, -1, -1, 1, 2, -1, 1, 1, 1, -1, 1, 2, 2, -1, 2, 2, -1, 2, -1, -1, 0, 2, 0, 1, 1, -1, 1, 0, 2, 1, 2, -1, 1, 1, 1, -1, 1, -1, 2, 2, 0, -1, 1, 0, 2, 0, 0, 0, -1, -1, 2, -1, -1, 0, 2, -1, 1, -1, 1, 2, 1, 0, 1, -1, 1, 0, 0, -1, 2, 1, -1, 2, 2, 1, 1, 1, -1, 1, 1, 1, 1, 0, 2, -1, 1, -1, 1, 1, 1, -1, 2, 0, -1, -1, 1, -1, -1, 1, 0, 1, 1, 1, 1, -1, 0, 1, 1, 0, 1, 0, 2, 2, 1, -1, 2, 2, -1, 2, 1, 2, -1, 2, 0, 2, 2, 1, 1, 1, 1, 1, -1, 1, 1, -1, -1, 0, 0, 0, 1, -1, -1, 2, -1, -1, -1, -1, -1, -1, -1, -1, 2, 2, -1, 1, 1, 1, -1]"
150,5,27,0.5,0.19536904472761465,3,84,"[{'cluster_no': -1, 'count': 84}, {'cluster_no': 0, 'count': 110}, {'cluster_no': 1, 'count': 43}]","[-1, 1, 1, 0, 1, 0, -1, 1, 1, 0, -1, 1, -1, -1, -1, -1, -1, -1, -1, -1, 0, -1, -1, -1, 1, 0, -1, 1, 1, 0, 0, -1, -1, 1, -1, 0, 0, -1, 1, 1, 0, 0, 0, -1, 1, 0, -1, 0, 1, 1, -1, -1, 1, 0, -1, -1, -1, 0, -1, -1, 0, 0, -1, 0, -1, 1, 1, 1, -1, -1, -1, -1, 1, -1, 0, 0, 0, -1, 1, -1, 0, -1, -1, 0, 0, -1, 0, 0, 0, -1, 0, 0, 0, -1, 0, 0, -1, 0, -1, -1, 1, 0, 1, 0, 0, -1, 0, 1, 0, 0, 0, -1, 0, 0, 0, -1, 0, -1, 0, 0, 1, -1, 0, 1, 0, 1, 1, 1, -1, -1, 0, -1, -1, 1, 0, 0, 0, -1, 0, 0, 0, 1, 0, -1, 0, 1, 1, -1, 0, 0, -1, 0, 0, 0, 0, 0, -1, 0, 0, 0, 0, 1, 0, -1, 0, -1, 0, 0, 0, -1, 0, 1, 0, -1, 0, -1, -1, 0, 1, 0, 0, 0, 0, -1, 1, 0, 0, 1, 0, 1, 0, 0, 0, -1, 0, 0, -1, 0, 0, 0, -1, 0, 1, 0, 0, 0, 0, 0, 0, 0, -1, 0, 0, -1, -1, 1, 1, 1, 0, -1, -1, 0, -1, -1, -1, -1, -1, -1, -1, -1, 0, 0, -1, 0, 0, 0, -1]"
150,5,27,1.0,0.19536904472761465,3,84,"[{'cluster_no': -1, 'count': 84}, {'cluster_no': 0, 'count': 110}, {'cluster_no': 1, 'count': 43}]","[-1, 1, 1, 0, 1, 0, -1, 1, 1, 0, -1, 1, -1, -1, -1, -1, -1, -1, -1, -1, 0, -1, -1, -1, 1, 0, -1, 1, 1, 0, 0, -1, -1, 1, -1, 0, 0, -1, 1, 1, 0, 0, 0, -1, 1, 0, -1, 0, 1, 1, -1, -1, 1, 0, -1, -1, -1, 0, -1, -1, 0, 0, -1, 0, -1, 1, 1, 1, -1, -1, -1, -1, 1, -1, 0, 0, 0, -1, 1, -1, 0, -1, -1, 0, 0, -1, 0, 0, 0, -1, 0, 0, 0, -1, 0, 0, -1, 0, -1, -1, 1, 0, 1, 0, 0, -1, 0, 1, 0, 0, 0, -1, 0, 0, 0, -1, 0, -1, 0, 0, 1, -1, 0, 1, 0, 1, 1, 1, -1, -1, 0, -1, -1, 1, 0, 0, 0, -1, 0, 0, 0, 1, 0, -1, 0, 1, 1, -1, 0, 0, -1, 0, 0, 0, 0, 0, -1, 0, 0, 0, 0, 1, 0, -1, 0, -1, 0, 0, 0, -1, 0, 1, 0, -1, 0, -1, -1, 0, 1, 0, 0, 0, 0, -1, 1, 0, 0, 1, 0, 1, 0, 0, 0, -1, 0, 0, -1, 0, 0, 0, -1, 0, 1, 0, 0, 0, 0, 0, 0, 0, -1, 0, 0, -1, -1, 1, 1, 1, 0, -1, -1, 0, -1, -1, -1, -1, -1, -1, -1, -1, 0, 0, -1, 0, 0, 0, -1]"
150,5,28,0.0,0.32461291508691614,4,88,"[{'cluster_no': -1, 'count': 88}, {'cluster_no': 0, 'count': 43}, {'cluster_no': 1, 'count': 63}, {'cluster_no': 2, 'count': 43}]","[-1, 0, 0, -1, 0, 2, -1, 0, 0, 2, -1, 0, -1, -1, -1, -1, -1, -1, -1, -1, 2, -1, -1, -1, 0, 2, -1, 0, 0, 1, 1, -1, -1, 0, -1, 1, 2, -1, 0, 0, 2, 1, 2, -1, 0, 1, -1, -1, 0, 0, -1, -1, 0, 1, -1, -1, -1, 1, -1, -1, 2, 1, -1, 1, -1, 0, 0, 0, -1, -1, -1, -1, 0, -1, 2, 2, 2, -1, 0, -1, 1, -1, -1, 1, 2, -1, 1, 1, 1, -1, 1, 2, 2, -1, 2, 2, -1, 2, -1, -1, 0, 2, 0, 1, 1, -1, 1, 0, 2, 1, 2, -1, 1, 1, 1, -1, 1, -1, 2, 2, 0, -1, 1, 0, 2, 0, 0, 0, -1, -1, 2, -1, -1, 0, 2, -1, 1, -1, 1, 2, 1, 0, 1, -1, 1, 0, 0, -1, 2, 1, -1, 2, 2, 1, 1, 1, -1, 1, 1, 1, 1, 0, 2, -1, 1, -1, 1, 1, 1, -1, 2, 0, -1, -1, 1, -1, -1, 1, 0, 1, 1, 1, 1, -1, 0, 1, 1, 0, 1, 0, 2, 2, 1, -1, 2, 2, -1, 2, 1, 2, -1, 2, 0, 2, 2, 1, 1, 1, 1, 1, -1, 1, 1, -1, -1, 0, 0, 0, 1, -1, -1, 2, -1, -1, -1, -1, -1, -1, -1, -1, 2, 2, -1, 1, 1, 1, -1]"
150,5,28,0.5,0.19536904472761465,3,84,"[{'cluster_no': -1, 'count': 84}, {'cluster_no': 0, 'count': 110}, {'cluster_no': 1, 'count': 43}]","[-1, 1, 1, 0, 1, 0, -1, 1, 1, 0, -1, 1, -1, -1, -1, -1, -1, -1, -1, -1, 0, -1, -1, -1, 1, 0, -1, 1, 1, 0, 0, -1, -1, 1, -1, 0, 0, -1, 1, 1, 0, 0, 0, -1, 1, 0, -1, 0, 1, 1, -1, -1, 1, 0, -1, -1, -1, 0, -1, -1, 0, 0, -1, 0, -1, 1, 1, 1, -1, -1, -1, -1, 1, -1, 0, 0, 0, -1, 1, -1, 0, -1, -1, 0, 0, -1, 0, 0, 0, -1, 0, 0, 0, -1, 0, 0, -1, 0, -1, -1, 1, 0, 1, 0, 0, -1, 0, 1, 0, 0, 0, -1, 0, 0, 0, -1, 0, -1, 0, 0, 1, -1, 0, 1, 0, 1, 1, 1, -1, -1, 0, -1, -1, 1, 0, 0, 0, -1, 0, 0, 0, 1, 0, -1, 0, 1, 1, -1, 0, 0, -1, 0, 0, 0, 0, 0, -1, 0, 0, 0, 0, 1, 0, -1, 0, -1, 0, 0, 0, -1, 0, 1, 0, -1, 0, -1, -1, 0, 1, 0, 0, 0, 0, -1, 1, 0, 0, 1, 0, 1, 0, 0, 0, -1, 0, 0, -1, 0, 0, 0, -1, 0, 1, 0, 0, 0, 0, 0, 0, 0, -1, 0, 0, -1, -1, 1, 1, 1, 0, -1, -1, 0, -1, -1, -1, -1, -1, -1, -1, -1, 0, 0, -1, 0, 0, 0, -1]"
150,5,28,1.0,0.19536904472761465,3,84,"[{'cluster_no': -1, 'count': 84}, {'cluster_no': 0, 'count': 110}, {'cluster_no': 1, 'count': 43}]","[-1, 1, 1, 0, 1, 0, -1, 1, 1, 0, -1, 1, -1, -1, -1, -1, -1, -1, -1, -1, 0, -1, -1, -1, 1, 0, -1, 1, 1, 0, 0, -1, -1, 1, -1, 0, 0, -1, 1, 1, 0, 0, 0, -1, 1, 0, -1, 0, 1, 1, -1, -1, 1, 0, -1, -1, -1, 0, -1, -1, 0, 0, -1, 0, -1, 1, 1, 1, -1, -1, -1, -1, 1, -1, 0, 0, 0, -1, 1, -1, 0, -1, -1, 0, 0, -1, 0, 0, 0, -1, 0, 0, 0, -1, 0, 0, -1, 0, -1, -1, 1, 0, 1, 0, 0, -1, 0, 1, 0, 0, 0, -1, 0, 0, 0, -1, 0, -1, 0, 0, 1, -1, 0, 1, 0, 1, 1, 1, -1, -1, 0, -1, -1, 1, 0, 0, 0, -1, 0, 0, 0, 1, 0, -1, 0, 1, 1, -1, 0, 0, -1, 0, 0, 0, 0, 0, -1, 0, 0, 0, 0, 1, 0, -1, 0, -1, 0, 0, 0, -1, 0, 1, 0, -1, 0, -1, -1, 0, 1, 0, 0, 0, 0, -1, 1, 0, 0, 1, 0, 1, 0, 0, 0, -1, 0, 0, -1, 0, 0, 0, -1, 0, 1, 0, 0, 0, 0, 0, 0, 0, -1, 0, 0, -1, -1, 1, 1, 1, 0, -1, -1, 0, -1, -1, -1, -1, -1, -1, -1, -1, 0, 0, -1, 0, 0, 0, -1]"
150,5,29,0.0,0.32461291508691614,4,88,"[{'cluster_no': -1, 'count': 88}, {'cluster_no': 0, 'count': 43}, {'cluster_no': 1, 'count': 63}, {'cluster_no': 2, 'count': 43}]","[-1, 0, 0, -1, 0, 2, -1, 0, 0, 2, -1, 0, -1, -1, -1, -1, -1, -1, -1, -1, 2, -1, -1, -1, 0, 2, -1, 0, 0, 1, 1, -1, -1, 0, -1, 1, 2, -1, 0, 0, 2, 1, 2, -1, 0, 1, -1, -1, 0, 0, -1, -1, 0, 1, -1, -1, -1, 1, -1, -1, 2, 1, -1, 1, -1, 0, 0, 0, -1, -1, -1, -1, 0, -1, 2, 2, 2, -1, 0, -1, 1, -1, -1, 1, 2, -1, 1, 1, 1, -1, 1, 2, 2, -1, 2, 2, -1, 2, -1, -1, 0, 2, 0, 1, 1, -1, 1, 0, 2, 1, 2, -1, 1, 1, 1, -1, 1, -1, 2, 2, 0, -1, 1, 0, 2, 0, 0, 0, -1, -1, 2, -1, -1, 0, 2, -1, 1, -1, 1, 2, 1, 0, 1, -1, 1, 0, 0, -1, 2, 1, -1, 2, 2, 1, 1, 1, -1, 1, 1, 1, 1, 0, 2, -1, 1, -1, 1, 1, 1, -1, 2, 0, -1, -1, 1, -1, -1, 1, 0, 1, 1, 1, 1, -1, 0, 1, 1, 0, 1, 0, 2, 2, 1, -1, 2, 2, -1, 2, 1, 2, -1, 2, 0, 2, 2, 1, 1, 1, 1, 1, -1, 1, 1, -1, -1, 0, 0, 0, 1, -1, -1, 2, -1, -1, -1, -1, -1, -1, -1, -1, 2, 2, -1, 1, 1, 1, -1]"
150,5,29,0.5,0.19536904472761465,3,84,"[{'cluster_no': -1, 'count': 84}, {'cluster_no': 0, 'count': 110}, {'cluster_no': 1, 'count': 43}]","[-1, 1, 1, 0, 1, 0, -1, 1, 1, 0, -1, 1, -1, -1, -1, -1, -1, -1, -1, -1, 0, -1, -1, -1, 1, 0, -1, 1, 1, 0, 0, -1, -1, 1, -1, 0, 0, -1, 1, 1, 0, 0, 0, -1, 1, 0, -1, 0, 1, 1, -1, -1, 1, 0, -1, -1, -1, 0, -1, -1, 0, 0, -1, 0, -1, 1, 1, 1, -1, -1, -1, -1, 1, -1, 0, 0, 0, -1, 1, -1, 0, -1, -1, 0, 0, -1, 0, 0, 0, -1, 0, 0, 0, -1, 0, 0, -1, 0, -1, -1, 1, 0, 1, 0, 0, -1, 0, 1, 0, 0, 0, -1, 0, 0, 0, -1, 0, -1, 0, 0, 1, -1, 0, 1, 0, 1, 1, 1, -1, -1, 0, -1, -1, 1, 0, 0, 0, -1, 0, 0, 0, 1, 0, -1, 0, 1, 1, -1, 0, 0, -1, 0, 0, 0, 0, 0, -1, 0, 0, 0, 0, 1, 0, -1, 0, -1, 0, 0, 0, -1, 0, 1, 0, -1, 0, -1, -1, 0, 1, 0, 0, 0, 0, -1, 1, 0, 0, 1, 0, 1, 0, 0, 0, -1, 0, 0, -1, 0, 0, 0, -1, 0, 1, 0, 0, 0, 0, 0, 0, 0, -1, 0, 0, -1, -1, 1, 1, 1, 0, -1, -1, 0, -1, -1, -1, -1, -1, -1, -1, -1, 0, 0, -1, 0, 0, 0, -1]"
150,5,29,1.0,0.19536904472761465,3,84,"[{'cluster_no': -1, 'count': 84}, {'cluster_no': 0, 'count': 110}, {'cluster_no': 1, 'count': 43}]","[-1, 1, 1, 0, 1, 0, -1, 1, 1, 0, -1, 1, -1, -1, -1, -1, -1, -1, -1, -1, 0, -1, -1, -1, 1, 0, -1, 1, 1, 0, 0, -1, -1, 1, -1, 0, 0, -1, 1, 1, 0, 0, 0, -1, 1, 0, -1, 0, 1, 1, -1, -1, 1, 0, -1, -1, -1, 0, -1, -1, 0, 0, -1, 0, -1, 1, 1, 1, -1, -1, -1, -1, 1, -1, 0, 0, 0, -1, 1, -1, 0, -1, -1, 0, 0, -1, 0, 0, 0, -1, 0, 0, 0, -1, 0, 0, -1, 0, -1, -1, 1, 0, 1, 0, 0, -1, 0, 1, 0, 0, 0, -1, 0, 0, 0, -1, 0, -1, 0, 0, 1, -1, 0, 1, 0, 1, 1, 1, -1, -1, 0, -1, -1, 1, 0, 0, 0, -1, 0, 0, 0, 1, 0, -1, 0, 1, 1, -1, 0, 0, -1, 0, 0, 0, 0, 0, -1, 0, 0, 0, 0, 1, 0, -1, 0, -1, 0, 0, 0, -1, 0, 1, 0, -1, 0, -1, -1, 0, 1, 0, 0, 0, 0, -1, 1, 0, 0, 1, 0, 1, 0, 0, 0, -1, 0, 0, -1, 0, 0, 0, -1, 0, 1, 0, 0, 0, 0, 0, 0, 0, -1, 0, 0, -1, -1, 1, 1, 1, 0, -1, -1, 0, -1, -1, -1, -1, -1, -1, -1, -1, 0, 0, -1, 0, 0, 0, -1]"
150,5,30,0.0,0.32461291508691614,4,88,"[{'cluster_no': -1, 'count': 88}, {'cluster_no': 0, 'count': 43}, {'cluster_no': 1, 'count': 63}, {'cluster_no': 2, 'count': 43}]","[-1, 0, 0, -1, 0, 2, -1, 0, 0, 2, -1, 0, -1, -1, -1, -1, -1, -1, -1, -1, 2, -1, -1, -1, 0, 2, -1, 0, 0, 1, 1, -1, -1, 0, -1, 1, 2, -1, 0, 0, 2, 1, 2, -1, 0, 1, -1, -1, 0, 0, -1, -1, 0, 1, -1, -1, -1, 1, -1, -1, 2, 1, -1, 1, -1, 0, 0, 0, -1, -1, -1, -1, 0, -1, 2, 2, 2, -1, 0, -1, 1, -1, -1, 1, 2, -1, 1, 1, 1, -1, 1, 2, 2, -1, 2, 2, -1, 2, -1, -1, 0, 2, 0, 1, 1, -1, 1, 0, 2, 1, 2, -1, 1, 1, 1, -1, 1, -1, 2, 2, 0, -1, 1, 0, 2, 0, 0, 0, -1, -1, 2, -1, -1, 0, 2, -1, 1, -1, 1, 2, 1, 0, 1, -1, 1, 0, 0, -1, 2, 1, -1, 2, 2, 1, 1, 1, -1, 1, 1, 1, 1, 0, 2, -1, 1, -1, 1, 1, 1, -1, 2, 0, -1, -1, 1, -1, -1, 1, 0, 1, 1, 1, 1, -1, 0, 1, 1, 0, 1, 0, 2, 2, 1, -1, 2, 2, -1, 2, 1, 2, -1, 2, 0, 2, 2, 1, 1, 1, 1, 1, -1, 1, 1, -1, -1, 0, 0, 0, 1, -1, -1, 2, -1, -1, -1, -1, -1, -1, -1, -1, 2, 2, -1, 1, 1, 1, -1]"
150,5,30,0.5,0.19536904472761465,3,84,"[{'cluster_no': -1, 'count': 84}, {'cluster_no': 0, 'count': 110}, {'cluster_no': 1, 'count': 43}]","[-1, 1, 1, 0, 1, 0, -1, 1, 1, 0, -1, 1, -1, -1, -1, -1, -1, -1, -1, -1, 0, -1, -1, -1, 1, 0, -1, 1, 1, 0, 0, -1, -1, 1, -1, 0, 0, -1, 1, 1, 0, 0, 0, -1, 1, 0, -1, 0, 1, 1, -1, -1, 1, 0, -1, -1, -1, 0, -1, -1, 0, 0, -1, 0, -1, 1, 1, 1, -1, -1, -1, -1, 1, -1, 0, 0, 0, -1, 1, -1, 0, -1, -1, 0, 0, -1, 0, 0, 0, -1, 0, 0, 0, -1, 0, 0, -1, 0, -1, -1, 1, 0, 1, 0, 0, -1, 0, 1, 0, 0, 0, -1, 0, 0, 0, -1, 0, -1, 0, 0, 1, -1, 0, 1, 0, 1, 1, 1, -1, -1, 0, -1, -1, 1, 0, 0, 0, -1, 0, 0, 0, 1, 0, -1, 0, 1, 1, -1, 0, 0, -1, 0, 0, 0, 0, 0, -1, 0, 0, 0, 0, 1, 0, -1, 0, -1, 0, 0, 0, -1, 0, 1, 0, -1, 0, -1, -1, 0, 1, 0, 0, 0, 0, -1, 1, 0, 0, 1, 0, 1, 0, 0, 0, -1, 0, 0, -1, 0, 0, 0, -1, 0, 1, 0, 0, 0, 0, 0, 0, 0, -1, 0, 0, -1, -1, 1, 1, 1, 0, -1, -1, 0, -1, -1, -1, -1, -1, -1, -1, -1, 0, 0, -1, 0, 0, 0, -1]"
150,5,30,1.0,0.19536904472761465,3,84,"[{'cluster_no': -1, 'count': 84}, {'cluster_no': 0, 'count': 110}, {'cluster_no': 1, 'count': 43}]","[-1, 1, 1, 0, 1, 0, -1, 1, 1, 0, -1, 1, -1, -1, -1, -1, -1, -1, -1, -1, 0, -1, -1, -1, 1, 0, -1, 1, 1, 0, 0, -1, -1, 1, -1, 0, 0, -1, 1, 1, 0, 0, 0, -1, 1, 0, -1, 0, 1, 1, -1, -1, 1, 0, -1, -1, -1, 0, -1, -1, 0, 0, -1, 0, -1, 1, 1, 1, -1, -1, -1, -1, 1, -1, 0, 0, 0, -1, 1, -1, 0, -1, -1, 0, 0, -1, 0, 0, 0, -1, 0, 0, 0, -1, 0, 0, -1, 0, -1, -1, 1, 0, 1, 0, 0, -1, 0, 1, 0, 0, 0, -1, 0, 0, 0, -1, 0, -1, 0, 0, 1, -1, 0, 1, 0, 1, 1, 1, -1, -1, 0, -1, -1, 1, 0, 0, 0, -1, 0, 0, 0, 1, 0, -1, 0, 1, 1, -1, 0, 0, -1, 0, 0, 0, 0, 0, -1, 0, 0, 0, 0, 1, 0, -1, 0, -1, 0, 0, 0, -1, 0, 1, 0, -1, 0, -1, -1, 0, 1, 0, 0, 0, 0, -1, 1, 0, 0, 1, 0, 1, 0, 0, 0, -1, 0, 0, -1, 0, 0, 0, -1, 0, 1, 0, 0, 0, 0, 0, 0, 0, -1, 0, 0, -1, -1, 1, 1, 1, 0, -1, -1, 0, -1, -1, -1, -1, -1, -1, -1, -1, 0, 0, -1, 0, 0, 0, -1]"
150,6,5,0.0,0.4915576609360858,11,123,"[{'cluster_no': -1, 'count': 123}, {'cluster_no': 0, 'count': 7}, {'cluster_no': 1, 'count': 15}, {'cluster_no': 2, 'count': 8}, {'cluster_no': 3, 'count': 7}, {'cluster_no': 4, 'count': 8}, {'cluster_no': 5, 'count': 15}, {'cluster_no': 6, 'count': 14}, {'cluster_no': 7, 'count': 10}, {'cluster_no': 8, 'count': 23}, {'cluster_no': 9, 'count': 7}]","[-1, 6, 6, -1, -1, 1, 3, 6, 6, 7, -1, 6, -1, -1, -1, -1, -1, -1, -1, -1, -1, -1, -1, -1, -1, 1, -1, -1, 5, 8, 8, -1, -1, 6, 3, -1, -1, -1, 5, -1, 1, 2, 7, -1, 6, 8, -1, -1, 6, -1, -1, -1, 6, 7, -1, -1, -1, 8, -1, -1, -1, 4, -1, 7, -1, 5, -1, 6, -1, -1, -1, -1, 6, -1, 1, -1, -1, 3, 5, -1, 8, -1, -1, 9, -1, -1, 7, 2, 8, 3, -1, 1, 0, -1, -1, 1, -1, 0, -1, 3, -1, -1, 5, 4, 8, -1, 2, 5, -1, -1, -1, -1, -1, -1, 8, -1, 8, -1, 1, 0, 5, -1, -1, -1, -1, 5, 6, 5, -1, -1, 1, -1, 3, 5, 1, -1, 8, -1, 7, 0, 9, 6, 8, -1, 8, -1, -1, -1, 1, 2, -1, -1, 7, 4, 4, 8, -1, 4, 8, 2, 9, 5, -1, -1, 9, -1, 8, 2, 8, -1, 1, 6, -1, -1, 8, -1, -1, 2, -1, 9, 4, 7, 4, -1, -1, -1, 8, -1, 4, 5, 1, -1, 2, -1, -1, -1, -1, 1, 9, 1, -1, 0, 5, 1, 0, -1, 8, 8, 9, -1, -1, 8, -1, -1, -1, 5, -1, 5, 8, -1, 3, 0, -1, -1, -1, -1, -1, -1, -1, -1, -1, -1, -1, 7, 8, 7, -1]"
150,6,5,0.5,0.17766739754466898,3,103,"[{'cluster_no': -1, 'count': 103}, {'cluster_no': 0, 'count': 70}, {'cluster_no': 1, 'count': 64}]","[-1, 0, 0, 1, -1, 0, 0, 0, 0, 1, -1, 0, -1, -1, -1, -1, -1, 0, -1, -1, -1, -1, -1, -1, 0, 0, -1, 0, 0, 1, 1, -1, -1, 0, 0, 1, 0, -1, 0, 0, 0, 0, 1, -1, 0, 1, -1, 0, 0, -1, -1, -1, 0, 1, -1, -1, -1, 1, -1, -1, 1, 1, -1, 1, -1, 0, -1, 0, -1, -1, -1, -1, 0, -1, 0, -1, -1, 0, 0, -1, 1, -1, -1, 1, -1, -1, 1, 0, 1, 0, -1, 0, 1, -1, -1, 0, -1, 1, -1, 0, -1, -1, 0, 1, 1, -1, 0, 0, -1, -1, -1, -1, -1, -1, 1, -1, 1, -1, 0, 1, 0, -1, 1, 0, 1, 0, 0, 0, -1, -1, 0, -1, 0, 0, 0, -1, 1, -1, 1, 1, 1, 0, 1, -1, 1, -1, -1, -1, 0, 0, -1, 1, 1, 1, 1, 1, -1, 1, 1, 0, 1, 0, 0, -1, 1, -1, 1, 0, 1, -1, 0, 0, -1, -1, 1, -1, -1, 0, -1, 1, 1, 1, 1, -1, 0, -1, 1, -1, 1, 0, 0, -1, 0, -1, -1, -1, 0, 0, 1, 0, -1, 1, 0, 0, 1, 1, 1, 1, 1, 1, -1, 1, 1, -1, -1, 0, 0, 0, 1, -1, 0, 1, -1, -1, -1, -1, -1, -1, -1, -1, -1, -1, -1, 1, 1, 1, -1]"
150,6,5,1.0,0.17766739754466898,3,103,"[{'cluster_no': -1, 'count': 103}, {'cluster_no': 0, 'count': 70}, {'cluster_no': 1, 'count': 64}]","[-1, 0, 0, 1, -1, 0, 0, 0, 0, 1, -1, 0, -1, -1, -1, -1, -1, 0, -1, -1, -1, -1, -1, -1, 0, 0, -1, 0, 0, 1, 1, -1, -1, 0, 0, 1, 0, -1, 0, 0, 0, 0, 1, -1, 0, 1, -1, 0, 0, -1, -1, -1, 0, 1, -1, -1, -1, 1, -1, -1, 1, 1, -1, 1, -1, 0, -1, 0, -1, -1, -1, -1, 0, -1, 0, -1, -1, 0, 0, -1, 1, -1, -1, 1, -1, -1, 1, 0, 1, 0, -1, 0, 1, -1, -1, 0, -1, 1, -1, 0, -1, -1, 0, 1, 1, -1, 0, 0, -1, -1, -1, -1, -1, -1, 1, -1, 1, -1, 0, 1, 0, -1, 1, 0, 1, 0, 0, 0, -1, -1, 0, -1, 0, 0, 0, -1, 1, -1, 1, 1, 1, 0, 1, -1, 1, -1, -1, -1, 0, 0, -1, 1, 1, 1, 1, 1, -1, 1, 1, 0, 1, 0, 0, -1, 1, -1, 1, 0, 1, -1, 0, 0, -1, -1, 1, -1, -1, 0, -1, 1, 1, 1, 1, -1, 0, -1, 1, -1, 1, 0, 0, -1, 0, -1, -1, -1, 0, 0, 1, 0, -1, 1, 0, 0, 1, 1, 1, 1, 1, 1, -1, 1, 1, -1, -1, 0, 0, 0, 1, -1, 0, 1, -1, -1, -1, -1, -1, -1, -1, -1, -1, -1, -1, 1, 1, 1, -1]"
150,6,6,0.0,0.4915576609360858,11,123,"[{'cluster_no': -1, 'count': 123}, {'cluster_no': 0, 'count': 7}, {'cluster_no': 1, 'count': 15}, {'cluster_no': 2, 'count': 8}, {'cluster_no': 3, 'count': 7}, {'cluster_no': 4, 'count': 8}, {'cluster_no': 5, 'count': 15}, {'cluster_no': 6, 'count': 14}, {'cluster_no': 7, 'count': 10}, {'cluster_no': 8, 'count': 23}, {'cluster_no': 9, 'count': 7}]","[-1, 6, 6, -1, -1, 1, 3, 6, 6, 7, -1, 6, -1, -1, -1, -1, -1, -1, -1, -1, -1, -1, -1, -1, -1, 1, -1, -1, 5, 8, 8, -1, -1, 6, 3, -1, -1, -1, 5, -1, 1, 2, 7, -1, 6, 8, -1, -1, 6, -1, -1, -1, 6, 7, -1, -1, -1, 8, -1, -1, -1, 4, -1, 7, -1, 5, -1, 6, -1, -1, -1, -1, 6, -1, 1, -1, -1, 3, 5, -1, 8, -1, -1, 9, -1, -1, 7, 2, 8, 3, -1, 1, 0, -1, -1, 1, -1, 0, -1, 3, -1, -1, 5, 4, 8, -1, 2, 5, -1, -1, -1, -1, -1, -1, 8, -1, 8, -1, 1, 0, 5, -1, -1, -1, -1, 5, 6, 5, -1, -1, 1, -1, 3, 5, 1, -1, 8, -1, 7, 0, 9, 6, 8, -1, 8, -1, -1, -1, 1, 2, -1, -1, 7, 4, 4, 8, -1, 4, 8, 2, 9, 5, -1, -1, 9, -1, 8, 2, 8, -1, 1, 6, -1, -1, 8, -1, -1, 2, -1, 9, 4, 7, 4, -1, -1, -1, 8, -1, 4, 5, 1, -1, 2, -1, -1, -1, -1, 1, 9, 1, -1, 0, 5, 1, 0, -1, 8, 8, 9, -1, -1, 8, -1, -1, -1, 5, -1, 5, 8, -1, 3, 0, -1, -1, -1, -1, -1, -1, -1, -1, -1, -1, -1, 7, 8, 7, -1]"
150,6,6,0.5,0.17766739754466898,3,103,"[{'cluster_no': -1, 'count': 103}, {'cluster_no': 0, 'count': 70}, {'cluster_no': 1, 'count': 64}]","[-1, 0, 0, 1, -1, 0, 0, 0, 0, 1, -1, 0, -1, -1, -1, -1, -1, 0, -1, -1, -1, -1, -1, -1, 0, 0, -1, 0, 0, 1, 1, -1, -1, 0, 0, 1, 0, -1, 0, 0, 0, 0, 1, -1, 0, 1, -1, 0, 0, -1, -1, -1, 0, 1, -1, -1, -1, 1, -1, -1, 1, 1, -1, 1, -1, 0, -1, 0, -1, -1, -1, -1, 0, -1, 0, -1, -1, 0, 0, -1, 1, -1, -1, 1, -1, -1, 1, 0, 1, 0, -1, 0, 1, -1, -1, 0, -1, 1, -1, 0, -1, -1, 0, 1, 1, -1, 0, 0, -1, -1, -1, -1, -1, -1, 1, -1, 1, -1, 0, 1, 0, -1, 1, 0, 1, 0, 0, 0, -1, -1, 0, -1, 0, 0, 0, -1, 1, -1, 1, 1, 1, 0, 1, -1, 1, -1, -1, -1, 0, 0, -1, 1, 1, 1, 1, 1, -1, 1, 1, 0, 1, 0, 0, -1, 1, -1, 1, 0, 1, -1, 0, 0, -1, -1, 1, -1, -1, 0, -1, 1, 1, 1, 1, -1, 0, -1, 1, -1, 1, 0, 0, -1, 0, -1, -1, -1, 0, 0, 1, 0, -1, 1, 0, 0, 1, 1, 1, 1, 1, 1, -1, 1, 1, -1, -1, 0, 0, 0, 1, -1, 0, 1, -1, -1, -1, -1, -1, -1, -1, -1, -1, -1, -1, 1, 1, 1, -1]"
150,6,6,1.0,0.17766739754466898,3,103,"[{'cluster_no': -1, 'count': 103}, {'cluster_no': 0, 'count': 70}, {'cluster_no': 1, 'count': 64}]","[-1, 0, 0, 1, -1, 0, 0, 0, 0, 1, -1, 0, -1, -1, -1, -1, -1, 0, -1, -1, -1, -1, -1, -1, 0, 0, -1, 0, 0, 1, 1, -1, -1, 0, 0, 1, 0, -1, 0, 0, 0, 0, 1, -1, 0, 1, -1, 0, 0, -1, -1, -1, 0, 1, -1, -1, -1, 1, -1, -1, 1, 1, -1, 1, -1, 0, -1, 0, -1, -1, -1, -1, 0, -1, 0, -1, -1, 0, 0, -1, 1, -1, -1, 1, -1, -1, 1, 0, 1, 0, -1, 0, 1, -1, -1, 0, -1, 1, -1, 0, -1, -1, 0, 1, 1, -1, 0, 0, -1, -1, -1, -1, -1, -1, 1, -1, 1, -1, 0, 1, 0, -1, 1, 0, 1, 0, 0, 0, -1, -1, 0, -1, 0, 0, 0, -1, 1, -1, 1, 1, 1, 0, 1, -1, 1, -1, -1, -1, 0, 0, -1, 1, 1, 1, 1, 1, -1, 1, 1, 0, 1, 0, 0, -1, 1, -1, 1, 0, 1, -1, 0, 0, -1, -1, 1, -1, -1, 0, -1, 1, 1, 1, 1, -1, 0, -1, 1, -1, 1, 0, 0, -1, 0, -1, -1, -1, 0, 0, 1, 0, -1, 1, 0, 0, 1, 1, 1, 1, 1, 1, -1, 1, 1, -1, -1, 0, 0, 0, 1, -1, 0, 1, -1, -1, -1, -1, -1, -1, -1, -1, -1, -1, -1, 1, 1, 1, -1]"
150,6,7,0.0,0.4915576609360858,11,123,"[{'cluster_no': -1, 'count': 123}, {'cluster_no': 0, 'count': 7}, {'cluster_no': 1, 'count': 15}, {'cluster_no': 2, 'count': 8}, {'cluster_no': 3, 'count': 7}, {'cluster_no': 4, 'count': 8}, {'cluster_no': 5, 'count': 15}, {'cluster_no': 6, 'count': 14}, {'cluster_no': 7, 'count': 10}, {'cluster_no': 8, 'count': 23}, {'cluster_no': 9, 'count': 7}]","[-1, 6, 6, -1, -1, 1, 3, 6, 6, 7, -1, 6, -1, -1, -1, -1, -1, -1, -1, -1, -1, -1, -1, -1, -1, 1, -1, -1, 5, 8, 8, -1, -1, 6, 3, -1, -1, -1, 5, -1, 1, 2, 7, -1, 6, 8, -1, -1, 6, -1, -1, -1, 6, 7, -1, -1, -1, 8, -1, -1, -1, 4, -1, 7, -1, 5, -1, 6, -1, -1, -1, -1, 6, -1, 1, -1, -1, 3, 5, -1, 8, -1, -1, 9, -1, -1, 7, 2, 8, 3, -1, 1, 0, -1, -1, 1, -1, 0, -1, 3, -1, -1, 5, 4, 8, -1, 2, 5, -1, -1, -1, -1, -1, -1, 8, -1, 8, -1, 1, 0, 5, -1, -1, -1, -1, 5, 6, 5, -1, -1, 1, -1, 3, 5, 1, -1, 8, -1, 7, 0, 9, 6, 8, -1, 8, -1, -1, -1, 1, 2, -1, -1, 7, 4, 4, 8, -1, 4, 8, 2, 9, 5, -1, -1, 9, -1, 8, 2, 8, -1, 1, 6, -1, -1, 8, -1, -1, 2, -1, 9, 4, 7, 4, -1, -1, -1, 8, -1, 4, 5, 1, -1, 2, -1, -1, -1, -1, 1, 9, 1, -1, 0, 5, 1, 0, -1, 8, 8, 9, -1, -1, 8, -1, -1, -1, 5, -1, 5, 8, -1, 3, 0, -1, -1, -1, -1, -1, -1, -1, -1, -1, -1, -1, 7, 8, 7, -1]"
150,6,7,0.5,0.17766739754466898,3,103,"[{'cluster_no': -1, 'count': 103}, {'cluster_no': 0, 'count': 70}, {'cluster_no': 1, 'count': 64}]","[-1, 0, 0, 1, -1, 0, 0, 0, 0, 1, -1, 0, -1, -1, -1, -1, -1, 0, -1, -1, -1, -1, -1, -1, 0, 0, -1, 0, 0, 1, 1, -1, -1, 0, 0, 1, 0, -1, 0, 0, 0, 0, 1, -1, 0, 1, -1, 0, 0, -1, -1, -1, 0, 1, -1, -1, -1, 1, -1, -1, 1, 1, -1, 1, -1, 0, -1, 0, -1, -1, -1, -1, 0, -1, 0, -1, -1, 0, 0, -1, 1, -1, -1, 1, -1, -1, 1, 0, 1, 0, -1, 0, 1, -1, -1, 0, -1, 1, -1, 0, -1, -1, 0, 1, 1, -1, 0, 0, -1, -1, -1, -1, -1, -1, 1, -1, 1, -1, 0, 1, 0, -1, 1, 0, 1, 0, 0, 0, -1, -1, 0, -1, 0, 0, 0, -1, 1, -1, 1, 1, 1, 0, 1, -1, 1, -1, -1, -1, 0, 0, -1, 1, 1, 1, 1, 1, -1, 1, 1, 0, 1, 0, 0, -1, 1, -1, 1, 0, 1, -1, 0, 0, -1, -1, 1, -1, -1, 0, -1, 1, 1, 1, 1, -1, 0, -1, 1, -1, 1, 0, 0, -1, 0, -1, -1, -1, 0, 0, 1, 0, -1, 1, 0, 0, 1, 1, 1, 1, 1, 1, -1, 1, 1, -1, -1, 0, 0, 0, 1, -1, 0, 1, -1, -1, -1, -1, -1, -1, -1, -1, -1, -1, -1, 1, 1, 1, -1]"
150,6,7,1.0,0.17766739754466898,3,103,"[{'cluster_no': -1, 'count': 103}, {'cluster_no': 0, 'count': 70}, {'cluster_no': 1, 'count': 64}]","[-1, 0, 0, 1, -1, 0, 0, 0, 0, 1, -1, 0, -1, -1, -1, -1, -1, 0, -1, -1, -1, -1, -1, -1, 0, 0, -1, 0, 0, 1, 1, -1, -1, 0, 0, 1, 0, -1, 0, 0, 0, 0, 1, -1, 0, 1, -1, 0, 0, -1, -1, -1, 0, 1, -1, -1, -1, 1, -1, -1, 1, 1, -1, 1, -1, 0, -1, 0, -1, -1, -1, -1, 0, -1, 0, -1, -1, 0, 0, -1, 1, -1, -1, 1, -1, -1, 1, 0, 1, 0, -1, 0, 1, -1, -1, 0, -1, 1, -1, 0, -1, -1, 0, 1, 1, -1, 0, 0, -1, -1, -1, -1, -1, -1, 1, -1, 1, -1, 0, 1, 0, -1, 1, 0, 1, 0, 0, 0, -1, -1, 0, -1, 0, 0, 0, -1, 1, -1, 1, 1, 1, 0, 1, -1, 1, -1, -1, -1, 0, 0, -1, 1, 1, 1, 1, 1, -1, 1, 1, 0, 1, 0, 0, -1, 1, -1, 1, 0, 1, -1, 0, 0, -1, -1, 1, -1, -1, 0, -1, 1, 1, 1, 1, -1, 0, -1, 1, -1, 1, 0, 0, -1, 0, -1, -1, -1, 0, 0, 1, 0, -1, 1, 0, 0, 1, 1, 1, 1, 1, 1, -1, 1, 1, -1, -1, 0, 0, 0, 1, -1, 0, 1, -1, -1, -1, -1, -1, -1, -1, -1, -1, -1, -1, 1, 1, 1, -1]"
150,6,8,0.0,0.4348946099403512,8,129,"[{'cluster_no': -1, 'count': 129}, {'cluster_no': 0, 'count': 15}, {'cluster_no': 1, 'count': 15}, {'cluster_no': 2, 'count': 8}, {'cluster_no': 3, 'count': 15}, {'cluster_no': 4, 'count': 14}, {'cluster_no': 5, 'count': 10}, {'cluster_no': 6, 'count': 31}]","[-1, 4, 4, -1, -1, 0, 1, 4, 4, 5, -1, 4, -1, -1, -1, -1, -1, -1, -1, -1, -1, -1, -1, -1, -1, 0, -1, -1, 3, 6, 6, -1, -1, 4, 1, -1, -1, -1, 3, -1, 0, 1, 5, -1, 4, 6, -1, -1, 4, -1, -1, -1, 4, 5, -1, -1, -1, 6, -1, -1, -1, 2, -1, 5, -1, 3, -1, 4, -1, -1, -1, -1, 4, -1, 0, -1, -1, 1, 3, -1, 6, -1, -1, 6, -1, -1, 5, 1, 6, 1, -1, 0, -1, -1, -1, 0, -1, -1, -1, 1, -1, -1, 3, 2, 6, -1, 1, 3, -1, -1, -1, -1, -1, -1, 6, -1, 6, -1, 0, -1, 3, -1, -1, -1, -1, 3, 4, 3, -1, -1, 0, -1, 1, 3, 0, -1, 6, -1, 5, -1, 6, 4, 6, -1, 6, -1, -1, -1, 0, 1, -1, -1, 5, 2, 2, 6, -1, 2, 6, 1, 6, 3, -1, -1, 6, -1, 6, 1, 6, -1, 0, 4, -1, -1, 6, -1, -1, 1, -1, 6, 2, 5, 2, -1, -1, -1, 6, -1, 2, 3, 0, -1, 1, -1, -1, -1, -1, 0, 6, 0, -1, -1, 3, 0, -1, -1, 6, 6, 6, 6, -1, 6, -1, -1, -1, 3, -1, 3, 6, -1, 1, -1, -1, -1, -1, -1, -1, -1, -1, -1, -1, -1, -1, 5, 6, 5, -1]"
150,6,8,0.5,0.17766739754466898,3,103,"[{'cluster_no': -1, 'count': 103}, {'cluster_no': 0, 'count': 70}, {'cluster_no': 1, 'count': 64}]","[-1, 0, 0, 1, -1, 0, 0, 0, 0, 1, -1, 0, -1, -1, -1, -1, -1, 0, -1, -1, -1, -1, -1, -1, 0, 0, -1, 0, 0, 1, 1, -1, -1, 0, 0, 1, 0, -1, 0, 0, 0, 0, 1, -1, 0, 1, -1, 0, 0, -1, -1, -1, 0, 1, -1, -1, -1, 1, -1, -1, 1, 1, -1, 1, -1, 0, -1, 0, -1, -1, -1, -1, 0, -1, 0, -1, -1, 0, 0, -1, 1, -1, -1, 1, -1, -1, 1, 0, 1, 0, -1, 0, 1, -1, -1, 0, -1, 1, -1, 0, -1, -1, 0, 1, 1, -1, 0, 0, -1, -1, -1, -1, -1, -1, 1, -1, 1, -1, 0, 1, 0, -1, 1, 0, 1, 0, 0, 0, -1, -1, 0, -1, 0, 0, 0, -1, 1, -1, 1, 1, 1, 0, 1, -1, 1, -1, -1, -1, 0, 0, -1, 1, 1, 1, 1, 1, -1, 1, 1, 0, 1, 0, 0, -1, 1, -1, 1, 0, 1, -1, 0, 0, -1, -1, 1, -1, -1, 0, -1, 1, 1, 1, 1, -1, 0, -1, 1, -1, 1, 0, 0, -1, 0, -1, -1, -1, 0, 0, 1, 0, -1, 1, 0, 0, 1, 1, 1, 1, 1, 1, -1, 1, 1, -1, -1, 0, 0, 0, 1, -1, 0, 1, -1, -1, -1, -1, -1, -1, -1, -1, -1, -1, -1, 1, 1, 1, -1]"
150,6,8,1.0,0.17766739754466898,3,103,"[{'cluster_no': -1, 'count': 103}, {'cluster_no': 0, 'count': 70}, {'cluster_no': 1, 'count': 64}]","[-1, 0, 0, 1, -1, 0, 0, 0, 0, 1, -1, 0, -1, -1, -1, -1, -1, 0, -1, -1, -1, -1, -1, -1, 0, 0, -1, 0, 0, 1, 1, -1, -1, 0, 0, 1, 0, -1, 0, 0, 0, 0, 1, -1, 0, 1, -1, 0, 0, -1, -1, -1, 0, 1, -1, -1, -1, 1, -1, -1, 1, 1, -1, 1, -1, 0, -1, 0, -1, -1, -1, -1, 0, -1, 0, -1, -1, 0, 0, -1, 1, -1, -1, 1, -1, -1, 1, 0, 1, 0, -1, 0, 1, -1, -1, 0, -1, 1, -1, 0, -1, -1, 0, 1, 1, -1, 0, 0, -1, -1, -1, -1, -1, -1, 1, -1, 1, -1, 0, 1, 0, -1, 1, 0, 1, 0, 0, 0, -1, -1, 0, -1, 0, 0, 0, -1, 1, -1, 1, 1, 1, 0, 1, -1, 1, -1, -1, -1, 0, 0, -1, 1, 1, 1, 1, 1, -1, 1, 1, 0, 1, 0, 0, -1, 1, -1, 1, 0, 1, -1, 0, 0, -1, -1, 1, -1, -1, 0, -1, 1, 1, 1, 1, -1, 0, -1, 1, -1, 1, 0, 0, -1, 0, -1, -1, -1, 0, 0, 1, 0, -1, 1, 0, 0, 1, 1, 1, 1, 1, 1, -1, 1, 1, -1, -1, 0, 0, 0, 1, -1, 0, 1, -1, -1, -1, -1, -1, -1, -1, -1, -1, -1, -1, 1, 1, 1, -1]"
150,6,9,0.0,0.49522791808180044,7,137,"[{'cluster_no': -1, 'count': 137}, {'cluster_no': 0, 'count': 15}, {'cluster_no': 1, 'count': 15}, {'cluster_no': 2, 'count': 15}, {'cluster_no': 3, 'count': 14}, {'cluster_no': 4, 'count': 10}, {'cluster_no': 5, 'count': 31}]","[-1, 3, 3, -1, -1, 0, 1, 3, 3, 4, -1, 3, -1, -1, -1, -1, -1, -1, -1, -1, -1, -1, -1, -1, -1, 0, -1, -1, 2, 5, 5, -1, -1, 3, 1, -1, -1, -1, 2, -1, 0, 1, 4, -1, 3, 5, -1, -1, 3, -1, -1, -1, 3, 4, -1, -1, -1, 5, -1, -1, -1, -1, -1, 4, -1, 2, -1, 3, -1, -1, -1, -1, 3, -1, 0, -1, -1, 1, 2, -1, 5, -1, -1, 5, -1, -1, 4, 1, 5, 1, -1, 0, -1, -1, -1, 0, -1, -1, -1, 1, -1, -1, 2, -1, 5, -1, 1, 2, -1, -1, -1, -1, -1, -1, 5, -1, 5, -1, 0, -1, 2, -1, -1, -1, -1, 2, 3, 2, -1, -1, 0, -1, 1, 2, 0, -1, 5, -1, 4, -1, 5, 3, 5, -1, 5, -1, -1, -1, 0, 1, -1, -1, 4, -1, -1, 5, -1, -1, 5, 1, 5, 2, -1, -1, 5, -1, 5, 1, 5, -1, 0, 3, -1, -1, 5, -1, -1, 1, -1, 5, -1, 4, -1, -1, -1, -1, 5, -1, -1, 2, 0, -1, 1, -1, -1, -1, -1, 0, 5, 0, -1, -1, 2, 0, -1, -1, 5, 5, 5, 5, -1, 5, -1, -1, -1, 2, -1, 2, 5, -1, 1, -1, -1, -1, -1, -1, -1, -1, -1, -1, -1, -1, -1, 4, 5, 4, -1]"
150,6,9,0.5,0.17766739754466898,3,103,"[{'cluster_no': -1, 'count': 103}, {'cluster_no': 0, 'count': 70}, {'cluster_no': 1, 'count': 64}]","[-1, 0, 0, 1, -1, 0, 0, 0, 0, 1, -1, 0, -1, -1, -1, -1, -1, 0, -1, -1, -1, -1, -1, -1, 0, 0, -1, 0, 0, 1, 1, -1, -1, 0, 0, 1, 0, -1, 0, 0, 0, 0, 1, -1, 0, 1, -1, 0, 0, -1, -1, -1, 0, 1, -1, -1, -1, 1, -1, -1, 1, 1, -1, 1, -1, 0, -1, 0, -1, -1, -1, -1, 0, -1, 0, -1, -1, 0, 0, -1, 1, -1, -1, 1, -1, -1, 1, 0, 1, 0, -1, 0, 1, -1, -1, 0, -1, 1, -1, 0, -1, -1, 0, 1, 1, -1, 0, 0, -1, -1, -1, -1, -1, -1, 1, -1, 1, -1, 0, 1, 0, -1, 1, 0, 1, 0, 0, 0, -1, -1, 0, -1, 0, 0, 0, -1, 1, -1, 1, 1, 1, 0, 1, -1, 1, -1, -1, -1, 0, 0, -1, 1, 1, 1, 1, 1, -1, 1, 1, 0, 1, 0, 0, -1, 1, -1, 1, 0, 1, -1, 0, 0, -1, -1, 1, -1, -1, 0, -1, 1, 1, 1, 1, -1, 0, -1, 1, -1, 1, 0, 0, -1, 0, -1, -1, -1, 0, 0, 1, 0, -1, 1, 0, 0, 1, 1, 1, 1, 1, 1, -1, 1, 1, -1, -1, 0, 0, 0, 1, -1, 0, 1, -1, -1, -1, -1, -1, -1, -1, -1, -1, -1, -1, 1, 1, 1, -1]"
150,6,9,1.0,0.17766739754466898,3,103,"[{'cluster_no': -1, 'count': 103}, {'cluster_no': 0, 'count': 70}, {'cluster_no': 1, 'count': 64}]","[-1, 0, 0, 1, -1, 0, 0, 0, 0, 1, -1, 0, -1, -1, -1, -1, -1, 0, -1, -1, -1, -1, -1, -1, 0, 0, -1, 0, 0, 1, 1, -1, -1, 0, 0, 1, 0, -1, 0, 0, 0, 0, 1, -1, 0, 1, -1, 0, 0, -1, -1, -1, 0, 1, -1, -1, -1, 1, -1, -1, 1, 1, -1, 1, -1, 0, -1, 0, -1, -1, -1, -1, 0, -1, 0, -1, -1, 0, 0, -1, 1, -1, -1, 1, -1, -1, 1, 0, 1, 0, -1, 0, 1, -1, -1, 0, -1, 1, -1, 0, -1, -1, 0, 1, 1, -1, 0, 0, -1, -1, -1, -1, -1, -1, 1, -1, 1, -1, 0, 1, 0, -1, 1, 0, 1, 0, 0, 0, -1, -1, 0, -1, 0, 0, 0, -1, 1, -1, 1, 1, 1, 0, 1, -1, 1, -1, -1, -1, 0, 0, -1, 1, 1, 1, 1, 1, -1, 1, 1, 0, 1, 0, 0, -1, 1, -1, 1, 0, 1, -1, 0, 0, -1, -1, 1, -1, -1, 0, -1, 1, 1, 1, 1, -1, 0, -1, 1, -1, 1, 0, 0, -1, 0, -1, -1, -1, 0, 0, 1, 0, -1, 1, 0, 0, 1, 1, 1, 1, 1, 1, -1, 1, 1, -1, -1, 0, 0, 0, 1, -1, 0, 1, -1, -1, -1, -1, -1, -1, -1, -1, -1, -1, -1, 1, 1, 1, -1]"
150,6,10,0.0,0.49522791808180044,7,137,"[{'cluster_no': -1, 'count': 137}, {'cluster_no': 0, 'count': 15}, {'cluster_no': 1, 'count': 15}, {'cluster_no': 2, 'count': 15}, {'cluster_no': 3, 'count': 14}, {'cluster_no': 4, 'count': 10}, {'cluster_no': 5, 'count': 31}]","[-1, 3, 3, -1, -1, 0, 1, 3, 3, 4, -1, 3, -1, -1, -1, -1, -1, -1, -1, -1, -1, -1, -1, -1, -1, 0, -1, -1, 2, 5, 5, -1, -1, 3, 1, -1, -1, -1, 2, -1, 0, 1, 4, -1, 3, 5, -1, -1, 3, -1, -1, -1, 3, 4, -1, -1, -1, 5, -1, -1, -1, -1, -1, 4, -1, 2, -1, 3, -1, -1, -1, -1, 3, -1, 0, -1, -1, 1, 2, -1, 5, -1, -1, 5, -1, -1, 4, 1, 5, 1, -1, 0, -1, -1, -1, 0, -1, -1, -1, 1, -1, -1, 2, -1, 5, -1, 1, 2, -1, -1, -1, -1, -1, -1, 5, -1, 5, -1, 0, -1, 2, -1, -1, -1, -1, 2, 3, 2, -1, -1, 0, -1, 1, 2, 0, -1, 5, -1, 4, -1, 5, 3, 5, -1, 5, -1, -1, -1, 0, 1, -1, -1, 4, -1, -1, 5, -1, -1, 5, 1, 5, 2, -1, -1, 5, -1, 5, 1, 5, -1, 0, 3, -1, -1, 5, -1, -1, 1, -1, 5, -1, 4, -1, -1, -1, -1, 5, -1, -1, 2, 0, -1, 1, -1, -1, -1, -1, 0, 5, 0, -1, -1, 2, 0, -1, -1, 5, 5, 5, 5, -1, 5, -1, -1, -1, 2, -1, 2, 5, -1, 1, -1, -1, -1, -1, -1, -1, -1, -1, -1, -1, -1, -1, 4, 5, 4, -1]"
150,6,10,0.5,0.17766739754466898,3,103,"[{'cluster_no': -1, 'count': 103}, {'cluster_no': 0, 'count': 70}, {'cluster_no': 1, 'count': 64}]","[-1, 0, 0, 1, -1, 0, 0, 0, 0, 1, -1, 0, -1, -1, -1, -1, -1, 0, -1, -1, -1, -1, -1, -1, 0, 0, -1, 0, 0, 1, 1, -1, -1, 0, 0, 1, 0, -1, 0, 0, 0, 0, 1, -1, 0, 1, -1, 0, 0, -1, -1, -1, 0, 1, -1, -1, -1, 1, -1, -1, 1, 1, -1, 1, -1, 0, -1, 0, -1, -1, -1, -1, 0, -1, 0, -1, -1, 0, 0, -1, 1, -1, -1, 1, -1, -1, 1, 0, 1, 0, -1, 0, 1, -1, -1, 0, -1, 1, -1, 0, -1, -1, 0, 1, 1, -1, 0, 0, -1, -1, -1, -1, -1, -1, 1, -1, 1, -1, 0, 1, 0, -1, 1, 0, 1, 0, 0, 0, -1, -1, 0, -1, 0, 0, 0, -1, 1, -1, 1, 1, 1, 0, 1, -1, 1, -1, -1, -1, 0, 0, -1, 1, 1, 1, 1, 1, -1, 1, 1, 0, 1, 0, 0, -1, 1, -1, 1, 0, 1, -1, 0, 0, -1, -1, 1, -1, -1, 0, -1, 1, 1, 1, 1, -1, 0, -1, 1, -1, 1, 0, 0, -1, 0, -1, -1, -1, 0, 0, 1, 0, -1, 1, 0, 0, 1, 1, 1, 1, 1, 1, -1, 1, 1, -1, -1, 0, 0, 0, 1, -1, 0, 1, -1, -1, -1, -1, -1, -1, -1, -1, -1, -1, -1, 1, 1, 1, -1]"
150,6,10,1.0,0.17766739754466898,3,103,"[{'cluster_no': -1, 'count': 103}, {'cluster_no': 0, 'count': 70}, {'cluster_no': 1, 'count': 64}]","[-1, 0, 0, 1, -1, 0, 0, 0, 0, 1, -1, 0, -1, -1, -1, -1, -1, 0, -1, -1, -1, -1, -1, -1, 0, 0, -1, 0, 0, 1, 1, -1, -1, 0, 0, 1, 0, -1, 0, 0, 0, 0, 1, -1, 0, 1, -1, 0, 0, -1, -1, -1, 0, 1, -1, -1, -1, 1, -1, -1, 1, 1, -1, 1, -1, 0, -1, 0, -1, -1, -1, -1, 0, -1, 0, -1, -1, 0, 0, -1, 1, -1, -1, 1, -1, -1, 1, 0, 1, 0, -1, 0, 1, -1, -1, 0, -1, 1, -1, 0, -1, -1, 0, 1, 1, -1, 0, 0, -1, -1, -1, -1, -1, -1, 1, -1, 1, -1, 0, 1, 0, -1, 1, 0, 1, 0, 0, 0, -1, -1, 0, -1, 0, 0, 0, -1, 1, -1, 1, 1, 1, 0, 1, -1, 1, -1, -1, -1, 0, 0, -1, 1, 1, 1, 1, 1, -1, 1, 1, 0, 1, 0, 0, -1, 1, -1, 1, 0, 1, -1, 0, 0, -1, -1, 1, -1, -1, 0, -1, 1, 1, 1, 1, -1, 0, -1, 1, -1, 1, 0, 0, -1, 0, -1, -1, -1, 0, 0, 1, 0, -1, 1, 0, 0, 1, 1, 1, 1, 1, 1, -1, 1, 1, -1, -1, 0, 0, 0, 1, -1, 0, 1, -1, -1, -1, -1, -1, -1, -1, -1, -1, -1, -1, 1, 1, 1, -1]"
150,6,11,0.0,0.11653036596819973,6,114,"[{'cluster_no': -1, 'count': 114}, {'cluster_no': 0, 'count': 64}, {'cluster_no': 1, 'count': 15}, {'cluster_no': 2, 'count': 15}, {'cluster_no': 3, 'count': 15}, {'cluster_no': 4, 'count': 14}]","[-1, 4, 4, 0, -1, 1, 2, 4, 4, 0, -1, 4, -1, -1, -1, -1, -1, -1, -1, -1, -1, -1, -1, -1, -1, 1, -1, -1, 3, 0, 0, -1, -1, 4, 2, 0, -1, -1, 3, -1, 1, 2, 0, -1, 4, 0, -1, -1, 4, -1, -1, -1, 4, 0, -1, -1, -1, 0, -1, -1, 0, 0, -1, 0, -1, 3, -1, 4, -1, -1, -1, -1, 4, -1, 1, -1, -1, 2, 3, -1, 0, -1, -1, 0, -1, -1, 0, 2, 0, 2, -1, 1, 0, -1, -1, 1, -1, 0, -1, 2, -1, -1, 3, 0, 0, -1, 2, 3, -1, -1, -1, -1, -1, -1, 0, -1, 0, -1, 1, 0, 3, -1, 0, -1, 0, 3, 4, 3, -1, -1, 1, -1, 2, 3, 1, -1, 0, -1, 0, 0, 0, 4, 0, -1, 0, -1, -1, -1, 1, 2, -1, 0, 0, 0, 0, 0, -1, 0, 0, 2, 0, 3, -1, -1, 0, -1, 0, 2, 0, -1, 1, 4, -1, -1, 0, -1, -1, 2, -1, 0, 0, 0, 0, -1, -1, -1, 0, -1, 0, 3, 1, -1, 2, -1, -1, -1, -1, 1, 0, 1, -1, 0, 3, 1, 0, 0, 0, 0, 0, 0, -1, 0, 0, -1, -1, 3, -1, 3, 0, -1, 2, 0, -1, -1, -1, -1, -1, -1, -1, -1, -1, -1, -1, 0, 0, 0, -1]"
150,6,11,0.5,0.17766739754466898,3,103,"[{'cluster_no': -1, 'count': 103}, {'cluster_no': 0, 'count': 70}, {'cluster_no': 1, 'count': 64}]","[-1, 0, 0, 1, -1, 0, 0, 0, 0, 1, -1, 0, -1, -1, -1, -1, -1, 0, -1, -1, -1, -1, -1, -1, 0, 0, -1, 0, 0, 1, 1, -1, -1, 0, 0, 1, 0, -1, 0, 0, 0, 0, 1, -1, 0, 1, -1, 0, 0, -1, -1, -1, 0, 1, -1, -1, -1, 1, -1, -1, 1, 1, -1, 1, -1, 0, -1, 0, -1, -1, -1, -1, 0, -1, 0, -1, -1, 0, 0, -1, 1, -1, -1, 1, -1, -1, 1, 0, 1, 0, -1, 0, 1, -1, -1, 0, -1, 1, -1, 0, -1, -1, 0, 1, 1, -1, 0, 0, -1, -1, -1, -1, -1, -1, 1, -1, 1, -1, 0, 1, 0, -1, 1, 0, 1, 0, 0, 0, -1, -1, 0, -1, 0, 0, 0, -1, 1, -1, 1, 1, 1, 0, 1, -1, 1, -1, -1, -1, 0, 0, -1, 1, 1, 1, 1, 1, -1, 1, 1, 0, 1, 0, 0, -1, 1, -1, 1, 0, 1, -1, 0, 0, -1, -1, 1, -1, -1, 0, -1, 1, 1, 1, 1, -1, 0, -1, 1, -1, 1, 0, 0, -1, 0, -1, -1, -1, 0, 0, 1, 0, -1, 1, 0, 0, 1, 1, 1, 1, 1, 1, -1, 1, 1, -1, -1, 0, 0, 0, 1, -1, 0, 1, -1, -1, -1, -1, -1, -1, -1, -1, -1, -1, -1, 1, 1, 1, -1]"
150,6,11,1.0,0.17766739754466898,3,103,"[{'cluster_no': -1, 'count': 103}, {'cluster_no': 0, 'count': 70}, {'cluster_no': 1, 'count': 64}]","[-1, 0, 0, 1, -1, 0, 0, 0, 0, 1, -1, 0, -1, -1, -1, -1, -1, 0, -1, -1, -1, -1, -1, -1, 0, 0, -1, 0, 0, 1, 1, -1, -1, 0, 0, 1, 0, -1, 0, 0, 0, 0, 1, -1, 0, 1, -1, 0, 0, -1, -1, -1, 0, 1, -1, -1, -1, 1, -1, -1, 1, 1, -1, 1, -1, 0, -1, 0, -1, -1, -1, -1, 0, -1, 0, -1, -1, 0, 0, -1, 1, -1, -1, 1, -1, -1, 1, 0, 1, 0, -1, 0, 1, -1, -1, 0, -1, 1, -1, 0, -1, -1, 0, 1, 1, -1, 0, 0, -1, -1, -1, -1, -1, -1, 1, -1, 1, -1, 0, 1, 0, -1, 1, 0, 1, 0, 0, 0, -1, -1, 0, -1, 0, 0, 0, -1, 1, -1, 1, 1, 1, 0, 1, -1, 1, -1, -1, -1, 0, 0, -1, 1, 1, 1, 1, 1, -1, 1, 1, 0, 1, 0, 0, -1, 1, -1, 1, 0, 1, -1, 0, 0, -1, -1, 1, -1, -1, 0, -1, 1, 1, 1, 1, -1, 0, -1, 1, -1, 1, 0, 0, -1, 0, -1, -1, -1, 0, 0, 1, 0, -1, 1, 0, 0, 1, 1, 1, 1, 1, 1, -1, 1, 1, -1, -1, 0, 0, 0, 1, -1, 0, 1, -1, -1, -1, -1, -1, -1, -1, -1, -1, -1, -1, 1, 1, 1, -1]"
150,6,12,0.0,0.11653036596819973,6,114,"[{'cluster_no': -1, 'count': 114}, {'cluster_no': 0, 'count': 64}, {'cluster_no': 1, 'count': 15}, {'cluster_no': 2, 'count': 15}, {'cluster_no': 3, 'count': 15}, {'cluster_no': 4, 'count': 14}]","[-1, 4, 4, 0, -1, 1, 2, 4, 4, 0, -1, 4, -1, -1, -1, -1, -1, -1, -1, -1, -1, -1, -1, -1, -1, 1, -1, -1, 3, 0, 0, -1, -1, 4, 2, 0, -1, -1, 3, -1, 1, 2, 0, -1, 4, 0, -1, -1, 4, -1, -1, -1, 4, 0, -1, -1, -1, 0, -1, -1, 0, 0, -1, 0, -1, 3, -1, 4, -1, -1, -1, -1, 4, -1, 1, -1, -1, 2, 3, -1, 0, -1, -1, 0, -1, -1, 0, 2, 0, 2, -1, 1, 0, -1, -1, 1, -1, 0, -1, 2, -1, -1, 3, 0, 0, -1, 2, 3, -1, -1, -1, -1, -1, -1, 0, -1, 0, -1, 1, 0, 3, -1, 0, -1, 0, 3, 4, 3, -1, -1, 1, -1, 2, 3, 1, -1, 0, -1, 0, 0, 0, 4, 0, -1, 0, -1, -1, -1, 1, 2, -1, 0, 0, 0, 0, 0, -1, 0, 0, 2, 0, 3, -1, -1, 0, -1, 0, 2, 0, -1, 1, 4, -1, -1, 0, -1, -1, 2, -1, 0, 0, 0, 0, -1, -1, -1, 0, -1, 0, 3, 1, -1, 2, -1, -1, -1, -1, 1, 0, 1, -1, 0, 3, 1, 0, 0, 0, 0, 0, 0, -1, 0, 0, -1, -1, 3, -1, 3, 0, -1, 2, 0, -1, -1, -1, -1, -1, -1, -1, -1, -1, -1, -1, 0, 0, 0, -1]"
150,6,12,0.5,0.17766739754466898,3,103,"[{'cluster_no': -1, 'count': 103}, {'cluster_no': 0, 'count': 70}, {'cluster_no': 1, 'count': 64}]","[-1, 0, 0, 1, -1, 0, 0, 0, 0, 1, -1, 0, -1, -1, -1, -1, -1, 0, -1, -1, -1, -1, -1, -1, 0, 0, -1, 0, 0, 1, 1, -1, -1, 0, 0, 1, 0, -1, 0, 0, 0, 0, 1, -1, 0, 1, -1, 0, 0, -1, -1, -1, 0, 1, -1, -1, -1, 1, -1, -1, 1, 1, -1, 1, -1, 0, -1, 0, -1, -1, -1, -1, 0, -1, 0, -1, -1, 0, 0, -1, 1, -1, -1, 1, -1, -1, 1, 0, 1, 0, -1, 0, 1, -1, -1, 0, -1, 1, -1, 0, -1, -1, 0, 1, 1, -1, 0, 0, -1, -1, -1, -1, -1, -1, 1, -1, 1, -1, 0, 1, 0, -1, 1, 0, 1, 0, 0, 0, -1, -1, 0, -1, 0, 0, 0, -1, 1, -1, 1, 1, 1, 0, 1, -1, 1, -1, -1, -1, 0, 0, -1, 1, 1, 1, 1, 1, -1, 1, 1, 0, 1, 0, 0, -1, 1, -1, 1, 0, 1, -1, 0, 0, -1, -1, 1, -1, -1, 0, -1, 1, 1, 1, 1, -1, 0, -1, 1, -1, 1, 0, 0, -1, 0, -1, -1, -1, 0, 0, 1, 0, -1, 1, 0, 0, 1, 1, 1, 1, 1, 1, -1, 1, 1, -1, -1, 0, 0, 0, 1, -1, 0, 1, -1, -1, -1, -1, -1, -1, -1, -1, -1, -1, -1, 1, 1, 1, -1]"
150,6,12,1.0,0.17766739754466898,3,103,"[{'cluster_no': -1, 'count': 103}, {'cluster_no': 0, 'count': 70}, {'cluster_no': 1, 'count': 64}]","[-1, 0, 0, 1, -1, 0, 0, 0, 0, 1, -1, 0, -1, -1, -1, -1, -1, 0, -1, -1, -1, -1, -1, -1, 0, 0, -1, 0, 0, 1, 1, -1, -1, 0, 0, 1, 0, -1, 0, 0, 0, 0, 1, -1, 0, 1, -1, 0, 0, -1, -1, -1, 0, 1, -1, -1, -1, 1, -1, -1, 1, 1, -1, 1, -1, 0, -1, 0, -1, -1, -1, -1, 0, -1, 0, -1, -1, 0, 0, -1, 1, -1, -1, 1, -1, -1, 1, 0, 1, 0, -1, 0, 1, -1, -1, 0, -1, 1, -1, 0, -1, -1, 0, 1, 1, -1, 0, 0, -1, -1, -1, -1, -1, -1, 1, -1, 1, -1, 0, 1, 0, -1, 1, 0, 1, 0, 0, 0, -1, -1, 0, -1, 0, 0, 0, -1, 1, -1, 1, 1, 1, 0, 1, -1, 1, -1, -1, -1, 0, 0, -1, 1, 1, 1, 1, 1, -1, 1, 1, 0, 1, 0, 0, -1, 1, -1, 1, 0, 1, -1, 0, 0, -1, -1, 1, -1, -1, 0, -1, 1, 1, 1, 1, -1, 0, -1, 1, -1, 1, 0, 0, -1, 0, -1, -1, -1, 0, 0, 1, 0, -1, 1, 0, 0, 1, 1, 1, 1, 1, 1, -1, 1, 1, -1, -1, 0, 0, 0, 1, -1, 0, 1, -1, -1, -1, -1, -1, -1, -1, -1, -1, -1, -1, 1, 1, 1, -1]"
150,6,13,0.0,0.09011665134045178,5,111,"[{'cluster_no': -1, 'count': 111}, {'cluster_no': 0, 'count': 64}, {'cluster_no': 1, 'count': 33}, {'cluster_no': 2, 'count': 15}, {'cluster_no': 3, 'count': 14}]","[-1, 3, 3, 0, -1, 1, 1, 3, 3, 0, -1, 3, -1, -1, -1, -1, -1, -1, -1, -1, -1, -1, -1, -1, -1, 1, -1, -1, 2, 0, 0, -1, -1, 3, 1, 0, 1, -1, 2, -1, 1, 1, 0, -1, 3, 0, -1, 1, 3, -1, -1, -1, 3, 0, -1, -1, -1, 0, -1, -1, 0, 0, -1, 0, -1, 2, -1, 3, -1, -1, -1, -1, 3, -1, 1, -1, -1, 1, 2, -1, 0, -1, -1, 0, -1, -1, 0, 1, 0, 1, -1, 1, 0, -1, -1, 1, -1, 0, -1, 1, -1, -1, 2, 0, 0, -1, 1, 2, -1, -1, -1, -1, -1, -1, 0, -1, 0, -1, 1, 0, 2, -1, 0, -1, 0, 2, 3, 2, -1, -1, 1, -1, 1, 2, 1, -1, 0, -1, 0, 0, 0, 3, 0, -1, 0, -1, -1, -1, 1, 1, -1, 0, 0, 0, 0, 0, -1, 0, 0, 1, 0, 2, -1, -1, 0, -1, 0, 1, 0, -1, 1, 3, -1, -1, 0, -1, -1, 1, -1, 0, 0, 0, 0, -1, -1, -1, 0, -1, 0, 2, 1, -1, 1, -1, -1, -1, 1, 1, 0, 1, -1, 0, 2, 1, 0, 0, 0, 0, 0, 0, -1, 0, 0, -1, -1, 2, -1, 2, 0, -1, 1, 0, -1, -1, -1, -1, -1, -1, -1, -1, -1, -1, -1, 0, 0, 0, -1]"
150,6,13,0.5,0.17766739754466898,3,103,"[{'cluster_no': -1, 'count': 103}, {'cluster_no': 0, 'count': 70}, {'cluster_no': 1, 'count': 64}]","[-1, 0, 0, 1, -1, 0, 0, 0, 0, 1, -1, 0, -1, -1, -1, -1, -1, 0, -1, -1, -1, -1, -1, -1, 0, 0, -1, 0, 0, 1, 1, -1, -1, 0, 0, 1, 0, -1, 0, 0, 0, 0, 1, -1, 0, 1, -1, 0, 0, -1, -1, -1, 0, 1, -1, -1, -1, 1, -1, -1, 1, 1, -1, 1, -1, 0, -1, 0, -1, -1, -1, -1, 0, -1, 0, -1, -1, 0, 0, -1, 1, -1, -1, 1, -1, -1, 1, 0, 1, 0, -1, 0, 1, -1, -1, 0, -1, 1, -1, 0, -1, -1, 0, 1, 1, -1, 0, 0, -1, -1, -1, -1, -1, -1, 1, -1, 1, -1, 0, 1, 0, -1, 1, 0, 1, 0, 0, 0, -1, -1, 0, -1, 0, 0, 0, -1, 1, -1, 1, 1, 1, 0, 1, -1, 1, -1, -1, -1, 0, 0, -1, 1, 1, 1, 1, 1, -1, 1, 1, 0, 1, 0, 0, -1, 1, -1, 1, 0, 1, -1, 0, 0, -1, -1, 1, -1, -1, 0, -1, 1, 1, 1, 1, -1, 0, -1, 1, -1, 1, 0, 0, -1, 0, -1, -1, -1, 0, 0, 1, 0, -1, 1, 0, 0, 1, 1, 1, 1, 1, 1, -1, 1, 1, -1, -1, 0, 0, 0, 1, -1, 0, 1, -1, -1, -1, -1, -1, -1, -1, -1, -1, -1, -1, 1, 1, 1, -1]"
150,6,13,1.0,0.17766739754466898,3,103,"[{'cluster_no': -1, 'count': 103}, {'cluster_no': 0, 'count': 70}, {'cluster_no': 1, 'count': 64}]","[-1, 0, 0, 1, -1, 0, 0, 0, 0, 1, -1, 0, -1, -1, -1, -1, -1, 0, -1, -1, -1, -1, -1, -1, 0, 0, -1, 0, 0, 1, 1, -1, -1, 0, 0, 1, 0, -1, 0, 0, 0, 0, 1, -1, 0, 1, -1, 0, 0, -1, -1, -1, 0, 1, -1, -1, -1, 1, -1, -1, 1, 1, -1, 1, -1, 0, -1, 0, -1, -1, -1, -1, 0, -1, 0, -1, -1, 0, 0, -1, 1, -1, -1, 1, -1, -1, 1, 0, 1, 0, -1, 0, 1, -1, -1, 0, -1, 1, -1, 0, -1, -1, 0, 1, 1, -1, 0, 0, -1, -1, -1, -1, -1, -1, 1, -1, 1, -1, 0, 1, 0, -1, 1, 0, 1, 0, 0, 0, -1, -1, 0, -1, 0, 0, 0, -1, 1, -1, 1, 1, 1, 0, 1, -1, 1, -1, -1, -1, 0, 0, -1, 1, 1, 1, 1, 1, -1, 1, 1, 0, 1, 0, 0, -1, 1, -1, 1, 0, 1, -1, 0, 0, -1, -1, 1, -1, -1, 0, -1, 1, 1, 1, 1, -1, 0, -1, 1, -1, 1, 0, 0, -1, 0, -1, -1, -1, 0, 0, 1, 0, -1, 1, 0, 0, 1, 1, 1, 1, 1, 1, -1, 1, 1, -1, -1, 0, 0, 0, 1, -1, 0, 1, -1, -1, -1, -1, -1, -1, -1, -1, -1, -1, -1, 1, 1, 1, -1]"
150,6,14,0.0,0.167123951786143,4,104,"[{'cluster_no': -1, 'count': 104}, {'cluster_no': 0, 'count': 64}, {'cluster_no': 1, 'count': 36}, {'cluster_no': 2, 'count': 33}]","[-1, 1, 1, 0, -1, 2, 2, 1, 1, 0, -1, 1, -1, -1, -1, -1, -1, 1, -1, -1, -1, -1, -1, -1, 1, 2, -1, 1, 1, 0, 0, -1, -1, 1, 2, 0, 2, -1, 1, 1, 2, 2, 0, -1, 1, 0, -1, 2, 1, -1, -1, -1, 1, 0, -1, -1, -1, 0, -1, -1, 0, 0, -1, 0, -1, 1, -1, 1, -1, -1, -1, -1, 1, -1, 2, -1, -1, 2, 1, -1, 0, -1, -1, 0, -1, -1, 0, 2, 0, 2, -1, 2, 0, -1, -1, 2, -1, 0, -1, 2, -1, -1, 1, 0, 0, -1, 2, 1, -1, -1, -1, -1, -1, -1, 0, -1, 0, -1, 2, 0, 1, -1, 0, 1, 0, 1, 1, 1, -1, -1, 2, -1, 2, 1, 2, -1, 0, -1, 0, 0, 0, 1, 0, -1, 0, -1, -1, -1, 2, 2, -1, 0, 0, 0, 0, 0, -1, 0, 0, 2, 0, 1, -1, -1, 0, -1, 0, 2, 0, -1, 2, 1, -1, -1, 0, -1, -1, 2, -1, 0, 0, 0, 0, -1, 1, -1, 0, -1, 0, 1, 2, -1, 2, -1, -1, -1, 2, 2, 0, 2, -1, 0, 1, 2, 0, 0, 0, 0, 0, 0, -1, 0, 0, -1, -1, 1, 1, 1, 0, -1, 2, 0, -1, -1, -1, -1, -1, -1, -1, -1, -1, -1, -1, 0, 0, 0, -1]"
150,6,14,0.5,0.17766739754466898,3,103,"[{'cluster_no': -1, 'count': 103}, {'cluster_no': 0, 'count': 70}, {'cluster_no': 1, 'count': 64}]","[-1, 0, 0, 1, -1, 0, 0, 0, 0, 1, -1, 0, -1, -1, -1, -1, -1, 0, -1, -1, -1, -1, -1, -1, 0, 0, -1, 0, 0, 1, 1, -1, -1, 0, 0, 1, 0, -1, 0, 0, 0, 0, 1, -1, 0, 1, -1, 0, 0, -1, -1, -1, 0, 1, -1, -1, -1, 1, -1, -1, 1, 1, -1, 1, -1, 0, -1, 0, -1, -1, -1, -1, 0, -1, 0, -1, -1, 0, 0, -1, 1, -1, -1, 1, -1, -1, 1, 0, 1, 0, -1, 0, 1, -1, -1, 0, -1, 1, -1, 0, -1, -1, 0, 1, 1, -1, 0, 0, -1, -1, -1, -1, -1, -1, 1, -1, 1, -1, 0, 1, 0, -1, 1, 0, 1, 0, 0, 0, -1, -1, 0, -1, 0, 0, 0, -1, 1, -1, 1, 1, 1, 0, 1, -1, 1, -1, -1, -1, 0, 0, -1, 1, 1, 1, 1, 1, -1, 1, 1, 0, 1, 0, 0, -1, 1, -1, 1, 0, 1, -1, 0, 0, -1, -1, 1, -1, -1, 0, -1, 1, 1, 1, 1, -1, 0, -1, 1, -1, 1, 0, 0, -1, 0, -1, -1, -1, 0, 0, 1, 0, -1, 1, 0, 0, 1, 1, 1, 1, 1, 1, -1, 1, 1, -1, -1, 0, 0, 0, 1, -1, 0, 1, -1, -1, -1, -1, -1, -1, -1, -1, -1, -1, -1, 1, 1, 1, -1]"
150,6,14,1.0,0.17766739754466898,3,103,"[{'cluster_no': -1, 'count': 103}, {'cluster_no': 0, 'count': 70}, {'cluster_no': 1, 'count': 64}]","[-1, 0, 0, 1, -1, 0, 0, 0, 0, 1, -1, 0, -1, -1, -1, -1, -1, 0, -1, -1, -1, -1, -1, -1, 0, 0, -1, 0, 0, 1, 1, -1, -1, 0, 0, 1, 0, -1, 0, 0, 0, 0, 1, -1, 0, 1, -1, 0, 0, -1, -1, -1, 0, 1, -1, -1, -1, 1, -1, -1, 1, 1, -1, 1, -1, 0, -1, 0, -1, -1, -1, -1, 0, -1, 0, -1, -1, 0, 0, -1, 1, -1, -1, 1, -1, -1, 1, 0, 1, 0, -1, 0, 1, -1, -1, 0, -1, 1, -1, 0, -1, -1, 0, 1, 1, -1, 0, 0, -1, -1, -1, -1, -1, -1, 1, -1, 1, -1, 0, 1, 0, -1, 1, 0, 1, 0, 0, 0, -1, -1, 0, -1, 0, 0, 0, -1, 1, -1, 1, 1, 1, 0, 1, -1, 1, -1, -1, -1, 0, 0, -1, 1, 1, 1, 1, 1, -1, 1, 1, 0, 1, 0, 0, -1, 1, -1, 1, 0, 1, -1, 0, 0, -1, -1, 1, -1, -1, 0, -1, 1, 1, 1, 1, -1, 0, -1, 1, -1, 1, 0, 0, -1, 0, -1, -1, -1, 0, 0, 1, 0, -1, 1, 0, 0, 1, 1, 1, 1, 1, 1, -1, 1, 1, -1, -1, 0, 0, 0, 1, -1, 0, 1, -1, -1, -1, -1, -1, -1, -1, -1, -1, -1, -1, 1, 1, 1, -1]"
150,6,15,0.0,0.167123951786143,4,104,"[{'cluster_no': -1, 'count': 104}, {'cluster_no': 0, 'count': 64}, {'cluster_no': 1, 'count': 36}, {'cluster_no': 2, 'count': 33}]","[-1, 1, 1, 0, -1, 2, 2, 1, 1, 0, -1, 1, -1, -1, -1, -1, -1, 1, -1, -1, -1, -1, -1, -1, 1, 2, -1, 1, 1, 0, 0, -1, -1, 1, 2, 0, 2, -1, 1, 1, 2, 2, 0, -1, 1, 0, -1, 2, 1, -1, -1, -1, 1, 0, -1, -1, -1, 0, -1, -1, 0, 0, -1, 0, -1, 1, -1, 1, -1, -1, -1, -1, 1, -1, 2, -1, -1, 2, 1, -1, 0, -1, -1, 0, -1, -1, 0, 2, 0, 2, -1, 2, 0, -1, -1, 2, -1, 0, -1, 2, -1, -1, 1, 0, 0, -1, 2, 1, -1, -1, -1, -1, -1, -1, 0, -1, 0, -1, 2, 0, 1, -1, 0, 1, 0, 1, 1, 1, -1, -1, 2, -1, 2, 1, 2, -1, 0, -1, 0, 0, 0, 1, 0, -1, 0, -1, -1, -1, 2, 2, -1, 0, 0, 0, 0, 0, -1, 0, 0, 2, 0, 1, -1, -1, 0, -1, 0, 2, 0, -1, 2, 1, -1, -1, 0, -1, -1, 2, -1, 0, 0, 0, 0, -1, 1, -1, 0, -1, 0, 1, 2, -1, 2, -1, -1, -1, 2, 2, 0, 2, -1, 0, 1, 2, 0, 0, 0, 0, 0, 0, -1, 0, 0, -1, -1, 1, 1, 1, 0, -1, 2, 0, -1, -1, -1, -1, -1, -1, -1, -1, -1, -1, -1, 0, 0, 0, -1]"
150,6,15,0.5,0.17766739754466898,3,103,"[{'cluster_no': -1, 'count': 103}, {'cluster_no': 0, 'count': 70}, {'cluster_no': 1, 'count': 64}]","[-1, 0, 0, 1, -1, 0, 0, 0, 0, 1, -1, 0, -1, -1, -1, -1, -1, 0, -1, -1, -1, -1, -1, -1, 0, 0, -1, 0, 0, 1, 1, -1, -1, 0, 0, 1, 0, -1, 0, 0, 0, 0, 1, -1, 0, 1, -1, 0, 0, -1, -1, -1, 0, 1, -1, -1, -1, 1, -1, -1, 1, 1, -1, 1, -1, 0, -1, 0, -1, -1, -1, -1, 0, -1, 0, -1, -1, 0, 0, -1, 1, -1, -1, 1, -1, -1, 1, 0, 1, 0, -1, 0, 1, -1, -1, 0, -1, 1, -1, 0, -1, -1, 0, 1, 1, -1, 0, 0, -1, -1, -1, -1, -1, -1, 1, -1, 1, -1, 0, 1, 0, -1, 1, 0, 1, 0, 0, 0, -1, -1, 0, -1, 0, 0, 0, -1, 1, -1, 1, 1, 1, 0, 1, -1, 1, -1, -1, -1, 0, 0, -1, 1, 1, 1, 1, 1, -1, 1, 1, 0, 1, 0, 0, -1, 1, -1, 1, 0, 1, -1, 0, 0, -1, -1, 1, -1, -1, 0, -1, 1, 1, 1, 1, -1, 0, -1, 1, -1, 1, 0, 0, -1, 0, -1, -1, -1, 0, 0, 1, 0, -1, 1, 0, 0, 1, 1, 1, 1, 1, 1, -1, 1, 1, -1, -1, 0, 0, 0, 1, -1, 0, 1, -1, -1, -1, -1, -1, -1, -1, -1, -1, -1, -1, 1, 1, 1, -1]"
150,6,15,1.0,0.17766739754466898,3,103,"[{'cluster_no': -1, 'count': 103}, {'cluster_no': 0, 'count': 70}, {'cluster_no': 1, 'count': 64}]","[-1, 0, 0, 1, -1, 0, 0, 0, 0, 1, -1, 0, -1, -1, -1, -1, -1, 0, -1, -1, -1, -1, -1, -1, 0, 0, -1, 0, 0, 1, 1, -1, -1, 0, 0, 1, 0, -1, 0, 0, 0, 0, 1, -1, 0, 1, -1, 0, 0, -1, -1, -1, 0, 1, -1, -1, -1, 1, -1, -1, 1, 1, -1, 1, -1, 0, -1, 0, -1, -1, -1, -1, 0, -1, 0, -1, -1, 0, 0, -1, 1, -1, -1, 1, -1, -1, 1, 0, 1, 0, -1, 0, 1, -1, -1, 0, -1, 1, -1, 0, -1, -1, 0, 1, 1, -1, 0, 0, -1, -1, -1, -1, -1, -1, 1, -1, 1, -1, 0, 1, 0, -1, 1, 0, 1, 0, 0, 0, -1, -1, 0, -1, 0, 0, 0, -1, 1, -1, 1, 1, 1, 0, 1, -1, 1, -1, -1, -1, 0, 0, -1, 1, 1, 1, 1, 1, -1, 1, 1, 0, 1, 0, 0, -1, 1, -1, 1, 0, 1, -1, 0, 0, -1, -1, 1, -1, -1, 0, -1, 1, 1, 1, 1, -1, 0, -1, 1, -1, 1, 0, 0, -1, 0, -1, -1, -1, 0, 0, 1, 0, -1, 1, 0, 0, 1, 1, 1, 1, 1, 1, -1, 1, 1, -1, -1, 0, 0, 0, 1, -1, 0, 1, -1, -1, -1, -1, -1, -1, -1, -1, -1, -1, -1, 1, 1, 1, -1]"
150,6,16,0.0,0.167123951786143,4,104,"[{'cluster_no': -1, 'count': 104}, {'cluster_no': 0, 'count': 64}, {'cluster_no': 1, 'count': 36}, {'cluster_no': 2, 'count': 33}]","[-1, 1, 1, 0, -1, 2, 2, 1, 1, 0, -1, 1, -1, -1, -1, -1, -1, 1, -1, -1, -1, -1, -1, -1, 1, 2, -1, 1, 1, 0, 0, -1, -1, 1, 2, 0, 2, -1, 1, 1, 2, 2, 0, -1, 1, 0, -1, 2, 1, -1, -1, -1, 1, 0, -1, -1, -1, 0, -1, -1, 0, 0, -1, 0, -1, 1, -1, 1, -1, -1, -1, -1, 1, -1, 2, -1, -1, 2, 1, -1, 0, -1, -1, 0, -1, -1, 0, 2, 0, 2, -1, 2, 0, -1, -1, 2, -1, 0, -1, 2, -1, -1, 1, 0, 0, -1, 2, 1, -1, -1, -1, -1, -1, -1, 0, -1, 0, -1, 2, 0, 1, -1, 0, 1, 0, 1, 1, 1, -1, -1, 2, -1, 2, 1, 2, -1, 0, -1, 0, 0, 0, 1, 0, -1, 0, -1, -1, -1, 2, 2, -1, 0, 0, 0, 0, 0, -1, 0, 0, 2, 0, 1, -1, -1, 0, -1, 0, 2, 0, -1, 2, 1, -1, -1, 0, -1, -1, 2, -1, 0, 0, 0, 0, -1, 1, -1, 0, -1, 0, 1, 2, -1, 2, -1, -1, -1, 2, 2, 0, 2, -1, 0, 1, 2, 0, 0, 0, 0, 0, 0, -1, 0, 0, -1, -1, 1, 1, 1, 0, -1, 2, 0, -1, -1, -1, -1, -1, -1, -1, -1, -1, -1, -1, 0, 0, 0, -1]"
150,6,16,0.5,0.17766739754466898,3,103,"[{'cluster_no': -1, 'count': 103}, {'cluster_no': 0, 'count': 70}, {'cluster_no': 1, 'count': 64}]","[-1, 0, 0, 1, -1, 0, 0, 0, 0, 1, -1, 0, -1, -1, -1, -1, -1, 0, -1, -1, -1, -1, -1, -1, 0, 0, -1, 0, 0, 1, 1, -1, -1, 0, 0, 1, 0, -1, 0, 0, 0, 0, 1, -1, 0, 1, -1, 0, 0, -1, -1, -1, 0, 1, -1, -1, -1, 1, -1, -1, 1, 1, -1, 1, -1, 0, -1, 0, -1, -1, -1, -1, 0, -1, 0, -1, -1, 0, 0, -1, 1, -1, -1, 1, -1, -1, 1, 0, 1, 0, -1, 0, 1, -1, -1, 0, -1, 1, -1, 0, -1, -1, 0, 1, 1, -1, 0, 0, -1, -1, -1, -1, -1, -1, 1, -1, 1, -1, 0, 1, 0, -1, 1, 0, 1, 0, 0, 0, -1, -1, 0, -1, 0, 0, 0, -1, 1, -1, 1, 1, 1, 0, 1, -1, 1, -1, -1, -1, 0, 0, -1, 1, 1, 1, 1, 1, -1, 1, 1, 0, 1, 0, 0, -1, 1, -1, 1, 0, 1, -1, 0, 0, -1, -1, 1, -1, -1, 0, -1, 1, 1, 1, 1, -1, 0, -1, 1, -1, 1, 0, 0, -1, 0, -1, -1, -1, 0, 0, 1, 0, -1, 1, 0, 0, 1, 1, 1, 1, 1, 1, -1, 1, 1, -1, -1, 0, 0, 0, 1, -1, 0, 1, -1, -1, -1, -1, -1, -1, -1, -1, -1, -1, -1, 1, 1, 1, -1]"
150,6,16,1.0,0.17766739754466898,3,103,"[{'cluster_no': -1, 'count': 103}, {'cluster_no': 0, 'count': 70}, {'cluster_no': 1, 'count': 64}]","[-1, 0, 0, 1, -1, 0, 0, 0, 0, 1, -1, 0, -1, -1, -1, -1, -1, 0, -1, -1, -1, -1, -1, -1, 0, 0, -1, 0, 0, 1, 1, -1, -1, 0, 0, 1, 0, -1, 0, 0, 0, 0, 1, -1, 0, 1, -1, 0, 0, -1, -1, -1, 0, 1, -1, -1, -1, 1, -1, -1, 1, 1, -1, 1, -1, 0, -1, 0, -1, -1, -1, -1, 0, -1, 0, -1, -1, 0, 0, -1, 1, -1, -1, 1, -1, -1, 1, 0, 1, 0, -1, 0, 1, -1, -1, 0, -1, 1, -1, 0, -1, -1, 0, 1, 1, -1, 0, 0, -1, -1, -1, -1, -1, -1, 1, -1, 1, -1, 0, 1, 0, -1, 1, 0, 1, 0, 0, 0, -1, -1, 0, -1, 0, 0, 0, -1, 1, -1, 1, 1, 1, 0, 1, -1, 1, -1, -1, -1, 0, 0, -1, 1, 1, 1, 1, 1, -1, 1, 1, 0, 1, 0, 0, -1, 1, -1, 1, 0, 1, -1, 0, 0, -1, -1, 1, -1, -1, 0, -1, 1, 1, 1, 1, -1, 0, -1, 1, -1, 1, 0, 0, -1, 0, -1, -1, -1, 0, 0, 1, 0, -1, 1, 0, 0, 1, 1, 1, 1, 1, 1, -1, 1, 1, -1, -1, 0, 0, 0, 1, -1, 0, 1, -1, -1, -1, -1, -1, -1, -1, -1, -1, -1, -1, 1, 1, 1, -1]"
150,6,17,0.0,0.167123951786143,4,104,"[{'cluster_no': -1, 'count': 104}, {'cluster_no': 0, 'count': 64}, {'cluster_no': 1, 'count': 36}, {'cluster_no': 2, 'count': 33}]","[-1, 1, 1, 0, -1, 2, 2, 1, 1, 0, -1, 1, -1, -1, -1, -1, -1, 1, -1, -1, -1, -1, -1, -1, 1, 2, -1, 1, 1, 0, 0, -1, -1, 1, 2, 0, 2, -1, 1, 1, 2, 2, 0, -1, 1, 0, -1, 2, 1, -1, -1, -1, 1, 0, -1, -1, -1, 0, -1, -1, 0, 0, -1, 0, -1, 1, -1, 1, -1, -1, -1, -1, 1, -1, 2, -1, -1, 2, 1, -1, 0, -1, -1, 0, -1, -1, 0, 2, 0, 2, -1, 2, 0, -1, -1, 2, -1, 0, -1, 2, -1, -1, 1, 0, 0, -1, 2, 1, -1, -1, -1, -1, -1, -1, 0, -1, 0, -1, 2, 0, 1, -1, 0, 1, 0, 1, 1, 1, -1, -1, 2, -1, 2, 1, 2, -1, 0, -1, 0, 0, 0, 1, 0, -1, 0, -1, -1, -1, 2, 2, -1, 0, 0, 0, 0, 0, -1, 0, 0, 2, 0, 1, -1, -1, 0, -1, 0, 2, 0, -1, 2, 1, -1, -1, 0, -1, -1, 2, -1, 0, 0, 0, 0, -1, 1, -1, 0, -1, 0, 1, 2, -1, 2, -1, -1, -1, 2, 2, 0, 2, -1, 0, 1, 2, 0, 0, 0, 0, 0, 0, -1, 0, 0, -1, -1, 1, 1, 1, 0, -1, 2, 0, -1, -1, -1, -1, -1, -1, -1, -1, -1, -1, -1, 0, 0, 0, -1]"
150,6,17,0.5,0.17766739754466898,3,103,"[{'cluster_no': -1, 'count': 103}, {'cluster_no': 0, 'count': 70}, {'cluster_no': 1, 'count': 64}]","[-1, 0, 0, 1, -1, 0, 0, 0, 0, 1, -1, 0, -1, -1, -1, -1, -1, 0, -1, -1, -1, -1, -1, -1, 0, 0, -1, 0, 0, 1, 1, -1, -1, 0, 0, 1, 0, -1, 0, 0, 0, 0, 1, -1, 0, 1, -1, 0, 0, -1, -1, -1, 0, 1, -1, -1, -1, 1, -1, -1, 1, 1, -1, 1, -1, 0, -1, 0, -1, -1, -1, -1, 0, -1, 0, -1, -1, 0, 0, -1, 1, -1, -1, 1, -1, -1, 1, 0, 1, 0, -1, 0, 1, -1, -1, 0, -1, 1, -1, 0, -1, -1, 0, 1, 1, -1, 0, 0, -1, -1, -1, -1, -1, -1, 1, -1, 1, -1, 0, 1, 0, -1, 1, 0, 1, 0, 0, 0, -1, -1, 0, -1, 0, 0, 0, -1, 1, -1, 1, 1, 1, 0, 1, -1, 1, -1, -1, -1, 0, 0, -1, 1, 1, 1, 1, 1, -1, 1, 1, 0, 1, 0, 0, -1, 1, -1, 1, 0, 1, -1, 0, 0, -1, -1, 1, -1, -1, 0, -1, 1, 1, 1, 1, -1, 0, -1, 1, -1, 1, 0, 0, -1, 0, -1, -1, -1, 0, 0, 1, 0, -1, 1, 0, 0, 1, 1, 1, 1, 1, 1, -1, 1, 1, -1, -1, 0, 0, 0, 1, -1, 0, 1, -1, -1, -1, -1, -1, -1, -1, -1, -1, -1, -1, 1, 1, 1, -1]"
150,6,17,1.0,0.17766739754466898,3,103,"[{'cluster_no': -1, 'count': 103}, {'cluster_no': 0, 'count': 70}, {'cluster_no': 1, 'count': 64}]","[-1, 0, 0, 1, -1, 0, 0, 0, 0, 1, -1, 0, -1, -1, -1, -1, -1, 0, -1, -1, -1, -1, -1, -1, 0, 0, -1, 0, 0, 1, 1, -1, -1, 0, 0, 1, 0, -1, 0, 0, 0, 0, 1, -1, 0, 1, -1, 0, 0, -1, -1, -1, 0, 1, -1, -1, -1, 1, -1, -1, 1, 1, -1, 1, -1, 0, -1, 0, -1, -1, -1, -1, 0, -1, 0, -1, -1, 0, 0, -1, 1, -1, -1, 1, -1, -1, 1, 0, 1, 0, -1, 0, 1, -1, -1, 0, -1, 1, -1, 0, -1, -1, 0, 1, 1, -1, 0, 0, -1, -1, -1, -1, -1, -1, 1, -1, 1, -1, 0, 1, 0, -1, 1, 0, 1, 0, 0, 0, -1, -1, 0, -1, 0, 0, 0, -1, 1, -1, 1, 1, 1, 0, 1, -1, 1, -1, -1, -1, 0, 0, -1, 1, 1, 1, 1, 1, -1, 1, 1, 0, 1, 0, 0, -1, 1, -1, 1, 0, 1, -1, 0, 0, -1, -1, 1, -1, -1, 0, -1, 1, 1, 1, 1, -1, 0, -1, 1, -1, 1, 0, 0, -1, 0, -1, -1, -1, 0, 0, 1, 0, -1, 1, 0, 0, 1, 1, 1, 1, 1, 1, -1, 1, 1, -1, -1, 0, 0, 0, 1, -1, 0, 1, -1, -1, -1, -1, -1, -1, -1, -1, -1, -1, -1, 1, 1, 1, -1]"
150,6,18,0.0,0.167123951786143,4,104,"[{'cluster_no': -1, 'count': 104}, {'cluster_no': 0, 'count': 64}, {'cluster_no': 1, 'count': 36}, {'cluster_no': 2, 'count': 33}]","[-1, 1, 1, 0, -1, 2, 2, 1, 1, 0, -1, 1, -1, -1, -1, -1, -1, 1, -1, -1, -1, -1, -1, -1, 1, 2, -1, 1, 1, 0, 0, -1, -1, 1, 2, 0, 2, -1, 1, 1, 2, 2, 0, -1, 1, 0, -1, 2, 1, -1, -1, -1, 1, 0, -1, -1, -1, 0, -1, -1, 0, 0, -1, 0, -1, 1, -1, 1, -1, -1, -1, -1, 1, -1, 2, -1, -1, 2, 1, -1, 0, -1, -1, 0, -1, -1, 0, 2, 0, 2, -1, 2, 0, -1, -1, 2, -1, 0, -1, 2, -1, -1, 1, 0, 0, -1, 2, 1, -1, -1, -1, -1, -1, -1, 0, -1, 0, -1, 2, 0, 1, -1, 0, 1, 0, 1, 1, 1, -1, -1, 2, -1, 2, 1, 2, -1, 0, -1, 0, 0, 0, 1, 0, -1, 0, -1, -1, -1, 2, 2, -1, 0, 0, 0, 0, 0, -1, 0, 0, 2, 0, 1, -1, -1, 0, -1, 0, 2, 0, -1, 2, 1, -1, -1, 0, -1, -1, 2, -1, 0, 0, 0, 0, -1, 1, -1, 0, -1, 0, 1, 2, -1, 2, -1, -1, -1, 2, 2, 0, 2, -1, 0, 1, 2, 0, 0, 0, 0, 0, 0, -1, 0, 0, -1, -1, 1, 1, 1, 0, -1, 2, 0, -1, -1, -1, -1, -1, -1, -1, -1, -1, -1, -1, 0, 0, 0, -1]"
150,6,18,0.5,0.17766739754466898,3,103,"[{'cluster_no': -1, 'count': 103}, {'cluster_no': 0, 'count': 70}, {'cluster_no': 1, 'count': 64}]","[-1, 0, 0, 1, -1, 0, 0, 0, 0, 1, -1, 0, -1, -1, -1, -1, -1, 0, -1, -1, -1, -1, -1, -1, 0, 0, -1, 0, 0, 1, 1, -1, -1, 0, 0, 1, 0, -1, 0, 0, 0, 0, 1, -1, 0, 1, -1, 0, 0, -1, -1, -1, 0, 1, -1, -1, -1, 1, -1, -1, 1, 1, -1, 1, -1, 0, -1, 0, -1, -1, -1, -1, 0, -1, 0, -1, -1, 0, 0, -1, 1, -1, -1, 1, -1, -1, 1, 0, 1, 0, -1, 0, 1, -1, -1, 0, -1, 1, -1, 0, -1, -1, 0, 1, 1, -1, 0, 0, -1, -1, -1, -1, -1, -1, 1, -1, 1, -1, 0, 1, 0, -1, 1, 0, 1, 0, 0, 0, -1, -1, 0, -1, 0, 0, 0, -1, 1, -1, 1, 1, 1, 0, 1, -1, 1, -1, -1, -1, 0, 0, -1, 1, 1, 1, 1, 1, -1, 1, 1, 0, 1, 0, 0, -1, 1, -1, 1, 0, 1, -1, 0, 0, -1, -1, 1, -1, -1, 0, -1, 1, 1, 1, 1, -1, 0, -1, 1, -1, 1, 0, 0, -1, 0, -1, -1, -1, 0, 0, 1, 0, -1, 1, 0, 0, 1, 1, 1, 1, 1, 1, -1, 1, 1, -1, -1, 0, 0, 0, 1, -1, 0, 1, -1, -1, -1, -1, -1, -1, -1, -1, -1, -1, -1, 1, 1, 1, -1]"
150,6,18,1.0,0.17766739754466898,3,103,"[{'cluster_no': -1, 'count': 103}, {'cluster_no': 0, 'count': 70}, {'cluster_no': 1, 'count': 64}]","[-1, 0, 0, 1, -1, 0, 0, 0, 0, 1, -1, 0, -1, -1, -1, -1, -1, 0, -1, -1, -1, -1, -1, -1, 0, 0, -1, 0, 0, 1, 1, -1, -1, 0, 0, 1, 0, -1, 0, 0, 0, 0, 1, -1, 0, 1, -1, 0, 0, -1, -1, -1, 0, 1, -1, -1, -1, 1, -1, -1, 1, 1, -1, 1, -1, 0, -1, 0, -1, -1, -1, -1, 0, -1, 0, -1, -1, 0, 0, -1, 1, -1, -1, 1, -1, -1, 1, 0, 1, 0, -1, 0, 1, -1, -1, 0, -1, 1, -1, 0, -1, -1, 0, 1, 1, -1, 0, 0, -1, -1, -1, -1, -1, -1, 1, -1, 1, -1, 0, 1, 0, -1, 1, 0, 1, 0, 0, 0, -1, -1, 0, -1, 0, 0, 0, -1, 1, -1, 1, 1, 1, 0, 1, -1, 1, -1, -1, -1, 0, 0, -1, 1, 1, 1, 1, 1, -1, 1, 1, 0, 1, 0, 0, -1, 1, -1, 1, 0, 1, -1, 0, 0, -1, -1, 1, -1, -1, 0, -1, 1, 1, 1, 1, -1, 0, -1, 1, -1, 1, 0, 0, -1, 0, -1, -1, -1, 0, 0, 1, 0, -1, 1, 0, 0, 1, 1, 1, 1, 1, 1, -1, 1, 1, -1, -1, 0, 0, 0, 1, -1, 0, 1, -1, -1, -1, -1, -1, -1, -1, -1, -1, -1, -1, 1, 1, 1, -1]"
150,6,19,0.0,0.167123951786143,4,104,"[{'cluster_no': -1, 'count': 104}, {'cluster_no': 0, 'count': 64}, {'cluster_no': 1, 'count': 36}, {'cluster_no': 2, 'count': 33}]","[-1, 1, 1, 0, -1, 2, 2, 1, 1, 0, -1, 1, -1, -1, -1, -1, -1, 1, -1, -1, -1, -1, -1, -1, 1, 2, -1, 1, 1, 0, 0, -1, -1, 1, 2, 0, 2, -1, 1, 1, 2, 2, 0, -1, 1, 0, -1, 2, 1, -1, -1, -1, 1, 0, -1, -1, -1, 0, -1, -1, 0, 0, -1, 0, -1, 1, -1, 1, -1, -1, -1, -1, 1, -1, 2, -1, -1, 2, 1, -1, 0, -1, -1, 0, -1, -1, 0, 2, 0, 2, -1, 2, 0, -1, -1, 2, -1, 0, -1, 2, -1, -1, 1, 0, 0, -1, 2, 1, -1, -1, -1, -1, -1, -1, 0, -1, 0, -1, 2, 0, 1, -1, 0, 1, 0, 1, 1, 1, -1, -1, 2, -1, 2, 1, 2, -1, 0, -1, 0, 0, 0, 1, 0, -1, 0, -1, -1, -1, 2, 2, -1, 0, 0, 0, 0, 0, -1, 0, 0, 2, 0, 1, -1, -1, 0, -1, 0, 2, 0, -1, 2, 1, -1, -1, 0, -1, -1, 2, -1, 0, 0, 0, 0, -1, 1, -1, 0, -1, 0, 1, 2, -1, 2, -1, -1, -1, 2, 2, 0, 2, -1, 0, 1, 2, 0, 0, 0, 0, 0, 0, -1, 0, 0, -1, -1, 1, 1, 1, 0, -1, 2, 0, -1, -1, -1, -1, -1, -1, -1, -1, -1, -1, -1, 0, 0, 0, -1]"
150,6,19,0.5,0.17766739754466898,3,103,"[{'cluster_no': -1, 'count': 103}, {'cluster_no': 0, 'count': 70}, {'cluster_no': 1, 'count': 64}]","[-1, 0, 0, 1, -1, 0, 0, 0, 0, 1, -1, 0, -1, -1, -1, -1, -1, 0, -1, -1, -1, -1, -1, -1, 0, 0, -1, 0, 0, 1, 1, -1, -1, 0, 0, 1, 0, -1, 0, 0, 0, 0, 1, -1, 0, 1, -1, 0, 0, -1, -1, -1, 0, 1, -1, -1, -1, 1, -1, -1, 1, 1, -1, 1, -1, 0, -1, 0, -1, -1, -1, -1, 0, -1, 0, -1, -1, 0, 0, -1, 1, -1, -1, 1, -1, -1, 1, 0, 1, 0, -1, 0, 1, -1, -1, 0, -1, 1, -1, 0, -1, -1, 0, 1, 1, -1, 0, 0, -1, -1, -1, -1, -1, -1, 1, -1, 1, -1, 0, 1, 0, -1, 1, 0, 1, 0, 0, 0, -1, -1, 0, -1, 0, 0, 0, -1, 1, -1, 1, 1, 1, 0, 1, -1, 1, -1, -1, -1, 0, 0, -1, 1, 1, 1, 1, 1, -1, 1, 1, 0, 1, 0, 0, -1, 1, -1, 1, 0, 1, -1, 0, 0, -1, -1, 1, -1, -1, 0, -1, 1, 1, 1, 1, -1, 0, -1, 1, -1, 1, 0, 0, -1, 0, -1, -1, -1, 0, 0, 1, 0, -1, 1, 0, 0, 1, 1, 1, 1, 1, 1, -1, 1, 1, -1, -1, 0, 0, 0, 1, -1, 0, 1, -1, -1, -1, -1, -1, -1, -1, -1, -1, -1, -1, 1, 1, 1, -1]"
150,6,19,1.0,0.17766739754466898,3,103,"[{'cluster_no': -1, 'count': 103}, {'cluster_no': 0, 'count': 70}, {'cluster_no': 1, 'count': 64}]","[-1, 0, 0, 1, -1, 0, 0, 0, 0, 1, -1, 0, -1, -1, -1, -1, -1, 0, -1, -1, -1, -1, -1, -1, 0, 0, -1, 0, 0, 1, 1, -1, -1, 0, 0, 1, 0, -1, 0, 0, 0, 0, 1, -1, 0, 1, -1, 0, 0, -1, -1, -1, 0, 1, -1, -1, -1, 1, -1, -1, 1, 1, -1, 1, -1, 0, -1, 0, -1, -1, -1, -1, 0, -1, 0, -1, -1, 0, 0, -1, 1, -1, -1, 1, -1, -1, 1, 0, 1, 0, -1, 0, 1, -1, -1, 0, -1, 1, -1, 0, -1, -1, 0, 1, 1, -1, 0, 0, -1, -1, -1, -1, -1, -1, 1, -1, 1, -1, 0, 1, 0, -1, 1, 0, 1, 0, 0, 0, -1, -1, 0, -1, 0, 0, 0, -1, 1, -1, 1, 1, 1, 0, 1, -1, 1, -1, -1, -1, 0, 0, -1, 1, 1, 1, 1, 1, -1, 1, 1, 0, 1, 0, 0, -1, 1, -1, 1, 0, 1, -1, 0, 0, -1, -1, 1, -1, -1, 0, -1, 1, 1, 1, 1, -1, 0, -1, 1, -1, 1, 0, 0, -1, 0, -1, -1, -1, 0, 0, 1, 0, -1, 1, 0, 0, 1, 1, 1, 1, 1, 1, -1, 1, 1, -1, -1, 0, 0, 0, 1, -1, 0, 1, -1, -1, -1, -1, -1, -1, -1, -1, -1, -1, -1, 1, 1, 1, -1]"
150,6,20,0.0,0.167123951786143,4,104,"[{'cluster_no': -1, 'count': 104}, {'cluster_no': 0, 'count': 64}, {'cluster_no': 1, 'count': 36}, {'cluster_no': 2, 'count': 33}]","[-1, 1, 1, 0, -1, 2, 2, 1, 1, 0, -1, 1, -1, -1, -1, -1, -1, 1, -1, -1, -1, -1, -1, -1, 1, 2, -1, 1, 1, 0, 0, -1, -1, 1, 2, 0, 2, -1, 1, 1, 2, 2, 0, -1, 1, 0, -1, 2, 1, -1, -1, -1, 1, 0, -1, -1, -1, 0, -1, -1, 0, 0, -1, 0, -1, 1, -1, 1, -1, -1, -1, -1, 1, -1, 2, -1, -1, 2, 1, -1, 0, -1, -1, 0, -1, -1, 0, 2, 0, 2, -1, 2, 0, -1, -1, 2, -1, 0, -1, 2, -1, -1, 1, 0, 0, -1, 2, 1, -1, -1, -1, -1, -1, -1, 0, -1, 0, -1, 2, 0, 1, -1, 0, 1, 0, 1, 1, 1, -1, -1, 2, -1, 2, 1, 2, -1, 0, -1, 0, 0, 0, 1, 0, -1, 0, -1, -1, -1, 2, 2, -1, 0, 0, 0, 0, 0, -1, 0, 0, 2, 0, 1, -1, -1, 0, -1, 0, 2, 0, -1, 2, 1, -1, -1, 0, -1, -1, 2, -1, 0, 0, 0, 0, -1, 1, -1, 0, -1, 0, 1, 2, -1, 2, -1, -1, -1, 2, 2, 0, 2, -1, 0, 1, 2, 0, 0, 0, 0, 0, 0, -1, 0, 0, -1, -1, 1, 1, 1, 0, -1, 2, 0, -1, -1, -1, -1, -1, -1, -1, -1, -1, -1, -1, 0, 0, 0, -1]"
150,6,20,0.5,0.17766739754466898,3,103,"[{'cluster_no': -1, 'count': 103}, {'cluster_no': 0, 'count': 70}, {'cluster_no': 1, 'count': 64}]","[-1, 0, 0, 1, -1, 0, 0, 0, 0, 1, -1, 0, -1, -1, -1, -1, -1, 0, -1, -1, -1, -1, -1, -1, 0, 0, -1, 0, 0, 1, 1, -1, -1, 0, 0, 1, 0, -1, 0, 0, 0, 0, 1, -1, 0, 1, -1, 0, 0, -1, -1, -1, 0, 1, -1, -1, -1, 1, -1, -1, 1, 1, -1, 1, -1, 0, -1, 0, -1, -1, -1, -1, 0, -1, 0, -1, -1, 0, 0, -1, 1, -1, -1, 1, -1, -1, 1, 0, 1, 0, -1, 0, 1, -1, -1, 0, -1, 1, -1, 0, -1, -1, 0, 1, 1, -1, 0, 0, -1, -1, -1, -1, -1, -1, 1, -1, 1, -1, 0, 1, 0, -1, 1, 0, 1, 0, 0, 0, -1, -1, 0, -1, 0, 0, 0, -1, 1, -1, 1, 1, 1, 0, 1, -1, 1, -1, -1, -1, 0, 0, -1, 1, 1, 1, 1, 1, -1, 1, 1, 0, 1, 0, 0, -1, 1, -1, 1, 0, 1, -1, 0, 0, -1, -1, 1, -1, -1, 0, -1, 1, 1, 1, 1, -1, 0, -1, 1, -1, 1, 0, 0, -1, 0, -1, -1, -1, 0, 0, 1, 0, -1, 1, 0, 0, 1, 1, 1, 1, 1, 1, -1, 1, 1, -1, -1, 0, 0, 0, 1, -1, 0, 1, -1, -1, -1, -1, -1, -1, -1, -1, -1, -1, -1, 1, 1, 1, -1]"
150,6,20,1.0,0.17766739754466898,3,103,"[{'cluster_no': -1, 'count': 103}, {'cluster_no': 0, 'count': 70}, {'cluster_no': 1, 'count': 64}]","[-1, 0, 0, 1, -1, 0, 0, 0, 0, 1, -1, 0, -1, -1, -1, -1, -1, 0, -1, -1, -1, -1, -1, -1, 0, 0, -1, 0, 0, 1, 1, -1, -1, 0, 0, 1, 0, -1, 0, 0, 0, 0, 1, -1, 0, 1, -1, 0, 0, -1, -1, -1, 0, 1, -1, -1, -1, 1, -1, -1, 1, 1, -1, 1, -1, 0, -1, 0, -1, -1, -1, -1, 0, -1, 0, -1, -1, 0, 0, -1, 1, -1, -1, 1, -1, -1, 1, 0, 1, 0, -1, 0, 1, -1, -1, 0, -1, 1, -1, 0, -1, -1, 0, 1, 1, -1, 0, 0, -1, -1, -1, -1, -1, -1, 1, -1, 1, -1, 0, 1, 0, -1, 1, 0, 1, 0, 0, 0, -1, -1, 0, -1, 0, 0, 0, -1, 1, -1, 1, 1, 1, 0, 1, -1, 1, -1, -1, -1, 0, 0, -1, 1, 1, 1, 1, 1, -1, 1, 1, 0, 1, 0, 0, -1, 1, -1, 1, 0, 1, -1, 0, 0, -1, -1, 1, -1, -1, 0, -1, 1, 1, 1, 1, -1, 0, -1, 1, -1, 1, 0, 0, -1, 0, -1, -1, -1, 0, 0, 1, 0, -1, 1, 0, 0, 1, 1, 1, 1, 1, 1, -1, 1, 1, -1, -1, 0, 0, 0, 1, -1, 0, 1, -1, -1, -1, -1, -1, -1, -1, -1, -1, -1, -1, 1, 1, 1, -1]"
150,6,21,0.0,0.167123951786143,4,104,"[{'cluster_no': -1, 'count': 104}, {'cluster_no': 0, 'count': 64}, {'cluster_no': 1, 'count': 36}, {'cluster_no': 2, 'count': 33}]","[-1, 1, 1, 0, -1, 2, 2, 1, 1, 0, -1, 1, -1, -1, -1, -1, -1, 1, -1, -1, -1, -1, -1, -1, 1, 2, -1, 1, 1, 0, 0, -1, -1, 1, 2, 0, 2, -1, 1, 1, 2, 2, 0, -1, 1, 0, -1, 2, 1, -1, -1, -1, 1, 0, -1, -1, -1, 0, -1, -1, 0, 0, -1, 0, -1, 1, -1, 1, -1, -1, -1, -1, 1, -1, 2, -1, -1, 2, 1, -1, 0, -1, -1, 0, -1, -1, 0, 2, 0, 2, -1, 2, 0, -1, -1, 2, -1, 0, -1, 2, -1, -1, 1, 0, 0, -1, 2, 1, -1, -1, -1, -1, -1, -1, 0, -1, 0, -1, 2, 0, 1, -1, 0, 1, 0, 1, 1, 1, -1, -1, 2, -1, 2, 1, 2, -1, 0, -1, 0, 0, 0, 1, 0, -1, 0, -1, -1, -1, 2, 2, -1, 0, 0, 0, 0, 0, -1, 0, 0, 2, 0, 1, -1, -1, 0, -1, 0, 2, 0, -1, 2, 1, -1, -1, 0, -1, -1, 2, -1, 0, 0, 0, 0, -1, 1, -1, 0, -1, 0, 1, 2, -1, 2, -1, -1, -1, 2, 2, 0, 2, -1, 0, 1, 2, 0, 0, 0, 0, 0, 0, -1, 0, 0, -1, -1, 1, 1, 1, 0, -1, 2, 0, -1, -1, -1, -1, -1, -1, -1, -1, -1, -1, -1, 0, 0, 0, -1]"
150,6,21,0.5,0.17766739754466898,3,103,"[{'cluster_no': -1, 'count': 103}, {'cluster_no': 0, 'count': 70}, {'cluster_no': 1, 'count': 64}]","[-1, 0, 0, 1, -1, 0, 0, 0, 0, 1, -1, 0, -1, -1, -1, -1, -1, 0, -1, -1, -1, -1, -1, -1, 0, 0, -1, 0, 0, 1, 1, -1, -1, 0, 0, 1, 0, -1, 0, 0, 0, 0, 1, -1, 0, 1, -1, 0, 0, -1, -1, -1, 0, 1, -1, -1, -1, 1, -1, -1, 1, 1, -1, 1, -1, 0, -1, 0, -1, -1, -1, -1, 0, -1, 0, -1, -1, 0, 0, -1, 1, -1, -1, 1, -1, -1, 1, 0, 1, 0, -1, 0, 1, -1, -1, 0, -1, 1, -1, 0, -1, -1, 0, 1, 1, -1, 0, 0, -1, -1, -1, -1, -1, -1, 1, -1, 1, -1, 0, 1, 0, -1, 1, 0, 1, 0, 0, 0, -1, -1, 0, -1, 0, 0, 0, -1, 1, -1, 1, 1, 1, 0, 1, -1, 1, -1, -1, -1, 0, 0, -1, 1, 1, 1, 1, 1, -1, 1, 1, 0, 1, 0, 0, -1, 1, -1, 1, 0, 1, -1, 0, 0, -1, -1, 1, -1, -1, 0, -1, 1, 1, 1, 1, -1, 0, -1, 1, -1, 1, 0, 0, -1, 0, -1, -1, -1, 0, 0, 1, 0, -1, 1, 0, 0, 1, 1, 1, 1, 1, 1, -1, 1, 1, -1, -1, 0, 0, 0, 1, -1, 0, 1, -1, -1, -1, -1, -1, -1, -1, -1, -1, -1, -1, 1, 1, 1, -1]"
150,6,21,1.0,0.17766739754466898,3,103,"[{'cluster_no': -1, 'count': 103}, {'cluster_no': 0, 'count': 70}, {'cluster_no': 1, 'count': 64}]","[-1, 0, 0, 1, -1, 0, 0, 0, 0, 1, -1, 0, -1, -1, -1, -1, -1, 0, -1, -1, -1, -1, -1, -1, 0, 0, -1, 0, 0, 1, 1, -1, -1, 0, 0, 1, 0, -1, 0, 0, 0, 0, 1, -1, 0, 1, -1, 0, 0, -1, -1, -1, 0, 1, -1, -1, -1, 1, -1, -1, 1, 1, -1, 1, -1, 0, -1, 0, -1, -1, -1, -1, 0, -1, 0, -1, -1, 0, 0, -1, 1, -1, -1, 1, -1, -1, 1, 0, 1, 0, -1, 0, 1, -1, -1, 0, -1, 1, -1, 0, -1, -1, 0, 1, 1, -1, 0, 0, -1, -1, -1, -1, -1, -1, 1, -1, 1, -1, 0, 1, 0, -1, 1, 0, 1, 0, 0, 0, -1, -1, 0, -1, 0, 0, 0, -1, 1, -1, 1, 1, 1, 0, 1, -1, 1, -1, -1, -1, 0, 0, -1, 1, 1, 1, 1, 1, -1, 1, 1, 0, 1, 0, 0, -1, 1, -1, 1, 0, 1, -1, 0, 0, -1, -1, 1, -1, -1, 0, -1, 1, 1, 1, 1, -1, 0, -1, 1, -1, 1, 0, 0, -1, 0, -1, -1, -1, 0, 0, 1, 0, -1, 1, 0, 0, 1, 1, 1, 1, 1, 1, -1, 1, 1, -1, -1, 0, 0, 0, 1, -1, 0, 1, -1, -1, -1, -1, -1, -1, -1, -1, -1, -1, -1, 1, 1, 1, -1]"
150,6,22,0.0,0.167123951786143,4,104,"[{'cluster_no': -1, 'count': 104}, {'cluster_no': 0, 'count': 64}, {'cluster_no': 1, 'count': 36}, {'cluster_no': 2, 'count': 33}]","[-1, 1, 1, 0, -1, 2, 2, 1, 1, 0, -1, 1, -1, -1, -1, -1, -1, 1, -1, -1, -1, -1, -1, -1, 1, 2, -1, 1, 1, 0, 0, -1, -1, 1, 2, 0, 2, -1, 1, 1, 2, 2, 0, -1, 1, 0, -1, 2, 1, -1, -1, -1, 1, 0, -1, -1, -1, 0, -1, -1, 0, 0, -1, 0, -1, 1, -1, 1, -1, -1, -1, -1, 1, -1, 2, -1, -1, 2, 1, -1, 0, -1, -1, 0, -1, -1, 0, 2, 0, 2, -1, 2, 0, -1, -1, 2, -1, 0, -1, 2, -1, -1, 1, 0, 0, -1, 2, 1, -1, -1, -1, -1, -1, -1, 0, -1, 0, -1, 2, 0, 1, -1, 0, 1, 0, 1, 1, 1, -1, -1, 2, -1, 2, 1, 2, -1, 0, -1, 0, 0, 0, 1, 0, -1, 0, -1, -1, -1, 2, 2, -1, 0, 0, 0, 0, 0, -1, 0, 0, 2, 0, 1, -1, -1, 0, -1, 0, 2, 0, -1, 2, 1, -1, -1, 0, -1, -1, 2, -1, 0, 0, 0, 0, -1, 1, -1, 0, -1, 0, 1, 2, -1, 2, -1, -1, -1, 2, 2, 0, 2, -1, 0, 1, 2, 0, 0, 0, 0, 0, 0, -1, 0, 0, -1, -1, 1, 1, 1, 0, -1, 2, 0, -1, -1, -1, -1, -1, -1, -1, -1, -1, -1, -1, 0, 0, 0, -1]"
150,6,22,0.5,0.17766739754466898,3,103,"[{'cluster_no': -1, 'count': 103}, {'cluster_no': 0, 'count': 70}, {'cluster_no': 1, 'count': 64}]","[-1, 0, 0, 1, -1, 0, 0, 0, 0, 1, -1, 0, -1, -1, -1, -1, -1, 0, -1, -1, -1, -1, -1, -1, 0, 0, -1, 0, 0, 1, 1, -1, -1, 0, 0, 1, 0, -1, 0, 0, 0, 0, 1, -1, 0, 1, -1, 0, 0, -1, -1, -1, 0, 1, -1, -1, -1, 1, -1, -1, 1, 1, -1, 1, -1, 0, -1, 0, -1, -1, -1, -1, 0, -1, 0, -1, -1, 0, 0, -1, 1, -1, -1, 1, -1, -1, 1, 0, 1, 0, -1, 0, 1, -1, -1, 0, -1, 1, -1, 0, -1, -1, 0, 1, 1, -1, 0, 0, -1, -1, -1, -1, -1, -1, 1, -1, 1, -1, 0, 1, 0, -1, 1, 0, 1, 0, 0, 0, -1, -1, 0, -1, 0, 0, 0, -1, 1, -1, 1, 1, 1, 0, 1, -1, 1, -1, -1, -1, 0, 0, -1, 1, 1, 1, 1, 1, -1, 1, 1, 0, 1, 0, 0, -1, 1, -1, 1, 0, 1, -1, 0, 0, -1, -1, 1, -1, -1, 0, -1, 1, 1, 1, 1, -1, 0, -1, 1, -1, 1, 0, 0, -1, 0, -1, -1, -1, 0, 0, 1, 0, -1, 1, 0, 0, 1, 1, 1, 1, 1, 1, -1, 1, 1, -1, -1, 0, 0, 0, 1, -1, 0, 1, -1, -1, -1, -1, -1, -1, -1, -1, -1, -1, -1, 1, 1, 1, -1]"
150,6,22,1.0,0.17766739754466898,3,103,"[{'cluster_no': -1, 'count': 103}, {'cluster_no': 0, 'count': 70}, {'cluster_no': 1, 'count': 64}]","[-1, 0, 0, 1, -1, 0, 0, 0, 0, 1, -1, 0, -1, -1, -1, -1, -1, 0, -1, -1, -1, -1, -1, -1, 0, 0, -1, 0, 0, 1, 1, -1, -1, 0, 0, 1, 0, -1, 0, 0, 0, 0, 1, -1, 0, 1, -1, 0, 0, -1, -1, -1, 0, 1, -1, -1, -1, 1, -1, -1, 1, 1, -1, 1, -1, 0, -1, 0, -1, -1, -1, -1, 0, -1, 0, -1, -1, 0, 0, -1, 1, -1, -1, 1, -1, -1, 1, 0, 1, 0, -1, 0, 1, -1, -1, 0, -1, 1, -1, 0, -1, -1, 0, 1, 1, -1, 0, 0, -1, -1, -1, -1, -1, -1, 1, -1, 1, -1, 0, 1, 0, -1, 1, 0, 1, 0, 0, 0, -1, -1, 0, -1, 0, 0, 0, -1, 1, -1, 1, 1, 1, 0, 1, -1, 1, -1, -1, -1, 0, 0, -1, 1, 1, 1, 1, 1, -1, 1, 1, 0, 1, 0, 0, -1, 1, -1, 1, 0, 1, -1, 0, 0, -1, -1, 1, -1, -1, 0, -1, 1, 1, 1, 1, -1, 0, -1, 1, -1, 1, 0, 0, -1, 0, -1, -1, -1, 0, 0, 1, 0, -1, 1, 0, 0, 1, 1, 1, 1, 1, 1, -1, 1, 1, -1, -1, 0, 0, 0, 1, -1, 0, 1, -1, -1, -1, -1, -1, -1, -1, -1, -1, -1, -1, 1, 1, 1, -1]"
150,6,23,0.0,0.167123951786143,4,104,"[{'cluster_no': -1, 'count': 104}, {'cluster_no': 0, 'count': 64}, {'cluster_no': 1, 'count': 36}, {'cluster_no': 2, 'count': 33}]","[-1, 1, 1, 0, -1, 2, 2, 1, 1, 0, -1, 1, -1, -1, -1, -1, -1, 1, -1, -1, -1, -1, -1, -1, 1, 2, -1, 1, 1, 0, 0, -1, -1, 1, 2, 0, 2, -1, 1, 1, 2, 2, 0, -1, 1, 0, -1, 2, 1, -1, -1, -1, 1, 0, -1, -1, -1, 0, -1, -1, 0, 0, -1, 0, -1, 1, -1, 1, -1, -1, -1, -1, 1, -1, 2, -1, -1, 2, 1, -1, 0, -1, -1, 0, -1, -1, 0, 2, 0, 2, -1, 2, 0, -1, -1, 2, -1, 0, -1, 2, -1, -1, 1, 0, 0, -1, 2, 1, -1, -1, -1, -1, -1, -1, 0, -1, 0, -1, 2, 0, 1, -1, 0, 1, 0, 1, 1, 1, -1, -1, 2, -1, 2, 1, 2, -1, 0, -1, 0, 0, 0, 1, 0, -1, 0, -1, -1, -1, 2, 2, -1, 0, 0, 0, 0, 0, -1, 0, 0, 2, 0, 1, -1, -1, 0, -1, 0, 2, 0, -1, 2, 1, -1, -1, 0, -1, -1, 2, -1, 0, 0, 0, 0, -1, 1, -1, 0, -1, 0, 1, 2, -1, 2, -1, -1, -1, 2, 2, 0, 2, -1, 0, 1, 2, 0, 0, 0, 0, 0, 0, -1, 0, 0, -1, -1, 1, 1, 1, 0, -1, 2, 0, -1, -1, -1, -1, -1, -1, -1, -1, -1, -1, -1, 0, 0, 0, -1]"
150,6,23,0.5,0.17766739754466898,3,103,"[{'cluster_no': -1, 'count': 103}, {'cluster_no': 0, 'count': 70}, {'cluster_no': 1, 'count': 64}]","[-1, 0, 0, 1, -1, 0, 0, 0, 0, 1, -1, 0, -1, -1, -1, -1, -1, 0, -1, -1, -1, -1, -1, -1, 0, 0, -1, 0, 0, 1, 1, -1, -1, 0, 0, 1, 0, -1, 0, 0, 0, 0, 1, -1, 0, 1, -1, 0, 0, -1, -1, -1, 0, 1, -1, -1, -1, 1, -1, -1, 1, 1, -1, 1, -1, 0, -1, 0, -1, -1, -1, -1, 0, -1, 0, -1, -1, 0, 0, -1, 1, -1, -1, 1, -1, -1, 1, 0, 1, 0, -1, 0, 1, -1, -1, 0, -1, 1, -1, 0, -1, -1, 0, 1, 1, -1, 0, 0, -1, -1, -1, -1, -1, -1, 1, -1, 1, -1, 0, 1, 0, -1, 1, 0, 1, 0, 0, 0, -1, -1, 0, -1, 0, 0, 0, -1, 1, -1, 1, 1, 1, 0, 1, -1, 1, -1, -1, -1, 0, 0, -1, 1, 1, 1, 1, 1, -1, 1, 1, 0, 1, 0, 0, -1, 1, -1, 1, 0, 1, -1, 0, 0, -1, -1, 1, -1, -1, 0, -1, 1, 1, 1, 1, -1, 0, -1, 1, -1, 1, 0, 0, -1, 0, -1, -1, -1, 0, 0, 1, 0, -1, 1, 0, 0, 1, 1, 1, 1, 1, 1, -1, 1, 1, -1, -1, 0, 0, 0, 1, -1, 0, 1, -1, -1, -1, -1, -1, -1, -1, -1, -1, -1, -1, 1, 1, 1, -1]"
150,6,23,1.0,0.17766739754466898,3,103,"[{'cluster_no': -1, 'count': 103}, {'cluster_no': 0, 'count': 70}, {'cluster_no': 1, 'count': 64}]","[-1, 0, 0, 1, -1, 0, 0, 0, 0, 1, -1, 0, -1, -1, -1, -1, -1, 0, -1, -1, -1, -1, -1, -1, 0, 0, -1, 0, 0, 1, 1, -1, -1, 0, 0, 1, 0, -1, 0, 0, 0, 0, 1, -1, 0, 1, -1, 0, 0, -1, -1, -1, 0, 1, -1, -1, -1, 1, -1, -1, 1, 1, -1, 1, -1, 0, -1, 0, -1, -1, -1, -1, 0, -1, 0, -1, -1, 0, 0, -1, 1, -1, -1, 1, -1, -1, 1, 0, 1, 0, -1, 0, 1, -1, -1, 0, -1, 1, -1, 0, -1, -1, 0, 1, 1, -1, 0, 0, -1, -1, -1, -1, -1, -1, 1, -1, 1, -1, 0, 1, 0, -1, 1, 0, 1, 0, 0, 0, -1, -1, 0, -1, 0, 0, 0, -1, 1, -1, 1, 1, 1, 0, 1, -1, 1, -1, -1, -1, 0, 0, -1, 1, 1, 1, 1, 1, -1, 1, 1, 0, 1, 0, 0, -1, 1, -1, 1, 0, 1, -1, 0, 0, -1, -1, 1, -1, -1, 0, -1, 1, 1, 1, 1, -1, 0, -1, 1, -1, 1, 0, 0, -1, 0, -1, -1, -1, 0, 0, 1, 0, -1, 1, 0, 0, 1, 1, 1, 1, 1, 1, -1, 1, 1, -1, -1, 0, 0, 0, 1, -1, 0, 1, -1, -1, -1, -1, -1, -1, -1, -1, -1, -1, -1, 1, 1, 1, -1]"
150,6,24,0.0,0.167123951786143,4,104,"[{'cluster_no': -1, 'count': 104}, {'cluster_no': 0, 'count': 64}, {'cluster_no': 1, 'count': 36}, {'cluster_no': 2, 'count': 33}]","[-1, 1, 1, 0, -1, 2, 2, 1, 1, 0, -1, 1, -1, -1, -1, -1, -1, 1, -1, -1, -1, -1, -1, -1, 1, 2, -1, 1, 1, 0, 0, -1, -1, 1, 2, 0, 2, -1, 1, 1, 2, 2, 0, -1, 1, 0, -1, 2, 1, -1, -1, -1, 1, 0, -1, -1, -1, 0, -1, -1, 0, 0, -1, 0, -1, 1, -1, 1, -1, -1, -1, -1, 1, -1, 2, -1, -1, 2, 1, -1, 0, -1, -1, 0, -1, -1, 0, 2, 0, 2, -1, 2, 0, -1, -1, 2, -1, 0, -1, 2, -1, -1, 1, 0, 0, -1, 2, 1, -1, -1, -1, -1, -1, -1, 0, -1, 0, -1, 2, 0, 1, -1, 0, 1, 0, 1, 1, 1, -1, -1, 2, -1, 2, 1, 2, -1, 0, -1, 0, 0, 0, 1, 0, -1, 0, -1, -1, -1, 2, 2, -1, 0, 0, 0, 0, 0, -1, 0, 0, 2, 0, 1, -1, -1, 0, -1, 0, 2, 0, -1, 2, 1, -1, -1, 0, -1, -1, 2, -1, 0, 0, 0, 0, -1, 1, -1, 0, -1, 0, 1, 2, -1, 2, -1, -1, -1, 2, 2, 0, 2, -1, 0, 1, 2, 0, 0, 0, 0, 0, 0, -1, 0, 0, -1, -1, 1, 1, 1, 0, -1, 2, 0, -1, -1, -1, -1, -1, -1, -1, -1, -1, -1, -1, 0, 0, 0, -1]"
150,6,24,0.5,0.17766739754466898,3,103,"[{'cluster_no': -1, 'count': 103}, {'cluster_no': 0, 'count': 70}, {'cluster_no': 1, 'count': 64}]","[-1, 0, 0, 1, -1, 0, 0, 0, 0, 1, -1, 0, -1, -1, -1, -1, -1, 0, -1, -1, -1, -1, -1, -1, 0, 0, -1, 0, 0, 1, 1, -1, -1, 0, 0, 1, 0, -1, 0, 0, 0, 0, 1, -1, 0, 1, -1, 0, 0, -1, -1, -1, 0, 1, -1, -1, -1, 1, -1, -1, 1, 1, -1, 1, -1, 0, -1, 0, -1, -1, -1, -1, 0, -1, 0, -1, -1, 0, 0, -1, 1, -1, -1, 1, -1, -1, 1, 0, 1, 0, -1, 0, 1, -1, -1, 0, -1, 1, -1, 0, -1, -1, 0, 1, 1, -1, 0, 0, -1, -1, -1, -1, -1, -1, 1, -1, 1, -1, 0, 1, 0, -1, 1, 0, 1, 0, 0, 0, -1, -1, 0, -1, 0, 0, 0, -1, 1, -1, 1, 1, 1, 0, 1, -1, 1, -1, -1, -1, 0, 0, -1, 1, 1, 1, 1, 1, -1, 1, 1, 0, 1, 0, 0, -1, 1, -1, 1, 0, 1, -1, 0, 0, -1, -1, 1, -1, -1, 0, -1, 1, 1, 1, 1, -1, 0, -1, 1, -1, 1, 0, 0, -1, 0, -1, -1, -1, 0, 0, 1, 0, -1, 1, 0, 0, 1, 1, 1, 1, 1, 1, -1, 1, 1, -1, -1, 0, 0, 0, 1, -1, 0, 1, -1, -1, -1, -1, -1, -1, -1, -1, -1, -1, -1, 1, 1, 1, -1]"
150,6,24,1.0,0.17766739754466898,3,103,"[{'cluster_no': -1, 'count': 103}, {'cluster_no': 0, 'count': 70}, {'cluster_no': 1, 'count': 64}]","[-1, 0, 0, 1, -1, 0, 0, 0, 0, 1, -1, 0, -1, -1, -1, -1, -1, 0, -1, -1, -1, -1, -1, -1, 0, 0, -1, 0, 0, 1, 1, -1, -1, 0, 0, 1, 0, -1, 0, 0, 0, 0, 1, -1, 0, 1, -1, 0, 0, -1, -1, -1, 0, 1, -1, -1, -1, 1, -1, -1, 1, 1, -1, 1, -1, 0, -1, 0, -1, -1, -1, -1, 0, -1, 0, -1, -1, 0, 0, -1, 1, -1, -1, 1, -1, -1, 1, 0, 1, 0, -1, 0, 1, -1, -1, 0, -1, 1, -1, 0, -1, -1, 0, 1, 1, -1, 0, 0, -1, -1, -1, -1, -1, -1, 1, -1, 1, -1, 0, 1, 0, -1, 1, 0, 1, 0, 0, 0, -1, -1, 0, -1, 0, 0, 0, -1, 1, -1, 1, 1, 1, 0, 1, -1, 1, -1, -1, -1, 0, 0, -1, 1, 1, 1, 1, 1, -1, 1, 1, 0, 1, 0, 0, -1, 1, -1, 1, 0, 1, -1, 0, 0, -1, -1, 1, -1, -1, 0, -1, 1, 1, 1, 1, -1, 0, -1, 1, -1, 1, 0, 0, -1, 0, -1, -1, -1, 0, 0, 1, 0, -1, 1, 0, 0, 1, 1, 1, 1, 1, 1, -1, 1, 1, -1, -1, 0, 0, 0, 1, -1, 0, 1, -1, -1, -1, -1, -1, -1, -1, -1, -1, -1, -1, 1, 1, 1, -1]"
150,6,25,0.0,0.167123951786143,4,104,"[{'cluster_no': -1, 'count': 104}, {'cluster_no': 0, 'count': 64}, {'cluster_no': 1, 'count': 36}, {'cluster_no': 2, 'count': 33}]","[-1, 1, 1, 0, -1, 2, 2, 1, 1, 0, -1, 1, -1, -1, -1, -1, -1, 1, -1, -1, -1, -1, -1, -1, 1, 2, -1, 1, 1, 0, 0, -1, -1, 1, 2, 0, 2, -1, 1, 1, 2, 2, 0, -1, 1, 0, -1, 2, 1, -1, -1, -1, 1, 0, -1, -1, -1, 0, -1, -1, 0, 0, -1, 0, -1, 1, -1, 1, -1, -1, -1, -1, 1, -1, 2, -1, -1, 2, 1, -1, 0, -1, -1, 0, -1, -1, 0, 2, 0, 2, -1, 2, 0, -1, -1, 2, -1, 0, -1, 2, -1, -1, 1, 0, 0, -1, 2, 1, -1, -1, -1, -1, -1, -1, 0, -1, 0, -1, 2, 0, 1, -1, 0, 1, 0, 1, 1, 1, -1, -1, 2, -1, 2, 1, 2, -1, 0, -1, 0, 0, 0, 1, 0, -1, 0, -1, -1, -1, 2, 2, -1, 0, 0, 0, 0, 0, -1, 0, 0, 2, 0, 1, -1, -1, 0, -1, 0, 2, 0, -1, 2, 1, -1, -1, 0, -1, -1, 2, -1, 0, 0, 0, 0, -1, 1, -1, 0, -1, 0, 1, 2, -1, 2, -1, -1, -1, 2, 2, 0, 2, -1, 0, 1, 2, 0, 0, 0, 0, 0, 0, -1, 0, 0, -1, -1, 1, 1, 1, 0, -1, 2, 0, -1, -1, -1, -1, -1, -1, -1, -1, -1, -1, -1, 0, 0, 0, -1]"
150,6,25,0.5,0.17766739754466898,3,103,"[{'cluster_no': -1, 'count': 103}, {'cluster_no': 0, 'count': 70}, {'cluster_no': 1, 'count': 64}]","[-1, 0, 0, 1, -1, 0, 0, 0, 0, 1, -1, 0, -1, -1, -1, -1, -1, 0, -1, -1, -1, -1, -1, -1, 0, 0, -1, 0, 0, 1, 1, -1, -1, 0, 0, 1, 0, -1, 0, 0, 0, 0, 1, -1, 0, 1, -1, 0, 0, -1, -1, -1, 0, 1, -1, -1, -1, 1, -1, -1, 1, 1, -1, 1, -1, 0, -1, 0, -1, -1, -1, -1, 0, -1, 0, -1, -1, 0, 0, -1, 1, -1, -1, 1, -1, -1, 1, 0, 1, 0, -1, 0, 1, -1, -1, 0, -1, 1, -1, 0, -1, -1, 0, 1, 1, -1, 0, 0, -1, -1, -1, -1, -1, -1, 1, -1, 1, -1, 0, 1, 0, -1, 1, 0, 1, 0, 0, 0, -1, -1, 0, -1, 0, 0, 0, -1, 1, -1, 1, 1, 1, 0, 1, -1, 1, -1, -1, -1, 0, 0, -1, 1, 1, 1, 1, 1, -1, 1, 1, 0, 1, 0, 0, -1, 1, -1, 1, 0, 1, -1, 0, 0, -1, -1, 1, -1, -1, 0, -1, 1, 1, 1, 1, -1, 0, -1, 1, -1, 1, 0, 0, -1, 0, -1, -1, -1, 0, 0, 1, 0, -1, 1, 0, 0, 1, 1, 1, 1, 1, 1, -1, 1, 1, -1, -1, 0, 0, 0, 1, -1, 0, 1, -1, -1, -1, -1, -1, -1, -1, -1, -1, -1, -1, 1, 1, 1, -1]"
150,6,25,1.0,0.17766739754466898,3,103,"[{'cluster_no': -1, 'count': 103}, {'cluster_no': 0, 'count': 70}, {'cluster_no': 1, 'count': 64}]","[-1, 0, 0, 1, -1, 0, 0, 0, 0, 1, -1, 0, -1, -1, -1, -1, -1, 0, -1, -1, -1, -1, -1, -1, 0, 0, -1, 0, 0, 1, 1, -1, -1, 0, 0, 1, 0, -1, 0, 0, 0, 0, 1, -1, 0, 1, -1, 0, 0, -1, -1, -1, 0, 1, -1, -1, -1, 1, -1, -1, 1, 1, -1, 1, -1, 0, -1, 0, -1, -1, -1, -1, 0, -1, 0, -1, -1, 0, 0, -1, 1, -1, -1, 1, -1, -1, 1, 0, 1, 0, -1, 0, 1, -1, -1, 0, -1, 1, -1, 0, -1, -1, 0, 1, 1, -1, 0, 0, -1, -1, -1, -1, -1, -1, 1, -1, 1, -1, 0, 1, 0, -1, 1, 0, 1, 0, 0, 0, -1, -1, 0, -1, 0, 0, 0, -1, 1, -1, 1, 1, 1, 0, 1, -1, 1, -1, -1, -1, 0, 0, -1, 1, 1, 1, 1, 1, -1, 1, 1, 0, 1, 0, 0, -1, 1, -1, 1, 0, 1, -1, 0, 0, -1, -1, 1, -1, -1, 0, -1, 1, 1, 1, 1, -1, 0, -1, 1, -1, 1, 0, 0, -1, 0, -1, -1, -1, 0, 0, 1, 0, -1, 1, 0, 0, 1, 1, 1, 1, 1, 1, -1, 1, 1, -1, -1, 0, 0, 0, 1, -1, 0, 1, -1, -1, -1, -1, -1, -1, -1, -1, -1, -1, -1, 1, 1, 1, -1]"
150,6,26,0.0,0.167123951786143,4,104,"[{'cluster_no': -1, 'count': 104}, {'cluster_no': 0, 'count': 64}, {'cluster_no': 1, 'count': 36}, {'cluster_no': 2, 'count': 33}]","[-1, 1, 1, 0, -1, 2, 2, 1, 1, 0, -1, 1, -1, -1, -1, -1, -1, 1, -1, -1, -1, -1, -1, -1, 1, 2, -1, 1, 1, 0, 0, -1, -1, 1, 2, 0, 2, -1, 1, 1, 2, 2, 0, -1, 1, 0, -1, 2, 1, -1, -1, -1, 1, 0, -1, -1, -1, 0, -1, -1, 0, 0, -1, 0, -1, 1, -1, 1, -1, -1, -1, -1, 1, -1, 2, -1, -1, 2, 1, -1, 0, -1, -1, 0, -1, -1, 0, 2, 0, 2, -1, 2, 0, -1, -1, 2, -1, 0, -1, 2, -1, -1, 1, 0, 0, -1, 2, 1, -1, -1, -1, -1, -1, -1, 0, -1, 0, -1, 2, 0, 1, -1, 0, 1, 0, 1, 1, 1, -1, -1, 2, -1, 2, 1, 2, -1, 0, -1, 0, 0, 0, 1, 0, -1, 0, -1, -1, -1, 2, 2, -1, 0, 0, 0, 0, 0, -1, 0, 0, 2, 0, 1, -1, -1, 0, -1, 0, 2, 0, -1, 2, 1, -1, -1, 0, -1, -1, 2, -1, 0, 0, 0, 0, -1, 1, -1, 0, -1, 0, 1, 2, -1, 2, -1, -1, -1, 2, 2, 0, 2, -1, 0, 1, 2, 0, 0, 0, 0, 0, 0, -1, 0, 0, -1, -1, 1, 1, 1, 0, -1, 2, 0, -1, -1, -1, -1, -1, -1, -1, -1, -1, -1, -1, 0, 0, 0, -1]"
150,6,26,0.5,0.17766739754466898,3,103,"[{'cluster_no': -1, 'count': 103}, {'cluster_no': 0, 'count': 70}, {'cluster_no': 1, 'count': 64}]","[-1, 0, 0, 1, -1, 0, 0, 0, 0, 1, -1, 0, -1, -1, -1, -1, -1, 0, -1, -1, -1, -1, -1, -1, 0, 0, -1, 0, 0, 1, 1, -1, -1, 0, 0, 1, 0, -1, 0, 0, 0, 0, 1, -1, 0, 1, -1, 0, 0, -1, -1, -1, 0, 1, -1, -1, -1, 1, -1, -1, 1, 1, -1, 1, -1, 0, -1, 0, -1, -1, -1, -1, 0, -1, 0, -1, -1, 0, 0, -1, 1, -1, -1, 1, -1, -1, 1, 0, 1, 0, -1, 0, 1, -1, -1, 0, -1, 1, -1, 0, -1, -1, 0, 1, 1, -1, 0, 0, -1, -1, -1, -1, -1, -1, 1, -1, 1, -1, 0, 1, 0, -1, 1, 0, 1, 0, 0, 0, -1, -1, 0, -1, 0, 0, 0, -1, 1, -1, 1, 1, 1, 0, 1, -1, 1, -1, -1, -1, 0, 0, -1, 1, 1, 1, 1, 1, -1, 1, 1, 0, 1, 0, 0, -1, 1, -1, 1, 0, 1, -1, 0, 0, -1, -1, 1, -1, -1, 0, -1, 1, 1, 1, 1, -1, 0, -1, 1, -1, 1, 0, 0, -1, 0, -1, -1, -1, 0, 0, 1, 0, -1, 1, 0, 0, 1, 1, 1, 1, 1, 1, -1, 1, 1, -1, -1, 0, 0, 0, 1, -1, 0, 1, -1, -1, -1, -1, -1, -1, -1, -1, -1, -1, -1, 1, 1, 1, -1]"
150,6,26,1.0,0.17766739754466898,3,103,"[{'cluster_no': -1, 'count': 103}, {'cluster_no': 0, 'count': 70}, {'cluster_no': 1, 'count': 64}]","[-1, 0, 0, 1, -1, 0, 0, 0, 0, 1, -1, 0, -1, -1, -1, -1, -1, 0, -1, -1, -1, -1, -1, -1, 0, 0, -1, 0, 0, 1, 1, -1, -1, 0, 0, 1, 0, -1, 0, 0, 0, 0, 1, -1, 0, 1, -1, 0, 0, -1, -1, -1, 0, 1, -1, -1, -1, 1, -1, -1, 1, 1, -1, 1, -1, 0, -1, 0, -1, -1, -1, -1, 0, -1, 0, -1, -1, 0, 0, -1, 1, -1, -1, 1, -1, -1, 1, 0, 1, 0, -1, 0, 1, -1, -1, 0, -1, 1, -1, 0, -1, -1, 0, 1, 1, -1, 0, 0, -1, -1, -1, -1, -1, -1, 1, -1, 1, -1, 0, 1, 0, -1, 1, 0, 1, 0, 0, 0, -1, -1, 0, -1, 0, 0, 0, -1, 1, -1, 1, 1, 1, 0, 1, -1, 1, -1, -1, -1, 0, 0, -1, 1, 1, 1, 1, 1, -1, 1, 1, 0, 1, 0, 0, -1, 1, -1, 1, 0, 1, -1, 0, 0, -1, -1, 1, -1, -1, 0, -1, 1, 1, 1, 1, -1, 0, -1, 1, -1, 1, 0, 0, -1, 0, -1, -1, -1, 0, 0, 1, 0, -1, 1, 0, 0, 1, 1, 1, 1, 1, 1, -1, 1, 1, -1, -1, 0, 0, 0, 1, -1, 0, 1, -1, -1, -1, -1, -1, -1, -1, -1, -1, -1, -1, 1, 1, 1, -1]"
150,6,27,0.0,0.167123951786143,4,104,"[{'cluster_no': -1, 'count': 104}, {'cluster_no': 0, 'count': 64}, {'cluster_no': 1, 'count': 36}, {'cluster_no': 2, 'count': 33}]","[-1, 1, 1, 0, -1, 2, 2, 1, 1, 0, -1, 1, -1, -1, -1, -1, -1, 1, -1, -1, -1, -1, -1, -1, 1, 2, -1, 1, 1, 0, 0, -1, -1, 1, 2, 0, 2, -1, 1, 1, 2, 2, 0, -1, 1, 0, -1, 2, 1, -1, -1, -1, 1, 0, -1, -1, -1, 0, -1, -1, 0, 0, -1, 0, -1, 1, -1, 1, -1, -1, -1, -1, 1, -1, 2, -1, -1, 2, 1, -1, 0, -1, -1, 0, -1, -1, 0, 2, 0, 2, -1, 2, 0, -1, -1, 2, -1, 0, -1, 2, -1, -1, 1, 0, 0, -1, 2, 1, -1, -1, -1, -1, -1, -1, 0, -1, 0, -1, 2, 0, 1, -1, 0, 1, 0, 1, 1, 1, -1, -1, 2, -1, 2, 1, 2, -1, 0, -1, 0, 0, 0, 1, 0, -1, 0, -1, -1, -1, 2, 2, -1, 0, 0, 0, 0, 0, -1, 0, 0, 2, 0, 1, -1, -1, 0, -1, 0, 2, 0, -1, 2, 1, -1, -1, 0, -1, -1, 2, -1, 0, 0, 0, 0, -1, 1, -1, 0, -1, 0, 1, 2, -1, 2, -1, -1, -1, 2, 2, 0, 2, -1, 0, 1, 2, 0, 0, 0, 0, 0, 0, -1, 0, 0, -1, -1, 1, 1, 1, 0, -1, 2, 0, -1, -1, -1, -1, -1, -1, -1, -1, -1, -1, -1, 0, 0, 0, -1]"
150,6,27,0.5,0.17766739754466898,3,103,"[{'cluster_no': -1, 'count': 103}, {'cluster_no': 0, 'count': 70}, {'cluster_no': 1, 'count': 64}]","[-1, 0, 0, 1, -1, 0, 0, 0, 0, 1, -1, 0, -1, -1, -1, -1, -1, 0, -1, -1, -1, -1, -1, -1, 0, 0, -1, 0, 0, 1, 1, -1, -1, 0, 0, 1, 0, -1, 0, 0, 0, 0, 1, -1, 0, 1, -1, 0, 0, -1, -1, -1, 0, 1, -1, -1, -1, 1, -1, -1, 1, 1, -1, 1, -1, 0, -1, 0, -1, -1, -1, -1, 0, -1, 0, -1, -1, 0, 0, -1, 1, -1, -1, 1, -1, -1, 1, 0, 1, 0, -1, 0, 1, -1, -1, 0, -1, 1, -1, 0, -1, -1, 0, 1, 1, -1, 0, 0, -1, -1, -1, -1, -1, -1, 1, -1, 1, -1, 0, 1, 0, -1, 1, 0, 1, 0, 0, 0, -1, -1, 0, -1, 0, 0, 0, -1, 1, -1, 1, 1, 1, 0, 1, -1, 1, -1, -1, -1, 0, 0, -1, 1, 1, 1, 1, 1, -1, 1, 1, 0, 1, 0, 0, -1, 1, -1, 1, 0, 1, -1, 0, 0, -1, -1, 1, -1, -1, 0, -1, 1, 1, 1, 1, -1, 0, -1, 1, -1, 1, 0, 0, -1, 0, -1, -1, -1, 0, 0, 1, 0, -1, 1, 0, 0, 1, 1, 1, 1, 1, 1, -1, 1, 1, -1, -1, 0, 0, 0, 1, -1, 0, 1, -1, -1, -1, -1, -1, -1, -1, -1, -1, -1, -1, 1, 1, 1, -1]"
150,6,27,1.0,0.17766739754466898,3,103,"[{'cluster_no': -1, 'count': 103}, {'cluster_no': 0, 'count': 70}, {'cluster_no': 1, 'count': 64}]","[-1, 0, 0, 1, -1, 0, 0, 0, 0, 1, -1, 0, -1, -1, -1, -1, -1, 0, -1, -1, -1, -1, -1, -1, 0, 0, -1, 0, 0, 1, 1, -1, -1, 0, 0, 1, 0, -1, 0, 0, 0, 0, 1, -1, 0, 1, -1, 0, 0, -1, -1, -1, 0, 1, -1, -1, -1, 1, -1, -1, 1, 1, -1, 1, -1, 0, -1, 0, -1, -1, -1, -1, 0, -1, 0, -1, -1, 0, 0, -1, 1, -1, -1, 1, -1, -1, 1, 0, 1, 0, -1, 0, 1, -1, -1, 0, -1, 1, -1, 0, -1, -1, 0, 1, 1, -1, 0, 0, -1, -1, -1, -1, -1, -1, 1, -1, 1, -1, 0, 1, 0, -1, 1, 0, 1, 0, 0, 0, -1, -1, 0, -1, 0, 0, 0, -1, 1, -1, 1, 1, 1, 0, 1, -1, 1, -1, -1, -1, 0, 0, -1, 1, 1, 1, 1, 1, -1, 1, 1, 0, 1, 0, 0, -1, 1, -1, 1, 0, 1, -1, 0, 0, -1, -1, 1, -1, -1, 0, -1, 1, 1, 1, 1, -1, 0, -1, 1, -1, 1, 0, 0, -1, 0, -1, -1, -1, 0, 0, 1, 0, -1, 1, 0, 0, 1, 1, 1, 1, 1, 1, -1, 1, 1, -1, -1, 0, 0, 0, 1, -1, 0, 1, -1, -1, -1, -1, -1, -1, -1, -1, -1, -1, -1, 1, 1, 1, -1]"
150,6,28,0.0,0.167123951786143,4,104,"[{'cluster_no': -1, 'count': 104}, {'cluster_no': 0, 'count': 64}, {'cluster_no': 1, 'count': 36}, {'cluster_no': 2, 'count': 33}]","[-1, 1, 1, 0, -1, 2, 2, 1, 1, 0, -1, 1, -1, -1, -1, -1, -1, 1, -1, -1, -1, -1, -1, -1, 1, 2, -1, 1, 1, 0, 0, -1, -1, 1, 2, 0, 2, -1, 1, 1, 2, 2, 0, -1, 1, 0, -1, 2, 1, -1, -1, -1, 1, 0, -1, -1, -1, 0, -1, -1, 0, 0, -1, 0, -1, 1, -1, 1, -1, -1, -1, -1, 1, -1, 2, -1, -1, 2, 1, -1, 0, -1, -1, 0, -1, -1, 0, 2, 0, 2, -1, 2, 0, -1, -1, 2, -1, 0, -1, 2, -1, -1, 1, 0, 0, -1, 2, 1, -1, -1, -1, -1, -1, -1, 0, -1, 0, -1, 2, 0, 1, -1, 0, 1, 0, 1, 1, 1, -1, -1, 2, -1, 2, 1, 2, -1, 0, -1, 0, 0, 0, 1, 0, -1, 0, -1, -1, -1, 2, 2, -1, 0, 0, 0, 0, 0, -1, 0, 0, 2, 0, 1, -1, -1, 0, -1, 0, 2, 0, -1, 2, 1, -1, -1, 0, -1, -1, 2, -1, 0, 0, 0, 0, -1, 1, -1, 0, -1, 0, 1, 2, -1, 2, -1, -1, -1, 2, 2, 0, 2, -1, 0, 1, 2, 0, 0, 0, 0, 0, 0, -1, 0, 0, -1, -1, 1, 1, 1, 0, -1, 2, 0, -1, -1, -1, -1, -1, -1, -1, -1, -1, -1, -1, 0, 0, 0, -1]"
150,6,28,0.5,0.17766739754466898,3,103,"[{'cluster_no': -1, 'count': 103}, {'cluster_no': 0, 'count': 70}, {'cluster_no': 1, 'count': 64}]","[-1, 0, 0, 1, -1, 0, 0, 0, 0, 1, -1, 0, -1, -1, -1, -1, -1, 0, -1, -1, -1, -1, -1, -1, 0, 0, -1, 0, 0, 1, 1, -1, -1, 0, 0, 1, 0, -1, 0, 0, 0, 0, 1, -1, 0, 1, -1, 0, 0, -1, -1, -1, 0, 1, -1, -1, -1, 1, -1, -1, 1, 1, -1, 1, -1, 0, -1, 0, -1, -1, -1, -1, 0, -1, 0, -1, -1, 0, 0, -1, 1, -1, -1, 1, -1, -1, 1, 0, 1, 0, -1, 0, 1, -1, -1, 0, -1, 1, -1, 0, -1, -1, 0, 1, 1, -1, 0, 0, -1, -1, -1, -1, -1, -1, 1, -1, 1, -1, 0, 1, 0, -1, 1, 0, 1, 0, 0, 0, -1, -1, 0, -1, 0, 0, 0, -1, 1, -1, 1, 1, 1, 0, 1, -1, 1, -1, -1, -1, 0, 0, -1, 1, 1, 1, 1, 1, -1, 1, 1, 0, 1, 0, 0, -1, 1, -1, 1, 0, 1, -1, 0, 0, -1, -1, 1, -1, -1, 0, -1, 1, 1, 1, 1, -1, 0, -1, 1, -1, 1, 0, 0, -1, 0, -1, -1, -1, 0, 0, 1, 0, -1, 1, 0, 0, 1, 1, 1, 1, 1, 1, -1, 1, 1, -1, -1, 0, 0, 0, 1, -1, 0, 1, -1, -1, -1, -1, -1, -1, -1, -1, -1, -1, -1, 1, 1, 1, -1]"
150,6,28,1.0,0.17766739754466898,3,103,"[{'cluster_no': -1, 'count': 103}, {'cluster_no': 0, 'count': 70}, {'cluster_no': 1, 'count': 64}]","[-1, 0, 0, 1, -1, 0, 0, 0, 0, 1, -1, 0, -1, -1, -1, -1, -1, 0, -1, -1, -1, -1, -1, -1, 0, 0, -1, 0, 0, 1, 1, -1, -1, 0, 0, 1, 0, -1, 0, 0, 0, 0, 1, -1, 0, 1, -1, 0, 0, -1, -1, -1, 0, 1, -1, -1, -1, 1, -1, -1, 1, 1, -1, 1, -1, 0, -1, 0, -1, -1, -1, -1, 0, -1, 0, -1, -1, 0, 0, -1, 1, -1, -1, 1, -1, -1, 1, 0, 1, 0, -1, 0, 1, -1, -1, 0, -1, 1, -1, 0, -1, -1, 0, 1, 1, -1, 0, 0, -1, -1, -1, -1, -1, -1, 1, -1, 1, -1, 0, 1, 0, -1, 1, 0, 1, 0, 0, 0, -1, -1, 0, -1, 0, 0, 0, -1, 1, -1, 1, 1, 1, 0, 1, -1, 1, -1, -1, -1, 0, 0, -1, 1, 1, 1, 1, 1, -1, 1, 1, 0, 1, 0, 0, -1, 1, -1, 1, 0, 1, -1, 0, 0, -1, -1, 1, -1, -1, 0, -1, 1, 1, 1, 1, -1, 0, -1, 1, -1, 1, 0, 0, -1, 0, -1, -1, -1, 0, 0, 1, 0, -1, 1, 0, 0, 1, 1, 1, 1, 1, 1, -1, 1, 1, -1, -1, 0, 0, 0, 1, -1, 0, 1, -1, -1, -1, -1, -1, -1, -1, -1, -1, -1, -1, 1, 1, 1, -1]"
150,6,29,0.0,0.167123951786143,4,104,"[{'cluster_no': -1, 'count': 104}, {'cluster_no': 0, 'count': 64}, {'cluster_no': 1, 'count': 36}, {'cluster_no': 2, 'count': 33}]","[-1, 1, 1, 0, -1, 2, 2, 1, 1, 0, -1, 1, -1, -1, -1, -1, -1, 1, -1, -1, -1, -1, -1, -1, 1, 2, -1, 1, 1, 0, 0, -1, -1, 1, 2, 0, 2, -1, 1, 1, 2, 2, 0, -1, 1, 0, -1, 2, 1, -1, -1, -1, 1, 0, -1, -1, -1, 0, -1, -1, 0, 0, -1, 0, -1, 1, -1, 1, -1, -1, -1, -1, 1, -1, 2, -1, -1, 2, 1, -1, 0, -1, -1, 0, -1, -1, 0, 2, 0, 2, -1, 2, 0, -1, -1, 2, -1, 0, -1, 2, -1, -1, 1, 0, 0, -1, 2, 1, -1, -1, -1, -1, -1, -1, 0, -1, 0, -1, 2, 0, 1, -1, 0, 1, 0, 1, 1, 1, -1, -1, 2, -1, 2, 1, 2, -1, 0, -1, 0, 0, 0, 1, 0, -1, 0, -1, -1, -1, 2, 2, -1, 0, 0, 0, 0, 0, -1, 0, 0, 2, 0, 1, -1, -1, 0, -1, 0, 2, 0, -1, 2, 1, -1, -1, 0, -1, -1, 2, -1, 0, 0, 0, 0, -1, 1, -1, 0, -1, 0, 1, 2, -1, 2, -1, -1, -1, 2, 2, 0, 2, -1, 0, 1, 2, 0, 0, 0, 0, 0, 0, -1, 0, 0, -1, -1, 1, 1, 1, 0, -1, 2, 0, -1, -1, -1, -1, -1, -1, -1, -1, -1, -1, -1, 0, 0, 0, -1]"
150,6,29,0.5,0.17766739754466898,3,103,"[{'cluster_no': -1, 'count': 103}, {'cluster_no': 0, 'count': 70}, {'cluster_no': 1, 'count': 64}]","[-1, 0, 0, 1, -1, 0, 0, 0, 0, 1, -1, 0, -1, -1, -1, -1, -1, 0, -1, -1, -1, -1, -1, -1, 0, 0, -1, 0, 0, 1, 1, -1, -1, 0, 0, 1, 0, -1, 0, 0, 0, 0, 1, -1, 0, 1, -1, 0, 0, -1, -1, -1, 0, 1, -1, -1, -1, 1, -1, -1, 1, 1, -1, 1, -1, 0, -1, 0, -1, -1, -1, -1, 0, -1, 0, -1, -1, 0, 0, -1, 1, -1, -1, 1, -1, -1, 1, 0, 1, 0, -1, 0, 1, -1, -1, 0, -1, 1, -1, 0, -1, -1, 0, 1, 1, -1, 0, 0, -1, -1, -1, -1, -1, -1, 1, -1, 1, -1, 0, 1, 0, -1, 1, 0, 1, 0, 0, 0, -1, -1, 0, -1, 0, 0, 0, -1, 1, -1, 1, 1, 1, 0, 1, -1, 1, -1, -1, -1, 0, 0, -1, 1, 1, 1, 1, 1, -1, 1, 1, 0, 1, 0, 0, -1, 1, -1, 1, 0, 1, -1, 0, 0, -1, -1, 1, -1, -1, 0, -1, 1, 1, 1, 1, -1, 0, -1, 1, -1, 1, 0, 0, -1, 0, -1, -1, -1, 0, 0, 1, 0, -1, 1, 0, 0, 1, 1, 1, 1, 1, 1, -1, 1, 1, -1, -1, 0, 0, 0, 1, -1, 0, 1, -1, -1, -1, -1, -1, -1, -1, -1, -1, -1, -1, 1, 1, 1, -1]"
150,6,29,1.0,0.17766739754466898,3,103,"[{'cluster_no': -1, 'count': 103}, {'cluster_no': 0, 'count': 70}, {'cluster_no': 1, 'count': 64}]","[-1, 0, 0, 1, -1, 0, 0, 0, 0, 1, -1, 0, -1, -1, -1, -1, -1, 0, -1, -1, -1, -1, -1, -1, 0, 0, -1, 0, 0, 1, 1, -1, -1, 0, 0, 1, 0, -1, 0, 0, 0, 0, 1, -1, 0, 1, -1, 0, 0, -1, -1, -1, 0, 1, -1, -1, -1, 1, -1, -1, 1, 1, -1, 1, -1, 0, -1, 0, -1, -1, -1, -1, 0, -1, 0, -1, -1, 0, 0, -1, 1, -1, -1, 1, -1, -1, 1, 0, 1, 0, -1, 0, 1, -1, -1, 0, -1, 1, -1, 0, -1, -1, 0, 1, 1, -1, 0, 0, -1, -1, -1, -1, -1, -1, 1, -1, 1, -1, 0, 1, 0, -1, 1, 0, 1, 0, 0, 0, -1, -1, 0, -1, 0, 0, 0, -1, 1, -1, 1, 1, 1, 0, 1, -1, 1, -1, -1, -1, 0, 0, -1, 1, 1, 1, 1, 1, -1, 1, 1, 0, 1, 0, 0, -1, 1, -1, 1, 0, 1, -1, 0, 0, -1, -1, 1, -1, -1, 0, -1, 1, 1, 1, 1, -1, 0, -1, 1, -1, 1, 0, 0, -1, 0, -1, -1, -1, 0, 0, 1, 0, -1, 1, 0, 0, 1, 1, 1, 1, 1, 1, -1, 1, 1, -1, -1, 0, 0, 0, 1, -1, 0, 1, -1, -1, -1, -1, -1, -1, -1, -1, -1, -1, -1, 1, 1, 1, -1]"
150,6,30,0.0,0.167123951786143,4,104,"[{'cluster_no': -1, 'count': 104}, {'cluster_no': 0, 'count': 64}, {'cluster_no': 1, 'count': 36}, {'cluster_no': 2, 'count': 33}]","[-1, 1, 1, 0, -1, 2, 2, 1, 1, 0, -1, 1, -1, -1, -1, -1, -1, 1, -1, -1, -1, -1, -1, -1, 1, 2, -1, 1, 1, 0, 0, -1, -1, 1, 2, 0, 2, -1, 1, 1, 2, 2, 0, -1, 1, 0, -1, 2, 1, -1, -1, -1, 1, 0, -1, -1, -1, 0, -1, -1, 0, 0, -1, 0, -1, 1, -1, 1, -1, -1, -1, -1, 1, -1, 2, -1, -1, 2, 1, -1, 0, -1, -1, 0, -1, -1, 0, 2, 0, 2, -1, 2, 0, -1, -1, 2, -1, 0, -1, 2, -1, -1, 1, 0, 0, -1, 2, 1, -1, -1, -1, -1, -1, -1, 0, -1, 0, -1, 2, 0, 1, -1, 0, 1, 0, 1, 1, 1, -1, -1, 2, -1, 2, 1, 2, -1, 0, -1, 0, 0, 0, 1, 0, -1, 0, -1, -1, -1, 2, 2, -1, 0, 0, 0, 0, 0, -1, 0, 0, 2, 0, 1, -1, -1, 0, -1, 0, 2, 0, -1, 2, 1, -1, -1, 0, -1, -1, 2, -1, 0, 0, 0, 0, -1, 1, -1, 0, -1, 0, 1, 2, -1, 2, -1, -1, -1, 2, 2, 0, 2, -1, 0, 1, 2, 0, 0, 0, 0, 0, 0, -1, 0, 0, -1, -1, 1, 1, 1, 0, -1, 2, 0, -1, -1, -1, -1, -1, -1, -1, -1, -1, -1, -1, 0, 0, 0, -1]"
150,6,30,0.5,0.17766739754466898,3,103,"[{'cluster_no': -1, 'count': 103}, {'cluster_no': 0, 'count': 70}, {'cluster_no': 1, 'count': 64}]","[-1, 0, 0, 1, -1, 0, 0, 0, 0, 1, -1, 0, -1, -1, -1, -1, -1, 0, -1, -1, -1, -1, -1, -1, 0, 0, -1, 0, 0, 1, 1, -1, -1, 0, 0, 1, 0, -1, 0, 0, 0, 0, 1, -1, 0, 1, -1, 0, 0, -1, -1, -1, 0, 1, -1, -1, -1, 1, -1, -1, 1, 1, -1, 1, -1, 0, -1, 0, -1, -1, -1, -1, 0, -1, 0, -1, -1, 0, 0, -1, 1, -1, -1, 1, -1, -1, 1, 0, 1, 0, -1, 0, 1, -1, -1, 0, -1, 1, -1, 0, -1, -1, 0, 1, 1, -1, 0, 0, -1, -1, -1, -1, -1, -1, 1, -1, 1, -1, 0, 1, 0, -1, 1, 0, 1, 0, 0, 0, -1, -1, 0, -1, 0, 0, 0, -1, 1, -1, 1, 1, 1, 0, 1, -1, 1, -1, -1, -1, 0, 0, -1, 1, 1, 1, 1, 1, -1, 1, 1, 0, 1, 0, 0, -1, 1, -1, 1, 0, 1, -1, 0, 0, -1, -1, 1, -1, -1, 0, -1, 1, 1, 1, 1, -1, 0, -1, 1, -1, 1, 0, 0, -1, 0, -1, -1, -1, 0, 0, 1, 0, -1, 1, 0, 0, 1, 1, 1, 1, 1, 1, -1, 1, 1, -1, -1, 0, 0, 0, 1, -1, 0, 1, -1, -1, -1, -1, -1, -1, -1, -1, -1, -1, -1, 1, 1, 1, -1]"
150,6,30,1.0,0.17766739754466898,3,103,"[{'cluster_no': -1, 'count': 103}, {'cluster_no': 0, 'count': 70}, {'cluster_no': 1, 'count': 64}]","[-1, 0, 0, 1, -1, 0, 0, 0, 0, 1, -1, 0, -1, -1, -1, -1, -1, 0, -1, -1, -1, -1, -1, -1, 0, 0, -1, 0, 0, 1, 1, -1, -1, 0, 0, 1, 0, -1, 0, 0, 0, 0, 1, -1, 0, 1, -1, 0, 0, -1, -1, -1, 0, 1, -1, -1, -1, 1, -1, -1, 1, 1, -1, 1, -1, 0, -1, 0, -1, -1, -1, -1, 0, -1, 0, -1, -1, 0, 0, -1, 1, -1, -1, 1, -1, -1, 1, 0, 1, 0, -1, 0, 1, -1, -1, 0, -1, 1, -1, 0, -1, -1, 0, 1, 1, -1, 0, 0, -1, -1, -1, -1, -1, -1, 1, -1, 1, -1, 0, 1, 0, -1, 1, 0, 1, 0, 0, 0, -1, -1, 0, -1, 0, 0, 0, -1, 1, -1, 1, 1, 1, 0, 1, -1, 1, -1, -1, -1, 0, 0, -1, 1, 1, 1, 1, 1, -1, 1, 1, 0, 1, 0, 0, -1, 1, -1, 1, 0, 1, -1, 0, 0, -1, -1, 1, -1, -1, 0, -1, 1, 1, 1, 1, -1, 0, -1, 1, -1, 1, 0, 0, -1, 0, -1, -1, -1, 0, 0, 1, 0, -1, 1, 0, 0, 1, 1, 1, 1, 1, 1, -1, 1, 1, -1, -1, 0, 0, 0, 1, -1, 0, 1, -1, -1, -1, -1, -1, -1, -1, -1, -1, -1, -1, 1, 1, 1, -1]"
150,7,5,0.0,0.4833257914772586,9,139,"[{'cluster_no': -1, 'count': 139}, {'cluster_no': 0, 'count': 10}, {'cluster_no': 1, 'count': 13}, {'cluster_no': 2, 'count': 15}, {'cluster_no': 3, 'count': 7}, {'cluster_no': 4, 'count': 6}, {'cluster_no': 5, 'count': 20}, {'cluster_no': 6, 'count': 5}, {'cluster_no': 7, 'count': 22}]","[-1, 2, 2, -1, -1, -1, -1, 2, 2, -1, -1, 2, -1, -1, -1, -1, -1, -1, -1, -1, -1, -1, -1, -1, 2, 5, -1, -1, 1, 7, 7, -1, -1, 2, -1, -1, 5, -1, 1, 2, -1, 5, -1, -1, 2, 7, -1, -1, 2, -1, -1, -1, 2, -1, -1, -1, -1, 7, -1, -1, 3, 0, -1, 4, -1, 1, -1, -1, -1, -1, -1, -1, 2, -1, 5, -1, -1, -1, 1, -1, 7, -1, -1, -1, -1, -1, 4, 5, 7, -1, -1, 5, 3, -1, -1, 5, -1, 3, -1, -1, -1, -1, 1, 0, 7, -1, -1, 1, -1, -1, -1, -1, -1, -1, 7, -1, 7, -1, 5, 3, 1, -1, 0, -1, 0, -1, 2, 1, -1, -1, 5, -1, -1, 1, -1, -1, 7, -1, 4, 3, 6, 2, -1, -1, 7, -1, -1, -1, 5, 5, -1, -1, 4, 0, 0, -1, -1, 0, 7, 5, 7, -1, -1, -1, 6, -1, 7, 5, 7, -1, 5, 2, -1, -1, 7, -1, -1, 5, -1, 6, 0, -1, 0, -1, -1, -1, 7, -1, 0, 1, 5, -1, -1, -1, -1, -1, 5, 5, 6, 5, -1, 3, 1, 5, 3, -1, 7, 7, 6, -1, -1, 7, -1, -1, -1, 1, -1, 1, 7, -1, -1, -1, -1, -1, -1, -1, -1, -1, -1, -1, -1, -1, -1, 4, 7, 4, -1]"
150,7,5,0.5,0.0052059954179210655,3,112,"[{'cluster_no': -1, 'count': 112}, {'cluster_no': 0, 'count': 115}, {'cluster_no': 1, 'count': 10}]","[-1, 0, 0, -1, -1, 0, -1, 0, 0, -1, -1, 0, -1, -1, -1, -1, -1, 0, -1, -1, -1, -1, -1, -1, 0, 0, -1, 0, 0, 0, 0, -1, -1, 0, -1, 0, 0, -1, 0, 0, 0, 0, -1, -1, 0, 0, 0, 0, 0, -1, -1, 0, 0, 0, -1, -1, -1, 0, -1, -1, 0, 1, -1, 0, -1, 0, -1, 0, -1, -1, -1, -1, 0, -1, 0, -1, -1, 0, 0, -1, 0, -1, -1, 0, -1, -1, 0, 0, 0, 0, -1, 0, 0, -1, -1, 0, -1, 0, -1, 0, 0, -1, 0, 1, 0, -1, -1, 0, -1, -1, -1, -1, -1, -1, 0, -1, 0, -1, 0, 0, 0, -1, 1, 0, 1, 0, 0, 0, -1, -1, 0, -1, -1, 0, 0, -1, 0, -1, 0, 0, 0, 0, 0, -1, 0, -1, -1, -1, 0, 0, -1, 0, 0, 1, 1, -1, -1, 1, 0, 0, 0, 0, -1, -1, 0, -1, 0, 0, 0, -1, 0, 0, -1, -1, 0, -1, -1, 0, -1, 0, 1, 0, 1, -1, 0, -1, 0, -1, 1, 0, 0, -1, -1, -1, -1, -1, 0, 0, 0, 0, -1, 0, 0, 0, 0, -1, 0, 0, 0, 0, 0, 0, 0, -1, -1, 0, 0, 0, 0, -1, -1, -1, -1, -1, -1, -1, -1, -1, -1, -1, -1, -1, -1, 0, 0, 0, -1]"
150,7,5,1.0,0.0052059954179210655,3,112,"[{'cluster_no': -1, 'count': 112}, {'cluster_no': 0, 'count': 115}, {'cluster_no': 1, 'count': 10}]","[-1, 0, 0, -1, -1, 0, -1, 0, 0, -1, -1, 0, -1, -1, -1, -1, -1, 0, -1, -1, -1, -1, -1, -1, 0, 0, -1, 0, 0, 0, 0, -1, -1, 0, -1, 0, 0, -1, 0, 0, 0, 0, -1, -1, 0, 0, 0, 0, 0, -1, -1, 0, 0, 0, -1, -1, -1, 0, -1, -1, 0, 1, -1, 0, -1, 0, -1, 0, -1, -1, -1, -1, 0, -1, 0, -1, -1, 0, 0, -1, 0, -1, -1, 0, -1, -1, 0, 0, 0, 0, -1, 0, 0, -1, -1, 0, -1, 0, -1, 0, 0, -1, 0, 1, 0, -1, -1, 0, -1, -1, -1, -1, -1, -1, 0, -1, 0, -1, 0, 0, 0, -1, 1, 0, 1, 0, 0, 0, -1, -1, 0, -1, -1, 0, 0, -1, 0, -1, 0, 0, 0, 0, 0, -1, 0, -1, -1, -1, 0, 0, -1, 0, 0, 1, 1, -1, -1, 1, 0, 0, 0, 0, -1, -1, 0, -1, 0, 0, 0, -1, 0, 0, -1, -1, 0, -1, -1, 0, -1, 0, 1, 0, 1, -1, 0, -1, 0, -1, 1, 0, 0, -1, -1, -1, -1, -1, 0, 0, 0, 0, -1, 0, 0, 0, 0, -1, 0, 0, 0, 0, 0, 0, 0, -1, -1, 0, 0, 0, 0, -1, -1, -1, -1, -1, -1, -1, -1, -1, -1, -1, -1, -1, -1, 0, 0, 0, -1]"
150,7,6,0.0,0.47528774488602366,8,135,"[{'cluster_no': -1, 'count': 135}, {'cluster_no': 0, 'count': 10}, {'cluster_no': 1, 'count': 13}, {'cluster_no': 2, 'count': 15}, {'cluster_no': 3, 'count': 7}, {'cluster_no': 4, 'count': 6}, {'cluster_no': 5, 'count': 20}, {'cluster_no': 6, 'count': 31}]","[-1, 2, 2, -1, -1, -1, -1, 2, 2, -1, -1, 2, -1, -1, -1, -1, -1, -1, -1, -1, -1, -1, -1, -1, 2, 5, -1, -1, 1, 6, 6, -1, -1, 2, -1, -1, 5, -1, 1, 2, -1, 5, -1, -1, 2, 6, -1, -1, 2, -1, -1, -1, 2, -1, -1, -1, -1, 6, -1, -1, 3, 0, -1, 4, -1, 1, -1, -1, -1, -1, -1, -1, 2, -1, 5, -1, -1, -1, 1, -1, 6, -1, -1, 6, -1, -1, 4, 5, 6, -1, -1, 5, 3, -1, -1, 5, -1, 3, -1, -1, -1, -1, 1, 0, 6, -1, -1, 1, -1, -1, -1, -1, -1, -1, 6, -1, 6, -1, 5, 3, 1, -1, 0, -1, 0, -1, 2, 1, -1, -1, 5, -1, -1, 1, -1, -1, 6, -1, 4, 3, 6, 2, 6, -1, 6, -1, -1, -1, 5, 5, -1, -1, 4, 0, 0, -1, -1, 0, 6, 5, 6, -1, -1, -1, 6, -1, 6, 5, 6, -1, 5, 2, -1, -1, 6, -1, -1, 5, -1, 6, 0, 6, 0, -1, -1, -1, 6, -1, 0, 1, 5, -1, -1, -1, -1, -1, 5, 5, 6, 5, -1, 3, 1, 5, 3, -1, 6, 6, 6, 6, -1, 6, -1, -1, -1, 1, -1, 1, 6, -1, -1, -1, -1, -1, -1, -1, -1, -1, -1, -1, -1, -1, -1, 4, 6, 4, -1]"
150,7,6,0.5,0.0052059954179210655,3,112,"[{'cluster_no': -1, 'count': 112}, {'cluster_no': 0, 'count': 115}, {'cluster_no': 1, 'count': 10}]","[-1, 0, 0, -1, -1, 0, -1, 0, 0, -1, -1, 0, -1, -1, -1, -1, -1, 0, -1, -1, -1, -1, -1, -1, 0, 0, -1, 0, 0, 0, 0, -1, -1, 0, -1, 0, 0, -1, 0, 0, 0, 0, -1, -1, 0, 0, 0, 0, 0, -1, -1, 0, 0, 0, -1, -1, -1, 0, -1, -1, 0, 1, -1, 0, -1, 0, -1, 0, -1, -1, -1, -1, 0, -1, 0, -1, -1, 0, 0, -1, 0, -1, -1, 0, -1, -1, 0, 0, 0, 0, -1, 0, 0, -1, -1, 0, -1, 0, -1, 0, 0, -1, 0, 1, 0, -1, -1, 0, -1, -1, -1, -1, -1, -1, 0, -1, 0, -1, 0, 0, 0, -1, 1, 0, 1, 0, 0, 0, -1, -1, 0, -1, -1, 0, 0, -1, 0, -1, 0, 0, 0, 0, 0, -1, 0, -1, -1, -1, 0, 0, -1, 0, 0, 1, 1, -1, -1, 1, 0, 0, 0, 0, -1, -1, 0, -1, 0, 0, 0, -1, 0, 0, -1, -1, 0, -1, -1, 0, -1, 0, 1, 0, 1, -1, 0, -1, 0, -1, 1, 0, 0, -1, -1, -1, -1, -1, 0, 0, 0, 0, -1, 0, 0, 0, 0, -1, 0, 0, 0, 0, 0, 0, 0, -1, -1, 0, 0, 0, 0, -1, -1, -1, -1, -1, -1, -1, -1, -1, -1, -1, -1, -1, -1, 0, 0, 0, -1]"
150,7,6,1.0,0.0052059954179210655,3,112,"[{'cluster_no': -1, 'count': 112}, {'cluster_no': 0, 'count': 115}, {'cluster_no': 1, 'count': 10}]","[-1, 0, 0, -1, -1, 0, -1, 0, 0, -1, -1, 0, -1, -1, -1, -1, -1, 0, -1, -1, -1, -1, -1, -1, 0, 0, -1, 0, 0, 0, 0, -1, -1, 0, -1, 0, 0, -1, 0, 0, 0, 0, -1, -1, 0, 0, 0, 0, 0, -1, -1, 0, 0, 0, -1, -1, -1, 0, -1, -1, 0, 1, -1, 0, -1, 0, -1, 0, -1, -1, -1, -1, 0, -1, 0, -1, -1, 0, 0, -1, 0, -1, -1, 0, -1, -1, 0, 0, 0, 0, -1, 0, 0, -1, -1, 0, -1, 0, -1, 0, 0, -1, 0, 1, 0, -1, -1, 0, -1, -1, -1, -1, -1, -1, 0, -1, 0, -1, 0, 0, 0, -1, 1, 0, 1, 0, 0, 0, -1, -1, 0, -1, -1, 0, 0, -1, 0, -1, 0, 0, 0, 0, 0, -1, 0, -1, -1, -1, 0, 0, -1, 0, 0, 1, 1, -1, -1, 1, 0, 0, 0, 0, -1, -1, 0, -1, 0, 0, 0, -1, 0, 0, -1, -1, 0, -1, -1, 0, -1, 0, 1, 0, 1, -1, 0, -1, 0, -1, 1, 0, 0, -1, -1, -1, -1, -1, 0, 0, 0, 0, -1, 0, 0, 0, 0, -1, 0, 0, 0, 0, 0, 0, 0, -1, -1, 0, 0, 0, 0, -1, -1, -1, -1, -1, -1, -1, -1, -1, -1, -1, -1, -1, -1, 0, 0, 0, -1]"
150,7,7,0.0,0.4353240240213088,7,135,"[{'cluster_no': -1, 'count': 135}, {'cluster_no': 0, 'count': 10}, {'cluster_no': 1, 'count': 13}, {'cluster_no': 2, 'count': 15}, {'cluster_no': 3, 'count': 13}, {'cluster_no': 4, 'count': 20}, {'cluster_no': 5, 'count': 31}]","[-1, 2, 2, -1, -1, -1, -1, 2, 2, -1, -1, 2, -1, -1, -1, -1, -1, -1, -1, -1, -1, -1, -1, -1, 2, 4, -1, -1, 1, 5, 5, -1, -1, 2, -1, -1, 4, -1, 1, 2, -1, 4, -1, -1, 2, 5, -1, -1, 2, -1, -1, -1, 2, -1, -1, -1, -1, 5, -1, -1, 3, 0, -1, 3, -1, 1, -1, -1, -1, -1, -1, -1, 2, -1, 4, -1, -1, -1, 1, -1, 5, -1, -1, 5, -1, -1, 3, 4, 5, -1, -1, 4, 3, -1, -1, 4, -1, 3, -1, -1, -1, -1, 1, 0, 5, -1, -1, 1, -1, -1, -1, -1, -1, -1, 5, -1, 5, -1, 4, 3, 1, -1, 0, -1, 0, -1, 2, 1, -1, -1, 4, -1, -1, 1, -1, -1, 5, -1, 3, 3, 5, 2, 5, -1, 5, -1, -1, -1, 4, 4, -1, -1, 3, 0, 0, -1, -1, 0, 5, 4, 5, -1, -1, -1, 5, -1, 5, 4, 5, -1, 4, 2, -1, -1, 5, -1, -1, 4, -1, 5, 0, 5, 0, -1, -1, -1, 5, -1, 0, 1, 4, -1, -1, -1, -1, -1, 4, 4, 5, 4, -1, 3, 1, 4, 3, -1, 5, 5, 5, 5, -1, 5, -1, -1, -1, 1, -1, 1, 5, -1, -1, -1, -1, -1, -1, -1, -1, -1, -1, -1, -1, -1, -1, 3, 5, 3, -1]"
150,7,7,0.5,0.0052059954179210655,3,112,"[{'cluster_no': -1, 'count': 112}, {'cluster_no': 0, 'count': 115}, {'cluster_no': 1, 'count': 10}]","[-1, 0, 0, -1, -1, 0, -1, 0, 0, -1, -1, 0, -1, -1, -1, -1, -1, 0, -1, -1, -1, -1, -1, -1, 0, 0, -1, 0, 0, 0, 0, -1, -1, 0, -1, 0, 0, -1, 0, 0, 0, 0, -1, -1, 0, 0, 0, 0, 0, -1, -1, 0, 0, 0, -1, -1, -1, 0, -1, -1, 0, 1, -1, 0, -1, 0, -1, 0, -1, -1, -1, -1, 0, -1, 0, -1, -1, 0, 0, -1, 0, -1, -1, 0, -1, -1, 0, 0, 0, 0, -1, 0, 0, -1, -1, 0, -1, 0, -1, 0, 0, -1, 0, 1, 0, -1, -1, 0, -1, -1, -1, -1, -1, -1, 0, -1, 0, -1, 0, 0, 0, -1, 1, 0, 1, 0, 0, 0, -1, -1, 0, -1, -1, 0, 0, -1, 0, -1, 0, 0, 0, 0, 0, -1, 0, -1, -1, -1, 0, 0, -1, 0, 0, 1, 1, -1, -1, 1, 0, 0, 0, 0, -1, -1, 0, -1, 0, 0, 0, -1, 0, 0, -1, -1, 0, -1, -1, 0, -1, 0, 1, 0, 1, -1, 0, -1, 0, -1, 1, 0, 0, -1, -1, -1, -1, -1, 0, 0, 0, 0, -1, 0, 0, 0, 0, -1, 0, 0, 0, 0, 0, 0, 0, -1, -1, 0, 0, 0, 0, -1, -1, -1, -1, -1, -1, -1, -1, -1, -1, -1, -1, -1, -1, 0, 0, 0, -1]"
150,7,7,1.0,0.0052059954179210655,3,112,"[{'cluster_no': -1, 'count': 112}, {'cluster_no': 0, 'count': 115}, {'cluster_no': 1, 'count': 10}]","[-1, 0, 0, -1, -1, 0, -1, 0, 0, -1, -1, 0, -1, -1, -1, -1, -1, 0, -1, -1, -1, -1, -1, -1, 0, 0, -1, 0, 0, 0, 0, -1, -1, 0, -1, 0, 0, -1, 0, 0, 0, 0, -1, -1, 0, 0, 0, 0, 0, -1, -1, 0, 0, 0, -1, -1, -1, 0, -1, -1, 0, 1, -1, 0, -1, 0, -1, 0, -1, -1, -1, -1, 0, -1, 0, -1, -1, 0, 0, -1, 0, -1, -1, 0, -1, -1, 0, 0, 0, 0, -1, 0, 0, -1, -1, 0, -1, 0, -1, 0, 0, -1, 0, 1, 0, -1, -1, 0, -1, -1, -1, -1, -1, -1, 0, -1, 0, -1, 0, 0, 0, -1, 1, 0, 1, 0, 0, 0, -1, -1, 0, -1, -1, 0, 0, -1, 0, -1, 0, 0, 0, 0, 0, -1, 0, -1, -1, -1, 0, 0, -1, 0, 0, 1, 1, -1, -1, 1, 0, 0, 0, 0, -1, -1, 0, -1, 0, 0, 0, -1, 0, 0, -1, -1, 0, -1, -1, 0, -1, 0, 1, 0, 1, -1, 0, -1, 0, -1, 1, 0, 0, -1, -1, -1, -1, -1, 0, 0, 0, 0, -1, 0, 0, 0, 0, -1, 0, 0, 0, 0, 0, 0, 0, -1, -1, 0, 0, 0, 0, -1, -1, -1, -1, -1, -1, -1, -1, -1, -1, -1, -1, -1, -1, 0, 0, 0, -1]"
150,7,8,0.0,0.4353240240213088,7,135,"[{'cluster_no': -1, 'count': 135}, {'cluster_no': 0, 'count': 10}, {'cluster_no': 1, 'count': 13}, {'cluster_no': 2, 'count': 15}, {'cluster_no': 3, 'count': 13}, {'cluster_no': 4, 'count': 20}, {'cluster_no': 5, 'count': 31}]","[-1, 2, 2, -1, -1, -1, -1, 2, 2, -1, -1, 2, -1, -1, -1, -1, -1, -1, -1, -1, -1, -1, -1, -1, 2, 4, -1, -1, 1, 5, 5, -1, -1, 2, -1, -1, 4, -1, 1, 2, -1, 4, -1, -1, 2, 5, -1, -1, 2, -1, -1, -1, 2, -1, -1, -1, -1, 5, -1, -1, 3, 0, -1, 3, -1, 1, -1, -1, -1, -1, -1, -1, 2, -1, 4, -1, -1, -1, 1, -1, 5, -1, -1, 5, -1, -1, 3, 4, 5, -1, -1, 4, 3, -1, -1, 4, -1, 3, -1, -1, -1, -1, 1, 0, 5, -1, -1, 1, -1, -1, -1, -1, -1, -1, 5, -1, 5, -1, 4, 3, 1, -1, 0, -1, 0, -1, 2, 1, -1, -1, 4, -1, -1, 1, -1, -1, 5, -1, 3, 3, 5, 2, 5, -1, 5, -1, -1, -1, 4, 4, -1, -1, 3, 0, 0, -1, -1, 0, 5, 4, 5, -1, -1, -1, 5, -1, 5, 4, 5, -1, 4, 2, -1, -1, 5, -1, -1, 4, -1, 5, 0, 5, 0, -1, -1, -1, 5, -1, 0, 1, 4, -1, -1, -1, -1, -1, 4, 4, 5, 4, -1, 3, 1, 4, 3, -1, 5, 5, 5, 5, -1, 5, -1, -1, -1, 1, -1, 1, 5, -1, -1, -1, -1, -1, -1, -1, -1, -1, -1, -1, -1, -1, -1, 3, 5, 3, -1]"
150,7,8,0.5,0.0052059954179210655,3,112,"[{'cluster_no': -1, 'count': 112}, {'cluster_no': 0, 'count': 115}, {'cluster_no': 1, 'count': 10}]","[-1, 0, 0, -1, -1, 0, -1, 0, 0, -1, -1, 0, -1, -1, -1, -1, -1, 0, -1, -1, -1, -1, -1, -1, 0, 0, -1, 0, 0, 0, 0, -1, -1, 0, -1, 0, 0, -1, 0, 0, 0, 0, -1, -1, 0, 0, 0, 0, 0, -1, -1, 0, 0, 0, -1, -1, -1, 0, -1, -1, 0, 1, -1, 0, -1, 0, -1, 0, -1, -1, -1, -1, 0, -1, 0, -1, -1, 0, 0, -1, 0, -1, -1, 0, -1, -1, 0, 0, 0, 0, -1, 0, 0, -1, -1, 0, -1, 0, -1, 0, 0, -1, 0, 1, 0, -1, -1, 0, -1, -1, -1, -1, -1, -1, 0, -1, 0, -1, 0, 0, 0, -1, 1, 0, 1, 0, 0, 0, -1, -1, 0, -1, -1, 0, 0, -1, 0, -1, 0, 0, 0, 0, 0, -1, 0, -1, -1, -1, 0, 0, -1, 0, 0, 1, 1, -1, -1, 1, 0, 0, 0, 0, -1, -1, 0, -1, 0, 0, 0, -1, 0, 0, -1, -1, 0, -1, -1, 0, -1, 0, 1, 0, 1, -1, 0, -1, 0, -1, 1, 0, 0, -1, -1, -1, -1, -1, 0, 0, 0, 0, -1, 0, 0, 0, 0, -1, 0, 0, 0, 0, 0, 0, 0, -1, -1, 0, 0, 0, 0, -1, -1, -1, -1, -1, -1, -1, -1, -1, -1, -1, -1, -1, -1, 0, 0, 0, -1]"
150,7,8,1.0,0.0052059954179210655,3,112,"[{'cluster_no': -1, 'count': 112}, {'cluster_no': 0, 'count': 115}, {'cluster_no': 1, 'count': 10}]","[-1, 0, 0, -1, -1, 0, -1, 0, 0, -1, -1, 0, -1, -1, -1, -1, -1, 0, -1, -1, -1, -1, -1, -1, 0, 0, -1, 0, 0, 0, 0, -1, -1, 0, -1, 0, 0, -1, 0, 0, 0, 0, -1, -1, 0, 0, 0, 0, 0, -1, -1, 0, 0, 0, -1, -1, -1, 0, -1, -1, 0, 1, -1, 0, -1, 0, -1, 0, -1, -1, -1, -1, 0, -1, 0, -1, -1, 0, 0, -1, 0, -1, -1, 0, -1, -1, 0, 0, 0, 0, -1, 0, 0, -1, -1, 0, -1, 0, -1, 0, 0, -1, 0, 1, 0, -1, -1, 0, -1, -1, -1, -1, -1, -1, 0, -1, 0, -1, 0, 0, 0, -1, 1, 0, 1, 0, 0, 0, -1, -1, 0, -1, -1, 0, 0, -1, 0, -1, 0, 0, 0, 0, 0, -1, 0, -1, -1, -1, 0, 0, -1, 0, 0, 1, 1, -1, -1, 1, 0, 0, 0, 0, -1, -1, 0, -1, 0, 0, 0, -1, 0, 0, -1, -1, 0, -1, -1, 0, -1, 0, 1, 0, 1, -1, 0, -1, 0, -1, 1, 0, 0, -1, -1, -1, -1, -1, 0, 0, 0, 0, -1, 0, 0, 0, 0, -1, 0, 0, 0, 0, 0, 0, 0, -1, -1, 0, 0, 0, 0, -1, -1, -1, -1, -1, -1, -1, -1, -1, -1, -1, -1, -1, -1, 0, 0, 0, -1]"
150,7,9,0.0,0.4353240240213088,7,135,"[{'cluster_no': -1, 'count': 135}, {'cluster_no': 0, 'count': 10}, {'cluster_no': 1, 'count': 13}, {'cluster_no': 2, 'count': 15}, {'cluster_no': 3, 'count': 13}, {'cluster_no': 4, 'count': 20}, {'cluster_no': 5, 'count': 31}]","[-1, 2, 2, -1, -1, -1, -1, 2, 2, -1, -1, 2, -1, -1, -1, -1, -1, -1, -1, -1, -1, -1, -1, -1, 2, 4, -1, -1, 1, 5, 5, -1, -1, 2, -1, -1, 4, -1, 1, 2, -1, 4, -1, -1, 2, 5, -1, -1, 2, -1, -1, -1, 2, -1, -1, -1, -1, 5, -1, -1, 3, 0, -1, 3, -1, 1, -1, -1, -1, -1, -1, -1, 2, -1, 4, -1, -1, -1, 1, -1, 5, -1, -1, 5, -1, -1, 3, 4, 5, -1, -1, 4, 3, -1, -1, 4, -1, 3, -1, -1, -1, -1, 1, 0, 5, -1, -1, 1, -1, -1, -1, -1, -1, -1, 5, -1, 5, -1, 4, 3, 1, -1, 0, -1, 0, -1, 2, 1, -1, -1, 4, -1, -1, 1, -1, -1, 5, -1, 3, 3, 5, 2, 5, -1, 5, -1, -1, -1, 4, 4, -1, -1, 3, 0, 0, -1, -1, 0, 5, 4, 5, -1, -1, -1, 5, -1, 5, 4, 5, -1, 4, 2, -1, -1, 5, -1, -1, 4, -1, 5, 0, 5, 0, -1, -1, -1, 5, -1, 0, 1, 4, -1, -1, -1, -1, -1, 4, 4, 5, 4, -1, 3, 1, 4, 3, -1, 5, 5, 5, 5, -1, 5, -1, -1, -1, 1, -1, 1, 5, -1, -1, -1, -1, -1, -1, -1, -1, -1, -1, -1, -1, -1, -1, 3, 5, 3, -1]"
150,7,9,0.5,0.0052059954179210655,3,112,"[{'cluster_no': -1, 'count': 112}, {'cluster_no': 0, 'count': 115}, {'cluster_no': 1, 'count': 10}]","[-1, 0, 0, -1, -1, 0, -1, 0, 0, -1, -1, 0, -1, -1, -1, -1, -1, 0, -1, -1, -1, -1, -1, -1, 0, 0, -1, 0, 0, 0, 0, -1, -1, 0, -1, 0, 0, -1, 0, 0, 0, 0, -1, -1, 0, 0, 0, 0, 0, -1, -1, 0, 0, 0, -1, -1, -1, 0, -1, -1, 0, 1, -1, 0, -1, 0, -1, 0, -1, -1, -1, -1, 0, -1, 0, -1, -1, 0, 0, -1, 0, -1, -1, 0, -1, -1, 0, 0, 0, 0, -1, 0, 0, -1, -1, 0, -1, 0, -1, 0, 0, -1, 0, 1, 0, -1, -1, 0, -1, -1, -1, -1, -1, -1, 0, -1, 0, -1, 0, 0, 0, -1, 1, 0, 1, 0, 0, 0, -1, -1, 0, -1, -1, 0, 0, -1, 0, -1, 0, 0, 0, 0, 0, -1, 0, -1, -1, -1, 0, 0, -1, 0, 0, 1, 1, -1, -1, 1, 0, 0, 0, 0, -1, -1, 0, -1, 0, 0, 0, -1, 0, 0, -1, -1, 0, -1, -1, 0, -1, 0, 1, 0, 1, -1, 0, -1, 0, -1, 1, 0, 0, -1, -1, -1, -1, -1, 0, 0, 0, 0, -1, 0, 0, 0, 0, -1, 0, 0, 0, 0, 0, 0, 0, -1, -1, 0, 0, 0, 0, -1, -1, -1, -1, -1, -1, -1, -1, -1, -1, -1, -1, -1, -1, 0, 0, 0, -1]"
150,7,9,1.0,0.0052059954179210655,3,112,"[{'cluster_no': -1, 'count': 112}, {'cluster_no': 0, 'count': 115}, {'cluster_no': 1, 'count': 10}]","[-1, 0, 0, -1, -1, 0, -1, 0, 0, -1, -1, 0, -1, -1, -1, -1, -1, 0, -1, -1, -1, -1, -1, -1, 0, 0, -1, 0, 0, 0, 0, -1, -1, 0, -1, 0, 0, -1, 0, 0, 0, 0, -1, -1, 0, 0, 0, 0, 0, -1, -1, 0, 0, 0, -1, -1, -1, 0, -1, -1, 0, 1, -1, 0, -1, 0, -1, 0, -1, -1, -1, -1, 0, -1, 0, -1, -1, 0, 0, -1, 0, -1, -1, 0, -1, -1, 0, 0, 0, 0, -1, 0, 0, -1, -1, 0, -1, 0, -1, 0, 0, -1, 0, 1, 0, -1, -1, 0, -1, -1, -1, -1, -1, -1, 0, -1, 0, -1, 0, 0, 0, -1, 1, 0, 1, 0, 0, 0, -1, -1, 0, -1, -1, 0, 0, -1, 0, -1, 0, 0, 0, 0, 0, -1, 0, -1, -1, -1, 0, 0, -1, 0, 0, 1, 1, -1, -1, 1, 0, 0, 0, 0, -1, -1, 0, -1, 0, 0, 0, -1, 0, 0, -1, -1, 0, -1, -1, 0, -1, 0, 1, 0, 1, -1, 0, -1, 0, -1, 1, 0, 0, -1, -1, -1, -1, -1, 0, 0, 0, 0, -1, 0, 0, 0, 0, -1, 0, 0, 0, 0, 0, 0, 0, -1, -1, 0, 0, 0, 0, -1, -1, -1, -1, -1, -1, -1, -1, -1, -1, -1, -1, -1, -1, 0, 0, 0, -1]"
150,7,10,0.0,0.4353240240213088,7,135,"[{'cluster_no': -1, 'count': 135}, {'cluster_no': 0, 'count': 10}, {'cluster_no': 1, 'count': 13}, {'cluster_no': 2, 'count': 15}, {'cluster_no': 3, 'count': 13}, {'cluster_no': 4, 'count': 20}, {'cluster_no': 5, 'count': 31}]","[-1, 2, 2, -1, -1, -1, -1, 2, 2, -1, -1, 2, -1, -1, -1, -1, -1, -1, -1, -1, -1, -1, -1, -1, 2, 4, -1, -1, 1, 5, 5, -1, -1, 2, -1, -1, 4, -1, 1, 2, -1, 4, -1, -1, 2, 5, -1, -1, 2, -1, -1, -1, 2, -1, -1, -1, -1, 5, -1, -1, 3, 0, -1, 3, -1, 1, -1, -1, -1, -1, -1, -1, 2, -1, 4, -1, -1, -1, 1, -1, 5, -1, -1, 5, -1, -1, 3, 4, 5, -1, -1, 4, 3, -1, -1, 4, -1, 3, -1, -1, -1, -1, 1, 0, 5, -1, -1, 1, -1, -1, -1, -1, -1, -1, 5, -1, 5, -1, 4, 3, 1, -1, 0, -1, 0, -1, 2, 1, -1, -1, 4, -1, -1, 1, -1, -1, 5, -1, 3, 3, 5, 2, 5, -1, 5, -1, -1, -1, 4, 4, -1, -1, 3, 0, 0, -1, -1, 0, 5, 4, 5, -1, -1, -1, 5, -1, 5, 4, 5, -1, 4, 2, -1, -1, 5, -1, -1, 4, -1, 5, 0, 5, 0, -1, -1, -1, 5, -1, 0, 1, 4, -1, -1, -1, -1, -1, 4, 4, 5, 4, -1, 3, 1, 4, 3, -1, 5, 5, 5, 5, -1, 5, -1, -1, -1, 1, -1, 1, 5, -1, -1, -1, -1, -1, -1, -1, -1, -1, -1, -1, -1, -1, -1, 3, 5, 3, -1]"
150,7,10,0.5,0.0052059954179210655,3,112,"[{'cluster_no': -1, 'count': 112}, {'cluster_no': 0, 'count': 115}, {'cluster_no': 1, 'count': 10}]","[-1, 0, 0, -1, -1, 0, -1, 0, 0, -1, -1, 0, -1, -1, -1, -1, -1, 0, -1, -1, -1, -1, -1, -1, 0, 0, -1, 0, 0, 0, 0, -1, -1, 0, -1, 0, 0, -1, 0, 0, 0, 0, -1, -1, 0, 0, 0, 0, 0, -1, -1, 0, 0, 0, -1, -1, -1, 0, -1, -1, 0, 1, -1, 0, -1, 0, -1, 0, -1, -1, -1, -1, 0, -1, 0, -1, -1, 0, 0, -1, 0, -1, -1, 0, -1, -1, 0, 0, 0, 0, -1, 0, 0, -1, -1, 0, -1, 0, -1, 0, 0, -1, 0, 1, 0, -1, -1, 0, -1, -1, -1, -1, -1, -1, 0, -1, 0, -1, 0, 0, 0, -1, 1, 0, 1, 0, 0, 0, -1, -1, 0, -1, -1, 0, 0, -1, 0, -1, 0, 0, 0, 0, 0, -1, 0, -1, -1, -1, 0, 0, -1, 0, 0, 1, 1, -1, -1, 1, 0, 0, 0, 0, -1, -1, 0, -1, 0, 0, 0, -1, 0, 0, -1, -1, 0, -1, -1, 0, -1, 0, 1, 0, 1, -1, 0, -1, 0, -1, 1, 0, 0, -1, -1, -1, -1, -1, 0, 0, 0, 0, -1, 0, 0, 0, 0, -1, 0, 0, 0, 0, 0, 0, 0, -1, -1, 0, 0, 0, 0, -1, -1, -1, -1, -1, -1, -1, -1, -1, -1, -1, -1, -1, -1, 0, 0, 0, -1]"
150,7,10,1.0,0.0052059954179210655,3,112,"[{'cluster_no': -1, 'count': 112}, {'cluster_no': 0, 'count': 115}, {'cluster_no': 1, 'count': 10}]","[-1, 0, 0, -1, -1, 0, -1, 0, 0, -1, -1, 0, -1, -1, -1, -1, -1, 0, -1, -1, -1, -1, -1, -1, 0, 0, -1, 0, 0, 0, 0, -1, -1, 0, -1, 0, 0, -1, 0, 0, 0, 0, -1, -1, 0, 0, 0, 0, 0, -1, -1, 0, 0, 0, -1, -1, -1, 0, -1, -1, 0, 1, -1, 0, -1, 0, -1, 0, -1, -1, -1, -1, 0, -1, 0, -1, -1, 0, 0, -1, 0, -1, -1, 0, -1, -1, 0, 0, 0, 0, -1, 0, 0, -1, -1, 0, -1, 0, -1, 0, 0, -1, 0, 1, 0, -1, -1, 0, -1, -1, -1, -1, -1, -1, 0, -1, 0, -1, 0, 0, 0, -1, 1, 0, 1, 0, 0, 0, -1, -1, 0, -1, -1, 0, 0, -1, 0, -1, 0, 0, 0, 0, 0, -1, 0, -1, -1, -1, 0, 0, -1, 0, 0, 1, 1, -1, -1, 1, 0, 0, 0, 0, -1, -1, 0, -1, 0, 0, 0, -1, 0, 0, -1, -1, 0, -1, -1, 0, -1, 0, 1, 0, 1, -1, 0, -1, 0, -1, 1, 0, 0, -1, -1, -1, -1, -1, 0, 0, 0, 0, -1, 0, 0, 0, 0, -1, 0, 0, 0, 0, 0, 0, 0, -1, -1, 0, 0, 0, 0, -1, -1, -1, -1, -1, -1, -1, -1, -1, -1, -1, -1, -1, -1, 0, 0, 0, -1]"
150,7,11,0.0,0.49283293443719184,6,145,"[{'cluster_no': -1, 'count': 145}, {'cluster_no': 0, 'count': 13}, {'cluster_no': 1, 'count': 15}, {'cluster_no': 2, 'count': 13}, {'cluster_no': 3, 'count': 20}, {'cluster_no': 4, 'count': 31}]","[-1, 1, 1, -1, -1, -1, -1, 1, 1, -1, -1, 1, -1, -1, -1, -1, -1, -1, -1, -1, -1, -1, -1, -1, 1, 3, -1, -1, 0, 4, 4, -1, -1, 1, -1, -1, 3, -1, 0, 1, -1, 3, -1, -1, 1, 4, -1, -1, 1, -1, -1, -1, 1, -1, -1, -1, -1, 4, -1, -1, 2, -1, -1, 2, -1, 0, -1, -1, -1, -1, -1, -1, 1, -1, 3, -1, -1, -1, 0, -1, 4, -1, -1, 4, -1, -1, 2, 3, 4, -1, -1, 3, 2, -1, -1, 3, -1, 2, -1, -1, -1, -1, 0, -1, 4, -1, -1, 0, -1, -1, -1, -1, -1, -1, 4, -1, 4, -1, 3, 2, 0, -1, -1, -1, -1, -1, 1, 0, -1, -1, 3, -1, -1, 0, -1, -1, 4, -1, 2, 2, 4, 1, 4, -1, 4, -1, -1, -1, 3, 3, -1, -1, 2, -1, -1, -1, -1, -1, 4, 3, 4, -1, -1, -1, 4, -1, 4, 3, 4, -1, 3, 1, -1, -1, 4, -1, -1, 3, -1, 4, -1, 4, -1, -1, -1, -1, 4, -1, -1, 0, 3, -1, -1, -1, -1, -1, 3, 3, 4, 3, -1, 2, 0, 3, 2, -1, 4, 4, 4, 4, -1, 4, -1, -1, -1, 0, -1, 0, 4, -1, -1, -1, -1, -1, -1, -1, -1, -1, -1, -1, -1, -1, -1, 2, 4, 2, -1]"
150,7,11,0.5,0.18004858383226127,3,125,"[{'cluster_no': -1, 'count': 125}, {'cluster_no': 0, 'count': 38}, {'cluster_no': 1, 'count': 74}]","[-1, 0, 0, -1, -1, 1, -1, 0, 0, -1, -1, 0, -1, -1, -1, -1, -1, -1, -1, -1, -1, -1, -1, -1, 0, 1, -1, 0, 0, 1, 1, -1, -1, 0, -1, 1, 1, -1, 0, 0, 1, 1, -1, -1, 0, 1, -1, 1, 0, -1, -1, 1, 0, 1, -1, -1, -1, 1, -1, -1, 1, -1, -1, 1, -1, 0, -1, 0, -1, -1, -1, -1, 0, -1, 1, -1, -1, 0, 0, -1, 1, -1, -1, 1, -1, -1, 1, 1, 1, 0, -1, 1, 1, -1, -1, 1, -1, 1, -1, 0, -1, -1, 0, -1, 1, -1, -1, 0, -1, -1, -1, -1, -1, -1, 1, -1, 1, -1, 1, 1, 0, -1, -1, 0, -1, 0, 0, 0, -1, -1, 1, -1, -1, 0, 1, -1, 1, -1, 1, 1, 1, 0, 1, -1, 1, -1, -1, -1, 1, 1, -1, 1, 1, -1, -1, -1, -1, -1, 1, 1, 1, 0, -1, -1, 1, -1, 1, 1, 1, -1, 1, 0, -1, -1, 1, -1, -1, 1, -1, 1, -1, 1, -1, -1, 0, -1, 1, -1, -1, 0, 1, -1, -1, -1, -1, -1, 1, 1, 1, 1, -1, 1, 0, 1, 1, -1, 1, 1, 1, 1, 1, 1, 1, -1, -1, 0, 0, 0, 1, -1, -1, -1, -1, -1, -1, -1, -1, -1, -1, -1, -1, -1, -1, 1, 1, 1, -1]"
150,7,11,1.0,0.18004858383226127,3,125,"[{'cluster_no': -1, 'count': 125}, {'cluster_no': 0, 'count': 38}, {'cluster_no': 1, 'count': 74}]","[-1, 0, 0, -1, -1, 1, -1, 0, 0, -1, -1, 0, -1, -1, -1, -1, -1, -1, -1, -1, -1, -1, -1, -1, 0, 1, -1, 0, 0, 1, 1, -1, -1, 0, -1, 1, 1, -1, 0, 0, 1, 1, -1, -1, 0, 1, -1, 1, 0, -1, -1, 1, 0, 1, -1, -1, -1, 1, -1, -1, 1, -1, -1, 1, -1, 0, -1, 0, -1, -1, -1, -1, 0, -1, 1, -1, -1, 0, 0, -1, 1, -1, -1, 1, -1, -1, 1, 1, 1, 0, -1, 1, 1, -1, -1, 1, -1, 1, -1, 0, -1, -1, 0, -1, 1, -1, -1, 0, -1, -1, -1, -1, -1, -1, 1, -1, 1, -1, 1, 1, 0, -1, -1, 0, -1, 0, 0, 0, -1, -1, 1, -1, -1, 0, 1, -1, 1, -1, 1, 1, 1, 0, 1, -1, 1, -1, -1, -1, 1, 1, -1, 1, 1, -1, -1, -1, -1, -1, 1, 1, 1, 0, -1, -1, 1, -1, 1, 1, 1, -1, 1, 0, -1, -1, 1, -1, -1, 1, -1, 1, -1, 1, -1, -1, 0, -1, 1, -1, -1, 0, 1, -1, -1, -1, -1, -1, 1, 1, 1, 1, -1, 1, 0, 1, 1, -1, 1, 1, 1, 1, 1, 1, 1, -1, -1, 0, 0, 0, 1, -1, -1, -1, -1, -1, -1, -1, -1, -1, -1, -1, -1, -1, -1, 1, 1, 1, -1]"
150,7,12,0.0,0.49283293443719184,6,145,"[{'cluster_no': -1, 'count': 145}, {'cluster_no': 0, 'count': 13}, {'cluster_no': 1, 'count': 15}, {'cluster_no': 2, 'count': 13}, {'cluster_no': 3, 'count': 20}, {'cluster_no': 4, 'count': 31}]","[-1, 1, 1, -1, -1, -1, -1, 1, 1, -1, -1, 1, -1, -1, -1, -1, -1, -1, -1, -1, -1, -1, -1, -1, 1, 3, -1, -1, 0, 4, 4, -1, -1, 1, -1, -1, 3, -1, 0, 1, -1, 3, -1, -1, 1, 4, -1, -1, 1, -1, -1, -1, 1, -1, -1, -1, -1, 4, -1, -1, 2, -1, -1, 2, -1, 0, -1, -1, -1, -1, -1, -1, 1, -1, 3, -1, -1, -1, 0, -1, 4, -1, -1, 4, -1, -1, 2, 3, 4, -1, -1, 3, 2, -1, -1, 3, -1, 2, -1, -1, -1, -1, 0, -1, 4, -1, -1, 0, -1, -1, -1, -1, -1, -1, 4, -1, 4, -1, 3, 2, 0, -1, -1, -1, -1, -1, 1, 0, -1, -1, 3, -1, -1, 0, -1, -1, 4, -1, 2, 2, 4, 1, 4, -1, 4, -1, -1, -1, 3, 3, -1, -1, 2, -1, -1, -1, -1, -1, 4, 3, 4, -1, -1, -1, 4, -1, 4, 3, 4, -1, 3, 1, -1, -1, 4, -1, -1, 3, -1, 4, -1, 4, -1, -1, -1, -1, 4, -1, -1, 0, 3, -1, -1, -1, -1, -1, 3, 3, 4, 3, -1, 2, 0, 3, 2, -1, 4, 4, 4, 4, -1, 4, -1, -1, -1, 0, -1, 0, 4, -1, -1, -1, -1, -1, -1, -1, -1, -1, -1, -1, -1, -1, -1, 2, 4, 2, -1]"
150,7,12,0.5,0.18004858383226127,3,125,"[{'cluster_no': -1, 'count': 125}, {'cluster_no': 0, 'count': 38}, {'cluster_no': 1, 'count': 74}]","[-1, 0, 0, -1, -1, 1, -1, 0, 0, -1, -1, 0, -1, -1, -1, -1, -1, -1, -1, -1, -1, -1, -1, -1, 0, 1, -1, 0, 0, 1, 1, -1, -1, 0, -1, 1, 1, -1, 0, 0, 1, 1, -1, -1, 0, 1, -1, 1, 0, -1, -1, 1, 0, 1, -1, -1, -1, 1, -1, -1, 1, -1, -1, 1, -1, 0, -1, 0, -1, -1, -1, -1, 0, -1, 1, -1, -1, 0, 0, -1, 1, -1, -1, 1, -1, -1, 1, 1, 1, 0, -1, 1, 1, -1, -1, 1, -1, 1, -1, 0, -1, -1, 0, -1, 1, -1, -1, 0, -1, -1, -1, -1, -1, -1, 1, -1, 1, -1, 1, 1, 0, -1, -1, 0, -1, 0, 0, 0, -1, -1, 1, -1, -1, 0, 1, -1, 1, -1, 1, 1, 1, 0, 1, -1, 1, -1, -1, -1, 1, 1, -1, 1, 1, -1, -1, -1, -1, -1, 1, 1, 1, 0, -1, -1, 1, -1, 1, 1, 1, -1, 1, 0, -1, -1, 1, -1, -1, 1, -1, 1, -1, 1, -1, -1, 0, -1, 1, -1, -1, 0, 1, -1, -1, -1, -1, -1, 1, 1, 1, 1, -1, 1, 0, 1, 1, -1, 1, 1, 1, 1, 1, 1, 1, -1, -1, 0, 0, 0, 1, -1, -1, -1, -1, -1, -1, -1, -1, -1, -1, -1, -1, -1, -1, 1, 1, 1, -1]"
150,7,12,1.0,0.18004858383226127,3,125,"[{'cluster_no': -1, 'count': 125}, {'cluster_no': 0, 'count': 38}, {'cluster_no': 1, 'count': 74}]","[-1, 0, 0, -1, -1, 1, -1, 0, 0, -1, -1, 0, -1, -1, -1, -1, -1, -1, -1, -1, -1, -1, -1, -1, 0, 1, -1, 0, 0, 1, 1, -1, -1, 0, -1, 1, 1, -1, 0, 0, 1, 1, -1, -1, 0, 1, -1, 1, 0, -1, -1, 1, 0, 1, -1, -1, -1, 1, -1, -1, 1, -1, -1, 1, -1, 0, -1, 0, -1, -1, -1, -1, 0, -1, 1, -1, -1, 0, 0, -1, 1, -1, -1, 1, -1, -1, 1, 1, 1, 0, -1, 1, 1, -1, -1, 1, -1, 1, -1, 0, -1, -1, 0, -1, 1, -1, -1, 0, -1, -1, -1, -1, -1, -1, 1, -1, 1, -1, 1, 1, 0, -1, -1, 0, -1, 0, 0, 0, -1, -1, 1, -1, -1, 0, 1, -1, 1, -1, 1, 1, 1, 0, 1, -1, 1, -1, -1, -1, 1, 1, -1, 1, 1, -1, -1, -1, -1, -1, 1, 1, 1, 0, -1, -1, 1, -1, 1, 1, 1, -1, 1, 0, -1, -1, 1, -1, -1, 1, -1, 1, -1, 1, -1, -1, 0, -1, 1, -1, -1, 0, 1, -1, -1, -1, -1, -1, 1, 1, 1, 1, -1, 1, 0, 1, 1, -1, 1, 1, 1, 1, 1, 1, 1, -1, -1, 0, 0, 0, 1, -1, -1, -1, -1, -1, -1, -1, -1, -1, -1, -1, -1, -1, -1, 1, 1, 1, -1]"
150,7,13,0.0,0.49283293443719184,6,145,"[{'cluster_no': -1, 'count': 145}, {'cluster_no': 0, 'count': 13}, {'cluster_no': 1, 'count': 15}, {'cluster_no': 2, 'count': 13}, {'cluster_no': 3, 'count': 20}, {'cluster_no': 4, 'count': 31}]","[-1, 1, 1, -1, -1, -1, -1, 1, 1, -1, -1, 1, -1, -1, -1, -1, -1, -1, -1, -1, -1, -1, -1, -1, 1, 3, -1, -1, 0, 4, 4, -1, -1, 1, -1, -1, 3, -1, 0, 1, -1, 3, -1, -1, 1, 4, -1, -1, 1, -1, -1, -1, 1, -1, -1, -1, -1, 4, -1, -1, 2, -1, -1, 2, -1, 0, -1, -1, -1, -1, -1, -1, 1, -1, 3, -1, -1, -1, 0, -1, 4, -1, -1, 4, -1, -1, 2, 3, 4, -1, -1, 3, 2, -1, -1, 3, -1, 2, -1, -1, -1, -1, 0, -1, 4, -1, -1, 0, -1, -1, -1, -1, -1, -1, 4, -1, 4, -1, 3, 2, 0, -1, -1, -1, -1, -1, 1, 0, -1, -1, 3, -1, -1, 0, -1, -1, 4, -1, 2, 2, 4, 1, 4, -1, 4, -1, -1, -1, 3, 3, -1, -1, 2, -1, -1, -1, -1, -1, 4, 3, 4, -1, -1, -1, 4, -1, 4, 3, 4, -1, 3, 1, -1, -1, 4, -1, -1, 3, -1, 4, -1, 4, -1, -1, -1, -1, 4, -1, -1, 0, 3, -1, -1, -1, -1, -1, 3, 3, 4, 3, -1, 2, 0, 3, 2, -1, 4, 4, 4, 4, -1, 4, -1, -1, -1, 0, -1, 0, 4, -1, -1, -1, -1, -1, -1, -1, -1, -1, -1, -1, -1, -1, -1, 2, 4, 2, -1]"
150,7,13,0.5,0.18004858383226127,3,125,"[{'cluster_no': -1, 'count': 125}, {'cluster_no': 0, 'count': 38}, {'cluster_no': 1, 'count': 74}]","[-1, 0, 0, -1, -1, 1, -1, 0, 0, -1, -1, 0, -1, -1, -1, -1, -1, -1, -1, -1, -1, -1, -1, -1, 0, 1, -1, 0, 0, 1, 1, -1, -1, 0, -1, 1, 1, -1, 0, 0, 1, 1, -1, -1, 0, 1, -1, 1, 0, -1, -1, 1, 0, 1, -1, -1, -1, 1, -1, -1, 1, -1, -1, 1, -1, 0, -1, 0, -1, -1, -1, -1, 0, -1, 1, -1, -1, 0, 0, -1, 1, -1, -1, 1, -1, -1, 1, 1, 1, 0, -1, 1, 1, -1, -1, 1, -1, 1, -1, 0, -1, -1, 0, -1, 1, -1, -1, 0, -1, -1, -1, -1, -1, -1, 1, -1, 1, -1, 1, 1, 0, -1, -1, 0, -1, 0, 0, 0, -1, -1, 1, -1, -1, 0, 1, -1, 1, -1, 1, 1, 1, 0, 1, -1, 1, -1, -1, -1, 1, 1, -1, 1, 1, -1, -1, -1, -1, -1, 1, 1, 1, 0, -1, -1, 1, -1, 1, 1, 1, -1, 1, 0, -1, -1, 1, -1, -1, 1, -1, 1, -1, 1, -1, -1, 0, -1, 1, -1, -1, 0, 1, -1, -1, -1, -1, -1, 1, 1, 1, 1, -1, 1, 0, 1, 1, -1, 1, 1, 1, 1, 1, 1, 1, -1, -1, 0, 0, 0, 1, -1, -1, -1, -1, -1, -1, -1, -1, -1, -1, -1, -1, -1, -1, 1, 1, 1, -1]"
150,7,13,1.0,0.18004858383226127,3,125,"[{'cluster_no': -1, 'count': 125}, {'cluster_no': 0, 'count': 38}, {'cluster_no': 1, 'count': 74}]","[-1, 0, 0, -1, -1, 1, -1, 0, 0, -1, -1, 0, -1, -1, -1, -1, -1, -1, -1, -1, -1, -1, -1, -1, 0, 1, -1, 0, 0, 1, 1, -1, -1, 0, -1, 1, 1, -1, 0, 0, 1, 1, -1, -1, 0, 1, -1, 1, 0, -1, -1, 1, 0, 1, -1, -1, -1, 1, -1, -1, 1, -1, -1, 1, -1, 0, -1, 0, -1, -1, -1, -1, 0, -1, 1, -1, -1, 0, 0, -1, 1, -1, -1, 1, -1, -1, 1, 1, 1, 0, -1, 1, 1, -1, -1, 1, -1, 1, -1, 0, -1, -1, 0, -1, 1, -1, -1, 0, -1, -1, -1, -1, -1, -1, 1, -1, 1, -1, 1, 1, 0, -1, -1, 0, -1, 0, 0, 0, -1, -1, 1, -1, -1, 0, 1, -1, 1, -1, 1, 1, 1, 0, 1, -1, 1, -1, -1, -1, 1, 1, -1, 1, 1, -1, -1, -1, -1, -1, 1, 1, 1, 0, -1, -1, 1, -1, 1, 1, 1, -1, 1, 0, -1, -1, 1, -1, -1, 1, -1, 1, -1, 1, -1, -1, 0, -1, 1, -1, -1, 0, 1, -1, -1, -1, -1, -1, 1, 1, 1, 1, -1, 1, 0, 1, 1, -1, 1, 1, 1, 1, 1, 1, 1, -1, -1, 0, 0, 0, 1, -1, -1, -1, -1, -1, -1, -1, -1, -1, -1, -1, -1, -1, -1, 1, 1, 1, -1]"
150,7,14,0.0,0.4291974011403547,4,148,"[{'cluster_no': -1, 'count': 148}, {'cluster_no': 0, 'count': 38}, {'cluster_no': 1, 'count': 20}, {'cluster_no': 2, 'count': 31}]","[-1, 0, 0, -1, -1, -1, -1, 0, 0, -1, -1, 0, -1, -1, -1, -1, -1, -1, -1, -1, -1, -1, -1, -1, 0, 1, -1, 0, 0, 2, 2, -1, -1, 0, -1, -1, 1, -1, 0, 0, -1, 1, -1, -1, 0, 2, -1, -1, 0, -1, -1, -1, 0, -1, -1, -1, -1, 2, -1, -1, -1, -1, -1, -1, -1, 0, -1, 0, -1, -1, -1, -1, 0, -1, 1, -1, -1, 0, 0, -1, 2, -1, -1, 2, -1, -1, -1, 1, 2, 0, -1, 1, -1, -1, -1, 1, -1, -1, -1, 0, -1, -1, 0, -1, 2, -1, -1, 0, -1, -1, -1, -1, -1, -1, 2, -1, 2, -1, 1, -1, 0, -1, -1, 0, -1, 0, 0, 0, -1, -1, 1, -1, -1, 0, -1, -1, 2, -1, -1, -1, 2, 0, 2, -1, 2, -1, -1, -1, 1, 1, -1, -1, -1, -1, -1, -1, -1, -1, 2, 1, 2, 0, -1, -1, 2, -1, 2, 1, 2, -1, 1, 0, -1, -1, 2, -1, -1, 1, -1, 2, -1, 2, -1, -1, 0, -1, 2, -1, -1, 0, 1, -1, -1, -1, -1, -1, 1, 1, 2, 1, -1, -1, 0, 1, -1, -1, 2, 2, 2, 2, -1, 2, -1, -1, -1, 0, 0, 0, 2, -1, -1, -1, -1, -1, -1, -1, -1, -1, -1, -1, -1, -1, -1, -1, 2, -1, -1]"
150,7,14,0.5,0.18004858383226127,3,125,"[{'cluster_no': -1, 'count': 125}, {'cluster_no': 0, 'count': 38}, {'cluster_no': 1, 'count': 74}]","[-1, 0, 0, -1, -1, 1, -1, 0, 0, -1, -1, 0, -1, -1, -1, -1, -1, -1, -1, -1, -1, -1, -1, -1, 0, 1, -1, 0, 0, 1, 1, -1, -1, 0, -1, 1, 1, -1, 0, 0, 1, 1, -1, -1, 0, 1, -1, 1, 0, -1, -1, 1, 0, 1, -1, -1, -1, 1, -1, -1, 1, -1, -1, 1, -1, 0, -1, 0, -1, -1, -1, -1, 0, -1, 1, -1, -1, 0, 0, -1, 1, -1, -1, 1, -1, -1, 1, 1, 1, 0, -1, 1, 1, -1, -1, 1, -1, 1, -1, 0, -1, -1, 0, -1, 1, -1, -1, 0, -1, -1, -1, -1, -1, -1, 1, -1, 1, -1, 1, 1, 0, -1, -1, 0, -1, 0, 0, 0, -1, -1, 1, -1, -1, 0, 1, -1, 1, -1, 1, 1, 1, 0, 1, -1, 1, -1, -1, -1, 1, 1, -1, 1, 1, -1, -1, -1, -1, -1, 1, 1, 1, 0, -1, -1, 1, -1, 1, 1, 1, -1, 1, 0, -1, -1, 1, -1, -1, 1, -1, 1, -1, 1, -1, -1, 0, -1, 1, -1, -1, 0, 1, -1, -1, -1, -1, -1, 1, 1, 1, 1, -1, 1, 0, 1, 1, -1, 1, 1, 1, 1, 1, 1, 1, -1, -1, 0, 0, 0, 1, -1, -1, -1, -1, -1, -1, -1, -1, -1, -1, -1, -1, -1, -1, 1, 1, 1, -1]"
150,7,14,1.0,0.18004858383226127,3,125,"[{'cluster_no': -1, 'count': 125}, {'cluster_no': 0, 'count': 38}, {'cluster_no': 1, 'count': 74}]","[-1, 0, 0, -1, -1, 1, -1, 0, 0, -1, -1, 0, -1, -1, -1, -1, -1, -1, -1, -1, -1, -1, -1, -1, 0, 1, -1, 0, 0, 1, 1, -1, -1, 0, -1, 1, 1, -1, 0, 0, 1, 1, -1, -1, 0, 1, -1, 1, 0, -1, -1, 1, 0, 1, -1, -1, -1, 1, -1, -1, 1, -1, -1, 1, -1, 0, -1, 0, -1, -1, -1, -1, 0, -1, 1, -1, -1, 0, 0, -1, 1, -1, -1, 1, -1, -1, 1, 1, 1, 0, -1, 1, 1, -1, -1, 1, -1, 1, -1, 0, -1, -1, 0, -1, 1, -1, -1, 0, -1, -1, -1, -1, -1, -1, 1, -1, 1, -1, 1, 1, 0, -1, -1, 0, -1, 0, 0, 0, -1, -1, 1, -1, -1, 0, 1, -1, 1, -1, 1, 1, 1, 0, 1, -1, 1, -1, -1, -1, 1, 1, -1, 1, 1, -1, -1, -1, -1, -1, 1, 1, 1, 0, -1, -1, 1, -1, 1, 1, 1, -1, 1, 0, -1, -1, 1, -1, -1, 1, -1, 1, -1, 1, -1, -1, 0, -1, 1, -1, -1, 0, 1, -1, -1, -1, -1, -1, 1, 1, 1, 1, -1, 1, 0, 1, 1, -1, 1, 1, 1, 1, 1, 1, 1, -1, -1, 0, 0, 0, 1, -1, -1, -1, -1, -1, -1, -1, -1, -1, -1, -1, -1, -1, -1, 1, 1, 1, -1]"
150,7,15,0.0,0.4291974011403547,4,148,"[{'cluster_no': -1, 'count': 148}, {'cluster_no': 0, 'count': 38}, {'cluster_no': 1, 'count': 20}, {'cluster_no': 2, 'count': 31}]","[-1, 0, 0, -1, -1, -1, -1, 0, 0, -1, -1, 0, -1, -1, -1, -1, -1, -1, -1, -1, -1, -1, -1, -1, 0, 1, -1, 0, 0, 2, 2, -1, -1, 0, -1, -1, 1, -1, 0, 0, -1, 1, -1, -1, 0, 2, -1, -1, 0, -1, -1, -1, 0, -1, -1, -1, -1, 2, -1, -1, -1, -1, -1, -1, -1, 0, -1, 0, -1, -1, -1, -1, 0, -1, 1, -1, -1, 0, 0, -1, 2, -1, -1, 2, -1, -1, -1, 1, 2, 0, -1, 1, -1, -1, -1, 1, -1, -1, -1, 0, -1, -1, 0, -1, 2, -1, -1, 0, -1, -1, -1, -1, -1, -1, 2, -1, 2, -1, 1, -1, 0, -1, -1, 0, -1, 0, 0, 0, -1, -1, 1, -1, -1, 0, -1, -1, 2, -1, -1, -1, 2, 0, 2, -1, 2, -1, -1, -1, 1, 1, -1, -1, -1, -1, -1, -1, -1, -1, 2, 1, 2, 0, -1, -1, 2, -1, 2, 1, 2, -1, 1, 0, -1, -1, 2, -1, -1, 1, -1, 2, -1, 2, -1, -1, 0, -1, 2, -1, -1, 0, 1, -1, -1, -1, -1, -1, 1, 1, 2, 1, -1, -1, 0, 1, -1, -1, 2, 2, 2, 2, -1, 2, -1, -1, -1, 0, 0, 0, 2, -1, -1, -1, -1, -1, -1, -1, -1, -1, -1, -1, -1, -1, -1, -1, 2, -1, -1]"
150,7,15,0.5,0.18004858383226127,3,125,"[{'cluster_no': -1, 'count': 125}, {'cluster_no': 0, 'count': 38}, {'cluster_no': 1, 'count': 74}]","[-1, 0, 0, -1, -1, 1, -1, 0, 0, -1, -1, 0, -1, -1, -1, -1, -1, -1, -1, -1, -1, -1, -1, -1, 0, 1, -1, 0, 0, 1, 1, -1, -1, 0, -1, 1, 1, -1, 0, 0, 1, 1, -1, -1, 0, 1, -1, 1, 0, -1, -1, 1, 0, 1, -1, -1, -1, 1, -1, -1, 1, -1, -1, 1, -1, 0, -1, 0, -1, -1, -1, -1, 0, -1, 1, -1, -1, 0, 0, -1, 1, -1, -1, 1, -1, -1, 1, 1, 1, 0, -1, 1, 1, -1, -1, 1, -1, 1, -1, 0, -1, -1, 0, -1, 1, -1, -1, 0, -1, -1, -1, -1, -1, -1, 1, -1, 1, -1, 1, 1, 0, -1, -1, 0, -1, 0, 0, 0, -1, -1, 1, -1, -1, 0, 1, -1, 1, -1, 1, 1, 1, 0, 1, -1, 1, -1, -1, -1, 1, 1, -1, 1, 1, -1, -1, -1, -1, -1, 1, 1, 1, 0, -1, -1, 1, -1, 1, 1, 1, -1, 1, 0, -1, -1, 1, -1, -1, 1, -1, 1, -1, 1, -1, -1, 0, -1, 1, -1, -1, 0, 1, -1, -1, -1, -1, -1, 1, 1, 1, 1, -1, 1, 0, 1, 1, -1, 1, 1, 1, 1, 1, 1, 1, -1, -1, 0, 0, 0, 1, -1, -1, -1, -1, -1, -1, -1, -1, -1, -1, -1, -1, -1, -1, 1, 1, 1, -1]"
150,7,15,1.0,0.18004858383226127,3,125,"[{'cluster_no': -1, 'count': 125}, {'cluster_no': 0, 'count': 38}, {'cluster_no': 1, 'count': 74}]","[-1, 0, 0, -1, -1, 1, -1, 0, 0, -1, -1, 0, -1, -1, -1, -1, -1, -1, -1, -1, -1, -1, -1, -1, 0, 1, -1, 0, 0, 1, 1, -1, -1, 0, -1, 1, 1, -1, 0, 0, 1, 1, -1, -1, 0, 1, -1, 1, 0, -1, -1, 1, 0, 1, -1, -1, -1, 1, -1, -1, 1, -1, -1, 1, -1, 0, -1, 0, -1, -1, -1, -1, 0, -1, 1, -1, -1, 0, 0, -1, 1, -1, -1, 1, -1, -1, 1, 1, 1, 0, -1, 1, 1, -1, -1, 1, -1, 1, -1, 0, -1, -1, 0, -1, 1, -1, -1, 0, -1, -1, -1, -1, -1, -1, 1, -1, 1, -1, 1, 1, 0, -1, -1, 0, -1, 0, 0, 0, -1, -1, 1, -1, -1, 0, 1, -1, 1, -1, 1, 1, 1, 0, 1, -1, 1, -1, -1, -1, 1, 1, -1, 1, 1, -1, -1, -1, -1, -1, 1, 1, 1, 0, -1, -1, 1, -1, 1, 1, 1, -1, 1, 0, -1, -1, 1, -1, -1, 1, -1, 1, -1, 1, -1, -1, 0, -1, 1, -1, -1, 0, 1, -1, -1, -1, -1, -1, 1, 1, 1, 1, -1, 1, 0, 1, 1, -1, 1, 1, 1, 1, 1, 1, 1, -1, -1, 0, 0, 0, 1, -1, -1, -1, -1, -1, -1, -1, -1, -1, -1, -1, -1, -1, -1, 1, 1, 1, -1]"
150,7,16,0.0,0.4291974011403547,4,148,"[{'cluster_no': -1, 'count': 148}, {'cluster_no': 0, 'count': 38}, {'cluster_no': 1, 'count': 20}, {'cluster_no': 2, 'count': 31}]","[-1, 0, 0, -1, -1, -1, -1, 0, 0, -1, -1, 0, -1, -1, -1, -1, -1, -1, -1, -1, -1, -1, -1, -1, 0, 1, -1, 0, 0, 2, 2, -1, -1, 0, -1, -1, 1, -1, 0, 0, -1, 1, -1, -1, 0, 2, -1, -1, 0, -1, -1, -1, 0, -1, -1, -1, -1, 2, -1, -1, -1, -1, -1, -1, -1, 0, -1, 0, -1, -1, -1, -1, 0, -1, 1, -1, -1, 0, 0, -1, 2, -1, -1, 2, -1, -1, -1, 1, 2, 0, -1, 1, -1, -1, -1, 1, -1, -1, -1, 0, -1, -1, 0, -1, 2, -1, -1, 0, -1, -1, -1, -1, -1, -1, 2, -1, 2, -1, 1, -1, 0, -1, -1, 0, -1, 0, 0, 0, -1, -1, 1, -1, -1, 0, -1, -1, 2, -1, -1, -1, 2, 0, 2, -1, 2, -1, -1, -1, 1, 1, -1, -1, -1, -1, -1, -1, -1, -1, 2, 1, 2, 0, -1, -1, 2, -1, 2, 1, 2, -1, 1, 0, -1, -1, 2, -1, -1, 1, -1, 2, -1, 2, -1, -1, 0, -1, 2, -1, -1, 0, 1, -1, -1, -1, -1, -1, 1, 1, 2, 1, -1, -1, 0, 1, -1, -1, 2, 2, 2, 2, -1, 2, -1, -1, -1, 0, 0, 0, 2, -1, -1, -1, -1, -1, -1, -1, -1, -1, -1, -1, -1, -1, -1, -1, 2, -1, -1]"
150,7,16,0.5,0.18004858383226127,3,125,"[{'cluster_no': -1, 'count': 125}, {'cluster_no': 0, 'count': 38}, {'cluster_no': 1, 'count': 74}]","[-1, 0, 0, -1, -1, 1, -1, 0, 0, -1, -1, 0, -1, -1, -1, -1, -1, -1, -1, -1, -1, -1, -1, -1, 0, 1, -1, 0, 0, 1, 1, -1, -1, 0, -1, 1, 1, -1, 0, 0, 1, 1, -1, -1, 0, 1, -1, 1, 0, -1, -1, 1, 0, 1, -1, -1, -1, 1, -1, -1, 1, -1, -1, 1, -1, 0, -1, 0, -1, -1, -1, -1, 0, -1, 1, -1, -1, 0, 0, -1, 1, -1, -1, 1, -1, -1, 1, 1, 1, 0, -1, 1, 1, -1, -1, 1, -1, 1, -1, 0, -1, -1, 0, -1, 1, -1, -1, 0, -1, -1, -1, -1, -1, -1, 1, -1, 1, -1, 1, 1, 0, -1, -1, 0, -1, 0, 0, 0, -1, -1, 1, -1, -1, 0, 1, -1, 1, -1, 1, 1, 1, 0, 1, -1, 1, -1, -1, -1, 1, 1, -1, 1, 1, -1, -1, -1, -1, -1, 1, 1, 1, 0, -1, -1, 1, -1, 1, 1, 1, -1, 1, 0, -1, -1, 1, -1, -1, 1, -1, 1, -1, 1, -1, -1, 0, -1, 1, -1, -1, 0, 1, -1, -1, -1, -1, -1, 1, 1, 1, 1, -1, 1, 0, 1, 1, -1, 1, 1, 1, 1, 1, 1, 1, -1, -1, 0, 0, 0, 1, -1, -1, -1, -1, -1, -1, -1, -1, -1, -1, -1, -1, -1, -1, 1, 1, 1, -1]"
150,7,16,1.0,0.18004858383226127,3,125,"[{'cluster_no': -1, 'count': 125}, {'cluster_no': 0, 'count': 38}, {'cluster_no': 1, 'count': 74}]","[-1, 0, 0, -1, -1, 1, -1, 0, 0, -1, -1, 0, -1, -1, -1, -1, -1, -1, -1, -1, -1, -1, -1, -1, 0, 1, -1, 0, 0, 1, 1, -1, -1, 0, -1, 1, 1, -1, 0, 0, 1, 1, -1, -1, 0, 1, -1, 1, 0, -1, -1, 1, 0, 1, -1, -1, -1, 1, -1, -1, 1, -1, -1, 1, -1, 0, -1, 0, -1, -1, -1, -1, 0, -1, 1, -1, -1, 0, 0, -1, 1, -1, -1, 1, -1, -1, 1, 1, 1, 0, -1, 1, 1, -1, -1, 1, -1, 1, -1, 0, -1, -1, 0, -1, 1, -1, -1, 0, -1, -1, -1, -1, -1, -1, 1, -1, 1, -1, 1, 1, 0, -1, -1, 0, -1, 0, 0, 0, -1, -1, 1, -1, -1, 0, 1, -1, 1, -1, 1, 1, 1, 0, 1, -1, 1, -1, -1, -1, 1, 1, -1, 1, 1, -1, -1, -1, -1, -1, 1, 1, 1, 0, -1, -1, 1, -1, 1, 1, 1, -1, 1, 0, -1, -1, 1, -1, -1, 1, -1, 1, -1, 1, -1, -1, 0, -1, 1, -1, -1, 0, 1, -1, -1, -1, -1, -1, 1, 1, 1, 1, -1, 1, 0, 1, 1, -1, 1, 1, 1, 1, 1, 1, 1, -1, -1, 0, 0, 0, 1, -1, -1, -1, -1, -1, -1, -1, -1, -1, -1, -1, -1, -1, -1, 1, 1, 1, -1]"
150,7,17,0.0,0.4291974011403547,4,148,"[{'cluster_no': -1, 'count': 148}, {'cluster_no': 0, 'count': 38}, {'cluster_no': 1, 'count': 20}, {'cluster_no': 2, 'count': 31}]","[-1, 0, 0, -1, -1, -1, -1, 0, 0, -1, -1, 0, -1, -1, -1, -1, -1, -1, -1, -1, -1, -1, -1, -1, 0, 1, -1, 0, 0, 2, 2, -1, -1, 0, -1, -1, 1, -1, 0, 0, -1, 1, -1, -1, 0, 2, -1, -1, 0, -1, -1, -1, 0, -1, -1, -1, -1, 2, -1, -1, -1, -1, -1, -1, -1, 0, -1, 0, -1, -1, -1, -1, 0, -1, 1, -1, -1, 0, 0, -1, 2, -1, -1, 2, -1, -1, -1, 1, 2, 0, -1, 1, -1, -1, -1, 1, -1, -1, -1, 0, -1, -1, 0, -1, 2, -1, -1, 0, -1, -1, -1, -1, -1, -1, 2, -1, 2, -1, 1, -1, 0, -1, -1, 0, -1, 0, 0, 0, -1, -1, 1, -1, -1, 0, -1, -1, 2, -1, -1, -1, 2, 0, 2, -1, 2, -1, -1, -1, 1, 1, -1, -1, -1, -1, -1, -1, -1, -1, 2, 1, 2, 0, -1, -1, 2, -1, 2, 1, 2, -1, 1, 0, -1, -1, 2, -1, -1, 1, -1, 2, -1, 2, -1, -1, 0, -1, 2, -1, -1, 0, 1, -1, -1, -1, -1, -1, 1, 1, 2, 1, -1, -1, 0, 1, -1, -1, 2, 2, 2, 2, -1, 2, -1, -1, -1, 0, 0, 0, 2, -1, -1, -1, -1, -1, -1, -1, -1, -1, -1, -1, -1, -1, -1, -1, 2, -1, -1]"
150,7,17,0.5,0.18004858383226127,3,125,"[{'cluster_no': -1, 'count': 125}, {'cluster_no': 0, 'count': 38}, {'cluster_no': 1, 'count': 74}]","[-1, 0, 0, -1, -1, 1, -1, 0, 0, -1, -1, 0, -1, -1, -1, -1, -1, -1, -1, -1, -1, -1, -1, -1, 0, 1, -1, 0, 0, 1, 1, -1, -1, 0, -1, 1, 1, -1, 0, 0, 1, 1, -1, -1, 0, 1, -1, 1, 0, -1, -1, 1, 0, 1, -1, -1, -1, 1, -1, -1, 1, -1, -1, 1, -1, 0, -1, 0, -1, -1, -1, -1, 0, -1, 1, -1, -1, 0, 0, -1, 1, -1, -1, 1, -1, -1, 1, 1, 1, 0, -1, 1, 1, -1, -1, 1, -1, 1, -1, 0, -1, -1, 0, -1, 1, -1, -1, 0, -1, -1, -1, -1, -1, -1, 1, -1, 1, -1, 1, 1, 0, -1, -1, 0, -1, 0, 0, 0, -1, -1, 1, -1, -1, 0, 1, -1, 1, -1, 1, 1, 1, 0, 1, -1, 1, -1, -1, -1, 1, 1, -1, 1, 1, -1, -1, -1, -1, -1, 1, 1, 1, 0, -1, -1, 1, -1, 1, 1, 1, -1, 1, 0, -1, -1, 1, -1, -1, 1, -1, 1, -1, 1, -1, -1, 0, -1, 1, -1, -1, 0, 1, -1, -1, -1, -1, -1, 1, 1, 1, 1, -1, 1, 0, 1, 1, -1, 1, 1, 1, 1, 1, 1, 1, -1, -1, 0, 0, 0, 1, -1, -1, -1, -1, -1, -1, -1, -1, -1, -1, -1, -1, -1, -1, 1, 1, 1, -1]"
150,7,17,1.0,0.18004858383226127,3,125,"[{'cluster_no': -1, 'count': 125}, {'cluster_no': 0, 'count': 38}, {'cluster_no': 1, 'count': 74}]","[-1, 0, 0, -1, -1, 1, -1, 0, 0, -1, -1, 0, -1, -1, -1, -1, -1, -1, -1, -1, -1, -1, -1, -1, 0, 1, -1, 0, 0, 1, 1, -1, -1, 0, -1, 1, 1, -1, 0, 0, 1, 1, -1, -1, 0, 1, -1, 1, 0, -1, -1, 1, 0, 1, -1, -1, -1, 1, -1, -1, 1, -1, -1, 1, -1, 0, -1, 0, -1, -1, -1, -1, 0, -1, 1, -1, -1, 0, 0, -1, 1, -1, -1, 1, -1, -1, 1, 1, 1, 0, -1, 1, 1, -1, -1, 1, -1, 1, -1, 0, -1, -1, 0, -1, 1, -1, -1, 0, -1, -1, -1, -1, -1, -1, 1, -1, 1, -1, 1, 1, 0, -1, -1, 0, -1, 0, 0, 0, -1, -1, 1, -1, -1, 0, 1, -1, 1, -1, 1, 1, 1, 0, 1, -1, 1, -1, -1, -1, 1, 1, -1, 1, 1, -1, -1, -1, -1, -1, 1, 1, 1, 0, -1, -1, 1, -1, 1, 1, 1, -1, 1, 0, -1, -1, 1, -1, -1, 1, -1, 1, -1, 1, -1, -1, 0, -1, 1, -1, -1, 0, 1, -1, -1, -1, -1, -1, 1, 1, 1, 1, -1, 1, 0, 1, 1, -1, 1, 1, 1, 1, 1, 1, 1, -1, -1, 0, 0, 0, 1, -1, -1, -1, -1, -1, -1, -1, -1, -1, -1, -1, -1, -1, -1, 1, 1, 1, -1]"
150,7,18,0.0,0.4291974011403547,4,148,"[{'cluster_no': -1, 'count': 148}, {'cluster_no': 0, 'count': 38}, {'cluster_no': 1, 'count': 20}, {'cluster_no': 2, 'count': 31}]","[-1, 0, 0, -1, -1, -1, -1, 0, 0, -1, -1, 0, -1, -1, -1, -1, -1, -1, -1, -1, -1, -1, -1, -1, 0, 1, -1, 0, 0, 2, 2, -1, -1, 0, -1, -1, 1, -1, 0, 0, -1, 1, -1, -1, 0, 2, -1, -1, 0, -1, -1, -1, 0, -1, -1, -1, -1, 2, -1, -1, -1, -1, -1, -1, -1, 0, -1, 0, -1, -1, -1, -1, 0, -1, 1, -1, -1, 0, 0, -1, 2, -1, -1, 2, -1, -1, -1, 1, 2, 0, -1, 1, -1, -1, -1, 1, -1, -1, -1, 0, -1, -1, 0, -1, 2, -1, -1, 0, -1, -1, -1, -1, -1, -1, 2, -1, 2, -1, 1, -1, 0, -1, -1, 0, -1, 0, 0, 0, -1, -1, 1, -1, -1, 0, -1, -1, 2, -1, -1, -1, 2, 0, 2, -1, 2, -1, -1, -1, 1, 1, -1, -1, -1, -1, -1, -1, -1, -1, 2, 1, 2, 0, -1, -1, 2, -1, 2, 1, 2, -1, 1, 0, -1, -1, 2, -1, -1, 1, -1, 2, -1, 2, -1, -1, 0, -1, 2, -1, -1, 0, 1, -1, -1, -1, -1, -1, 1, 1, 2, 1, -1, -1, 0, 1, -1, -1, 2, 2, 2, 2, -1, 2, -1, -1, -1, 0, 0, 0, 2, -1, -1, -1, -1, -1, -1, -1, -1, -1, -1, -1, -1, -1, -1, -1, 2, -1, -1]"
150,7,18,0.5,0.18004858383226127,3,125,"[{'cluster_no': -1, 'count': 125}, {'cluster_no': 0, 'count': 38}, {'cluster_no': 1, 'count': 74}]","[-1, 0, 0, -1, -1, 1, -1, 0, 0, -1, -1, 0, -1, -1, -1, -1, -1, -1, -1, -1, -1, -1, -1, -1, 0, 1, -1, 0, 0, 1, 1, -1, -1, 0, -1, 1, 1, -1, 0, 0, 1, 1, -1, -1, 0, 1, -1, 1, 0, -1, -1, 1, 0, 1, -1, -1, -1, 1, -1, -1, 1, -1, -1, 1, -1, 0, -1, 0, -1, -1, -1, -1, 0, -1, 1, -1, -1, 0, 0, -1, 1, -1, -1, 1, -1, -1, 1, 1, 1, 0, -1, 1, 1, -1, -1, 1, -1, 1, -1, 0, -1, -1, 0, -1, 1, -1, -1, 0, -1, -1, -1, -1, -1, -1, 1, -1, 1, -1, 1, 1, 0, -1, -1, 0, -1, 0, 0, 0, -1, -1, 1, -1, -1, 0, 1, -1, 1, -1, 1, 1, 1, 0, 1, -1, 1, -1, -1, -1, 1, 1, -1, 1, 1, -1, -1, -1, -1, -1, 1, 1, 1, 0, -1, -1, 1, -1, 1, 1, 1, -1, 1, 0, -1, -1, 1, -1, -1, 1, -1, 1, -1, 1, -1, -1, 0, -1, 1, -1, -1, 0, 1, -1, -1, -1, -1, -1, 1, 1, 1, 1, -1, 1, 0, 1, 1, -1, 1, 1, 1, 1, 1, 1, 1, -1, -1, 0, 0, 0, 1, -1, -1, -1, -1, -1, -1, -1, -1, -1, -1, -1, -1, -1, -1, 1, 1, 1, -1]"
150,7,18,1.0,0.18004858383226127,3,125,"[{'cluster_no': -1, 'count': 125}, {'cluster_no': 0, 'count': 38}, {'cluster_no': 1, 'count': 74}]","[-1, 0, 0, -1, -1, 1, -1, 0, 0, -1, -1, 0, -1, -1, -1, -1, -1, -1, -1, -1, -1, -1, -1, -1, 0, 1, -1, 0, 0, 1, 1, -1, -1, 0, -1, 1, 1, -1, 0, 0, 1, 1, -1, -1, 0, 1, -1, 1, 0, -1, -1, 1, 0, 1, -1, -1, -1, 1, -1, -1, 1, -1, -1, 1, -1, 0, -1, 0, -1, -1, -1, -1, 0, -1, 1, -1, -1, 0, 0, -1, 1, -1, -1, 1, -1, -1, 1, 1, 1, 0, -1, 1, 1, -1, -1, 1, -1, 1, -1, 0, -1, -1, 0, -1, 1, -1, -1, 0, -1, -1, -1, -1, -1, -1, 1, -1, 1, -1, 1, 1, 0, -1, -1, 0, -1, 0, 0, 0, -1, -1, 1, -1, -1, 0, 1, -1, 1, -1, 1, 1, 1, 0, 1, -1, 1, -1, -1, -1, 1, 1, -1, 1, 1, -1, -1, -1, -1, -1, 1, 1, 1, 0, -1, -1, 1, -1, 1, 1, 1, -1, 1, 0, -1, -1, 1, -1, -1, 1, -1, 1, -1, 1, -1, -1, 0, -1, 1, -1, -1, 0, 1, -1, -1, -1, -1, -1, 1, 1, 1, 1, -1, 1, 0, 1, 1, -1, 1, 1, 1, 1, 1, 1, 1, -1, -1, 0, 0, 0, 1, -1, -1, -1, -1, -1, -1, -1, -1, -1, -1, -1, -1, -1, -1, 1, 1, 1, -1]"
150,7,19,0.0,0.4291974011403547,4,148,"[{'cluster_no': -1, 'count': 148}, {'cluster_no': 0, 'count': 38}, {'cluster_no': 1, 'count': 20}, {'cluster_no': 2, 'count': 31}]","[-1, 0, 0, -1, -1, -1, -1, 0, 0, -1, -1, 0, -1, -1, -1, -1, -1, -1, -1, -1, -1, -1, -1, -1, 0, 1, -1, 0, 0, 2, 2, -1, -1, 0, -1, -1, 1, -1, 0, 0, -1, 1, -1, -1, 0, 2, -1, -1, 0, -1, -1, -1, 0, -1, -1, -1, -1, 2, -1, -1, -1, -1, -1, -1, -1, 0, -1, 0, -1, -1, -1, -1, 0, -1, 1, -1, -1, 0, 0, -1, 2, -1, -1, 2, -1, -1, -1, 1, 2, 0, -1, 1, -1, -1, -1, 1, -1, -1, -1, 0, -1, -1, 0, -1, 2, -1, -1, 0, -1, -1, -1, -1, -1, -1, 2, -1, 2, -1, 1, -1, 0, -1, -1, 0, -1, 0, 0, 0, -1, -1, 1, -1, -1, 0, -1, -1, 2, -1, -1, -1, 2, 0, 2, -1, 2, -1, -1, -1, 1, 1, -1, -1, -1, -1, -1, -1, -1, -1, 2, 1, 2, 0, -1, -1, 2, -1, 2, 1, 2, -1, 1, 0, -1, -1, 2, -1, -1, 1, -1, 2, -1, 2, -1, -1, 0, -1, 2, -1, -1, 0, 1, -1, -1, -1, -1, -1, 1, 1, 2, 1, -1, -1, 0, 1, -1, -1, 2, 2, 2, 2, -1, 2, -1, -1, -1, 0, 0, 0, 2, -1, -1, -1, -1, -1, -1, -1, -1, -1, -1, -1, -1, -1, -1, -1, 2, -1, -1]"
150,7,19,0.5,0.18004858383226127,3,125,"[{'cluster_no': -1, 'count': 125}, {'cluster_no': 0, 'count': 38}, {'cluster_no': 1, 'count': 74}]","[-1, 0, 0, -1, -1, 1, -1, 0, 0, -1, -1, 0, -1, -1, -1, -1, -1, -1, -1, -1, -1, -1, -1, -1, 0, 1, -1, 0, 0, 1, 1, -1, -1, 0, -1, 1, 1, -1, 0, 0, 1, 1, -1, -1, 0, 1, -1, 1, 0, -1, -1, 1, 0, 1, -1, -1, -1, 1, -1, -1, 1, -1, -1, 1, -1, 0, -1, 0, -1, -1, -1, -1, 0, -1, 1, -1, -1, 0, 0, -1, 1, -1, -1, 1, -1, -1, 1, 1, 1, 0, -1, 1, 1, -1, -1, 1, -1, 1, -1, 0, -1, -1, 0, -1, 1, -1, -1, 0, -1, -1, -1, -1, -1, -1, 1, -1, 1, -1, 1, 1, 0, -1, -1, 0, -1, 0, 0, 0, -1, -1, 1, -1, -1, 0, 1, -1, 1, -1, 1, 1, 1, 0, 1, -1, 1, -1, -1, -1, 1, 1, -1, 1, 1, -1, -1, -1, -1, -1, 1, 1, 1, 0, -1, -1, 1, -1, 1, 1, 1, -1, 1, 0, -1, -1, 1, -1, -1, 1, -1, 1, -1, 1, -1, -1, 0, -1, 1, -1, -1, 0, 1, -1, -1, -1, -1, -1, 1, 1, 1, 1, -1, 1, 0, 1, 1, -1, 1, 1, 1, 1, 1, 1, 1, -1, -1, 0, 0, 0, 1, -1, -1, -1, -1, -1, -1, -1, -1, -1, -1, -1, -1, -1, -1, 1, 1, 1, -1]"
150,7,19,1.0,0.18004858383226127,3,125,"[{'cluster_no': -1, 'count': 125}, {'cluster_no': 0, 'count': 38}, {'cluster_no': 1, 'count': 74}]","[-1, 0, 0, -1, -1, 1, -1, 0, 0, -1, -1, 0, -1, -1, -1, -1, -1, -1, -1, -1, -1, -1, -1, -1, 0, 1, -1, 0, 0, 1, 1, -1, -1, 0, -1, 1, 1, -1, 0, 0, 1, 1, -1, -1, 0, 1, -1, 1, 0, -1, -1, 1, 0, 1, -1, -1, -1, 1, -1, -1, 1, -1, -1, 1, -1, 0, -1, 0, -1, -1, -1, -1, 0, -1, 1, -1, -1, 0, 0, -1, 1, -1, -1, 1, -1, -1, 1, 1, 1, 0, -1, 1, 1, -1, -1, 1, -1, 1, -1, 0, -1, -1, 0, -1, 1, -1, -1, 0, -1, -1, -1, -1, -1, -1, 1, -1, 1, -1, 1, 1, 0, -1, -1, 0, -1, 0, 0, 0, -1, -1, 1, -1, -1, 0, 1, -1, 1, -1, 1, 1, 1, 0, 1, -1, 1, -1, -1, -1, 1, 1, -1, 1, 1, -1, -1, -1, -1, -1, 1, 1, 1, 0, -1, -1, 1, -1, 1, 1, 1, -1, 1, 0, -1, -1, 1, -1, -1, 1, -1, 1, -1, 1, -1, -1, 0, -1, 1, -1, -1, 0, 1, -1, -1, -1, -1, -1, 1, 1, 1, 1, -1, 1, 0, 1, 1, -1, 1, 1, 1, 1, 1, 1, 1, -1, -1, 0, 0, 0, 1, -1, -1, -1, -1, -1, -1, -1, -1, -1, -1, -1, -1, -1, -1, 1, 1, 1, -1]"
150,7,20,0.0,0.4291974011403547,4,148,"[{'cluster_no': -1, 'count': 148}, {'cluster_no': 0, 'count': 38}, {'cluster_no': 1, 'count': 20}, {'cluster_no': 2, 'count': 31}]","[-1, 0, 0, -1, -1, -1, -1, 0, 0, -1, -1, 0, -1, -1, -1, -1, -1, -1, -1, -1, -1, -1, -1, -1, 0, 1, -1, 0, 0, 2, 2, -1, -1, 0, -1, -1, 1, -1, 0, 0, -1, 1, -1, -1, 0, 2, -1, -1, 0, -1, -1, -1, 0, -1, -1, -1, -1, 2, -1, -1, -1, -1, -1, -1, -1, 0, -1, 0, -1, -1, -1, -1, 0, -1, 1, -1, -1, 0, 0, -1, 2, -1, -1, 2, -1, -1, -1, 1, 2, 0, -1, 1, -1, -1, -1, 1, -1, -1, -1, 0, -1, -1, 0, -1, 2, -1, -1, 0, -1, -1, -1, -1, -1, -1, 2, -1, 2, -1, 1, -1, 0, -1, -1, 0, -1, 0, 0, 0, -1, -1, 1, -1, -1, 0, -1, -1, 2, -1, -1, -1, 2, 0, 2, -1, 2, -1, -1, -1, 1, 1, -1, -1, -1, -1, -1, -1, -1, -1, 2, 1, 2, 0, -1, -1, 2, -1, 2, 1, 2, -1, 1, 0, -1, -1, 2, -1, -1, 1, -1, 2, -1, 2, -1, -1, 0, -1, 2, -1, -1, 0, 1, -1, -1, -1, -1, -1, 1, 1, 2, 1, -1, -1, 0, 1, -1, -1, 2, 2, 2, 2, -1, 2, -1, -1, -1, 0, 0, 0, 2, -1, -1, -1, -1, -1, -1, -1, -1, -1, -1, -1, -1, -1, -1, -1, 2, -1, -1]"
150,7,20,0.5,0.18004858383226127,3,125,"[{'cluster_no': -1, 'count': 125}, {'cluster_no': 0, 'count': 38}, {'cluster_no': 1, 'count': 74}]","[-1, 0, 0, -1, -1, 1, -1, 0, 0, -1, -1, 0, -1, -1, -1, -1, -1, -1, -1, -1, -1, -1, -1, -1, 0, 1, -1, 0, 0, 1, 1, -1, -1, 0, -1, 1, 1, -1, 0, 0, 1, 1, -1, -1, 0, 1, -1, 1, 0, -1, -1, 1, 0, 1, -1, -1, -1, 1, -1, -1, 1, -1, -1, 1, -1, 0, -1, 0, -1, -1, -1, -1, 0, -1, 1, -1, -1, 0, 0, -1, 1, -1, -1, 1, -1, -1, 1, 1, 1, 0, -1, 1, 1, -1, -1, 1, -1, 1, -1, 0, -1, -1, 0, -1, 1, -1, -1, 0, -1, -1, -1, -1, -1, -1, 1, -1, 1, -1, 1, 1, 0, -1, -1, 0, -1, 0, 0, 0, -1, -1, 1, -1, -1, 0, 1, -1, 1, -1, 1, 1, 1, 0, 1, -1, 1, -1, -1, -1, 1, 1, -1, 1, 1, -1, -1, -1, -1, -1, 1, 1, 1, 0, -1, -1, 1, -1, 1, 1, 1, -1, 1, 0, -1, -1, 1, -1, -1, 1, -1, 1, -1, 1, -1, -1, 0, -1, 1, -1, -1, 0, 1, -1, -1, -1, -1, -1, 1, 1, 1, 1, -1, 1, 0, 1, 1, -1, 1, 1, 1, 1, 1, 1, 1, -1, -1, 0, 0, 0, 1, -1, -1, -1, -1, -1, -1, -1, -1, -1, -1, -1, -1, -1, -1, 1, 1, 1, -1]"
150,7,20,1.0,0.18004858383226127,3,125,"[{'cluster_no': -1, 'count': 125}, {'cluster_no': 0, 'count': 38}, {'cluster_no': 1, 'count': 74}]","[-1, 0, 0, -1, -1, 1, -1, 0, 0, -1, -1, 0, -1, -1, -1, -1, -1, -1, -1, -1, -1, -1, -1, -1, 0, 1, -1, 0, 0, 1, 1, -1, -1, 0, -1, 1, 1, -1, 0, 0, 1, 1, -1, -1, 0, 1, -1, 1, 0, -1, -1, 1, 0, 1, -1, -1, -1, 1, -1, -1, 1, -1, -1, 1, -1, 0, -1, 0, -1, -1, -1, -1, 0, -1, 1, -1, -1, 0, 0, -1, 1, -1, -1, 1, -1, -1, 1, 1, 1, 0, -1, 1, 1, -1, -1, 1, -1, 1, -1, 0, -1, -1, 0, -1, 1, -1, -1, 0, -1, -1, -1, -1, -1, -1, 1, -1, 1, -1, 1, 1, 0, -1, -1, 0, -1, 0, 0, 0, -1, -1, 1, -1, -1, 0, 1, -1, 1, -1, 1, 1, 1, 0, 1, -1, 1, -1, -1, -1, 1, 1, -1, 1, 1, -1, -1, -1, -1, -1, 1, 1, 1, 0, -1, -1, 1, -1, 1, 1, 1, -1, 1, 0, -1, -1, 1, -1, -1, 1, -1, 1, -1, 1, -1, -1, 0, -1, 1, -1, -1, 0, 1, -1, -1, -1, -1, -1, 1, 1, 1, 1, -1, 1, 0, 1, 1, -1, 1, 1, 1, 1, 1, 1, 1, -1, -1, 0, 0, 0, 1, -1, -1, -1, -1, -1, -1, -1, -1, -1, -1, -1, -1, -1, -1, 1, 1, 1, -1]"
150,7,21,0.0,0.18004858383226127,3,125,"[{'cluster_no': -1, 'count': 125}, {'cluster_no': 0, 'count': 38}, {'cluster_no': 1, 'count': 74}]","[-1, 0, 0, -1, -1, 1, -1, 0, 0, -1, -1, 0, -1, -1, -1, -1, -1, -1, -1, -1, -1, -1, -1, -1, 0, 1, -1, 0, 0, 1, 1, -1, -1, 0, -1, 1, 1, -1, 0, 0, 1, 1, -1, -1, 0, 1, -1, 1, 0, -1, -1, 1, 0, 1, -1, -1, -1, 1, -1, -1, 1, -1, -1, 1, -1, 0, -1, 0, -1, -1, -1, -1, 0, -1, 1, -1, -1, 0, 0, -1, 1, -1, -1, 1, -1, -1, 1, 1, 1, 0, -1, 1, 1, -1, -1, 1, -1, 1, -1, 0, -1, -1, 0, -1, 1, -1, -1, 0, -1, -1, -1, -1, -1, -1, 1, -1, 1, -1, 1, 1, 0, -1, -1, 0, -1, 0, 0, 0, -1, -1, 1, -1, -1, 0, 1, -1, 1, -1, 1, 1, 1, 0, 1, -1, 1, -1, -1, -1, 1, 1, -1, 1, 1, -1, -1, -1, -1, -1, 1, 1, 1, 0, -1, -1, 1, -1, 1, 1, 1, -1, 1, 0, -1, -1, 1, -1, -1, 1, -1, 1, -1, 1, -1, -1, 0, -1, 1, -1, -1, 0, 1, -1, -1, -1, -1, -1, 1, 1, 1, 1, -1, 1, 0, 1, 1, -1, 1, 1, 1, 1, 1, 1, 1, -1, -1, 0, 0, 0, 1, -1, -1, -1, -1, -1, -1, -1, -1, -1, -1, -1, -1, -1, -1, 1, 1, 1, -1]"
150,7,21,0.5,0.18004858383226127,3,125,"[{'cluster_no': -1, 'count': 125}, {'cluster_no': 0, 'count': 38}, {'cluster_no': 1, 'count': 74}]","[-1, 0, 0, -1, -1, 1, -1, 0, 0, -1, -1, 0, -1, -1, -1, -1, -1, -1, -1, -1, -1, -1, -1, -1, 0, 1, -1, 0, 0, 1, 1, -1, -1, 0, -1, 1, 1, -1, 0, 0, 1, 1, -1, -1, 0, 1, -1, 1, 0, -1, -1, 1, 0, 1, -1, -1, -1, 1, -1, -1, 1, -1, -1, 1, -1, 0, -1, 0, -1, -1, -1, -1, 0, -1, 1, -1, -1, 0, 0, -1, 1, -1, -1, 1, -1, -1, 1, 1, 1, 0, -1, 1, 1, -1, -1, 1, -1, 1, -1, 0, -1, -1, 0, -1, 1, -1, -1, 0, -1, -1, -1, -1, -1, -1, 1, -1, 1, -1, 1, 1, 0, -1, -1, 0, -1, 0, 0, 0, -1, -1, 1, -1, -1, 0, 1, -1, 1, -1, 1, 1, 1, 0, 1, -1, 1, -1, -1, -1, 1, 1, -1, 1, 1, -1, -1, -1, -1, -1, 1, 1, 1, 0, -1, -1, 1, -1, 1, 1, 1, -1, 1, 0, -1, -1, 1, -1, -1, 1, -1, 1, -1, 1, -1, -1, 0, -1, 1, -1, -1, 0, 1, -1, -1, -1, -1, -1, 1, 1, 1, 1, -1, 1, 0, 1, 1, -1, 1, 1, 1, 1, 1, 1, 1, -1, -1, 0, 0, 0, 1, -1, -1, -1, -1, -1, -1, -1, -1, -1, -1, -1, -1, -1, -1, 1, 1, 1, -1]"
150,7,21,1.0,0.18004858383226127,3,125,"[{'cluster_no': -1, 'count': 125}, {'cluster_no': 0, 'count': 38}, {'cluster_no': 1, 'count': 74}]","[-1, 0, 0, -1, -1, 1, -1, 0, 0, -1, -1, 0, -1, -1, -1, -1, -1, -1, -1, -1, -1, -1, -1, -1, 0, 1, -1, 0, 0, 1, 1, -1, -1, 0, -1, 1, 1, -1, 0, 0, 1, 1, -1, -1, 0, 1, -1, 1, 0, -1, -1, 1, 0, 1, -1, -1, -1, 1, -1, -1, 1, -1, -1, 1, -1, 0, -1, 0, -1, -1, -1, -1, 0, -1, 1, -1, -1, 0, 0, -1, 1, -1, -1, 1, -1, -1, 1, 1, 1, 0, -1, 1, 1, -1, -1, 1, -1, 1, -1, 0, -1, -1, 0, -1, 1, -1, -1, 0, -1, -1, -1, -1, -1, -1, 1, -1, 1, -1, 1, 1, 0, -1, -1, 0, -1, 0, 0, 0, -1, -1, 1, -1, -1, 0, 1, -1, 1, -1, 1, 1, 1, 0, 1, -1, 1, -1, -1, -1, 1, 1, -1, 1, 1, -1, -1, -1, -1, -1, 1, 1, 1, 0, -1, -1, 1, -1, 1, 1, 1, -1, 1, 0, -1, -1, 1, -1, -1, 1, -1, 1, -1, 1, -1, -1, 0, -1, 1, -1, -1, 0, 1, -1, -1, -1, -1, -1, 1, 1, 1, 1, -1, 1, 0, 1, 1, -1, 1, 1, 1, 1, 1, 1, 1, -1, -1, 0, 0, 0, 1, -1, -1, -1, -1, -1, -1, -1, -1, -1, -1, -1, -1, -1, -1, 1, 1, 1, -1]"
150,7,22,0.0,0.18004858383226127,3,125,"[{'cluster_no': -1, 'count': 125}, {'cluster_no': 0, 'count': 38}, {'cluster_no': 1, 'count': 74}]","[-1, 0, 0, -1, -1, 1, -1, 0, 0, -1, -1, 0, -1, -1, -1, -1, -1, -1, -1, -1, -1, -1, -1, -1, 0, 1, -1, 0, 0, 1, 1, -1, -1, 0, -1, 1, 1, -1, 0, 0, 1, 1, -1, -1, 0, 1, -1, 1, 0, -1, -1, 1, 0, 1, -1, -1, -1, 1, -1, -1, 1, -1, -1, 1, -1, 0, -1, 0, -1, -1, -1, -1, 0, -1, 1, -1, -1, 0, 0, -1, 1, -1, -1, 1, -1, -1, 1, 1, 1, 0, -1, 1, 1, -1, -1, 1, -1, 1, -1, 0, -1, -1, 0, -1, 1, -1, -1, 0, -1, -1, -1, -1, -1, -1, 1, -1, 1, -1, 1, 1, 0, -1, -1, 0, -1, 0, 0, 0, -1, -1, 1, -1, -1, 0, 1, -1, 1, -1, 1, 1, 1, 0, 1, -1, 1, -1, -1, -1, 1, 1, -1, 1, 1, -1, -1, -1, -1, -1, 1, 1, 1, 0, -1, -1, 1, -1, 1, 1, 1, -1, 1, 0, -1, -1, 1, -1, -1, 1, -1, 1, -1, 1, -1, -1, 0, -1, 1, -1, -1, 0, 1, -1, -1, -1, -1, -1, 1, 1, 1, 1, -1, 1, 0, 1, 1, -1, 1, 1, 1, 1, 1, 1, 1, -1, -1, 0, 0, 0, 1, -1, -1, -1, -1, -1, -1, -1, -1, -1, -1, -1, -1, -1, -1, 1, 1, 1, -1]"
150,7,22,0.5,0.18004858383226127,3,125,"[{'cluster_no': -1, 'count': 125}, {'cluster_no': 0, 'count': 38}, {'cluster_no': 1, 'count': 74}]","[-1, 0, 0, -1, -1, 1, -1, 0, 0, -1, -1, 0, -1, -1, -1, -1, -1, -1, -1, -1, -1, -1, -1, -1, 0, 1, -1, 0, 0, 1, 1, -1, -1, 0, -1, 1, 1, -1, 0, 0, 1, 1, -1, -1, 0, 1, -1, 1, 0, -1, -1, 1, 0, 1, -1, -1, -1, 1, -1, -1, 1, -1, -1, 1, -1, 0, -1, 0, -1, -1, -1, -1, 0, -1, 1, -1, -1, 0, 0, -1, 1, -1, -1, 1, -1, -1, 1, 1, 1, 0, -1, 1, 1, -1, -1, 1, -1, 1, -1, 0, -1, -1, 0, -1, 1, -1, -1, 0, -1, -1, -1, -1, -1, -1, 1, -1, 1, -1, 1, 1, 0, -1, -1, 0, -1, 0, 0, 0, -1, -1, 1, -1, -1, 0, 1, -1, 1, -1, 1, 1, 1, 0, 1, -1, 1, -1, -1, -1, 1, 1, -1, 1, 1, -1, -1, -1, -1, -1, 1, 1, 1, 0, -1, -1, 1, -1, 1, 1, 1, -1, 1, 0, -1, -1, 1, -1, -1, 1, -1, 1, -1, 1, -1, -1, 0, -1, 1, -1, -1, 0, 1, -1, -1, -1, -1, -1, 1, 1, 1, 1, -1, 1, 0, 1, 1, -1, 1, 1, 1, 1, 1, 1, 1, -1, -1, 0, 0, 0, 1, -1, -1, -1, -1, -1, -1, -1, -1, -1, -1, -1, -1, -1, -1, 1, 1, 1, -1]"
150,7,22,1.0,0.18004858383226127,3,125,"[{'cluster_no': -1, 'count': 125}, {'cluster_no': 0, 'count': 38}, {'cluster_no': 1, 'count': 74}]","[-1, 0, 0, -1, -1, 1, -1, 0, 0, -1, -1, 0, -1, -1, -1, -1, -1, -1, -1, -1, -1, -1, -1, -1, 0, 1, -1, 0, 0, 1, 1, -1, -1, 0, -1, 1, 1, -1, 0, 0, 1, 1, -1, -1, 0, 1, -1, 1, 0, -1, -1, 1, 0, 1, -1, -1, -1, 1, -1, -1, 1, -1, -1, 1, -1, 0, -1, 0, -1, -1, -1, -1, 0, -1, 1, -1, -1, 0, 0, -1, 1, -1, -1, 1, -1, -1, 1, 1, 1, 0, -1, 1, 1, -1, -1, 1, -1, 1, -1, 0, -1, -1, 0, -1, 1, -1, -1, 0, -1, -1, -1, -1, -1, -1, 1, -1, 1, -1, 1, 1, 0, -1, -1, 0, -1, 0, 0, 0, -1, -1, 1, -1, -1, 0, 1, -1, 1, -1, 1, 1, 1, 0, 1, -1, 1, -1, -1, -1, 1, 1, -1, 1, 1, -1, -1, -1, -1, -1, 1, 1, 1, 0, -1, -1, 1, -1, 1, 1, 1, -1, 1, 0, -1, -1, 1, -1, -1, 1, -1, 1, -1, 1, -1, -1, 0, -1, 1, -1, -1, 0, 1, -1, -1, -1, -1, -1, 1, 1, 1, 1, -1, 1, 0, 1, 1, -1, 1, 1, 1, 1, 1, 1, 1, -1, -1, 0, 0, 0, 1, -1, -1, -1, -1, -1, -1, -1, -1, -1, -1, -1, -1, -1, -1, 1, 1, 1, -1]"
150,7,23,0.0,0.18004858383226127,3,125,"[{'cluster_no': -1, 'count': 125}, {'cluster_no': 0, 'count': 38}, {'cluster_no': 1, 'count': 74}]","[-1, 0, 0, -1, -1, 1, -1, 0, 0, -1, -1, 0, -1, -1, -1, -1, -1, -1, -1, -1, -1, -1, -1, -1, 0, 1, -1, 0, 0, 1, 1, -1, -1, 0, -1, 1, 1, -1, 0, 0, 1, 1, -1, -1, 0, 1, -1, 1, 0, -1, -1, 1, 0, 1, -1, -1, -1, 1, -1, -1, 1, -1, -1, 1, -1, 0, -1, 0, -1, -1, -1, -1, 0, -1, 1, -1, -1, 0, 0, -1, 1, -1, -1, 1, -1, -1, 1, 1, 1, 0, -1, 1, 1, -1, -1, 1, -1, 1, -1, 0, -1, -1, 0, -1, 1, -1, -1, 0, -1, -1, -1, -1, -1, -1, 1, -1, 1, -1, 1, 1, 0, -1, -1, 0, -1, 0, 0, 0, -1, -1, 1, -1, -1, 0, 1, -1, 1, -1, 1, 1, 1, 0, 1, -1, 1, -1, -1, -1, 1, 1, -1, 1, 1, -1, -1, -1, -1, -1, 1, 1, 1, 0, -1, -1, 1, -1, 1, 1, 1, -1, 1, 0, -1, -1, 1, -1, -1, 1, -1, 1, -1, 1, -1, -1, 0, -1, 1, -1, -1, 0, 1, -1, -1, -1, -1, -1, 1, 1, 1, 1, -1, 1, 0, 1, 1, -1, 1, 1, 1, 1, 1, 1, 1, -1, -1, 0, 0, 0, 1, -1, -1, -1, -1, -1, -1, -1, -1, -1, -1, -1, -1, -1, -1, 1, 1, 1, -1]"
150,7,23,0.5,0.18004858383226127,3,125,"[{'cluster_no': -1, 'count': 125}, {'cluster_no': 0, 'count': 38}, {'cluster_no': 1, 'count': 74}]","[-1, 0, 0, -1, -1, 1, -1, 0, 0, -1, -1, 0, -1, -1, -1, -1, -1, -1, -1, -1, -1, -1, -1, -1, 0, 1, -1, 0, 0, 1, 1, -1, -1, 0, -1, 1, 1, -1, 0, 0, 1, 1, -1, -1, 0, 1, -1, 1, 0, -1, -1, 1, 0, 1, -1, -1, -1, 1, -1, -1, 1, -1, -1, 1, -1, 0, -1, 0, -1, -1, -1, -1, 0, -1, 1, -1, -1, 0, 0, -1, 1, -1, -1, 1, -1, -1, 1, 1, 1, 0, -1, 1, 1, -1, -1, 1, -1, 1, -1, 0, -1, -1, 0, -1, 1, -1, -1, 0, -1, -1, -1, -1, -1, -1, 1, -1, 1, -1, 1, 1, 0, -1, -1, 0, -1, 0, 0, 0, -1, -1, 1, -1, -1, 0, 1, -1, 1, -1, 1, 1, 1, 0, 1, -1, 1, -1, -1, -1, 1, 1, -1, 1, 1, -1, -1, -1, -1, -1, 1, 1, 1, 0, -1, -1, 1, -1, 1, 1, 1, -1, 1, 0, -1, -1, 1, -1, -1, 1, -1, 1, -1, 1, -1, -1, 0, -1, 1, -1, -1, 0, 1, -1, -1, -1, -1, -1, 1, 1, 1, 1, -1, 1, 0, 1, 1, -1, 1, 1, 1, 1, 1, 1, 1, -1, -1, 0, 0, 0, 1, -1, -1, -1, -1, -1, -1, -1, -1, -1, -1, -1, -1, -1, -1, 1, 1, 1, -1]"
150,7,23,1.0,0.18004858383226127,3,125,"[{'cluster_no': -1, 'count': 125}, {'cluster_no': 0, 'count': 38}, {'cluster_no': 1, 'count': 74}]","[-1, 0, 0, -1, -1, 1, -1, 0, 0, -1, -1, 0, -1, -1, -1, -1, -1, -1, -1, -1, -1, -1, -1, -1, 0, 1, -1, 0, 0, 1, 1, -1, -1, 0, -1, 1, 1, -1, 0, 0, 1, 1, -1, -1, 0, 1, -1, 1, 0, -1, -1, 1, 0, 1, -1, -1, -1, 1, -1, -1, 1, -1, -1, 1, -1, 0, -1, 0, -1, -1, -1, -1, 0, -1, 1, -1, -1, 0, 0, -1, 1, -1, -1, 1, -1, -1, 1, 1, 1, 0, -1, 1, 1, -1, -1, 1, -1, 1, -1, 0, -1, -1, 0, -1, 1, -1, -1, 0, -1, -1, -1, -1, -1, -1, 1, -1, 1, -1, 1, 1, 0, -1, -1, 0, -1, 0, 0, 0, -1, -1, 1, -1, -1, 0, 1, -1, 1, -1, 1, 1, 1, 0, 1, -1, 1, -1, -1, -1, 1, 1, -1, 1, 1, -1, -1, -1, -1, -1, 1, 1, 1, 0, -1, -1, 1, -1, 1, 1, 1, -1, 1, 0, -1, -1, 1, -1, -1, 1, -1, 1, -1, 1, -1, -1, 0, -1, 1, -1, -1, 0, 1, -1, -1, -1, -1, -1, 1, 1, 1, 1, -1, 1, 0, 1, 1, -1, 1, 1, 1, 1, 1, 1, 1, -1, -1, 0, 0, 0, 1, -1, -1, -1, -1, -1, -1, -1, -1, -1, -1, -1, -1, -1, -1, 1, 1, 1, -1]"
150,7,24,0.0,0.18004858383226127,3,125,"[{'cluster_no': -1, 'count': 125}, {'cluster_no': 0, 'count': 38}, {'cluster_no': 1, 'count': 74}]","[-1, 0, 0, -1, -1, 1, -1, 0, 0, -1, -1, 0, -1, -1, -1, -1, -1, -1, -1, -1, -1, -1, -1, -1, 0, 1, -1, 0, 0, 1, 1, -1, -1, 0, -1, 1, 1, -1, 0, 0, 1, 1, -1, -1, 0, 1, -1, 1, 0, -1, -1, 1, 0, 1, -1, -1, -1, 1, -1, -1, 1, -1, -1, 1, -1, 0, -1, 0, -1, -1, -1, -1, 0, -1, 1, -1, -1, 0, 0, -1, 1, -1, -1, 1, -1, -1, 1, 1, 1, 0, -1, 1, 1, -1, -1, 1, -1, 1, -1, 0, -1, -1, 0, -1, 1, -1, -1, 0, -1, -1, -1, -1, -1, -1, 1, -1, 1, -1, 1, 1, 0, -1, -1, 0, -1, 0, 0, 0, -1, -1, 1, -1, -1, 0, 1, -1, 1, -1, 1, 1, 1, 0, 1, -1, 1, -1, -1, -1, 1, 1, -1, 1, 1, -1, -1, -1, -1, -1, 1, 1, 1, 0, -1, -1, 1, -1, 1, 1, 1, -1, 1, 0, -1, -1, 1, -1, -1, 1, -1, 1, -1, 1, -1, -1, 0, -1, 1, -1, -1, 0, 1, -1, -1, -1, -1, -1, 1, 1, 1, 1, -1, 1, 0, 1, 1, -1, 1, 1, 1, 1, 1, 1, 1, -1, -1, 0, 0, 0, 1, -1, -1, -1, -1, -1, -1, -1, -1, -1, -1, -1, -1, -1, -1, 1, 1, 1, -1]"
150,7,24,0.5,0.18004858383226127,3,125,"[{'cluster_no': -1, 'count': 125}, {'cluster_no': 0, 'count': 38}, {'cluster_no': 1, 'count': 74}]","[-1, 0, 0, -1, -1, 1, -1, 0, 0, -1, -1, 0, -1, -1, -1, -1, -1, -1, -1, -1, -1, -1, -1, -1, 0, 1, -1, 0, 0, 1, 1, -1, -1, 0, -1, 1, 1, -1, 0, 0, 1, 1, -1, -1, 0, 1, -1, 1, 0, -1, -1, 1, 0, 1, -1, -1, -1, 1, -1, -1, 1, -1, -1, 1, -1, 0, -1, 0, -1, -1, -1, -1, 0, -1, 1, -1, -1, 0, 0, -1, 1, -1, -1, 1, -1, -1, 1, 1, 1, 0, -1, 1, 1, -1, -1, 1, -1, 1, -1, 0, -1, -1, 0, -1, 1, -1, -1, 0, -1, -1, -1, -1, -1, -1, 1, -1, 1, -1, 1, 1, 0, -1, -1, 0, -1, 0, 0, 0, -1, -1, 1, -1, -1, 0, 1, -1, 1, -1, 1, 1, 1, 0, 1, -1, 1, -1, -1, -1, 1, 1, -1, 1, 1, -1, -1, -1, -1, -1, 1, 1, 1, 0, -1, -1, 1, -1, 1, 1, 1, -1, 1, 0, -1, -1, 1, -1, -1, 1, -1, 1, -1, 1, -1, -1, 0, -1, 1, -1, -1, 0, 1, -1, -1, -1, -1, -1, 1, 1, 1, 1, -1, 1, 0, 1, 1, -1, 1, 1, 1, 1, 1, 1, 1, -1, -1, 0, 0, 0, 1, -1, -1, -1, -1, -1, -1, -1, -1, -1, -1, -1, -1, -1, -1, 1, 1, 1, -1]"
150,7,24,1.0,0.18004858383226127,3,125,"[{'cluster_no': -1, 'count': 125}, {'cluster_no': 0, 'count': 38}, {'cluster_no': 1, 'count': 74}]","[-1, 0, 0, -1, -1, 1, -1, 0, 0, -1, -1, 0, -1, -1, -1, -1, -1, -1, -1, -1, -1, -1, -1, -1, 0, 1, -1, 0, 0, 1, 1, -1, -1, 0, -1, 1, 1, -1, 0, 0, 1, 1, -1, -1, 0, 1, -1, 1, 0, -1, -1, 1, 0, 1, -1, -1, -1, 1, -1, -1, 1, -1, -1, 1, -1, 0, -1, 0, -1, -1, -1, -1, 0, -1, 1, -1, -1, 0, 0, -1, 1, -1, -1, 1, -1, -1, 1, 1, 1, 0, -1, 1, 1, -1, -1, 1, -1, 1, -1, 0, -1, -1, 0, -1, 1, -1, -1, 0, -1, -1, -1, -1, -1, -1, 1, -1, 1, -1, 1, 1, 0, -1, -1, 0, -1, 0, 0, 0, -1, -1, 1, -1, -1, 0, 1, -1, 1, -1, 1, 1, 1, 0, 1, -1, 1, -1, -1, -1, 1, 1, -1, 1, 1, -1, -1, -1, -1, -1, 1, 1, 1, 0, -1, -1, 1, -1, 1, 1, 1, -1, 1, 0, -1, -1, 1, -1, -1, 1, -1, 1, -1, 1, -1, -1, 0, -1, 1, -1, -1, 0, 1, -1, -1, -1, -1, -1, 1, 1, 1, 1, -1, 1, 0, 1, 1, -1, 1, 1, 1, 1, 1, 1, 1, -1, -1, 0, 0, 0, 1, -1, -1, -1, -1, -1, -1, -1, -1, -1, -1, -1, -1, -1, -1, 1, 1, 1, -1]"
150,7,25,0.0,0.18004858383226127,3,125,"[{'cluster_no': -1, 'count': 125}, {'cluster_no': 0, 'count': 38}, {'cluster_no': 1, 'count': 74}]","[-1, 0, 0, -1, -1, 1, -1, 0, 0, -1, -1, 0, -1, -1, -1, -1, -1, -1, -1, -1, -1, -1, -1, -1, 0, 1, -1, 0, 0, 1, 1, -1, -1, 0, -1, 1, 1, -1, 0, 0, 1, 1, -1, -1, 0, 1, -1, 1, 0, -1, -1, 1, 0, 1, -1, -1, -1, 1, -1, -1, 1, -1, -1, 1, -1, 0, -1, 0, -1, -1, -1, -1, 0, -1, 1, -1, -1, 0, 0, -1, 1, -1, -1, 1, -1, -1, 1, 1, 1, 0, -1, 1, 1, -1, -1, 1, -1, 1, -1, 0, -1, -1, 0, -1, 1, -1, -1, 0, -1, -1, -1, -1, -1, -1, 1, -1, 1, -1, 1, 1, 0, -1, -1, 0, -1, 0, 0, 0, -1, -1, 1, -1, -1, 0, 1, -1, 1, -1, 1, 1, 1, 0, 1, -1, 1, -1, -1, -1, 1, 1, -1, 1, 1, -1, -1, -1, -1, -1, 1, 1, 1, 0, -1, -1, 1, -1, 1, 1, 1, -1, 1, 0, -1, -1, 1, -1, -1, 1, -1, 1, -1, 1, -1, -1, 0, -1, 1, -1, -1, 0, 1, -1, -1, -1, -1, -1, 1, 1, 1, 1, -1, 1, 0, 1, 1, -1, 1, 1, 1, 1, 1, 1, 1, -1, -1, 0, 0, 0, 1, -1, -1, -1, -1, -1, -1, -1, -1, -1, -1, -1, -1, -1, -1, 1, 1, 1, -1]"
150,7,25,0.5,0.18004858383226127,3,125,"[{'cluster_no': -1, 'count': 125}, {'cluster_no': 0, 'count': 38}, {'cluster_no': 1, 'count': 74}]","[-1, 0, 0, -1, -1, 1, -1, 0, 0, -1, -1, 0, -1, -1, -1, -1, -1, -1, -1, -1, -1, -1, -1, -1, 0, 1, -1, 0, 0, 1, 1, -1, -1, 0, -1, 1, 1, -1, 0, 0, 1, 1, -1, -1, 0, 1, -1, 1, 0, -1, -1, 1, 0, 1, -1, -1, -1, 1, -1, -1, 1, -1, -1, 1, -1, 0, -1, 0, -1, -1, -1, -1, 0, -1, 1, -1, -1, 0, 0, -1, 1, -1, -1, 1, -1, -1, 1, 1, 1, 0, -1, 1, 1, -1, -1, 1, -1, 1, -1, 0, -1, -1, 0, -1, 1, -1, -1, 0, -1, -1, -1, -1, -1, -1, 1, -1, 1, -1, 1, 1, 0, -1, -1, 0, -1, 0, 0, 0, -1, -1, 1, -1, -1, 0, 1, -1, 1, -1, 1, 1, 1, 0, 1, -1, 1, -1, -1, -1, 1, 1, -1, 1, 1, -1, -1, -1, -1, -1, 1, 1, 1, 0, -1, -1, 1, -1, 1, 1, 1, -1, 1, 0, -1, -1, 1, -1, -1, 1, -1, 1, -1, 1, -1, -1, 0, -1, 1, -1, -1, 0, 1, -1, -1, -1, -1, -1, 1, 1, 1, 1, -1, 1, 0, 1, 1, -1, 1, 1, 1, 1, 1, 1, 1, -1, -1, 0, 0, 0, 1, -1, -1, -1, -1, -1, -1, -1, -1, -1, -1, -1, -1, -1, -1, 1, 1, 1, -1]"
150,7,25,1.0,0.18004858383226127,3,125,"[{'cluster_no': -1, 'count': 125}, {'cluster_no': 0, 'count': 38}, {'cluster_no': 1, 'count': 74}]","[-1, 0, 0, -1, -1, 1, -1, 0, 0, -1, -1, 0, -1, -1, -1, -1, -1, -1, -1, -1, -1, -1, -1, -1, 0, 1, -1, 0, 0, 1, 1, -1, -1, 0, -1, 1, 1, -1, 0, 0, 1, 1, -1, -1, 0, 1, -1, 1, 0, -1, -1, 1, 0, 1, -1, -1, -1, 1, -1, -1, 1, -1, -1, 1, -1, 0, -1, 0, -1, -1, -1, -1, 0, -1, 1, -1, -1, 0, 0, -1, 1, -1, -1, 1, -1, -1, 1, 1, 1, 0, -1, 1, 1, -1, -1, 1, -1, 1, -1, 0, -1, -1, 0, -1, 1, -1, -1, 0, -1, -1, -1, -1, -1, -1, 1, -1, 1, -1, 1, 1, 0, -1, -1, 0, -1, 0, 0, 0, -1, -1, 1, -1, -1, 0, 1, -1, 1, -1, 1, 1, 1, 0, 1, -1, 1, -1, -1, -1, 1, 1, -1, 1, 1, -1, -1, -1, -1, -1, 1, 1, 1, 0, -1, -1, 1, -1, 1, 1, 1, -1, 1, 0, -1, -1, 1, -1, -1, 1, -1, 1, -1, 1, -1, -1, 0, -1, 1, -1, -1, 0, 1, -1, -1, -1, -1, -1, 1, 1, 1, 1, -1, 1, 0, 1, 1, -1, 1, 1, 1, 1, 1, 1, 1, -1, -1, 0, 0, 0, 1, -1, -1, -1, -1, -1, -1, -1, -1, -1, -1, -1, -1, -1, -1, 1, 1, 1, -1]"
150,7,26,0.0,0.18004858383226127,3,125,"[{'cluster_no': -1, 'count': 125}, {'cluster_no': 0, 'count': 38}, {'cluster_no': 1, 'count': 74}]","[-1, 0, 0, -1, -1, 1, -1, 0, 0, -1, -1, 0, -1, -1, -1, -1, -1, -1, -1, -1, -1, -1, -1, -1, 0, 1, -1, 0, 0, 1, 1, -1, -1, 0, -1, 1, 1, -1, 0, 0, 1, 1, -1, -1, 0, 1, -1, 1, 0, -1, -1, 1, 0, 1, -1, -1, -1, 1, -1, -1, 1, -1, -1, 1, -1, 0, -1, 0, -1, -1, -1, -1, 0, -1, 1, -1, -1, 0, 0, -1, 1, -1, -1, 1, -1, -1, 1, 1, 1, 0, -1, 1, 1, -1, -1, 1, -1, 1, -1, 0, -1, -1, 0, -1, 1, -1, -1, 0, -1, -1, -1, -1, -1, -1, 1, -1, 1, -1, 1, 1, 0, -1, -1, 0, -1, 0, 0, 0, -1, -1, 1, -1, -1, 0, 1, -1, 1, -1, 1, 1, 1, 0, 1, -1, 1, -1, -1, -1, 1, 1, -1, 1, 1, -1, -1, -1, -1, -1, 1, 1, 1, 0, -1, -1, 1, -1, 1, 1, 1, -1, 1, 0, -1, -1, 1, -1, -1, 1, -1, 1, -1, 1, -1, -1, 0, -1, 1, -1, -1, 0, 1, -1, -1, -1, -1, -1, 1, 1, 1, 1, -1, 1, 0, 1, 1, -1, 1, 1, 1, 1, 1, 1, 1, -1, -1, 0, 0, 0, 1, -1, -1, -1, -1, -1, -1, -1, -1, -1, -1, -1, -1, -1, -1, 1, 1, 1, -1]"
150,7,26,0.5,0.18004858383226127,3,125,"[{'cluster_no': -1, 'count': 125}, {'cluster_no': 0, 'count': 38}, {'cluster_no': 1, 'count': 74}]","[-1, 0, 0, -1, -1, 1, -1, 0, 0, -1, -1, 0, -1, -1, -1, -1, -1, -1, -1, -1, -1, -1, -1, -1, 0, 1, -1, 0, 0, 1, 1, -1, -1, 0, -1, 1, 1, -1, 0, 0, 1, 1, -1, -1, 0, 1, -1, 1, 0, -1, -1, 1, 0, 1, -1, -1, -1, 1, -1, -1, 1, -1, -1, 1, -1, 0, -1, 0, -1, -1, -1, -1, 0, -1, 1, -1, -1, 0, 0, -1, 1, -1, -1, 1, -1, -1, 1, 1, 1, 0, -1, 1, 1, -1, -1, 1, -1, 1, -1, 0, -1, -1, 0, -1, 1, -1, -1, 0, -1, -1, -1, -1, -1, -1, 1, -1, 1, -1, 1, 1, 0, -1, -1, 0, -1, 0, 0, 0, -1, -1, 1, -1, -1, 0, 1, -1, 1, -1, 1, 1, 1, 0, 1, -1, 1, -1, -1, -1, 1, 1, -1, 1, 1, -1, -1, -1, -1, -1, 1, 1, 1, 0, -1, -1, 1, -1, 1, 1, 1, -1, 1, 0, -1, -1, 1, -1, -1, 1, -1, 1, -1, 1, -1, -1, 0, -1, 1, -1, -1, 0, 1, -1, -1, -1, -1, -1, 1, 1, 1, 1, -1, 1, 0, 1, 1, -1, 1, 1, 1, 1, 1, 1, 1, -1, -1, 0, 0, 0, 1, -1, -1, -1, -1, -1, -1, -1, -1, -1, -1, -1, -1, -1, -1, 1, 1, 1, -1]"
150,7,26,1.0,0.18004858383226127,3,125,"[{'cluster_no': -1, 'count': 125}, {'cluster_no': 0, 'count': 38}, {'cluster_no': 1, 'count': 74}]","[-1, 0, 0, -1, -1, 1, -1, 0, 0, -1, -1, 0, -1, -1, -1, -1, -1, -1, -1, -1, -1, -1, -1, -1, 0, 1, -1, 0, 0, 1, 1, -1, -1, 0, -1, 1, 1, -1, 0, 0, 1, 1, -1, -1, 0, 1, -1, 1, 0, -1, -1, 1, 0, 1, -1, -1, -1, 1, -1, -1, 1, -1, -1, 1, -1, 0, -1, 0, -1, -1, -1, -1, 0, -1, 1, -1, -1, 0, 0, -1, 1, -1, -1, 1, -1, -1, 1, 1, 1, 0, -1, 1, 1, -1, -1, 1, -1, 1, -1, 0, -1, -1, 0, -1, 1, -1, -1, 0, -1, -1, -1, -1, -1, -1, 1, -1, 1, -1, 1, 1, 0, -1, -1, 0, -1, 0, 0, 0, -1, -1, 1, -1, -1, 0, 1, -1, 1, -1, 1, 1, 1, 0, 1, -1, 1, -1, -1, -1, 1, 1, -1, 1, 1, -1, -1, -1, -1, -1, 1, 1, 1, 0, -1, -1, 1, -1, 1, 1, 1, -1, 1, 0, -1, -1, 1, -1, -1, 1, -1, 1, -1, 1, -1, -1, 0, -1, 1, -1, -1, 0, 1, -1, -1, -1, -1, -1, 1, 1, 1, 1, -1, 1, 0, 1, 1, -1, 1, 1, 1, 1, 1, 1, 1, -1, -1, 0, 0, 0, 1, -1, -1, -1, -1, -1, -1, -1, -1, -1, -1, -1, -1, -1, -1, 1, 1, 1, -1]"
150,7,27,0.0,0.18004858383226127,3,125,"[{'cluster_no': -1, 'count': 125}, {'cluster_no': 0, 'count': 38}, {'cluster_no': 1, 'count': 74}]","[-1, 0, 0, -1, -1, 1, -1, 0, 0, -1, -1, 0, -1, -1, -1, -1, -1, -1, -1, -1, -1, -1, -1, -1, 0, 1, -1, 0, 0, 1, 1, -1, -1, 0, -1, 1, 1, -1, 0, 0, 1, 1, -1, -1, 0, 1, -1, 1, 0, -1, -1, 1, 0, 1, -1, -1, -1, 1, -1, -1, 1, -1, -1, 1, -1, 0, -1, 0, -1, -1, -1, -1, 0, -1, 1, -1, -1, 0, 0, -1, 1, -1, -1, 1, -1, -1, 1, 1, 1, 0, -1, 1, 1, -1, -1, 1, -1, 1, -1, 0, -1, -1, 0, -1, 1, -1, -1, 0, -1, -1, -1, -1, -1, -1, 1, -1, 1, -1, 1, 1, 0, -1, -1, 0, -1, 0, 0, 0, -1, -1, 1, -1, -1, 0, 1, -1, 1, -1, 1, 1, 1, 0, 1, -1, 1, -1, -1, -1, 1, 1, -1, 1, 1, -1, -1, -1, -1, -1, 1, 1, 1, 0, -1, -1, 1, -1, 1, 1, 1, -1, 1, 0, -1, -1, 1, -1, -1, 1, -1, 1, -1, 1, -1, -1, 0, -1, 1, -1, -1, 0, 1, -1, -1, -1, -1, -1, 1, 1, 1, 1, -1, 1, 0, 1, 1, -1, 1, 1, 1, 1, 1, 1, 1, -1, -1, 0, 0, 0, 1, -1, -1, -1, -1, -1, -1, -1, -1, -1, -1, -1, -1, -1, -1, 1, 1, 1, -1]"
150,7,27,0.5,0.18004858383226127,3,125,"[{'cluster_no': -1, 'count': 125}, {'cluster_no': 0, 'count': 38}, {'cluster_no': 1, 'count': 74}]","[-1, 0, 0, -1, -1, 1, -1, 0, 0, -1, -1, 0, -1, -1, -1, -1, -1, -1, -1, -1, -1, -1, -1, -1, 0, 1, -1, 0, 0, 1, 1, -1, -1, 0, -1, 1, 1, -1, 0, 0, 1, 1, -1, -1, 0, 1, -1, 1, 0, -1, -1, 1, 0, 1, -1, -1, -1, 1, -1, -1, 1, -1, -1, 1, -1, 0, -1, 0, -1, -1, -1, -1, 0, -1, 1, -1, -1, 0, 0, -1, 1, -1, -1, 1, -1, -1, 1, 1, 1, 0, -1, 1, 1, -1, -1, 1, -1, 1, -1, 0, -1, -1, 0, -1, 1, -1, -1, 0, -1, -1, -1, -1, -1, -1, 1, -1, 1, -1, 1, 1, 0, -1, -1, 0, -1, 0, 0, 0, -1, -1, 1, -1, -1, 0, 1, -1, 1, -1, 1, 1, 1, 0, 1, -1, 1, -1, -1, -1, 1, 1, -1, 1, 1, -1, -1, -1, -1, -1, 1, 1, 1, 0, -1, -1, 1, -1, 1, 1, 1, -1, 1, 0, -1, -1, 1, -1, -1, 1, -1, 1, -1, 1, -1, -1, 0, -1, 1, -1, -1, 0, 1, -1, -1, -1, -1, -1, 1, 1, 1, 1, -1, 1, 0, 1, 1, -1, 1, 1, 1, 1, 1, 1, 1, -1, -1, 0, 0, 0, 1, -1, -1, -1, -1, -1, -1, -1, -1, -1, -1, -1, -1, -1, -1, 1, 1, 1, -1]"
150,7,27,1.0,0.18004858383226127,3,125,"[{'cluster_no': -1, 'count': 125}, {'cluster_no': 0, 'count': 38}, {'cluster_no': 1, 'count': 74}]","[-1, 0, 0, -1, -1, 1, -1, 0, 0, -1, -1, 0, -1, -1, -1, -1, -1, -1, -1, -1, -1, -1, -1, -1, 0, 1, -1, 0, 0, 1, 1, -1, -1, 0, -1, 1, 1, -1, 0, 0, 1, 1, -1, -1, 0, 1, -1, 1, 0, -1, -1, 1, 0, 1, -1, -1, -1, 1, -1, -1, 1, -1, -1, 1, -1, 0, -1, 0, -1, -1, -1, -1, 0, -1, 1, -1, -1, 0, 0, -1, 1, -1, -1, 1, -1, -1, 1, 1, 1, 0, -1, 1, 1, -1, -1, 1, -1, 1, -1, 0, -1, -1, 0, -1, 1, -1, -1, 0, -1, -1, -1, -1, -1, -1, 1, -1, 1, -1, 1, 1, 0, -1, -1, 0, -1, 0, 0, 0, -1, -1, 1, -1, -1, 0, 1, -1, 1, -1, 1, 1, 1, 0, 1, -1, 1, -1, -1, -1, 1, 1, -1, 1, 1, -1, -1, -1, -1, -1, 1, 1, 1, 0, -1, -1, 1, -1, 1, 1, 1, -1, 1, 0, -1, -1, 1, -1, -1, 1, -1, 1, -1, 1, -1, -1, 0, -1, 1, -1, -1, 0, 1, -1, -1, -1, -1, -1, 1, 1, 1, 1, -1, 1, 0, 1, 1, -1, 1, 1, 1, 1, 1, 1, 1, -1, -1, 0, 0, 0, 1, -1, -1, -1, -1, -1, -1, -1, -1, -1, -1, -1, -1, -1, -1, 1, 1, 1, -1]"
150,7,28,0.0,0.18004858383226127,3,125,"[{'cluster_no': -1, 'count': 125}, {'cluster_no': 0, 'count': 38}, {'cluster_no': 1, 'count': 74}]","[-1, 0, 0, -1, -1, 1, -1, 0, 0, -1, -1, 0, -1, -1, -1, -1, -1, -1, -1, -1, -1, -1, -1, -1, 0, 1, -1, 0, 0, 1, 1, -1, -1, 0, -1, 1, 1, -1, 0, 0, 1, 1, -1, -1, 0, 1, -1, 1, 0, -1, -1, 1, 0, 1, -1, -1, -1, 1, -1, -1, 1, -1, -1, 1, -1, 0, -1, 0, -1, -1, -1, -1, 0, -1, 1, -1, -1, 0, 0, -1, 1, -1, -1, 1, -1, -1, 1, 1, 1, 0, -1, 1, 1, -1, -1, 1, -1, 1, -1, 0, -1, -1, 0, -1, 1, -1, -1, 0, -1, -1, -1, -1, -1, -1, 1, -1, 1, -1, 1, 1, 0, -1, -1, 0, -1, 0, 0, 0, -1, -1, 1, -1, -1, 0, 1, -1, 1, -1, 1, 1, 1, 0, 1, -1, 1, -1, -1, -1, 1, 1, -1, 1, 1, -1, -1, -1, -1, -1, 1, 1, 1, 0, -1, -1, 1, -1, 1, 1, 1, -1, 1, 0, -1, -1, 1, -1, -1, 1, -1, 1, -1, 1, -1, -1, 0, -1, 1, -1, -1, 0, 1, -1, -1, -1, -1, -1, 1, 1, 1, 1, -1, 1, 0, 1, 1, -1, 1, 1, 1, 1, 1, 1, 1, -1, -1, 0, 0, 0, 1, -1, -1, -1, -1, -1, -1, -1, -1, -1, -1, -1, -1, -1, -1, 1, 1, 1, -1]"
150,7,28,0.5,0.18004858383226127,3,125,"[{'cluster_no': -1, 'count': 125}, {'cluster_no': 0, 'count': 38}, {'cluster_no': 1, 'count': 74}]","[-1, 0, 0, -1, -1, 1, -1, 0, 0, -1, -1, 0, -1, -1, -1, -1, -1, -1, -1, -1, -1, -1, -1, -1, 0, 1, -1, 0, 0, 1, 1, -1, -1, 0, -1, 1, 1, -1, 0, 0, 1, 1, -1, -1, 0, 1, -1, 1, 0, -1, -1, 1, 0, 1, -1, -1, -1, 1, -1, -1, 1, -1, -1, 1, -1, 0, -1, 0, -1, -1, -1, -1, 0, -1, 1, -1, -1, 0, 0, -1, 1, -1, -1, 1, -1, -1, 1, 1, 1, 0, -1, 1, 1, -1, -1, 1, -1, 1, -1, 0, -1, -1, 0, -1, 1, -1, -1, 0, -1, -1, -1, -1, -1, -1, 1, -1, 1, -1, 1, 1, 0, -1, -1, 0, -1, 0, 0, 0, -1, -1, 1, -1, -1, 0, 1, -1, 1, -1, 1, 1, 1, 0, 1, -1, 1, -1, -1, -1, 1, 1, -1, 1, 1, -1, -1, -1, -1, -1, 1, 1, 1, 0, -1, -1, 1, -1, 1, 1, 1, -1, 1, 0, -1, -1, 1, -1, -1, 1, -1, 1, -1, 1, -1, -1, 0, -1, 1, -1, -1, 0, 1, -1, -1, -1, -1, -1, 1, 1, 1, 1, -1, 1, 0, 1, 1, -1, 1, 1, 1, 1, 1, 1, 1, -1, -1, 0, 0, 0, 1, -1, -1, -1, -1, -1, -1, -1, -1, -1, -1, -1, -1, -1, -1, 1, 1, 1, -1]"
150,7,28,1.0,0.18004858383226127,3,125,"[{'cluster_no': -1, 'count': 125}, {'cluster_no': 0, 'count': 38}, {'cluster_no': 1, 'count': 74}]","[-1, 0, 0, -1, -1, 1, -1, 0, 0, -1, -1, 0, -1, -1, -1, -1, -1, -1, -1, -1, -1, -1, -1, -1, 0, 1, -1, 0, 0, 1, 1, -1, -1, 0, -1, 1, 1, -1, 0, 0, 1, 1, -1, -1, 0, 1, -1, 1, 0, -1, -1, 1, 0, 1, -1, -1, -1, 1, -1, -1, 1, -1, -1, 1, -1, 0, -1, 0, -1, -1, -1, -1, 0, -1, 1, -1, -1, 0, 0, -1, 1, -1, -1, 1, -1, -1, 1, 1, 1, 0, -1, 1, 1, -1, -1, 1, -1, 1, -1, 0, -1, -1, 0, -1, 1, -1, -1, 0, -1, -1, -1, -1, -1, -1, 1, -1, 1, -1, 1, 1, 0, -1, -1, 0, -1, 0, 0, 0, -1, -1, 1, -1, -1, 0, 1, -1, 1, -1, 1, 1, 1, 0, 1, -1, 1, -1, -1, -1, 1, 1, -1, 1, 1, -1, -1, -1, -1, -1, 1, 1, 1, 0, -1, -1, 1, -1, 1, 1, 1, -1, 1, 0, -1, -1, 1, -1, -1, 1, -1, 1, -1, 1, -1, -1, 0, -1, 1, -1, -1, 0, 1, -1, -1, -1, -1, -1, 1, 1, 1, 1, -1, 1, 0, 1, 1, -1, 1, 1, 1, 1, 1, 1, 1, -1, -1, 0, 0, 0, 1, -1, -1, -1, -1, -1, -1, -1, -1, -1, -1, -1, -1, -1, -1, 1, 1, 1, -1]"
150,7,29,0.0,0.18004858383226127,3,125,"[{'cluster_no': -1, 'count': 125}, {'cluster_no': 0, 'count': 38}, {'cluster_no': 1, 'count': 74}]","[-1, 0, 0, -1, -1, 1, -1, 0, 0, -1, -1, 0, -1, -1, -1, -1, -1, -1, -1, -1, -1, -1, -1, -1, 0, 1, -1, 0, 0, 1, 1, -1, -1, 0, -1, 1, 1, -1, 0, 0, 1, 1, -1, -1, 0, 1, -1, 1, 0, -1, -1, 1, 0, 1, -1, -1, -1, 1, -1, -1, 1, -1, -1, 1, -1, 0, -1, 0, -1, -1, -1, -1, 0, -1, 1, -1, -1, 0, 0, -1, 1, -1, -1, 1, -1, -1, 1, 1, 1, 0, -1, 1, 1, -1, -1, 1, -1, 1, -1, 0, -1, -1, 0, -1, 1, -1, -1, 0, -1, -1, -1, -1, -1, -1, 1, -1, 1, -1, 1, 1, 0, -1, -1, 0, -1, 0, 0, 0, -1, -1, 1, -1, -1, 0, 1, -1, 1, -1, 1, 1, 1, 0, 1, -1, 1, -1, -1, -1, 1, 1, -1, 1, 1, -1, -1, -1, -1, -1, 1, 1, 1, 0, -1, -1, 1, -1, 1, 1, 1, -1, 1, 0, -1, -1, 1, -1, -1, 1, -1, 1, -1, 1, -1, -1, 0, -1, 1, -1, -1, 0, 1, -1, -1, -1, -1, -1, 1, 1, 1, 1, -1, 1, 0, 1, 1, -1, 1, 1, 1, 1, 1, 1, 1, -1, -1, 0, 0, 0, 1, -1, -1, -1, -1, -1, -1, -1, -1, -1, -1, -1, -1, -1, -1, 1, 1, 1, -1]"
150,7,29,0.5,0.18004858383226127,3,125,"[{'cluster_no': -1, 'count': 125}, {'cluster_no': 0, 'count': 38}, {'cluster_no': 1, 'count': 74}]","[-1, 0, 0, -1, -1, 1, -1, 0, 0, -1, -1, 0, -1, -1, -1, -1, -1, -1, -1, -1, -1, -1, -1, -1, 0, 1, -1, 0, 0, 1, 1, -1, -1, 0, -1, 1, 1, -1, 0, 0, 1, 1, -1, -1, 0, 1, -1, 1, 0, -1, -1, 1, 0, 1, -1, -1, -1, 1, -1, -1, 1, -1, -1, 1, -1, 0, -1, 0, -1, -1, -1, -1, 0, -1, 1, -1, -1, 0, 0, -1, 1, -1, -1, 1, -1, -1, 1, 1, 1, 0, -1, 1, 1, -1, -1, 1, -1, 1, -1, 0, -1, -1, 0, -1, 1, -1, -1, 0, -1, -1, -1, -1, -1, -1, 1, -1, 1, -1, 1, 1, 0, -1, -1, 0, -1, 0, 0, 0, -1, -1, 1, -1, -1, 0, 1, -1, 1, -1, 1, 1, 1, 0, 1, -1, 1, -1, -1, -1, 1, 1, -1, 1, 1, -1, -1, -1, -1, -1, 1, 1, 1, 0, -1, -1, 1, -1, 1, 1, 1, -1, 1, 0, -1, -1, 1, -1, -1, 1, -1, 1, -1, 1, -1, -1, 0, -1, 1, -1, -1, 0, 1, -1, -1, -1, -1, -1, 1, 1, 1, 1, -1, 1, 0, 1, 1, -1, 1, 1, 1, 1, 1, 1, 1, -1, -1, 0, 0, 0, 1, -1, -1, -1, -1, -1, -1, -1, -1, -1, -1, -1, -1, -1, -1, 1, 1, 1, -1]"
150,7,29,1.0,0.18004858383226127,3,125,"[{'cluster_no': -1, 'count': 125}, {'cluster_no': 0, 'count': 38}, {'cluster_no': 1, 'count': 74}]","[-1, 0, 0, -1, -1, 1, -1, 0, 0, -1, -1, 0, -1, -1, -1, -1, -1, -1, -1, -1, -1, -1, -1, -1, 0, 1, -1, 0, 0, 1, 1, -1, -1, 0, -1, 1, 1, -1, 0, 0, 1, 1, -1, -1, 0, 1, -1, 1, 0, -1, -1, 1, 0, 1, -1, -1, -1, 1, -1, -1, 1, -1, -1, 1, -1, 0, -1, 0, -1, -1, -1, -1, 0, -1, 1, -1, -1, 0, 0, -1, 1, -1, -1, 1, -1, -1, 1, 1, 1, 0, -1, 1, 1, -1, -1, 1, -1, 1, -1, 0, -1, -1, 0, -1, 1, -1, -1, 0, -1, -1, -1, -1, -1, -1, 1, -1, 1, -1, 1, 1, 0, -1, -1, 0, -1, 0, 0, 0, -1, -1, 1, -1, -1, 0, 1, -1, 1, -1, 1, 1, 1, 0, 1, -1, 1, -1, -1, -1, 1, 1, -1, 1, 1, -1, -1, -1, -1, -1, 1, 1, 1, 0, -1, -1, 1, -1, 1, 1, 1, -1, 1, 0, -1, -1, 1, -1, -1, 1, -1, 1, -1, 1, -1, -1, 0, -1, 1, -1, -1, 0, 1, -1, -1, -1, -1, -1, 1, 1, 1, 1, -1, 1, 0, 1, 1, -1, 1, 1, 1, 1, 1, 1, 1, -1, -1, 0, 0, 0, 1, -1, -1, -1, -1, -1, -1, -1, -1, -1, -1, -1, -1, -1, -1, 1, 1, 1, -1]"
150,7,30,0.0,0.18004858383226127,3,125,"[{'cluster_no': -1, 'count': 125}, {'cluster_no': 0, 'count': 38}, {'cluster_no': 1, 'count': 74}]","[-1, 0, 0, -1, -1, 1, -1, 0, 0, -1, -1, 0, -1, -1, -1, -1, -1, -1, -1, -1, -1, -1, -1, -1, 0, 1, -1, 0, 0, 1, 1, -1, -1, 0, -1, 1, 1, -1, 0, 0, 1, 1, -1, -1, 0, 1, -1, 1, 0, -1, -1, 1, 0, 1, -1, -1, -1, 1, -1, -1, 1, -1, -1, 1, -1, 0, -1, 0, -1, -1, -1, -1, 0, -1, 1, -1, -1, 0, 0, -1, 1, -1, -1, 1, -1, -1, 1, 1, 1, 0, -1, 1, 1, -1, -1, 1, -1, 1, -1, 0, -1, -1, 0, -1, 1, -1, -1, 0, -1, -1, -1, -1, -1, -1, 1, -1, 1, -1, 1, 1, 0, -1, -1, 0, -1, 0, 0, 0, -1, -1, 1, -1, -1, 0, 1, -1, 1, -1, 1, 1, 1, 0, 1, -1, 1, -1, -1, -1, 1, 1, -1, 1, 1, -1, -1, -1, -1, -1, 1, 1, 1, 0, -1, -1, 1, -1, 1, 1, 1, -1, 1, 0, -1, -1, 1, -1, -1, 1, -1, 1, -1, 1, -1, -1, 0, -1, 1, -1, -1, 0, 1, -1, -1, -1, -1, -1, 1, 1, 1, 1, -1, 1, 0, 1, 1, -1, 1, 1, 1, 1, 1, 1, 1, -1, -1, 0, 0, 0, 1, -1, -1, -1, -1, -1, -1, -1, -1, -1, -1, -1, -1, -1, -1, 1, 1, 1, -1]"
150,7,30,0.5,0.18004858383226127,3,125,"[{'cluster_no': -1, 'count': 125}, {'cluster_no': 0, 'count': 38}, {'cluster_no': 1, 'count': 74}]","[-1, 0, 0, -1, -1, 1, -1, 0, 0, -1, -1, 0, -1, -1, -1, -1, -1, -1, -1, -1, -1, -1, -1, -1, 0, 1, -1, 0, 0, 1, 1, -1, -1, 0, -1, 1, 1, -1, 0, 0, 1, 1, -1, -1, 0, 1, -1, 1, 0, -1, -1, 1, 0, 1, -1, -1, -1, 1, -1, -1, 1, -1, -1, 1, -1, 0, -1, 0, -1, -1, -1, -1, 0, -1, 1, -1, -1, 0, 0, -1, 1, -1, -1, 1, -1, -1, 1, 1, 1, 0, -1, 1, 1, -1, -1, 1, -1, 1, -1, 0, -1, -1, 0, -1, 1, -1, -1, 0, -1, -1, -1, -1, -1, -1, 1, -1, 1, -1, 1, 1, 0, -1, -1, 0, -1, 0, 0, 0, -1, -1, 1, -1, -1, 0, 1, -1, 1, -1, 1, 1, 1, 0, 1, -1, 1, -1, -1, -1, 1, 1, -1, 1, 1, -1, -1, -1, -1, -1, 1, 1, 1, 0, -1, -1, 1, -1, 1, 1, 1, -1, 1, 0, -1, -1, 1, -1, -1, 1, -1, 1, -1, 1, -1, -1, 0, -1, 1, -1, -1, 0, 1, -1, -1, -1, -1, -1, 1, 1, 1, 1, -1, 1, 0, 1, 1, -1, 1, 1, 1, 1, 1, 1, 1, -1, -1, 0, 0, 0, 1, -1, -1, -1, -1, -1, -1, -1, -1, -1, -1, -1, -1, -1, -1, 1, 1, 1, -1]"
150,7,30,1.0,0.18004858383226127,3,125,"[{'cluster_no': -1, 'count': 125}, {'cluster_no': 0, 'count': 38}, {'cluster_no': 1, 'count': 74}]","[-1, 0, 0, -1, -1, 1, -1, 0, 0, -1, -1, 0, -1, -1, -1, -1, -1, -1, -1, -1, -1, -1, -1, -1, 0, 1, -1, 0, 0, 1, 1, -1, -1, 0, -1, 1, 1, -1, 0, 0, 1, 1, -1, -1, 0, 1, -1, 1, 0, -1, -1, 1, 0, 1, -1, -1, -1, 1, -1, -1, 1, -1, -1, 1, -1, 0, -1, 0, -1, -1, -1, -1, 0, -1, 1, -1, -1, 0, 0, -1, 1, -1, -1, 1, -1, -1, 1, 1, 1, 0, -1, 1, 1, -1, -1, 1, -1, 1, -1, 0, -1, -1, 0, -1, 1, -1, -1, 0, -1, -1, -1, -1, -1, -1, 1, -1, 1, -1, 1, 1, 0, -1, -1, 0, -1, 0, 0, 0, -1, -1, 1, -1, -1, 0, 1, -1, 1, -1, 1, 1, 1, 0, 1, -1, 1, -1, -1, -1, 1, 1, -1, 1, 1, -1, -1, -1, -1, -1, 1, 1, 1, 0, -1, -1, 1, -1, 1, 1, 1, -1, 1, 0, -1, -1, 1, -1, -1, 1, -1, 1, -1, 1, -1, -1, 0, -1, 1, -1, -1, 0, 1, -1, -1, -1, -1, -1, 1, 1, 1, 1, -1, 1, 0, 1, 1, -1, 1, 1, 1, 1, 1, 1, 1, -1, -1, 0, 0, 0, 1, -1, -1, -1, -1, -1, -1, -1, -1, -1, -1, -1, -1, -1, -1, 1, 1, 1, -1]"
150,8,5,0.0,0.5130402208063317,7,164,"[{'cluster_no': -1, 'count': 164}, {'cluster_no': 0, 'count': 7}, {'cluster_no': 1, 'count': 18}, {'cluster_no': 2, 'count': 10}, {'cluster_no': 3, 'count': 14}, {'cluster_no': 4, 'count': 19}, {'cluster_no': 5, 'count': 5}]","[-1, 1, 1, -1, -1, -1, -1, 1, 1, -1, -1, 1, -1, -1, -1, -1, -1, -1, -1, -1, -1, -1, -1, -1, -1, 3, -1, -1, 0, 4, 4, -1, -1, 1, -1, -1, 3, -1, -1, -1, -1, -1, -1, -1, 1, 4, -1, 3, 1, -1, -1, -1, 1, 2, -1, -1, -1, 4, -1, -1, 2, -1, -1, -1, -1, -1, -1, -1, -1, -1, -1, -1, 1, -1, -1, -1, -1, -1, 0, -1, 4, -1, -1, -1, -1, -1, 2, -1, 4, -1, -1, 3, -1, -1, -1, 3, -1, -1, -1, -1, -1, -1, 0, -1, 4, -1, -1, 1, -1, -1, -1, -1, -1, -1, 4, -1, -1, -1, 3, 2, 1, -1, -1, 1, -1, -1, 1, 0, -1, -1, 3, -1, -1, 1, 3, -1, -1, -1, 2, 2, 5, 1, -1, -1, 4, -1, -1, -1, 3, -1, -1, -1, 2, -1, -1, -1, -1, -1, 4, -1, 5, -1, -1, -1, 5, -1, 4, -1, 4, -1, 3, 1, -1, -1, 4, -1, -1, -1, -1, -1, -1, -1, -1, -1, -1, -1, 4, -1, -1, 0, -1, -1, -1, -1, -1, -1, 3, 3, 5, 3, -1, 2, 1, 3, 2, -1, 4, 4, 5, -1, -1, 4, -1, -1, -1, 0, -1, 0, 4, -1, -1, -1, -1, -1, -1, -1, -1, -1, -1, -1, -1, -1, -1, -1, 4, 2, -1]"
150,8,5,0.5,0.19905603308082173,3,133,"[{'cluster_no': -1, 'count': 133}, {'cluster_no': 0, 'count': 34}, {'cluster_no': 1, 'count': 70}]","[0, 0, 0, -1, -1, -1, -1, 0, 0, -1, -1, 0, -1, -1, -1, -1, -1, -1, -1, -1, -1, -1, -1, -1, 0, 1, -1, 0, 0, 1, 1, -1, -1, 0, -1, -1, 1, -1, -1, -1, 1, 1, -1, -1, 0, 1, 1, 1, 0, -1, -1, -1, 0, 1, -1, -1, -1, 1, -1, -1, 1, -1, -1, -1, -1, 0, -1, 0, -1, -1, -1, -1, 0, -1, 1, -1, -1, 0, 0, -1, 1, -1, -1, 1, -1, -1, 1, 1, 1, 0, -1, 1, -1, -1, -1, 1, -1, -1, -1, -1, 0, -1, 0, -1, 1, -1, -1, 0, -1, -1, -1, -1, -1, -1, 1, -1, 1, -1, 1, 1, 0, -1, 1, 0, -1, 0, 0, 0, -1, -1, 1, -1, -1, 0, 1, -1, 1, -1, 1, 1, 1, 0, -1, -1, 1, -1, -1, -1, 1, -1, -1, -1, 1, 1, -1, -1, -1, -1, 1, 1, 1, -1, -1, -1, 1, -1, 1, 1, 1, -1, 1, 0, -1, -1, 1, -1, -1, 1, -1, 1, 1, -1, 1, -1, -1, -1, 1, -1, 1, 0, -1, -1, -1, -1, -1, -1, 1, 1, 1, 1, -1, 1, 0, 1, 1, -1, 1, 1, 1, 1, -1, 1, 1, -1, -1, 0, 1, 0, 1, -1, -1, -1, -1, 1, -1, -1, -1, -1, -1, -1, -1, -1, -1, 1, 1, 1, -1]"
150,8,5,1.0,0.19905603308082173,3,133,"[{'cluster_no': -1, 'count': 133}, {'cluster_no': 0, 'count': 34}, {'cluster_no': 1, 'count': 70}]","[0, 0, 0, -1, -1, -1, -1, 0, 0, -1, -1, 0, -1, -1, -1, -1, -1, -1, -1, -1, -1, -1, -1, -1, 0, 1, -1, 0, 0, 1, 1, -1, -1, 0, -1, -1, 1, -1, -1, -1, 1, 1, -1, -1, 0, 1, 1, 1, 0, -1, -1, -1, 0, 1, -1, -1, -1, 1, -1, -1, 1, -1, -1, -1, -1, 0, -1, 0, -1, -1, -1, -1, 0, -1, 1, -1, -1, 0, 0, -1, 1, -1, -1, 1, -1, -1, 1, 1, 1, 0, -1, 1, -1, -1, -1, 1, -1, -1, -1, -1, 0, -1, 0, -1, 1, -1, -1, 0, -1, -1, -1, -1, -1, -1, 1, -1, 1, -1, 1, 1, 0, -1, 1, 0, -1, 0, 0, 0, -1, -1, 1, -1, -1, 0, 1, -1, 1, -1, 1, 1, 1, 0, -1, -1, 1, -1, -1, -1, 1, -1, -1, -1, 1, 1, -1, -1, -1, -1, 1, 1, 1, -1, -1, -1, 1, -1, 1, 1, 1, -1, 1, 0, -1, -1, 1, -1, -1, 1, -1, 1, 1, -1, 1, -1, -1, -1, 1, -1, 1, 0, -1, -1, -1, -1, -1, -1, 1, 1, 1, 1, -1, 1, 0, 1, 1, -1, 1, 1, 1, 1, -1, 1, 1, -1, -1, 0, 1, 0, 1, -1, -1, -1, -1, 1, -1, -1, -1, -1, -1, -1, -1, -1, -1, 1, 1, 1, -1]"
150,8,6,0.0,0.4266143261131791,6,155,"[{'cluster_no': -1, 'count': 155}, {'cluster_no': 0, 'count': 7}, {'cluster_no': 1, 'count': 18}, {'cluster_no': 2, 'count': 33}, {'cluster_no': 3, 'count': 10}, {'cluster_no': 4, 'count': 14}]","[-1, 1, 1, -1, -1, -1, -1, 1, 1, -1, -1, 1, -1, -1, -1, -1, -1, -1, -1, -1, -1, -1, -1, -1, -1, 4, -1, -1, 0, 2, 2, -1, -1, 1, -1, -1, 4, -1, -1, -1, -1, 2, -1, -1, 1, 2, -1, 4, 1, -1, -1, -1, 1, 3, -1, -1, -1, 2, -1, -1, 3, -1, -1, -1, -1, -1, -1, -1, -1, -1, -1, -1, 1, -1, -1, -1, -1, -1, 0, -1, 2, -1, -1, 2, -1, -1, 3, 2, 2, -1, -1, 4, -1, -1, -1, 4, -1, -1, -1, -1, -1, -1, 0, -1, 2, -1, -1, 1, -1, -1, -1, -1, -1, -1, 2, -1, -1, -1, 4, 3, 1, -1, -1, 1, -1, -1, 1, 0, -1, -1, 4, -1, -1, 1, 4, -1, 2, -1, 3, 3, 2, 1, -1, -1, 2, -1, -1, -1, 4, -1, -1, -1, 3, -1, -1, -1, -1, -1, 2, 2, 2, -1, -1, -1, 2, -1, 2, 2, 2, -1, 4, 1, -1, -1, 2, -1, -1, 2, -1, 2, -1, -1, -1, -1, -1, -1, 2, -1, -1, 0, -1, -1, -1, -1, -1, -1, 4, 4, 2, 4, -1, 3, 1, 4, 3, -1, 2, 2, 2, 2, -1, 2, -1, -1, -1, 0, -1, 0, 2, -1, -1, -1, -1, -1, -1, -1, -1, -1, -1, -1, -1, -1, -1, -1, 2, 3, -1]"
150,8,6,0.5,0.19905603308082173,3,133,"[{'cluster_no': -1, 'count': 133}, {'cluster_no': 0, 'count': 34}, {'cluster_no': 1, 'count': 70}]","[0, 0, 0, -1, -1, -1, -1, 0, 0, -1, -1, 0, -1, -1, -1, -1, -1, -1, -1, -1, -1, -1, -1, -1, 0, 1, -1, 0, 0, 1, 1, -1, -1, 0, -1, -1, 1, -1, -1, -1, 1, 1, -1, -1, 0, 1, 1, 1, 0, -1, -1, -1, 0, 1, -1, -1, -1, 1, -1, -1, 1, -1, -1, -1, -1, 0, -1, 0, -1, -1, -1, -1, 0, -1, 1, -1, -1, 0, 0, -1, 1, -1, -1, 1, -1, -1, 1, 1, 1, 0, -1, 1, -1, -1, -1, 1, -1, -1, -1, -1, 0, -1, 0, -1, 1, -1, -1, 0, -1, -1, -1, -1, -1, -1, 1, -1, 1, -1, 1, 1, 0, -1, 1, 0, -1, 0, 0, 0, -1, -1, 1, -1, -1, 0, 1, -1, 1, -1, 1, 1, 1, 0, -1, -1, 1, -1, -1, -1, 1, -1, -1, -1, 1, 1, -1, -1, -1, -1, 1, 1, 1, -1, -1, -1, 1, -1, 1, 1, 1, -1, 1, 0, -1, -1, 1, -1, -1, 1, -1, 1, 1, -1, 1, -1, -1, -1, 1, -1, 1, 0, -1, -1, -1, -1, -1, -1, 1, 1, 1, 1, -1, 1, 0, 1, 1, -1, 1, 1, 1, 1, -1, 1, 1, -1, -1, 0, 1, 0, 1, -1, -1, -1, -1, 1, -1, -1, -1, -1, -1, -1, -1, -1, -1, 1, 1, 1, -1]"
150,8,6,1.0,0.19905603308082173,3,133,"[{'cluster_no': -1, 'count': 133}, {'cluster_no': 0, 'count': 34}, {'cluster_no': 1, 'count': 70}]","[0, 0, 0, -1, -1, -1, -1, 0, 0, -1, -1, 0, -1, -1, -1, -1, -1, -1, -1, -1, -1, -1, -1, -1, 0, 1, -1, 0, 0, 1, 1, -1, -1, 0, -1, -1, 1, -1, -1, -1, 1, 1, -1, -1, 0, 1, 1, 1, 0, -1, -1, -1, 0, 1, -1, -1, -1, 1, -1, -1, 1, -1, -1, -1, -1, 0, -1, 0, -1, -1, -1, -1, 0, -1, 1, -1, -1, 0, 0, -1, 1, -1, -1, 1, -1, -1, 1, 1, 1, 0, -1, 1, -1, -1, -1, 1, -1, -1, -1, -1, 0, -1, 0, -1, 1, -1, -1, 0, -1, -1, -1, -1, -1, -1, 1, -1, 1, -1, 1, 1, 0, -1, 1, 0, -1, 0, 0, 0, -1, -1, 1, -1, -1, 0, 1, -1, 1, -1, 1, 1, 1, 0, -1, -1, 1, -1, -1, -1, 1, -1, -1, -1, 1, 1, -1, -1, -1, -1, 1, 1, 1, -1, -1, -1, 1, -1, 1, 1, 1, -1, 1, 0, -1, -1, 1, -1, -1, 1, -1, 1, 1, -1, 1, -1, -1, -1, 1, -1, 1, 0, -1, -1, -1, -1, -1, -1, 1, 1, 1, 1, -1, 1, 0, 1, 1, -1, 1, 1, 1, 1, -1, 1, 1, -1, -1, 0, 1, 0, 1, -1, -1, -1, -1, 1, -1, -1, -1, -1, -1, -1, -1, -1, -1, 1, 1, 1, -1]"
150,8,7,0.0,0.4266143261131791,6,155,"[{'cluster_no': -1, 'count': 155}, {'cluster_no': 0, 'count': 7}, {'cluster_no': 1, 'count': 18}, {'cluster_no': 2, 'count': 33}, {'cluster_no': 3, 'count': 10}, {'cluster_no': 4, 'count': 14}]","[-1, 1, 1, -1, -1, -1, -1, 1, 1, -1, -1, 1, -1, -1, -1, -1, -1, -1, -1, -1, -1, -1, -1, -1, -1, 4, -1, -1, 0, 2, 2, -1, -1, 1, -1, -1, 4, -1, -1, -1, -1, 2, -1, -1, 1, 2, -1, 4, 1, -1, -1, -1, 1, 3, -1, -1, -1, 2, -1, -1, 3, -1, -1, -1, -1, -1, -1, -1, -1, -1, -1, -1, 1, -1, -1, -1, -1, -1, 0, -1, 2, -1, -1, 2, -1, -1, 3, 2, 2, -1, -1, 4, -1, -1, -1, 4, -1, -1, -1, -1, -1, -1, 0, -1, 2, -1, -1, 1, -1, -1, -1, -1, -1, -1, 2, -1, -1, -1, 4, 3, 1, -1, -1, 1, -1, -1, 1, 0, -1, -1, 4, -1, -1, 1, 4, -1, 2, -1, 3, 3, 2, 1, -1, -1, 2, -1, -1, -1, 4, -1, -1, -1, 3, -1, -1, -1, -1, -1, 2, 2, 2, -1, -1, -1, 2, -1, 2, 2, 2, -1, 4, 1, -1, -1, 2, -1, -1, 2, -1, 2, -1, -1, -1, -1, -1, -1, 2, -1, -1, 0, -1, -1, -1, -1, -1, -1, 4, 4, 2, 4, -1, 3, 1, 4, 3, -1, 2, 2, 2, 2, -1, 2, -1, -1, -1, 0, -1, 0, 2, -1, -1, -1, -1, -1, -1, -1, -1, -1, -1, -1, -1, -1, -1, -1, 2, 3, -1]"
150,8,7,0.5,0.19905603308082173,3,133,"[{'cluster_no': -1, 'count': 133}, {'cluster_no': 0, 'count': 34}, {'cluster_no': 1, 'count': 70}]","[0, 0, 0, -1, -1, -1, -1, 0, 0, -1, -1, 0, -1, -1, -1, -1, -1, -1, -1, -1, -1, -1, -1, -1, 0, 1, -1, 0, 0, 1, 1, -1, -1, 0, -1, -1, 1, -1, -1, -1, 1, 1, -1, -1, 0, 1, 1, 1, 0, -1, -1, -1, 0, 1, -1, -1, -1, 1, -1, -1, 1, -1, -1, -1, -1, 0, -1, 0, -1, -1, -1, -1, 0, -1, 1, -1, -1, 0, 0, -1, 1, -1, -1, 1, -1, -1, 1, 1, 1, 0, -1, 1, -1, -1, -1, 1, -1, -1, -1, -1, 0, -1, 0, -1, 1, -1, -1, 0, -1, -1, -1, -1, -1, -1, 1, -1, 1, -1, 1, 1, 0, -1, 1, 0, -1, 0, 0, 0, -1, -1, 1, -1, -1, 0, 1, -1, 1, -1, 1, 1, 1, 0, -1, -1, 1, -1, -1, -1, 1, -1, -1, -1, 1, 1, -1, -1, -1, -1, 1, 1, 1, -1, -1, -1, 1, -1, 1, 1, 1, -1, 1, 0, -1, -1, 1, -1, -1, 1, -1, 1, 1, -1, 1, -1, -1, -1, 1, -1, 1, 0, -1, -1, -1, -1, -1, -1, 1, 1, 1, 1, -1, 1, 0, 1, 1, -1, 1, 1, 1, 1, -1, 1, 1, -1, -1, 0, 1, 0, 1, -1, -1, -1, -1, 1, -1, -1, -1, -1, -1, -1, -1, -1, -1, 1, 1, 1, -1]"
150,8,7,1.0,0.19905603308082173,3,133,"[{'cluster_no': -1, 'count': 133}, {'cluster_no': 0, 'count': 34}, {'cluster_no': 1, 'count': 70}]","[0, 0, 0, -1, -1, -1, -1, 0, 0, -1, -1, 0, -1, -1, -1, -1, -1, -1, -1, -1, -1, -1, -1, -1, 0, 1, -1, 0, 0, 1, 1, -1, -1, 0, -1, -1, 1, -1, -1, -1, 1, 1, -1, -1, 0, 1, 1, 1, 0, -1, -1, -1, 0, 1, -1, -1, -1, 1, -1, -1, 1, -1, -1, -1, -1, 0, -1, 0, -1, -1, -1, -1, 0, -1, 1, -1, -1, 0, 0, -1, 1, -1, -1, 1, -1, -1, 1, 1, 1, 0, -1, 1, -1, -1, -1, 1, -1, -1, -1, -1, 0, -1, 0, -1, 1, -1, -1, 0, -1, -1, -1, -1, -1, -1, 1, -1, 1, -1, 1, 1, 0, -1, 1, 0, -1, 0, 0, 0, -1, -1, 1, -1, -1, 0, 1, -1, 1, -1, 1, 1, 1, 0, -1, -1, 1, -1, -1, -1, 1, -1, -1, -1, 1, 1, -1, -1, -1, -1, 1, 1, 1, -1, -1, -1, 1, -1, 1, 1, 1, -1, 1, 0, -1, -1, 1, -1, -1, 1, -1, 1, 1, -1, 1, -1, -1, -1, 1, -1, 1, 0, -1, -1, -1, -1, -1, -1, 1, 1, 1, 1, -1, 1, 0, 1, 1, -1, 1, 1, 1, 1, -1, 1, 1, -1, -1, 0, 1, 0, 1, -1, -1, -1, -1, 1, -1, -1, -1, -1, -1, -1, -1, -1, -1, 1, 1, 1, -1]"
150,8,8,0.0,0.32099347618391033,5,146,"[{'cluster_no': -1, 'count': 146}, {'cluster_no': 0, 'count': 34}, {'cluster_no': 1, 'count': 33}, {'cluster_no': 2, 'count': 10}, {'cluster_no': 3, 'count': 14}]","[0, 0, 0, -1, -1, -1, -1, 0, 0, -1, -1, 0, -1, -1, -1, -1, -1, -1, -1, -1, -1, -1, -1, -1, 0, 3, -1, 0, 0, 1, 1, -1, -1, 0, -1, -1, 3, -1, -1, -1, -1, 1, -1, -1, 0, 1, -1, 3, 0, -1, -1, -1, 0, 2, -1, -1, -1, 1, -1, -1, 2, -1, -1, -1, -1, 0, -1, 0, -1, -1, -1, -1, 0, -1, -1, -1, -1, 0, 0, -1, 1, -1, -1, 1, -1, -1, 2, 1, 1, 0, -1, 3, -1, -1, -1, 3, -1, -1, -1, -1, 0, -1, 0, -1, 1, -1, -1, 0, -1, -1, -1, -1, -1, -1, 1, -1, -1, -1, 3, 2, 0, -1, -1, 0, -1, 0, 0, 0, -1, -1, 3, -1, -1, 0, 3, -1, 1, -1, 2, 2, 1, 0, -1, -1, 1, -1, -1, -1, 3, -1, -1, -1, 2, -1, -1, -1, -1, -1, 1, 1, 1, -1, -1, -1, 1, -1, 1, 1, 1, -1, 3, 0, -1, -1, 1, -1, -1, 1, -1, 1, -1, -1, -1, -1, -1, -1, 1, -1, -1, 0, -1, -1, -1, -1, -1, -1, 3, 3, 1, 3, -1, 2, 0, 3, 2, -1, 1, 1, 1, 1, -1, 1, -1, -1, -1, 0, -1, 0, 1, -1, -1, -1, -1, -1, -1, -1, -1, -1, -1, -1, -1, -1, -1, -1, 1, 2, -1]"
150,8,8,0.5,0.19905603308082173,3,133,"[{'cluster_no': -1, 'count': 133}, {'cluster_no': 0, 'count': 34}, {'cluster_no': 1, 'count': 70}]","[0, 0, 0, -1, -1, -1, -1, 0, 0, -1, -1, 0, -1, -1, -1, -1, -1, -1, -1, -1, -1, -1, -1, -1, 0, 1, -1, 0, 0, 1, 1, -1, -1, 0, -1, -1, 1, -1, -1, -1, 1, 1, -1, -1, 0, 1, 1, 1, 0, -1, -1, -1, 0, 1, -1, -1, -1, 1, -1, -1, 1, -1, -1, -1, -1, 0, -1, 0, -1, -1, -1, -1, 0, -1, 1, -1, -1, 0, 0, -1, 1, -1, -1, 1, -1, -1, 1, 1, 1, 0, -1, 1, -1, -1, -1, 1, -1, -1, -1, -1, 0, -1, 0, -1, 1, -1, -1, 0, -1, -1, -1, -1, -1, -1, 1, -1, 1, -1, 1, 1, 0, -1, 1, 0, -1, 0, 0, 0, -1, -1, 1, -1, -1, 0, 1, -1, 1, -1, 1, 1, 1, 0, -1, -1, 1, -1, -1, -1, 1, -1, -1, -1, 1, 1, -1, -1, -1, -1, 1, 1, 1, -1, -1, -1, 1, -1, 1, 1, 1, -1, 1, 0, -1, -1, 1, -1, -1, 1, -1, 1, 1, -1, 1, -1, -1, -1, 1, -1, 1, 0, -1, -1, -1, -1, -1, -1, 1, 1, 1, 1, -1, 1, 0, 1, 1, -1, 1, 1, 1, 1, -1, 1, 1, -1, -1, 0, 1, 0, 1, -1, -1, -1, -1, 1, -1, -1, -1, -1, -1, -1, -1, -1, -1, 1, 1, 1, -1]"
150,8,8,1.0,0.19905603308082173,3,133,"[{'cluster_no': -1, 'count': 133}, {'cluster_no': 0, 'count': 34}, {'cluster_no': 1, 'count': 70}]","[0, 0, 0, -1, -1, -1, -1, 0, 0, -1, -1, 0, -1, -1, -1, -1, -1, -1, -1, -1, -1, -1, -1, -1, 0, 1, -1, 0, 0, 1, 1, -1, -1, 0, -1, -1, 1, -1, -1, -1, 1, 1, -1, -1, 0, 1, 1, 1, 0, -1, -1, -1, 0, 1, -1, -1, -1, 1, -1, -1, 1, -1, -1, -1, -1, 0, -1, 0, -1, -1, -1, -1, 0, -1, 1, -1, -1, 0, 0, -1, 1, -1, -1, 1, -1, -1, 1, 1, 1, 0, -1, 1, -1, -1, -1, 1, -1, -1, -1, -1, 0, -1, 0, -1, 1, -1, -1, 0, -1, -1, -1, -1, -1, -1, 1, -1, 1, -1, 1, 1, 0, -1, 1, 0, -1, 0, 0, 0, -1, -1, 1, -1, -1, 0, 1, -1, 1, -1, 1, 1, 1, 0, -1, -1, 1, -1, -1, -1, 1, -1, -1, -1, 1, 1, -1, -1, -1, -1, 1, 1, 1, -1, -1, -1, 1, -1, 1, 1, 1, -1, 1, 0, -1, -1, 1, -1, -1, 1, -1, 1, 1, -1, 1, -1, -1, -1, 1, -1, 1, 0, -1, -1, -1, -1, -1, -1, 1, 1, 1, 1, -1, 1, 0, 1, 1, -1, 1, 1, 1, 1, -1, 1, 1, -1, -1, 0, 1, 0, 1, -1, -1, -1, -1, 1, -1, -1, -1, -1, -1, -1, -1, -1, -1, 1, 1, 1, -1]"
150,8,9,0.0,0.32099347618391033,5,146,"[{'cluster_no': -1, 'count': 146}, {'cluster_no': 0, 'count': 34}, {'cluster_no': 1, 'count': 33}, {'cluster_no': 2, 'count': 10}, {'cluster_no': 3, 'count': 14}]","[0, 0, 0, -1, -1, -1, -1, 0, 0, -1, -1, 0, -1, -1, -1, -1, -1, -1, -1, -1, -1, -1, -1, -1, 0, 3, -1, 0, 0, 1, 1, -1, -1, 0, -1, -1, 3, -1, -1, -1, -1, 1, -1, -1, 0, 1, -1, 3, 0, -1, -1, -1, 0, 2, -1, -1, -1, 1, -1, -1, 2, -1, -1, -1, -1, 0, -1, 0, -1, -1, -1, -1, 0, -1, -1, -1, -1, 0, 0, -1, 1, -1, -1, 1, -1, -1, 2, 1, 1, 0, -1, 3, -1, -1, -1, 3, -1, -1, -1, -1, 0, -1, 0, -1, 1, -1, -1, 0, -1, -1, -1, -1, -1, -1, 1, -1, -1, -1, 3, 2, 0, -1, -1, 0, -1, 0, 0, 0, -1, -1, 3, -1, -1, 0, 3, -1, 1, -1, 2, 2, 1, 0, -1, -1, 1, -1, -1, -1, 3, -1, -1, -1, 2, -1, -1, -1, -1, -1, 1, 1, 1, -1, -1, -1, 1, -1, 1, 1, 1, -1, 3, 0, -1, -1, 1, -1, -1, 1, -1, 1, -1, -1, -1, -1, -1, -1, 1, -1, -1, 0, -1, -1, -1, -1, -1, -1, 3, 3, 1, 3, -1, 2, 0, 3, 2, -1, 1, 1, 1, 1, -1, 1, -1, -1, -1, 0, -1, 0, 1, -1, -1, -1, -1, -1, -1, -1, -1, -1, -1, -1, -1, -1, -1, -1, 1, 2, -1]"
150,8,9,0.5,0.19905603308082173,3,133,"[{'cluster_no': -1, 'count': 133}, {'cluster_no': 0, 'count': 34}, {'cluster_no': 1, 'count': 70}]","[0, 0, 0, -1, -1, -1, -1, 0, 0, -1, -1, 0, -1, -1, -1, -1, -1, -1, -1, -1, -1, -1, -1, -1, 0, 1, -1, 0, 0, 1, 1, -1, -1, 0, -1, -1, 1, -1, -1, -1, 1, 1, -1, -1, 0, 1, 1, 1, 0, -1, -1, -1, 0, 1, -1, -1, -1, 1, -1, -1, 1, -1, -1, -1, -1, 0, -1, 0, -1, -1, -1, -1, 0, -1, 1, -1, -1, 0, 0, -1, 1, -1, -1, 1, -1, -1, 1, 1, 1, 0, -1, 1, -1, -1, -1, 1, -1, -1, -1, -1, 0, -1, 0, -1, 1, -1, -1, 0, -1, -1, -1, -1, -1, -1, 1, -1, 1, -1, 1, 1, 0, -1, 1, 0, -1, 0, 0, 0, -1, -1, 1, -1, -1, 0, 1, -1, 1, -1, 1, 1, 1, 0, -1, -1, 1, -1, -1, -1, 1, -1, -1, -1, 1, 1, -1, -1, -1, -1, 1, 1, 1, -1, -1, -1, 1, -1, 1, 1, 1, -1, 1, 0, -1, -1, 1, -1, -1, 1, -1, 1, 1, -1, 1, -1, -1, -1, 1, -1, 1, 0, -1, -1, -1, -1, -1, -1, 1, 1, 1, 1, -1, 1, 0, 1, 1, -1, 1, 1, 1, 1, -1, 1, 1, -1, -1, 0, 1, 0, 1, -1, -1, -1, -1, 1, -1, -1, -1, -1, -1, -1, -1, -1, -1, 1, 1, 1, -1]"
150,8,9,1.0,0.19905603308082173,3,133,"[{'cluster_no': -1, 'count': 133}, {'cluster_no': 0, 'count': 34}, {'cluster_no': 1, 'count': 70}]","[0, 0, 0, -1, -1, -1, -1, 0, 0, -1, -1, 0, -1, -1, -1, -1, -1, -1, -1, -1, -1, -1, -1, -1, 0, 1, -1, 0, 0, 1, 1, -1, -1, 0, -1, -1, 1, -1, -1, -1, 1, 1, -1, -1, 0, 1, 1, 1, 0, -1, -1, -1, 0, 1, -1, -1, -1, 1, -1, -1, 1, -1, -1, -1, -1, 0, -1, 0, -1, -1, -1, -1, 0, -1, 1, -1, -1, 0, 0, -1, 1, -1, -1, 1, -1, -1, 1, 1, 1, 0, -1, 1, -1, -1, -1, 1, -1, -1, -1, -1, 0, -1, 0, -1, 1, -1, -1, 0, -1, -1, -1, -1, -1, -1, 1, -1, 1, -1, 1, 1, 0, -1, 1, 0, -1, 0, 0, 0, -1, -1, 1, -1, -1, 0, 1, -1, 1, -1, 1, 1, 1, 0, -1, -1, 1, -1, -1, -1, 1, -1, -1, -1, 1, 1, -1, -1, -1, -1, 1, 1, 1, -1, -1, -1, 1, -1, 1, 1, 1, -1, 1, 0, -1, -1, 1, -1, -1, 1, -1, 1, 1, -1, 1, -1, -1, -1, 1, -1, 1, 0, -1, -1, -1, -1, -1, -1, 1, 1, 1, 1, -1, 1, 0, 1, 1, -1, 1, 1, 1, 1, -1, 1, 1, -1, -1, 0, 1, 0, 1, -1, -1, -1, -1, 1, -1, -1, -1, -1, -1, -1, -1, -1, -1, 1, 1, 1, -1]"
150,8,10,0.0,0.32099347618391033,5,146,"[{'cluster_no': -1, 'count': 146}, {'cluster_no': 0, 'count': 34}, {'cluster_no': 1, 'count': 33}, {'cluster_no': 2, 'count': 10}, {'cluster_no': 3, 'count': 14}]","[0, 0, 0, -1, -1, -1, -1, 0, 0, -1, -1, 0, -1, -1, -1, -1, -1, -1, -1, -1, -1, -1, -1, -1, 0, 3, -1, 0, 0, 1, 1, -1, -1, 0, -1, -1, 3, -1, -1, -1, -1, 1, -1, -1, 0, 1, -1, 3, 0, -1, -1, -1, 0, 2, -1, -1, -1, 1, -1, -1, 2, -1, -1, -1, -1, 0, -1, 0, -1, -1, -1, -1, 0, -1, -1, -1, -1, 0, 0, -1, 1, -1, -1, 1, -1, -1, 2, 1, 1, 0, -1, 3, -1, -1, -1, 3, -1, -1, -1, -1, 0, -1, 0, -1, 1, -1, -1, 0, -1, -1, -1, -1, -1, -1, 1, -1, -1, -1, 3, 2, 0, -1, -1, 0, -1, 0, 0, 0, -1, -1, 3, -1, -1, 0, 3, -1, 1, -1, 2, 2, 1, 0, -1, -1, 1, -1, -1, -1, 3, -1, -1, -1, 2, -1, -1, -1, -1, -1, 1, 1, 1, -1, -1, -1, 1, -1, 1, 1, 1, -1, 3, 0, -1, -1, 1, -1, -1, 1, -1, 1, -1, -1, -1, -1, -1, -1, 1, -1, -1, 0, -1, -1, -1, -1, -1, -1, 3, 3, 1, 3, -1, 2, 0, 3, 2, -1, 1, 1, 1, 1, -1, 1, -1, -1, -1, 0, -1, 0, 1, -1, -1, -1, -1, -1, -1, -1, -1, -1, -1, -1, -1, -1, -1, -1, 1, 2, -1]"
150,8,10,0.5,0.19905603308082173,3,133,"[{'cluster_no': -1, 'count': 133}, {'cluster_no': 0, 'count': 34}, {'cluster_no': 1, 'count': 70}]","[0, 0, 0, -1, -1, -1, -1, 0, 0, -1, -1, 0, -1, -1, -1, -1, -1, -1, -1, -1, -1, -1, -1, -1, 0, 1, -1, 0, 0, 1, 1, -1, -1, 0, -1, -1, 1, -1, -1, -1, 1, 1, -1, -1, 0, 1, 1, 1, 0, -1, -1, -1, 0, 1, -1, -1, -1, 1, -1, -1, 1, -1, -1, -1, -1, 0, -1, 0, -1, -1, -1, -1, 0, -1, 1, -1, -1, 0, 0, -1, 1, -1, -1, 1, -1, -1, 1, 1, 1, 0, -1, 1, -1, -1, -1, 1, -1, -1, -1, -1, 0, -1, 0, -1, 1, -1, -1, 0, -1, -1, -1, -1, -1, -1, 1, -1, 1, -1, 1, 1, 0, -1, 1, 0, -1, 0, 0, 0, -1, -1, 1, -1, -1, 0, 1, -1, 1, -1, 1, 1, 1, 0, -1, -1, 1, -1, -1, -1, 1, -1, -1, -1, 1, 1, -1, -1, -1, -1, 1, 1, 1, -1, -1, -1, 1, -1, 1, 1, 1, -1, 1, 0, -1, -1, 1, -1, -1, 1, -1, 1, 1, -1, 1, -1, -1, -1, 1, -1, 1, 0, -1, -1, -1, -1, -1, -1, 1, 1, 1, 1, -1, 1, 0, 1, 1, -1, 1, 1, 1, 1, -1, 1, 1, -1, -1, 0, 1, 0, 1, -1, -1, -1, -1, 1, -1, -1, -1, -1, -1, -1, -1, -1, -1, 1, 1, 1, -1]"
150,8,10,1.0,0.19905603308082173,3,133,"[{'cluster_no': -1, 'count': 133}, {'cluster_no': 0, 'count': 34}, {'cluster_no': 1, 'count': 70}]","[0, 0, 0, -1, -1, -1, -1, 0, 0, -1, -1, 0, -1, -1, -1, -1, -1, -1, -1, -1, -1, -1, -1, -1, 0, 1, -1, 0, 0, 1, 1, -1, -1, 0, -1, -1, 1, -1, -1, -1, 1, 1, -1, -1, 0, 1, 1, 1, 0, -1, -1, -1, 0, 1, -1, -1, -1, 1, -1, -1, 1, -1, -1, -1, -1, 0, -1, 0, -1, -1, -1, -1, 0, -1, 1, -1, -1, 0, 0, -1, 1, -1, -1, 1, -1, -1, 1, 1, 1, 0, -1, 1, -1, -1, -1, 1, -1, -1, -1, -1, 0, -1, 0, -1, 1, -1, -1, 0, -1, -1, -1, -1, -1, -1, 1, -1, 1, -1, 1, 1, 0, -1, 1, 0, -1, 0, 0, 0, -1, -1, 1, -1, -1, 0, 1, -1, 1, -1, 1, 1, 1, 0, -1, -1, 1, -1, -1, -1, 1, -1, -1, -1, 1, 1, -1, -1, -1, -1, 1, 1, 1, -1, -1, -1, 1, -1, 1, 1, 1, -1, 1, 0, -1, -1, 1, -1, -1, 1, -1, 1, 1, -1, 1, -1, -1, -1, 1, -1, 1, 0, -1, -1, -1, -1, -1, -1, 1, 1, 1, 1, -1, 1, 0, 1, 1, -1, 1, 1, 1, 1, -1, 1, 1, -1, -1, 0, 1, 0, 1, -1, -1, -1, -1, 1, -1, -1, -1, -1, -1, -1, -1, -1, -1, 1, 1, 1, -1]"
150,8,11,0.0,0.37809621896807016,4,146,"[{'cluster_no': -1, 'count': 146}, {'cluster_no': 0, 'count': 34}, {'cluster_no': 1, 'count': 33}, {'cluster_no': 2, 'count': 24}]","[0, 0, 0, -1, -1, -1, -1, 0, 0, -1, -1, 0, -1, -1, -1, -1, -1, -1, -1, -1, -1, -1, -1, -1, 0, 2, -1, 0, 0, 1, 1, -1, -1, 0, -1, -1, 2, -1, -1, -1, -1, 1, -1, -1, 0, 1, -1, 2, 0, -1, -1, -1, 0, 2, -1, -1, -1, 1, -1, -1, 2, -1, -1, -1, -1, 0, -1, 0, -1, -1, -1, -1, 0, -1, -1, -1, -1, 0, 0, -1, 1, -1, -1, 1, -1, -1, 2, 1, 1, 0, -1, 2, -1, -1, -1, 2, -1, -1, -1, -1, 0, -1, 0, -1, 1, -1, -1, 0, -1, -1, -1, -1, -1, -1, 1, -1, -1, -1, 2, 2, 0, -1, -1, 0, -1, 0, 0, 0, -1, -1, 2, -1, -1, 0, 2, -1, 1, -1, 2, 2, 1, 0, -1, -1, 1, -1, -1, -1, 2, -1, -1, -1, 2, -1, -1, -1, -1, -1, 1, 1, 1, -1, -1, -1, 1, -1, 1, 1, 1, -1, 2, 0, -1, -1, 1, -1, -1, 1, -1, 1, -1, -1, -1, -1, -1, -1, 1, -1, -1, 0, -1, -1, -1, -1, -1, -1, 2, 2, 1, 2, -1, 2, 0, 2, 2, -1, 1, 1, 1, 1, -1, 1, -1, -1, -1, 0, -1, 0, 1, -1, -1, -1, -1, -1, -1, -1, -1, -1, -1, -1, -1, -1, -1, -1, 1, 2, -1]"
150,8,11,0.5,0.19905603308082173,3,133,"[{'cluster_no': -1, 'count': 133}, {'cluster_no': 0, 'count': 34}, {'cluster_no': 1, 'count': 70}]","[0, 0, 0, -1, -1, -1, -1, 0, 0, -1, -1, 0, -1, -1, -1, -1, -1, -1, -1, -1, -1, -1, -1, -1, 0, 1, -1, 0, 0, 1, 1, -1, -1, 0, -1, -1, 1, -1, -1, -1, 1, 1, -1, -1, 0, 1, 1, 1, 0, -1, -1, -1, 0, 1, -1, -1, -1, 1, -1, -1, 1, -1, -1, -1, -1, 0, -1, 0, -1, -1, -1, -1, 0, -1, 1, -1, -1, 0, 0, -1, 1, -1, -1, 1, -1, -1, 1, 1, 1, 0, -1, 1, -1, -1, -1, 1, -1, -1, -1, -1, 0, -1, 0, -1, 1, -1, -1, 0, -1, -1, -1, -1, -1, -1, 1, -1, 1, -1, 1, 1, 0, -1, 1, 0, -1, 0, 0, 0, -1, -1, 1, -1, -1, 0, 1, -1, 1, -1, 1, 1, 1, 0, -1, -1, 1, -1, -1, -1, 1, -1, -1, -1, 1, 1, -1, -1, -1, -1, 1, 1, 1, -1, -1, -1, 1, -1, 1, 1, 1, -1, 1, 0, -1, -1, 1, -1, -1, 1, -1, 1, 1, -1, 1, -1, -1, -1, 1, -1, 1, 0, -1, -1, -1, -1, -1, -1, 1, 1, 1, 1, -1, 1, 0, 1, 1, -1, 1, 1, 1, 1, -1, 1, 1, -1, -1, 0, 1, 0, 1, -1, -1, -1, -1, 1, -1, -1, -1, -1, -1, -1, -1, -1, -1, 1, 1, 1, -1]"
150,8,11,1.0,0.19905603308082173,3,133,"[{'cluster_no': -1, 'count': 133}, {'cluster_no': 0, 'count': 34}, {'cluster_no': 1, 'count': 70}]","[0, 0, 0, -1, -1, -1, -1, 0, 0, -1, -1, 0, -1, -1, -1, -1, -1, -1, -1, -1, -1, -1, -1, -1, 0, 1, -1, 0, 0, 1, 1, -1, -1, 0, -1, -1, 1, -1, -1, -1, 1, 1, -1, -1, 0, 1, 1, 1, 0, -1, -1, -1, 0, 1, -1, -1, -1, 1, -1, -1, 1, -1, -1, -1, -1, 0, -1, 0, -1, -1, -1, -1, 0, -1, 1, -1, -1, 0, 0, -1, 1, -1, -1, 1, -1, -1, 1, 1, 1, 0, -1, 1, -1, -1, -1, 1, -1, -1, -1, -1, 0, -1, 0, -1, 1, -1, -1, 0, -1, -1, -1, -1, -1, -1, 1, -1, 1, -1, 1, 1, 0, -1, 1, 0, -1, 0, 0, 0, -1, -1, 1, -1, -1, 0, 1, -1, 1, -1, 1, 1, 1, 0, -1, -1, 1, -1, -1, -1, 1, -1, -1, -1, 1, 1, -1, -1, -1, -1, 1, 1, 1, -1, -1, -1, 1, -1, 1, 1, 1, -1, 1, 0, -1, -1, 1, -1, -1, 1, -1, 1, 1, -1, 1, -1, -1, -1, 1, -1, 1, 0, -1, -1, -1, -1, -1, -1, 1, 1, 1, 1, -1, 1, 0, 1, 1, -1, 1, 1, 1, 1, -1, 1, 1, -1, -1, 0, 1, 0, 1, -1, -1, -1, -1, 1, -1, -1, -1, -1, -1, -1, -1, -1, -1, 1, 1, 1, -1]"
150,8,12,0.0,0.37809621896807016,4,146,"[{'cluster_no': -1, 'count': 146}, {'cluster_no': 0, 'count': 34}, {'cluster_no': 1, 'count': 33}, {'cluster_no': 2, 'count': 24}]","[0, 0, 0, -1, -1, -1, -1, 0, 0, -1, -1, 0, -1, -1, -1, -1, -1, -1, -1, -1, -1, -1, -1, -1, 0, 2, -1, 0, 0, 1, 1, -1, -1, 0, -1, -1, 2, -1, -1, -1, -1, 1, -1, -1, 0, 1, -1, 2, 0, -1, -1, -1, 0, 2, -1, -1, -1, 1, -1, -1, 2, -1, -1, -1, -1, 0, -1, 0, -1, -1, -1, -1, 0, -1, -1, -1, -1, 0, 0, -1, 1, -1, -1, 1, -1, -1, 2, 1, 1, 0, -1, 2, -1, -1, -1, 2, -1, -1, -1, -1, 0, -1, 0, -1, 1, -1, -1, 0, -1, -1, -1, -1, -1, -1, 1, -1, -1, -1, 2, 2, 0, -1, -1, 0, -1, 0, 0, 0, -1, -1, 2, -1, -1, 0, 2, -1, 1, -1, 2, 2, 1, 0, -1, -1, 1, -1, -1, -1, 2, -1, -1, -1, 2, -1, -1, -1, -1, -1, 1, 1, 1, -1, -1, -1, 1, -1, 1, 1, 1, -1, 2, 0, -1, -1, 1, -1, -1, 1, -1, 1, -1, -1, -1, -1, -1, -1, 1, -1, -1, 0, -1, -1, -1, -1, -1, -1, 2, 2, 1, 2, -1, 2, 0, 2, 2, -1, 1, 1, 1, 1, -1, 1, -1, -1, -1, 0, -1, 0, 1, -1, -1, -1, -1, -1, -1, -1, -1, -1, -1, -1, -1, -1, -1, -1, 1, 2, -1]"
150,8,12,0.5,0.19905603308082173,3,133,"[{'cluster_no': -1, 'count': 133}, {'cluster_no': 0, 'count': 34}, {'cluster_no': 1, 'count': 70}]","[0, 0, 0, -1, -1, -1, -1, 0, 0, -1, -1, 0, -1, -1, -1, -1, -1, -1, -1, -1, -1, -1, -1, -1, 0, 1, -1, 0, 0, 1, 1, -1, -1, 0, -1, -1, 1, -1, -1, -1, 1, 1, -1, -1, 0, 1, 1, 1, 0, -1, -1, -1, 0, 1, -1, -1, -1, 1, -1, -1, 1, -1, -1, -1, -1, 0, -1, 0, -1, -1, -1, -1, 0, -1, 1, -1, -1, 0, 0, -1, 1, -1, -1, 1, -1, -1, 1, 1, 1, 0, -1, 1, -1, -1, -1, 1, -1, -1, -1, -1, 0, -1, 0, -1, 1, -1, -1, 0, -1, -1, -1, -1, -1, -1, 1, -1, 1, -1, 1, 1, 0, -1, 1, 0, -1, 0, 0, 0, -1, -1, 1, -1, -1, 0, 1, -1, 1, -1, 1, 1, 1, 0, -1, -1, 1, -1, -1, -1, 1, -1, -1, -1, 1, 1, -1, -1, -1, -1, 1, 1, 1, -1, -1, -1, 1, -1, 1, 1, 1, -1, 1, 0, -1, -1, 1, -1, -1, 1, -1, 1, 1, -1, 1, -1, -1, -1, 1, -1, 1, 0, -1, -1, -1, -1, -1, -1, 1, 1, 1, 1, -1, 1, 0, 1, 1, -1, 1, 1, 1, 1, -1, 1, 1, -1, -1, 0, 1, 0, 1, -1, -1, -1, -1, 1, -1, -1, -1, -1, -1, -1, -1, -1, -1, 1, 1, 1, -1]"
150,8,12,1.0,0.19905603308082173,3,133,"[{'cluster_no': -1, 'count': 133}, {'cluster_no': 0, 'count': 34}, {'cluster_no': 1, 'count': 70}]","[0, 0, 0, -1, -1, -1, -1, 0, 0, -1, -1, 0, -1, -1, -1, -1, -1, -1, -1, -1, -1, -1, -1, -1, 0, 1, -1, 0, 0, 1, 1, -1, -1, 0, -1, -1, 1, -1, -1, -1, 1, 1, -1, -1, 0, 1, 1, 1, 0, -1, -1, -1, 0, 1, -1, -1, -1, 1, -1, -1, 1, -1, -1, -1, -1, 0, -1, 0, -1, -1, -1, -1, 0, -1, 1, -1, -1, 0, 0, -1, 1, -1, -1, 1, -1, -1, 1, 1, 1, 0, -1, 1, -1, -1, -1, 1, -1, -1, -1, -1, 0, -1, 0, -1, 1, -1, -1, 0, -1, -1, -1, -1, -1, -1, 1, -1, 1, -1, 1, 1, 0, -1, 1, 0, -1, 0, 0, 0, -1, -1, 1, -1, -1, 0, 1, -1, 1, -1, 1, 1, 1, 0, -1, -1, 1, -1, -1, -1, 1, -1, -1, -1, 1, 1, -1, -1, -1, -1, 1, 1, 1, -1, -1, -1, 1, -1, 1, 1, 1, -1, 1, 0, -1, -1, 1, -1, -1, 1, -1, 1, 1, -1, 1, -1, -1, -1, 1, -1, 1, 0, -1, -1, -1, -1, -1, -1, 1, 1, 1, 1, -1, 1, 0, 1, 1, -1, 1, 1, 1, 1, -1, 1, 1, -1, -1, 0, 1, 0, 1, -1, -1, -1, -1, 1, -1, -1, -1, -1, -1, -1, -1, -1, -1, 1, 1, 1, -1]"
150,8,13,0.0,0.37809621896807016,4,146,"[{'cluster_no': -1, 'count': 146}, {'cluster_no': 0, 'count': 34}, {'cluster_no': 1, 'count': 33}, {'cluster_no': 2, 'count': 24}]","[0, 0, 0, -1, -1, -1, -1, 0, 0, -1, -1, 0, -1, -1, -1, -1, -1, -1, -1, -1, -1, -1, -1, -1, 0, 2, -1, 0, 0, 1, 1, -1, -1, 0, -1, -1, 2, -1, -1, -1, -1, 1, -1, -1, 0, 1, -1, 2, 0, -1, -1, -1, 0, 2, -1, -1, -1, 1, -1, -1, 2, -1, -1, -1, -1, 0, -1, 0, -1, -1, -1, -1, 0, -1, -1, -1, -1, 0, 0, -1, 1, -1, -1, 1, -1, -1, 2, 1, 1, 0, -1, 2, -1, -1, -1, 2, -1, -1, -1, -1, 0, -1, 0, -1, 1, -1, -1, 0, -1, -1, -1, -1, -1, -1, 1, -1, -1, -1, 2, 2, 0, -1, -1, 0, -1, 0, 0, 0, -1, -1, 2, -1, -1, 0, 2, -1, 1, -1, 2, 2, 1, 0, -1, -1, 1, -1, -1, -1, 2, -1, -1, -1, 2, -1, -1, -1, -1, -1, 1, 1, 1, -1, -1, -1, 1, -1, 1, 1, 1, -1, 2, 0, -1, -1, 1, -1, -1, 1, -1, 1, -1, -1, -1, -1, -1, -1, 1, -1, -1, 0, -1, -1, -1, -1, -1, -1, 2, 2, 1, 2, -1, 2, 0, 2, 2, -1, 1, 1, 1, 1, -1, 1, -1, -1, -1, 0, -1, 0, 1, -1, -1, -1, -1, -1, -1, -1, -1, -1, -1, -1, -1, -1, -1, -1, 1, 2, -1]"
150,8,13,0.5,0.19905603308082173,3,133,"[{'cluster_no': -1, 'count': 133}, {'cluster_no': 0, 'count': 34}, {'cluster_no': 1, 'count': 70}]","[0, 0, 0, -1, -1, -1, -1, 0, 0, -1, -1, 0, -1, -1, -1, -1, -1, -1, -1, -1, -1, -1, -1, -1, 0, 1, -1, 0, 0, 1, 1, -1, -1, 0, -1, -1, 1, -1, -1, -1, 1, 1, -1, -1, 0, 1, 1, 1, 0, -1, -1, -1, 0, 1, -1, -1, -1, 1, -1, -1, 1, -1, -1, -1, -1, 0, -1, 0, -1, -1, -1, -1, 0, -1, 1, -1, -1, 0, 0, -1, 1, -1, -1, 1, -1, -1, 1, 1, 1, 0, -1, 1, -1, -1, -1, 1, -1, -1, -1, -1, 0, -1, 0, -1, 1, -1, -1, 0, -1, -1, -1, -1, -1, -1, 1, -1, 1, -1, 1, 1, 0, -1, 1, 0, -1, 0, 0, 0, -1, -1, 1, -1, -1, 0, 1, -1, 1, -1, 1, 1, 1, 0, -1, -1, 1, -1, -1, -1, 1, -1, -1, -1, 1, 1, -1, -1, -1, -1, 1, 1, 1, -1, -1, -1, 1, -1, 1, 1, 1, -1, 1, 0, -1, -1, 1, -1, -1, 1, -1, 1, 1, -1, 1, -1, -1, -1, 1, -1, 1, 0, -1, -1, -1, -1, -1, -1, 1, 1, 1, 1, -1, 1, 0, 1, 1, -1, 1, 1, 1, 1, -1, 1, 1, -1, -1, 0, 1, 0, 1, -1, -1, -1, -1, 1, -1, -1, -1, -1, -1, -1, -1, -1, -1, 1, 1, 1, -1]"
150,8,13,1.0,0.19905603308082173,3,133,"[{'cluster_no': -1, 'count': 133}, {'cluster_no': 0, 'count': 34}, {'cluster_no': 1, 'count': 70}]","[0, 0, 0, -1, -1, -1, -1, 0, 0, -1, -1, 0, -1, -1, -1, -1, -1, -1, -1, -1, -1, -1, -1, -1, 0, 1, -1, 0, 0, 1, 1, -1, -1, 0, -1, -1, 1, -1, -1, -1, 1, 1, -1, -1, 0, 1, 1, 1, 0, -1, -1, -1, 0, 1, -1, -1, -1, 1, -1, -1, 1, -1, -1, -1, -1, 0, -1, 0, -1, -1, -1, -1, 0, -1, 1, -1, -1, 0, 0, -1, 1, -1, -1, 1, -1, -1, 1, 1, 1, 0, -1, 1, -1, -1, -1, 1, -1, -1, -1, -1, 0, -1, 0, -1, 1, -1, -1, 0, -1, -1, -1, -1, -1, -1, 1, -1, 1, -1, 1, 1, 0, -1, 1, 0, -1, 0, 0, 0, -1, -1, 1, -1, -1, 0, 1, -1, 1, -1, 1, 1, 1, 0, -1, -1, 1, -1, -1, -1, 1, -1, -1, -1, 1, 1, -1, -1, -1, -1, 1, 1, 1, -1, -1, -1, 1, -1, 1, 1, 1, -1, 1, 0, -1, -1, 1, -1, -1, 1, -1, 1, 1, -1, 1, -1, -1, -1, 1, -1, 1, 0, -1, -1, -1, -1, -1, -1, 1, 1, 1, 1, -1, 1, 0, 1, 1, -1, 1, 1, 1, 1, -1, 1, 1, -1, -1, 0, 1, 0, 1, -1, -1, -1, -1, 1, -1, -1, -1, -1, -1, -1, -1, -1, -1, 1, 1, 1, -1]"
150,8,14,0.0,0.37809621896807016,4,146,"[{'cluster_no': -1, 'count': 146}, {'cluster_no': 0, 'count': 34}, {'cluster_no': 1, 'count': 33}, {'cluster_no': 2, 'count': 24}]","[0, 0, 0, -1, -1, -1, -1, 0, 0, -1, -1, 0, -1, -1, -1, -1, -1, -1, -1, -1, -1, -1, -1, -1, 0, 2, -1, 0, 0, 1, 1, -1, -1, 0, -1, -1, 2, -1, -1, -1, -1, 1, -1, -1, 0, 1, -1, 2, 0, -1, -1, -1, 0, 2, -1, -1, -1, 1, -1, -1, 2, -1, -1, -1, -1, 0, -1, 0, -1, -1, -1, -1, 0, -1, -1, -1, -1, 0, 0, -1, 1, -1, -1, 1, -1, -1, 2, 1, 1, 0, -1, 2, -1, -1, -1, 2, -1, -1, -1, -1, 0, -1, 0, -1, 1, -1, -1, 0, -1, -1, -1, -1, -1, -1, 1, -1, -1, -1, 2, 2, 0, -1, -1, 0, -1, 0, 0, 0, -1, -1, 2, -1, -1, 0, 2, -1, 1, -1, 2, 2, 1, 0, -1, -1, 1, -1, -1, -1, 2, -1, -1, -1, 2, -1, -1, -1, -1, -1, 1, 1, 1, -1, -1, -1, 1, -1, 1, 1, 1, -1, 2, 0, -1, -1, 1, -1, -1, 1, -1, 1, -1, -1, -1, -1, -1, -1, 1, -1, -1, 0, -1, -1, -1, -1, -1, -1, 2, 2, 1, 2, -1, 2, 0, 2, 2, -1, 1, 1, 1, 1, -1, 1, -1, -1, -1, 0, -1, 0, 1, -1, -1, -1, -1, -1, -1, -1, -1, -1, -1, -1, -1, -1, -1, -1, 1, 2, -1]"
150,8,14,0.5,0.19905603308082173,3,133,"[{'cluster_no': -1, 'count': 133}, {'cluster_no': 0, 'count': 34}, {'cluster_no': 1, 'count': 70}]","[0, 0, 0, -1, -1, -1, -1, 0, 0, -1, -1, 0, -1, -1, -1, -1, -1, -1, -1, -1, -1, -1, -1, -1, 0, 1, -1, 0, 0, 1, 1, -1, -1, 0, -1, -1, 1, -1, -1, -1, 1, 1, -1, -1, 0, 1, 1, 1, 0, -1, -1, -1, 0, 1, -1, -1, -1, 1, -1, -1, 1, -1, -1, -1, -1, 0, -1, 0, -1, -1, -1, -1, 0, -1, 1, -1, -1, 0, 0, -1, 1, -1, -1, 1, -1, -1, 1, 1, 1, 0, -1, 1, -1, -1, -1, 1, -1, -1, -1, -1, 0, -1, 0, -1, 1, -1, -1, 0, -1, -1, -1, -1, -1, -1, 1, -1, 1, -1, 1, 1, 0, -1, 1, 0, -1, 0, 0, 0, -1, -1, 1, -1, -1, 0, 1, -1, 1, -1, 1, 1, 1, 0, -1, -1, 1, -1, -1, -1, 1, -1, -1, -1, 1, 1, -1, -1, -1, -1, 1, 1, 1, -1, -1, -1, 1, -1, 1, 1, 1, -1, 1, 0, -1, -1, 1, -1, -1, 1, -1, 1, 1, -1, 1, -1, -1, -1, 1, -1, 1, 0, -1, -1, -1, -1, -1, -1, 1, 1, 1, 1, -1, 1, 0, 1, 1, -1, 1, 1, 1, 1, -1, 1, 1, -1, -1, 0, 1, 0, 1, -1, -1, -1, -1, 1, -1, -1, -1, -1, -1, -1, -1, -1, -1, 1, 1, 1, -1]"
150,8,14,1.0,0.19905603308082173,3,133,"[{'cluster_no': -1, 'count': 133}, {'cluster_no': 0, 'count': 34}, {'cluster_no': 1, 'count': 70}]","[0, 0, 0, -1, -1, -1, -1, 0, 0, -1, -1, 0, -1, -1, -1, -1, -1, -1, -1, -1, -1, -1, -1, -1, 0, 1, -1, 0, 0, 1, 1, -1, -1, 0, -1, -1, 1, -1, -1, -1, 1, 1, -1, -1, 0, 1, 1, 1, 0, -1, -1, -1, 0, 1, -1, -1, -1, 1, -1, -1, 1, -1, -1, -1, -1, 0, -1, 0, -1, -1, -1, -1, 0, -1, 1, -1, -1, 0, 0, -1, 1, -1, -1, 1, -1, -1, 1, 1, 1, 0, -1, 1, -1, -1, -1, 1, -1, -1, -1, -1, 0, -1, 0, -1, 1, -1, -1, 0, -1, -1, -1, -1, -1, -1, 1, -1, 1, -1, 1, 1, 0, -1, 1, 0, -1, 0, 0, 0, -1, -1, 1, -1, -1, 0, 1, -1, 1, -1, 1, 1, 1, 0, -1, -1, 1, -1, -1, -1, 1, -1, -1, -1, 1, 1, -1, -1, -1, -1, 1, 1, 1, -1, -1, -1, 1, -1, 1, 1, 1, -1, 1, 0, -1, -1, 1, -1, -1, 1, -1, 1, 1, -1, 1, -1, -1, -1, 1, -1, 1, 0, -1, -1, -1, -1, -1, -1, 1, 1, 1, 1, -1, 1, 0, 1, 1, -1, 1, 1, 1, 1, -1, 1, 1, -1, -1, 0, 1, 0, 1, -1, -1, -1, -1, 1, -1, -1, -1, -1, -1, -1, -1, -1, -1, 1, 1, 1, -1]"
150,8,15,0.0,0.37809621896807016,4,146,"[{'cluster_no': -1, 'count': 146}, {'cluster_no': 0, 'count': 34}, {'cluster_no': 1, 'count': 33}, {'cluster_no': 2, 'count': 24}]","[0, 0, 0, -1, -1, -1, -1, 0, 0, -1, -1, 0, -1, -1, -1, -1, -1, -1, -1, -1, -1, -1, -1, -1, 0, 2, -1, 0, 0, 1, 1, -1, -1, 0, -1, -1, 2, -1, -1, -1, -1, 1, -1, -1, 0, 1, -1, 2, 0, -1, -1, -1, 0, 2, -1, -1, -1, 1, -1, -1, 2, -1, -1, -1, -1, 0, -1, 0, -1, -1, -1, -1, 0, -1, -1, -1, -1, 0, 0, -1, 1, -1, -1, 1, -1, -1, 2, 1, 1, 0, -1, 2, -1, -1, -1, 2, -1, -1, -1, -1, 0, -1, 0, -1, 1, -1, -1, 0, -1, -1, -1, -1, -1, -1, 1, -1, -1, -1, 2, 2, 0, -1, -1, 0, -1, 0, 0, 0, -1, -1, 2, -1, -1, 0, 2, -1, 1, -1, 2, 2, 1, 0, -1, -1, 1, -1, -1, -1, 2, -1, -1, -1, 2, -1, -1, -1, -1, -1, 1, 1, 1, -1, -1, -1, 1, -1, 1, 1, 1, -1, 2, 0, -1, -1, 1, -1, -1, 1, -1, 1, -1, -1, -1, -1, -1, -1, 1, -1, -1, 0, -1, -1, -1, -1, -1, -1, 2, 2, 1, 2, -1, 2, 0, 2, 2, -1, 1, 1, 1, 1, -1, 1, -1, -1, -1, 0, -1, 0, 1, -1, -1, -1, -1, -1, -1, -1, -1, -1, -1, -1, -1, -1, -1, -1, 1, 2, -1]"
150,8,15,0.5,0.19905603308082173,3,133,"[{'cluster_no': -1, 'count': 133}, {'cluster_no': 0, 'count': 34}, {'cluster_no': 1, 'count': 70}]","[0, 0, 0, -1, -1, -1, -1, 0, 0, -1, -1, 0, -1, -1, -1, -1, -1, -1, -1, -1, -1, -1, -1, -1, 0, 1, -1, 0, 0, 1, 1, -1, -1, 0, -1, -1, 1, -1, -1, -1, 1, 1, -1, -1, 0, 1, 1, 1, 0, -1, -1, -1, 0, 1, -1, -1, -1, 1, -1, -1, 1, -1, -1, -1, -1, 0, -1, 0, -1, -1, -1, -1, 0, -1, 1, -1, -1, 0, 0, -1, 1, -1, -1, 1, -1, -1, 1, 1, 1, 0, -1, 1, -1, -1, -1, 1, -1, -1, -1, -1, 0, -1, 0, -1, 1, -1, -1, 0, -1, -1, -1, -1, -1, -1, 1, -1, 1, -1, 1, 1, 0, -1, 1, 0, -1, 0, 0, 0, -1, -1, 1, -1, -1, 0, 1, -1, 1, -1, 1, 1, 1, 0, -1, -1, 1, -1, -1, -1, 1, -1, -1, -1, 1, 1, -1, -1, -1, -1, 1, 1, 1, -1, -1, -1, 1, -1, 1, 1, 1, -1, 1, 0, -1, -1, 1, -1, -1, 1, -1, 1, 1, -1, 1, -1, -1, -1, 1, -1, 1, 0, -1, -1, -1, -1, -1, -1, 1, 1, 1, 1, -1, 1, 0, 1, 1, -1, 1, 1, 1, 1, -1, 1, 1, -1, -1, 0, 1, 0, 1, -1, -1, -1, -1, 1, -1, -1, -1, -1, -1, -1, -1, -1, -1, 1, 1, 1, -1]"
150,8,15,1.0,0.19905603308082173,3,133,"[{'cluster_no': -1, 'count': 133}, {'cluster_no': 0, 'count': 34}, {'cluster_no': 1, 'count': 70}]","[0, 0, 0, -1, -1, -1, -1, 0, 0, -1, -1, 0, -1, -1, -1, -1, -1, -1, -1, -1, -1, -1, -1, -1, 0, 1, -1, 0, 0, 1, 1, -1, -1, 0, -1, -1, 1, -1, -1, -1, 1, 1, -1, -1, 0, 1, 1, 1, 0, -1, -1, -1, 0, 1, -1, -1, -1, 1, -1, -1, 1, -1, -1, -1, -1, 0, -1, 0, -1, -1, -1, -1, 0, -1, 1, -1, -1, 0, 0, -1, 1, -1, -1, 1, -1, -1, 1, 1, 1, 0, -1, 1, -1, -1, -1, 1, -1, -1, -1, -1, 0, -1, 0, -1, 1, -1, -1, 0, -1, -1, -1, -1, -1, -1, 1, -1, 1, -1, 1, 1, 0, -1, 1, 0, -1, 0, 0, 0, -1, -1, 1, -1, -1, 0, 1, -1, 1, -1, 1, 1, 1, 0, -1, -1, 1, -1, -1, -1, 1, -1, -1, -1, 1, 1, -1, -1, -1, -1, 1, 1, 1, -1, -1, -1, 1, -1, 1, 1, 1, -1, 1, 0, -1, -1, 1, -1, -1, 1, -1, 1, 1, -1, 1, -1, -1, -1, 1, -1, 1, 0, -1, -1, -1, -1, -1, -1, 1, 1, 1, 1, -1, 1, 0, 1, 1, -1, 1, 1, 1, 1, -1, 1, 1, -1, -1, 0, 1, 0, 1, -1, -1, -1, -1, 1, -1, -1, -1, -1, -1, -1, -1, -1, -1, 1, 1, 1, -1]"
150,8,16,0.0,0.37809621896807016,4,146,"[{'cluster_no': -1, 'count': 146}, {'cluster_no': 0, 'count': 34}, {'cluster_no': 1, 'count': 33}, {'cluster_no': 2, 'count': 24}]","[0, 0, 0, -1, -1, -1, -1, 0, 0, -1, -1, 0, -1, -1, -1, -1, -1, -1, -1, -1, -1, -1, -1, -1, 0, 2, -1, 0, 0, 1, 1, -1, -1, 0, -1, -1, 2, -1, -1, -1, -1, 1, -1, -1, 0, 1, -1, 2, 0, -1, -1, -1, 0, 2, -1, -1, -1, 1, -1, -1, 2, -1, -1, -1, -1, 0, -1, 0, -1, -1, -1, -1, 0, -1, -1, -1, -1, 0, 0, -1, 1, -1, -1, 1, -1, -1, 2, 1, 1, 0, -1, 2, -1, -1, -1, 2, -1, -1, -1, -1, 0, -1, 0, -1, 1, -1, -1, 0, -1, -1, -1, -1, -1, -1, 1, -1, -1, -1, 2, 2, 0, -1, -1, 0, -1, 0, 0, 0, -1, -1, 2, -1, -1, 0, 2, -1, 1, -1, 2, 2, 1, 0, -1, -1, 1, -1, -1, -1, 2, -1, -1, -1, 2, -1, -1, -1, -1, -1, 1, 1, 1, -1, -1, -1, 1, -1, 1, 1, 1, -1, 2, 0, -1, -1, 1, -1, -1, 1, -1, 1, -1, -1, -1, -1, -1, -1, 1, -1, -1, 0, -1, -1, -1, -1, -1, -1, 2, 2, 1, 2, -1, 2, 0, 2, 2, -1, 1, 1, 1, 1, -1, 1, -1, -1, -1, 0, -1, 0, 1, -1, -1, -1, -1, -1, -1, -1, -1, -1, -1, -1, -1, -1, -1, -1, 1, 2, -1]"
150,8,16,0.5,0.19905603308082173,3,133,"[{'cluster_no': -1, 'count': 133}, {'cluster_no': 0, 'count': 34}, {'cluster_no': 1, 'count': 70}]","[0, 0, 0, -1, -1, -1, -1, 0, 0, -1, -1, 0, -1, -1, -1, -1, -1, -1, -1, -1, -1, -1, -1, -1, 0, 1, -1, 0, 0, 1, 1, -1, -1, 0, -1, -1, 1, -1, -1, -1, 1, 1, -1, -1, 0, 1, 1, 1, 0, -1, -1, -1, 0, 1, -1, -1, -1, 1, -1, -1, 1, -1, -1, -1, -1, 0, -1, 0, -1, -1, -1, -1, 0, -1, 1, -1, -1, 0, 0, -1, 1, -1, -1, 1, -1, -1, 1, 1, 1, 0, -1, 1, -1, -1, -1, 1, -1, -1, -1, -1, 0, -1, 0, -1, 1, -1, -1, 0, -1, -1, -1, -1, -1, -1, 1, -1, 1, -1, 1, 1, 0, -1, 1, 0, -1, 0, 0, 0, -1, -1, 1, -1, -1, 0, 1, -1, 1, -1, 1, 1, 1, 0, -1, -1, 1, -1, -1, -1, 1, -1, -1, -1, 1, 1, -1, -1, -1, -1, 1, 1, 1, -1, -1, -1, 1, -1, 1, 1, 1, -1, 1, 0, -1, -1, 1, -1, -1, 1, -1, 1, 1, -1, 1, -1, -1, -1, 1, -1, 1, 0, -1, -1, -1, -1, -1, -1, 1, 1, 1, 1, -1, 1, 0, 1, 1, -1, 1, 1, 1, 1, -1, 1, 1, -1, -1, 0, 1, 0, 1, -1, -1, -1, -1, 1, -1, -1, -1, -1, -1, -1, -1, -1, -1, 1, 1, 1, -1]"
150,8,16,1.0,0.19905603308082173,3,133,"[{'cluster_no': -1, 'count': 133}, {'cluster_no': 0, 'count': 34}, {'cluster_no': 1, 'count': 70}]","[0, 0, 0, -1, -1, -1, -1, 0, 0, -1, -1, 0, -1, -1, -1, -1, -1, -1, -1, -1, -1, -1, -1, -1, 0, 1, -1, 0, 0, 1, 1, -1, -1, 0, -1, -1, 1, -1, -1, -1, 1, 1, -1, -1, 0, 1, 1, 1, 0, -1, -1, -1, 0, 1, -1, -1, -1, 1, -1, -1, 1, -1, -1, -1, -1, 0, -1, 0, -1, -1, -1, -1, 0, -1, 1, -1, -1, 0, 0, -1, 1, -1, -1, 1, -1, -1, 1, 1, 1, 0, -1, 1, -1, -1, -1, 1, -1, -1, -1, -1, 0, -1, 0, -1, 1, -1, -1, 0, -1, -1, -1, -1, -1, -1, 1, -1, 1, -1, 1, 1, 0, -1, 1, 0, -1, 0, 0, 0, -1, -1, 1, -1, -1, 0, 1, -1, 1, -1, 1, 1, 1, 0, -1, -1, 1, -1, -1, -1, 1, -1, -1, -1, 1, 1, -1, -1, -1, -1, 1, 1, 1, -1, -1, -1, 1, -1, 1, 1, 1, -1, 1, 0, -1, -1, 1, -1, -1, 1, -1, 1, 1, -1, 1, -1, -1, -1, 1, -1, 1, 0, -1, -1, -1, -1, -1, -1, 1, 1, 1, 1, -1, 1, 0, 1, 1, -1, 1, 1, 1, 1, -1, 1, 1, -1, -1, 0, 1, 0, 1, -1, -1, -1, -1, 1, -1, -1, -1, -1, -1, -1, -1, -1, -1, 1, 1, 1, -1]"
150,8,17,0.0,0.37809621896807016,4,146,"[{'cluster_no': -1, 'count': 146}, {'cluster_no': 0, 'count': 34}, {'cluster_no': 1, 'count': 33}, {'cluster_no': 2, 'count': 24}]","[0, 0, 0, -1, -1, -1, -1, 0, 0, -1, -1, 0, -1, -1, -1, -1, -1, -1, -1, -1, -1, -1, -1, -1, 0, 2, -1, 0, 0, 1, 1, -1, -1, 0, -1, -1, 2, -1, -1, -1, -1, 1, -1, -1, 0, 1, -1, 2, 0, -1, -1, -1, 0, 2, -1, -1, -1, 1, -1, -1, 2, -1, -1, -1, -1, 0, -1, 0, -1, -1, -1, -1, 0, -1, -1, -1, -1, 0, 0, -1, 1, -1, -1, 1, -1, -1, 2, 1, 1, 0, -1, 2, -1, -1, -1, 2, -1, -1, -1, -1, 0, -1, 0, -1, 1, -1, -1, 0, -1, -1, -1, -1, -1, -1, 1, -1, -1, -1, 2, 2, 0, -1, -1, 0, -1, 0, 0, 0, -1, -1, 2, -1, -1, 0, 2, -1, 1, -1, 2, 2, 1, 0, -1, -1, 1, -1, -1, -1, 2, -1, -1, -1, 2, -1, -1, -1, -1, -1, 1, 1, 1, -1, -1, -1, 1, -1, 1, 1, 1, -1, 2, 0, -1, -1, 1, -1, -1, 1, -1, 1, -1, -1, -1, -1, -1, -1, 1, -1, -1, 0, -1, -1, -1, -1, -1, -1, 2, 2, 1, 2, -1, 2, 0, 2, 2, -1, 1, 1, 1, 1, -1, 1, -1, -1, -1, 0, -1, 0, 1, -1, -1, -1, -1, -1, -1, -1, -1, -1, -1, -1, -1, -1, -1, -1, 1, 2, -1]"
150,8,17,0.5,0.19905603308082173,3,133,"[{'cluster_no': -1, 'count': 133}, {'cluster_no': 0, 'count': 34}, {'cluster_no': 1, 'count': 70}]","[0, 0, 0, -1, -1, -1, -1, 0, 0, -1, -1, 0, -1, -1, -1, -1, -1, -1, -1, -1, -1, -1, -1, -1, 0, 1, -1, 0, 0, 1, 1, -1, -1, 0, -1, -1, 1, -1, -1, -1, 1, 1, -1, -1, 0, 1, 1, 1, 0, -1, -1, -1, 0, 1, -1, -1, -1, 1, -1, -1, 1, -1, -1, -1, -1, 0, -1, 0, -1, -1, -1, -1, 0, -1, 1, -1, -1, 0, 0, -1, 1, -1, -1, 1, -1, -1, 1, 1, 1, 0, -1, 1, -1, -1, -1, 1, -1, -1, -1, -1, 0, -1, 0, -1, 1, -1, -1, 0, -1, -1, -1, -1, -1, -1, 1, -1, 1, -1, 1, 1, 0, -1, 1, 0, -1, 0, 0, 0, -1, -1, 1, -1, -1, 0, 1, -1, 1, -1, 1, 1, 1, 0, -1, -1, 1, -1, -1, -1, 1, -1, -1, -1, 1, 1, -1, -1, -1, -1, 1, 1, 1, -1, -1, -1, 1, -1, 1, 1, 1, -1, 1, 0, -1, -1, 1, -1, -1, 1, -1, 1, 1, -1, 1, -1, -1, -1, 1, -1, 1, 0, -1, -1, -1, -1, -1, -1, 1, 1, 1, 1, -1, 1, 0, 1, 1, -1, 1, 1, 1, 1, -1, 1, 1, -1, -1, 0, 1, 0, 1, -1, -1, -1, -1, 1, -1, -1, -1, -1, -1, -1, -1, -1, -1, 1, 1, 1, -1]"
150,8,17,1.0,0.19905603308082173,3,133,"[{'cluster_no': -1, 'count': 133}, {'cluster_no': 0, 'count': 34}, {'cluster_no': 1, 'count': 70}]","[0, 0, 0, -1, -1, -1, -1, 0, 0, -1, -1, 0, -1, -1, -1, -1, -1, -1, -1, -1, -1, -1, -1, -1, 0, 1, -1, 0, 0, 1, 1, -1, -1, 0, -1, -1, 1, -1, -1, -1, 1, 1, -1, -1, 0, 1, 1, 1, 0, -1, -1, -1, 0, 1, -1, -1, -1, 1, -1, -1, 1, -1, -1, -1, -1, 0, -1, 0, -1, -1, -1, -1, 0, -1, 1, -1, -1, 0, 0, -1, 1, -1, -1, 1, -1, -1, 1, 1, 1, 0, -1, 1, -1, -1, -1, 1, -1, -1, -1, -1, 0, -1, 0, -1, 1, -1, -1, 0, -1, -1, -1, -1, -1, -1, 1, -1, 1, -1, 1, 1, 0, -1, 1, 0, -1, 0, 0, 0, -1, -1, 1, -1, -1, 0, 1, -1, 1, -1, 1, 1, 1, 0, -1, -1, 1, -1, -1, -1, 1, -1, -1, -1, 1, 1, -1, -1, -1, -1, 1, 1, 1, -1, -1, -1, 1, -1, 1, 1, 1, -1, 1, 0, -1, -1, 1, -1, -1, 1, -1, 1, 1, -1, 1, -1, -1, -1, 1, -1, 1, 0, -1, -1, -1, -1, -1, -1, 1, 1, 1, 1, -1, 1, 0, 1, 1, -1, 1, 1, 1, 1, -1, 1, 1, -1, -1, 0, 1, 0, 1, -1, -1, -1, -1, 1, -1, -1, -1, -1, -1, -1, -1, -1, -1, 1, 1, 1, -1]"
150,8,18,0.0,0.37809621896807016,4,146,"[{'cluster_no': -1, 'count': 146}, {'cluster_no': 0, 'count': 34}, {'cluster_no': 1, 'count': 33}, {'cluster_no': 2, 'count': 24}]","[0, 0, 0, -1, -1, -1, -1, 0, 0, -1, -1, 0, -1, -1, -1, -1, -1, -1, -1, -1, -1, -1, -1, -1, 0, 2, -1, 0, 0, 1, 1, -1, -1, 0, -1, -1, 2, -1, -1, -1, -1, 1, -1, -1, 0, 1, -1, 2, 0, -1, -1, -1, 0, 2, -1, -1, -1, 1, -1, -1, 2, -1, -1, -1, -1, 0, -1, 0, -1, -1, -1, -1, 0, -1, -1, -1, -1, 0, 0, -1, 1, -1, -1, 1, -1, -1, 2, 1, 1, 0, -1, 2, -1, -1, -1, 2, -1, -1, -1, -1, 0, -1, 0, -1, 1, -1, -1, 0, -1, -1, -1, -1, -1, -1, 1, -1, -1, -1, 2, 2, 0, -1, -1, 0, -1, 0, 0, 0, -1, -1, 2, -1, -1, 0, 2, -1, 1, -1, 2, 2, 1, 0, -1, -1, 1, -1, -1, -1, 2, -1, -1, -1, 2, -1, -1, -1, -1, -1, 1, 1, 1, -1, -1, -1, 1, -1, 1, 1, 1, -1, 2, 0, -1, -1, 1, -1, -1, 1, -1, 1, -1, -1, -1, -1, -1, -1, 1, -1, -1, 0, -1, -1, -1, -1, -1, -1, 2, 2, 1, 2, -1, 2, 0, 2, 2, -1, 1, 1, 1, 1, -1, 1, -1, -1, -1, 0, -1, 0, 1, -1, -1, -1, -1, -1, -1, -1, -1, -1, -1, -1, -1, -1, -1, -1, 1, 2, -1]"
150,8,18,0.5,0.19905603308082173,3,133,"[{'cluster_no': -1, 'count': 133}, {'cluster_no': 0, 'count': 34}, {'cluster_no': 1, 'count': 70}]","[0, 0, 0, -1, -1, -1, -1, 0, 0, -1, -1, 0, -1, -1, -1, -1, -1, -1, -1, -1, -1, -1, -1, -1, 0, 1, -1, 0, 0, 1, 1, -1, -1, 0, -1, -1, 1, -1, -1, -1, 1, 1, -1, -1, 0, 1, 1, 1, 0, -1, -1, -1, 0, 1, -1, -1, -1, 1, -1, -1, 1, -1, -1, -1, -1, 0, -1, 0, -1, -1, -1, -1, 0, -1, 1, -1, -1, 0, 0, -1, 1, -1, -1, 1, -1, -1, 1, 1, 1, 0, -1, 1, -1, -1, -1, 1, -1, -1, -1, -1, 0, -1, 0, -1, 1, -1, -1, 0, -1, -1, -1, -1, -1, -1, 1, -1, 1, -1, 1, 1, 0, -1, 1, 0, -1, 0, 0, 0, -1, -1, 1, -1, -1, 0, 1, -1, 1, -1, 1, 1, 1, 0, -1, -1, 1, -1, -1, -1, 1, -1, -1, -1, 1, 1, -1, -1, -1, -1, 1, 1, 1, -1, -1, -1, 1, -1, 1, 1, 1, -1, 1, 0, -1, -1, 1, -1, -1, 1, -1, 1, 1, -1, 1, -1, -1, -1, 1, -1, 1, 0, -1, -1, -1, -1, -1, -1, 1, 1, 1, 1, -1, 1, 0, 1, 1, -1, 1, 1, 1, 1, -1, 1, 1, -1, -1, 0, 1, 0, 1, -1, -1, -1, -1, 1, -1, -1, -1, -1, -1, -1, -1, -1, -1, 1, 1, 1, -1]"
150,8,18,1.0,0.19905603308082173,3,133,"[{'cluster_no': -1, 'count': 133}, {'cluster_no': 0, 'count': 34}, {'cluster_no': 1, 'count': 70}]","[0, 0, 0, -1, -1, -1, -1, 0, 0, -1, -1, 0, -1, -1, -1, -1, -1, -1, -1, -1, -1, -1, -1, -1, 0, 1, -1, 0, 0, 1, 1, -1, -1, 0, -1, -1, 1, -1, -1, -1, 1, 1, -1, -1, 0, 1, 1, 1, 0, -1, -1, -1, 0, 1, -1, -1, -1, 1, -1, -1, 1, -1, -1, -1, -1, 0, -1, 0, -1, -1, -1, -1, 0, -1, 1, -1, -1, 0, 0, -1, 1, -1, -1, 1, -1, -1, 1, 1, 1, 0, -1, 1, -1, -1, -1, 1, -1, -1, -1, -1, 0, -1, 0, -1, 1, -1, -1, 0, -1, -1, -1, -1, -1, -1, 1, -1, 1, -1, 1, 1, 0, -1, 1, 0, -1, 0, 0, 0, -1, -1, 1, -1, -1, 0, 1, -1, 1, -1, 1, 1, 1, 0, -1, -1, 1, -1, -1, -1, 1, -1, -1, -1, 1, 1, -1, -1, -1, -1, 1, 1, 1, -1, -1, -1, 1, -1, 1, 1, 1, -1, 1, 0, -1, -1, 1, -1, -1, 1, -1, 1, 1, -1, 1, -1, -1, -1, 1, -1, 1, 0, -1, -1, -1, -1, -1, -1, 1, 1, 1, 1, -1, 1, 0, 1, 1, -1, 1, 1, 1, 1, -1, 1, 1, -1, -1, 0, 1, 0, 1, -1, -1, -1, -1, 1, -1, -1, -1, -1, -1, -1, -1, -1, -1, 1, 1, 1, -1]"
150,8,19,0.0,0.37809621896807016,4,146,"[{'cluster_no': -1, 'count': 146}, {'cluster_no': 0, 'count': 34}, {'cluster_no': 1, 'count': 33}, {'cluster_no': 2, 'count': 24}]","[0, 0, 0, -1, -1, -1, -1, 0, 0, -1, -1, 0, -1, -1, -1, -1, -1, -1, -1, -1, -1, -1, -1, -1, 0, 2, -1, 0, 0, 1, 1, -1, -1, 0, -1, -1, 2, -1, -1, -1, -1, 1, -1, -1, 0, 1, -1, 2, 0, -1, -1, -1, 0, 2, -1, -1, -1, 1, -1, -1, 2, -1, -1, -1, -1, 0, -1, 0, -1, -1, -1, -1, 0, -1, -1, -1, -1, 0, 0, -1, 1, -1, -1, 1, -1, -1, 2, 1, 1, 0, -1, 2, -1, -1, -1, 2, -1, -1, -1, -1, 0, -1, 0, -1, 1, -1, -1, 0, -1, -1, -1, -1, -1, -1, 1, -1, -1, -1, 2, 2, 0, -1, -1, 0, -1, 0, 0, 0, -1, -1, 2, -1, -1, 0, 2, -1, 1, -1, 2, 2, 1, 0, -1, -1, 1, -1, -1, -1, 2, -1, -1, -1, 2, -1, -1, -1, -1, -1, 1, 1, 1, -1, -1, -1, 1, -1, 1, 1, 1, -1, 2, 0, -1, -1, 1, -1, -1, 1, -1, 1, -1, -1, -1, -1, -1, -1, 1, -1, -1, 0, -1, -1, -1, -1, -1, -1, 2, 2, 1, 2, -1, 2, 0, 2, 2, -1, 1, 1, 1, 1, -1, 1, -1, -1, -1, 0, -1, 0, 1, -1, -1, -1, -1, -1, -1, -1, -1, -1, -1, -1, -1, -1, -1, -1, 1, 2, -1]"
150,8,19,0.5,0.19905603308082173,3,133,"[{'cluster_no': -1, 'count': 133}, {'cluster_no': 0, 'count': 34}, {'cluster_no': 1, 'count': 70}]","[0, 0, 0, -1, -1, -1, -1, 0, 0, -1, -1, 0, -1, -1, -1, -1, -1, -1, -1, -1, -1, -1, -1, -1, 0, 1, -1, 0, 0, 1, 1, -1, -1, 0, -1, -1, 1, -1, -1, -1, 1, 1, -1, -1, 0, 1, 1, 1, 0, -1, -1, -1, 0, 1, -1, -1, -1, 1, -1, -1, 1, -1, -1, -1, -1, 0, -1, 0, -1, -1, -1, -1, 0, -1, 1, -1, -1, 0, 0, -1, 1, -1, -1, 1, -1, -1, 1, 1, 1, 0, -1, 1, -1, -1, -1, 1, -1, -1, -1, -1, 0, -1, 0, -1, 1, -1, -1, 0, -1, -1, -1, -1, -1, -1, 1, -1, 1, -1, 1, 1, 0, -1, 1, 0, -1, 0, 0, 0, -1, -1, 1, -1, -1, 0, 1, -1, 1, -1, 1, 1, 1, 0, -1, -1, 1, -1, -1, -1, 1, -1, -1, -1, 1, 1, -1, -1, -1, -1, 1, 1, 1, -1, -1, -1, 1, -1, 1, 1, 1, -1, 1, 0, -1, -1, 1, -1, -1, 1, -1, 1, 1, -1, 1, -1, -1, -1, 1, -1, 1, 0, -1, -1, -1, -1, -1, -1, 1, 1, 1, 1, -1, 1, 0, 1, 1, -1, 1, 1, 1, 1, -1, 1, 1, -1, -1, 0, 1, 0, 1, -1, -1, -1, -1, 1, -1, -1, -1, -1, -1, -1, -1, -1, -1, 1, 1, 1, -1]"
150,8,19,1.0,0.19905603308082173,3,133,"[{'cluster_no': -1, 'count': 133}, {'cluster_no': 0, 'count': 34}, {'cluster_no': 1, 'count': 70}]","[0, 0, 0, -1, -1, -1, -1, 0, 0, -1, -1, 0, -1, -1, -1, -1, -1, -1, -1, -1, -1, -1, -1, -1, 0, 1, -1, 0, 0, 1, 1, -1, -1, 0, -1, -1, 1, -1, -1, -1, 1, 1, -1, -1, 0, 1, 1, 1, 0, -1, -1, -1, 0, 1, -1, -1, -1, 1, -1, -1, 1, -1, -1, -1, -1, 0, -1, 0, -1, -1, -1, -1, 0, -1, 1, -1, -1, 0, 0, -1, 1, -1, -1, 1, -1, -1, 1, 1, 1, 0, -1, 1, -1, -1, -1, 1, -1, -1, -1, -1, 0, -1, 0, -1, 1, -1, -1, 0, -1, -1, -1, -1, -1, -1, 1, -1, 1, -1, 1, 1, 0, -1, 1, 0, -1, 0, 0, 0, -1, -1, 1, -1, -1, 0, 1, -1, 1, -1, 1, 1, 1, 0, -1, -1, 1, -1, -1, -1, 1, -1, -1, -1, 1, 1, -1, -1, -1, -1, 1, 1, 1, -1, -1, -1, 1, -1, 1, 1, 1, -1, 1, 0, -1, -1, 1, -1, -1, 1, -1, 1, 1, -1, 1, -1, -1, -1, 1, -1, 1, 0, -1, -1, -1, -1, -1, -1, 1, 1, 1, 1, -1, 1, 0, 1, 1, -1, 1, 1, 1, 1, -1, 1, 1, -1, -1, 0, 1, 0, 1, -1, -1, -1, -1, 1, -1, -1, -1, -1, -1, -1, -1, -1, -1, 1, 1, 1, -1]"
150,8,20,0.0,0.37809621896807016,4,146,"[{'cluster_no': -1, 'count': 146}, {'cluster_no': 0, 'count': 34}, {'cluster_no': 1, 'count': 33}, {'cluster_no': 2, 'count': 24}]","[0, 0, 0, -1, -1, -1, -1, 0, 0, -1, -1, 0, -1, -1, -1, -1, -1, -1, -1, -1, -1, -1, -1, -1, 0, 2, -1, 0, 0, 1, 1, -1, -1, 0, -1, -1, 2, -1, -1, -1, -1, 1, -1, -1, 0, 1, -1, 2, 0, -1, -1, -1, 0, 2, -1, -1, -1, 1, -1, -1, 2, -1, -1, -1, -1, 0, -1, 0, -1, -1, -1, -1, 0, -1, -1, -1, -1, 0, 0, -1, 1, -1, -1, 1, -1, -1, 2, 1, 1, 0, -1, 2, -1, -1, -1, 2, -1, -1, -1, -1, 0, -1, 0, -1, 1, -1, -1, 0, -1, -1, -1, -1, -1, -1, 1, -1, -1, -1, 2, 2, 0, -1, -1, 0, -1, 0, 0, 0, -1, -1, 2, -1, -1, 0, 2, -1, 1, -1, 2, 2, 1, 0, -1, -1, 1, -1, -1, -1, 2, -1, -1, -1, 2, -1, -1, -1, -1, -1, 1, 1, 1, -1, -1, -1, 1, -1, 1, 1, 1, -1, 2, 0, -1, -1, 1, -1, -1, 1, -1, 1, -1, -1, -1, -1, -1, -1, 1, -1, -1, 0, -1, -1, -1, -1, -1, -1, 2, 2, 1, 2, -1, 2, 0, 2, 2, -1, 1, 1, 1, 1, -1, 1, -1, -1, -1, 0, -1, 0, 1, -1, -1, -1, -1, -1, -1, -1, -1, -1, -1, -1, -1, -1, -1, -1, 1, 2, -1]"
150,8,20,0.5,0.19905603308082173,3,133,"[{'cluster_no': -1, 'count': 133}, {'cluster_no': 0, 'count': 34}, {'cluster_no': 1, 'count': 70}]","[0, 0, 0, -1, -1, -1, -1, 0, 0, -1, -1, 0, -1, -1, -1, -1, -1, -1, -1, -1, -1, -1, -1, -1, 0, 1, -1, 0, 0, 1, 1, -1, -1, 0, -1, -1, 1, -1, -1, -1, 1, 1, -1, -1, 0, 1, 1, 1, 0, -1, -1, -1, 0, 1, -1, -1, -1, 1, -1, -1, 1, -1, -1, -1, -1, 0, -1, 0, -1, -1, -1, -1, 0, -1, 1, -1, -1, 0, 0, -1, 1, -1, -1, 1, -1, -1, 1, 1, 1, 0, -1, 1, -1, -1, -1, 1, -1, -1, -1, -1, 0, -1, 0, -1, 1, -1, -1, 0, -1, -1, -1, -1, -1, -1, 1, -1, 1, -1, 1, 1, 0, -1, 1, 0, -1, 0, 0, 0, -1, -1, 1, -1, -1, 0, 1, -1, 1, -1, 1, 1, 1, 0, -1, -1, 1, -1, -1, -1, 1, -1, -1, -1, 1, 1, -1, -1, -1, -1, 1, 1, 1, -1, -1, -1, 1, -1, 1, 1, 1, -1, 1, 0, -1, -1, 1, -1, -1, 1, -1, 1, 1, -1, 1, -1, -1, -1, 1, -1, 1, 0, -1, -1, -1, -1, -1, -1, 1, 1, 1, 1, -1, 1, 0, 1, 1, -1, 1, 1, 1, 1, -1, 1, 1, -1, -1, 0, 1, 0, 1, -1, -1, -1, -1, 1, -1, -1, -1, -1, -1, -1, -1, -1, -1, 1, 1, 1, -1]"
150,8,20,1.0,0.19905603308082173,3,133,"[{'cluster_no': -1, 'count': 133}, {'cluster_no': 0, 'count': 34}, {'cluster_no': 1, 'count': 70}]","[0, 0, 0, -1, -1, -1, -1, 0, 0, -1, -1, 0, -1, -1, -1, -1, -1, -1, -1, -1, -1, -1, -1, -1, 0, 1, -1, 0, 0, 1, 1, -1, -1, 0, -1, -1, 1, -1, -1, -1, 1, 1, -1, -1, 0, 1, 1, 1, 0, -1, -1, -1, 0, 1, -1, -1, -1, 1, -1, -1, 1, -1, -1, -1, -1, 0, -1, 0, -1, -1, -1, -1, 0, -1, 1, -1, -1, 0, 0, -1, 1, -1, -1, 1, -1, -1, 1, 1, 1, 0, -1, 1, -1, -1, -1, 1, -1, -1, -1, -1, 0, -1, 0, -1, 1, -1, -1, 0, -1, -1, -1, -1, -1, -1, 1, -1, 1, -1, 1, 1, 0, -1, 1, 0, -1, 0, 0, 0, -1, -1, 1, -1, -1, 0, 1, -1, 1, -1, 1, 1, 1, 0, -1, -1, 1, -1, -1, -1, 1, -1, -1, -1, 1, 1, -1, -1, -1, -1, 1, 1, 1, -1, -1, -1, 1, -1, 1, 1, 1, -1, 1, 0, -1, -1, 1, -1, -1, 1, -1, 1, 1, -1, 1, -1, -1, -1, 1, -1, 1, 0, -1, -1, -1, -1, -1, -1, 1, 1, 1, 1, -1, 1, 0, 1, 1, -1, 1, 1, 1, 1, -1, 1, 1, -1, -1, 0, 1, 0, 1, -1, -1, -1, -1, 1, -1, -1, -1, -1, -1, -1, -1, -1, -1, 1, 1, 1, -1]"
150,8,21,0.0,0.37809621896807016,4,146,"[{'cluster_no': -1, 'count': 146}, {'cluster_no': 0, 'count': 34}, {'cluster_no': 1, 'count': 33}, {'cluster_no': 2, 'count': 24}]","[0, 0, 0, -1, -1, -1, -1, 0, 0, -1, -1, 0, -1, -1, -1, -1, -1, -1, -1, -1, -1, -1, -1, -1, 0, 2, -1, 0, 0, 1, 1, -1, -1, 0, -1, -1, 2, -1, -1, -1, -1, 1, -1, -1, 0, 1, -1, 2, 0, -1, -1, -1, 0, 2, -1, -1, -1, 1, -1, -1, 2, -1, -1, -1, -1, 0, -1, 0, -1, -1, -1, -1, 0, -1, -1, -1, -1, 0, 0, -1, 1, -1, -1, 1, -1, -1, 2, 1, 1, 0, -1, 2, -1, -1, -1, 2, -1, -1, -1, -1, 0, -1, 0, -1, 1, -1, -1, 0, -1, -1, -1, -1, -1, -1, 1, -1, -1, -1, 2, 2, 0, -1, -1, 0, -1, 0, 0, 0, -1, -1, 2, -1, -1, 0, 2, -1, 1, -1, 2, 2, 1, 0, -1, -1, 1, -1, -1, -1, 2, -1, -1, -1, 2, -1, -1, -1, -1, -1, 1, 1, 1, -1, -1, -1, 1, -1, 1, 1, 1, -1, 2, 0, -1, -1, 1, -1, -1, 1, -1, 1, -1, -1, -1, -1, -1, -1, 1, -1, -1, 0, -1, -1, -1, -1, -1, -1, 2, 2, 1, 2, -1, 2, 0, 2, 2, -1, 1, 1, 1, 1, -1, 1, -1, -1, -1, 0, -1, 0, 1, -1, -1, -1, -1, -1, -1, -1, -1, -1, -1, -1, -1, -1, -1, -1, 1, 2, -1]"
150,8,21,0.5,0.19905603308082173,3,133,"[{'cluster_no': -1, 'count': 133}, {'cluster_no': 0, 'count': 34}, {'cluster_no': 1, 'count': 70}]","[0, 0, 0, -1, -1, -1, -1, 0, 0, -1, -1, 0, -1, -1, -1, -1, -1, -1, -1, -1, -1, -1, -1, -1, 0, 1, -1, 0, 0, 1, 1, -1, -1, 0, -1, -1, 1, -1, -1, -1, 1, 1, -1, -1, 0, 1, 1, 1, 0, -1, -1, -1, 0, 1, -1, -1, -1, 1, -1, -1, 1, -1, -1, -1, -1, 0, -1, 0, -1, -1, -1, -1, 0, -1, 1, -1, -1, 0, 0, -1, 1, -1, -1, 1, -1, -1, 1, 1, 1, 0, -1, 1, -1, -1, -1, 1, -1, -1, -1, -1, 0, -1, 0, -1, 1, -1, -1, 0, -1, -1, -1, -1, -1, -1, 1, -1, 1, -1, 1, 1, 0, -1, 1, 0, -1, 0, 0, 0, -1, -1, 1, -1, -1, 0, 1, -1, 1, -1, 1, 1, 1, 0, -1, -1, 1, -1, -1, -1, 1, -1, -1, -1, 1, 1, -1, -1, -1, -1, 1, 1, 1, -1, -1, -1, 1, -1, 1, 1, 1, -1, 1, 0, -1, -1, 1, -1, -1, 1, -1, 1, 1, -1, 1, -1, -1, -1, 1, -1, 1, 0, -1, -1, -1, -1, -1, -1, 1, 1, 1, 1, -1, 1, 0, 1, 1, -1, 1, 1, 1, 1, -1, 1, 1, -1, -1, 0, 1, 0, 1, -1, -1, -1, -1, 1, -1, -1, -1, -1, -1, -1, -1, -1, -1, 1, 1, 1, -1]"
150,8,21,1.0,0.19905603308082173,3,133,"[{'cluster_no': -1, 'count': 133}, {'cluster_no': 0, 'count': 34}, {'cluster_no': 1, 'count': 70}]","[0, 0, 0, -1, -1, -1, -1, 0, 0, -1, -1, 0, -1, -1, -1, -1, -1, -1, -1, -1, -1, -1, -1, -1, 0, 1, -1, 0, 0, 1, 1, -1, -1, 0, -1, -1, 1, -1, -1, -1, 1, 1, -1, -1, 0, 1, 1, 1, 0, -1, -1, -1, 0, 1, -1, -1, -1, 1, -1, -1, 1, -1, -1, -1, -1, 0, -1, 0, -1, -1, -1, -1, 0, -1, 1, -1, -1, 0, 0, -1, 1, -1, -1, 1, -1, -1, 1, 1, 1, 0, -1, 1, -1, -1, -1, 1, -1, -1, -1, -1, 0, -1, 0, -1, 1, -1, -1, 0, -1, -1, -1, -1, -1, -1, 1, -1, 1, -1, 1, 1, 0, -1, 1, 0, -1, 0, 0, 0, -1, -1, 1, -1, -1, 0, 1, -1, 1, -1, 1, 1, 1, 0, -1, -1, 1, -1, -1, -1, 1, -1, -1, -1, 1, 1, -1, -1, -1, -1, 1, 1, 1, -1, -1, -1, 1, -1, 1, 1, 1, -1, 1, 0, -1, -1, 1, -1, -1, 1, -1, 1, 1, -1, 1, -1, -1, -1, 1, -1, 1, 0, -1, -1, -1, -1, -1, -1, 1, 1, 1, 1, -1, 1, 0, 1, 1, -1, 1, 1, 1, 1, -1, 1, 1, -1, -1, 0, 1, 0, 1, -1, -1, -1, -1, 1, -1, -1, -1, -1, -1, -1, -1, -1, -1, 1, 1, 1, -1]"
150,8,22,0.0,0.37809621896807016,4,146,"[{'cluster_no': -1, 'count': 146}, {'cluster_no': 0, 'count': 34}, {'cluster_no': 1, 'count': 33}, {'cluster_no': 2, 'count': 24}]","[0, 0, 0, -1, -1, -1, -1, 0, 0, -1, -1, 0, -1, -1, -1, -1, -1, -1, -1, -1, -1, -1, -1, -1, 0, 2, -1, 0, 0, 1, 1, -1, -1, 0, -1, -1, 2, -1, -1, -1, -1, 1, -1, -1, 0, 1, -1, 2, 0, -1, -1, -1, 0, 2, -1, -1, -1, 1, -1, -1, 2, -1, -1, -1, -1, 0, -1, 0, -1, -1, -1, -1, 0, -1, -1, -1, -1, 0, 0, -1, 1, -1, -1, 1, -1, -1, 2, 1, 1, 0, -1, 2, -1, -1, -1, 2, -1, -1, -1, -1, 0, -1, 0, -1, 1, -1, -1, 0, -1, -1, -1, -1, -1, -1, 1, -1, -1, -1, 2, 2, 0, -1, -1, 0, -1, 0, 0, 0, -1, -1, 2, -1, -1, 0, 2, -1, 1, -1, 2, 2, 1, 0, -1, -1, 1, -1, -1, -1, 2, -1, -1, -1, 2, -1, -1, -1, -1, -1, 1, 1, 1, -1, -1, -1, 1, -1, 1, 1, 1, -1, 2, 0, -1, -1, 1, -1, -1, 1, -1, 1, -1, -1, -1, -1, -1, -1, 1, -1, -1, 0, -1, -1, -1, -1, -1, -1, 2, 2, 1, 2, -1, 2, 0, 2, 2, -1, 1, 1, 1, 1, -1, 1, -1, -1, -1, 0, -1, 0, 1, -1, -1, -1, -1, -1, -1, -1, -1, -1, -1, -1, -1, -1, -1, -1, 1, 2, -1]"
150,8,22,0.5,0.19905603308082173,3,133,"[{'cluster_no': -1, 'count': 133}, {'cluster_no': 0, 'count': 34}, {'cluster_no': 1, 'count': 70}]","[0, 0, 0, -1, -1, -1, -1, 0, 0, -1, -1, 0, -1, -1, -1, -1, -1, -1, -1, -1, -1, -1, -1, -1, 0, 1, -1, 0, 0, 1, 1, -1, -1, 0, -1, -1, 1, -1, -1, -1, 1, 1, -1, -1, 0, 1, 1, 1, 0, -1, -1, -1, 0, 1, -1, -1, -1, 1, -1, -1, 1, -1, -1, -1, -1, 0, -1, 0, -1, -1, -1, -1, 0, -1, 1, -1, -1, 0, 0, -1, 1, -1, -1, 1, -1, -1, 1, 1, 1, 0, -1, 1, -1, -1, -1, 1, -1, -1, -1, -1, 0, -1, 0, -1, 1, -1, -1, 0, -1, -1, -1, -1, -1, -1, 1, -1, 1, -1, 1, 1, 0, -1, 1, 0, -1, 0, 0, 0, -1, -1, 1, -1, -1, 0, 1, -1, 1, -1, 1, 1, 1, 0, -1, -1, 1, -1, -1, -1, 1, -1, -1, -1, 1, 1, -1, -1, -1, -1, 1, 1, 1, -1, -1, -1, 1, -1, 1, 1, 1, -1, 1, 0, -1, -1, 1, -1, -1, 1, -1, 1, 1, -1, 1, -1, -1, -1, 1, -1, 1, 0, -1, -1, -1, -1, -1, -1, 1, 1, 1, 1, -1, 1, 0, 1, 1, -1, 1, 1, 1, 1, -1, 1, 1, -1, -1, 0, 1, 0, 1, -1, -1, -1, -1, 1, -1, -1, -1, -1, -1, -1, -1, -1, -1, 1, 1, 1, -1]"
150,8,22,1.0,0.19905603308082173,3,133,"[{'cluster_no': -1, 'count': 133}, {'cluster_no': 0, 'count': 34}, {'cluster_no': 1, 'count': 70}]","[0, 0, 0, -1, -1, -1, -1, 0, 0, -1, -1, 0, -1, -1, -1, -1, -1, -1, -1, -1, -1, -1, -1, -1, 0, 1, -1, 0, 0, 1, 1, -1, -1, 0, -1, -1, 1, -1, -1, -1, 1, 1, -1, -1, 0, 1, 1, 1, 0, -1, -1, -1, 0, 1, -1, -1, -1, 1, -1, -1, 1, -1, -1, -1, -1, 0, -1, 0, -1, -1, -1, -1, 0, -1, 1, -1, -1, 0, 0, -1, 1, -1, -1, 1, -1, -1, 1, 1, 1, 0, -1, 1, -1, -1, -1, 1, -1, -1, -1, -1, 0, -1, 0, -1, 1, -1, -1, 0, -1, -1, -1, -1, -1, -1, 1, -1, 1, -1, 1, 1, 0, -1, 1, 0, -1, 0, 0, 0, -1, -1, 1, -1, -1, 0, 1, -1, 1, -1, 1, 1, 1, 0, -1, -1, 1, -1, -1, -1, 1, -1, -1, -1, 1, 1, -1, -1, -1, -1, 1, 1, 1, -1, -1, -1, 1, -1, 1, 1, 1, -1, 1, 0, -1, -1, 1, -1, -1, 1, -1, 1, 1, -1, 1, -1, -1, -1, 1, -1, 1, 0, -1, -1, -1, -1, -1, -1, 1, 1, 1, 1, -1, 1, 0, 1, 1, -1, 1, 1, 1, 1, -1, 1, 1, -1, -1, 0, 1, 0, 1, -1, -1, -1, -1, 1, -1, -1, -1, -1, -1, -1, -1, -1, -1, 1, 1, 1, -1]"
150,8,23,0.0,0.37809621896807016,4,146,"[{'cluster_no': -1, 'count': 146}, {'cluster_no': 0, 'count': 34}, {'cluster_no': 1, 'count': 33}, {'cluster_no': 2, 'count': 24}]","[0, 0, 0, -1, -1, -1, -1, 0, 0, -1, -1, 0, -1, -1, -1, -1, -1, -1, -1, -1, -1, -1, -1, -1, 0, 2, -1, 0, 0, 1, 1, -1, -1, 0, -1, -1, 2, -1, -1, -1, -1, 1, -1, -1, 0, 1, -1, 2, 0, -1, -1, -1, 0, 2, -1, -1, -1, 1, -1, -1, 2, -1, -1, -1, -1, 0, -1, 0, -1, -1, -1, -1, 0, -1, -1, -1, -1, 0, 0, -1, 1, -1, -1, 1, -1, -1, 2, 1, 1, 0, -1, 2, -1, -1, -1, 2, -1, -1, -1, -1, 0, -1, 0, -1, 1, -1, -1, 0, -1, -1, -1, -1, -1, -1, 1, -1, -1, -1, 2, 2, 0, -1, -1, 0, -1, 0, 0, 0, -1, -1, 2, -1, -1, 0, 2, -1, 1, -1, 2, 2, 1, 0, -1, -1, 1, -1, -1, -1, 2, -1, -1, -1, 2, -1, -1, -1, -1, -1, 1, 1, 1, -1, -1, -1, 1, -1, 1, 1, 1, -1, 2, 0, -1, -1, 1, -1, -1, 1, -1, 1, -1, -1, -1, -1, -1, -1, 1, -1, -1, 0, -1, -1, -1, -1, -1, -1, 2, 2, 1, 2, -1, 2, 0, 2, 2, -1, 1, 1, 1, 1, -1, 1, -1, -1, -1, 0, -1, 0, 1, -1, -1, -1, -1, -1, -1, -1, -1, -1, -1, -1, -1, -1, -1, -1, 1, 2, -1]"
150,8,23,0.5,0.19905603308082173,3,133,"[{'cluster_no': -1, 'count': 133}, {'cluster_no': 0, 'count': 34}, {'cluster_no': 1, 'count': 70}]","[0, 0, 0, -1, -1, -1, -1, 0, 0, -1, -1, 0, -1, -1, -1, -1, -1, -1, -1, -1, -1, -1, -1, -1, 0, 1, -1, 0, 0, 1, 1, -1, -1, 0, -1, -1, 1, -1, -1, -1, 1, 1, -1, -1, 0, 1, 1, 1, 0, -1, -1, -1, 0, 1, -1, -1, -1, 1, -1, -1, 1, -1, -1, -1, -1, 0, -1, 0, -1, -1, -1, -1, 0, -1, 1, -1, -1, 0, 0, -1, 1, -1, -1, 1, -1, -1, 1, 1, 1, 0, -1, 1, -1, -1, -1, 1, -1, -1, -1, -1, 0, -1, 0, -1, 1, -1, -1, 0, -1, -1, -1, -1, -1, -1, 1, -1, 1, -1, 1, 1, 0, -1, 1, 0, -1, 0, 0, 0, -1, -1, 1, -1, -1, 0, 1, -1, 1, -1, 1, 1, 1, 0, -1, -1, 1, -1, -1, -1, 1, -1, -1, -1, 1, 1, -1, -1, -1, -1, 1, 1, 1, -1, -1, -1, 1, -1, 1, 1, 1, -1, 1, 0, -1, -1, 1, -1, -1, 1, -1, 1, 1, -1, 1, -1, -1, -1, 1, -1, 1, 0, -1, -1, -1, -1, -1, -1, 1, 1, 1, 1, -1, 1, 0, 1, 1, -1, 1, 1, 1, 1, -1, 1, 1, -1, -1, 0, 1, 0, 1, -1, -1, -1, -1, 1, -1, -1, -1, -1, -1, -1, -1, -1, -1, 1, 1, 1, -1]"
150,8,23,1.0,0.19905603308082173,3,133,"[{'cluster_no': -1, 'count': 133}, {'cluster_no': 0, 'count': 34}, {'cluster_no': 1, 'count': 70}]","[0, 0, 0, -1, -1, -1, -1, 0, 0, -1, -1, 0, -1, -1, -1, -1, -1, -1, -1, -1, -1, -1, -1, -1, 0, 1, -1, 0, 0, 1, 1, -1, -1, 0, -1, -1, 1, -1, -1, -1, 1, 1, -1, -1, 0, 1, 1, 1, 0, -1, -1, -1, 0, 1, -1, -1, -1, 1, -1, -1, 1, -1, -1, -1, -1, 0, -1, 0, -1, -1, -1, -1, 0, -1, 1, -1, -1, 0, 0, -1, 1, -1, -1, 1, -1, -1, 1, 1, 1, 0, -1, 1, -1, -1, -1, 1, -1, -1, -1, -1, 0, -1, 0, -1, 1, -1, -1, 0, -1, -1, -1, -1, -1, -1, 1, -1, 1, -1, 1, 1, 0, -1, 1, 0, -1, 0, 0, 0, -1, -1, 1, -1, -1, 0, 1, -1, 1, -1, 1, 1, 1, 0, -1, -1, 1, -1, -1, -1, 1, -1, -1, -1, 1, 1, -1, -1, -1, -1, 1, 1, 1, -1, -1, -1, 1, -1, 1, 1, 1, -1, 1, 0, -1, -1, 1, -1, -1, 1, -1, 1, 1, -1, 1, -1, -1, -1, 1, -1, 1, 0, -1, -1, -1, -1, -1, -1, 1, 1, 1, 1, -1, 1, 0, 1, 1, -1, 1, 1, 1, 1, -1, 1, 1, -1, -1, 0, 1, 0, 1, -1, -1, -1, -1, 1, -1, -1, -1, -1, -1, -1, -1, -1, -1, 1, 1, 1, -1]"
150,8,24,0.0,0.37809621896807016,4,146,"[{'cluster_no': -1, 'count': 146}, {'cluster_no': 0, 'count': 34}, {'cluster_no': 1, 'count': 33}, {'cluster_no': 2, 'count': 24}]","[0, 0, 0, -1, -1, -1, -1, 0, 0, -1, -1, 0, -1, -1, -1, -1, -1, -1, -1, -1, -1, -1, -1, -1, 0, 2, -1, 0, 0, 1, 1, -1, -1, 0, -1, -1, 2, -1, -1, -1, -1, 1, -1, -1, 0, 1, -1, 2, 0, -1, -1, -1, 0, 2, -1, -1, -1, 1, -1, -1, 2, -1, -1, -1, -1, 0, -1, 0, -1, -1, -1, -1, 0, -1, -1, -1, -1, 0, 0, -1, 1, -1, -1, 1, -1, -1, 2, 1, 1, 0, -1, 2, -1, -1, -1, 2, -1, -1, -1, -1, 0, -1, 0, -1, 1, -1, -1, 0, -1, -1, -1, -1, -1, -1, 1, -1, -1, -1, 2, 2, 0, -1, -1, 0, -1, 0, 0, 0, -1, -1, 2, -1, -1, 0, 2, -1, 1, -1, 2, 2, 1, 0, -1, -1, 1, -1, -1, -1, 2, -1, -1, -1, 2, -1, -1, -1, -1, -1, 1, 1, 1, -1, -1, -1, 1, -1, 1, 1, 1, -1, 2, 0, -1, -1, 1, -1, -1, 1, -1, 1, -1, -1, -1, -1, -1, -1, 1, -1, -1, 0, -1, -1, -1, -1, -1, -1, 2, 2, 1, 2, -1, 2, 0, 2, 2, -1, 1, 1, 1, 1, -1, 1, -1, -1, -1, 0, -1, 0, 1, -1, -1, -1, -1, -1, -1, -1, -1, -1, -1, -1, -1, -1, -1, -1, 1, 2, -1]"
150,8,24,0.5,0.19905603308082173,3,133,"[{'cluster_no': -1, 'count': 133}, {'cluster_no': 0, 'count': 34}, {'cluster_no': 1, 'count': 70}]","[0, 0, 0, -1, -1, -1, -1, 0, 0, -1, -1, 0, -1, -1, -1, -1, -1, -1, -1, -1, -1, -1, -1, -1, 0, 1, -1, 0, 0, 1, 1, -1, -1, 0, -1, -1, 1, -1, -1, -1, 1, 1, -1, -1, 0, 1, 1, 1, 0, -1, -1, -1, 0, 1, -1, -1, -1, 1, -1, -1, 1, -1, -1, -1, -1, 0, -1, 0, -1, -1, -1, -1, 0, -1, 1, -1, -1, 0, 0, -1, 1, -1, -1, 1, -1, -1, 1, 1, 1, 0, -1, 1, -1, -1, -1, 1, -1, -1, -1, -1, 0, -1, 0, -1, 1, -1, -1, 0, -1, -1, -1, -1, -1, -1, 1, -1, 1, -1, 1, 1, 0, -1, 1, 0, -1, 0, 0, 0, -1, -1, 1, -1, -1, 0, 1, -1, 1, -1, 1, 1, 1, 0, -1, -1, 1, -1, -1, -1, 1, -1, -1, -1, 1, 1, -1, -1, -1, -1, 1, 1, 1, -1, -1, -1, 1, -1, 1, 1, 1, -1, 1, 0, -1, -1, 1, -1, -1, 1, -1, 1, 1, -1, 1, -1, -1, -1, 1, -1, 1, 0, -1, -1, -1, -1, -1, -1, 1, 1, 1, 1, -1, 1, 0, 1, 1, -1, 1, 1, 1, 1, -1, 1, 1, -1, -1, 0, 1, 0, 1, -1, -1, -1, -1, 1, -1, -1, -1, -1, -1, -1, -1, -1, -1, 1, 1, 1, -1]"
150,8,24,1.0,0.19905603308082173,3,133,"[{'cluster_no': -1, 'count': 133}, {'cluster_no': 0, 'count': 34}, {'cluster_no': 1, 'count': 70}]","[0, 0, 0, -1, -1, -1, -1, 0, 0, -1, -1, 0, -1, -1, -1, -1, -1, -1, -1, -1, -1, -1, -1, -1, 0, 1, -1, 0, 0, 1, 1, -1, -1, 0, -1, -1, 1, -1, -1, -1, 1, 1, -1, -1, 0, 1, 1, 1, 0, -1, -1, -1, 0, 1, -1, -1, -1, 1, -1, -1, 1, -1, -1, -1, -1, 0, -1, 0, -1, -1, -1, -1, 0, -1, 1, -1, -1, 0, 0, -1, 1, -1, -1, 1, -1, -1, 1, 1, 1, 0, -1, 1, -1, -1, -1, 1, -1, -1, -1, -1, 0, -1, 0, -1, 1, -1, -1, 0, -1, -1, -1, -1, -1, -1, 1, -1, 1, -1, 1, 1, 0, -1, 1, 0, -1, 0, 0, 0, -1, -1, 1, -1, -1, 0, 1, -1, 1, -1, 1, 1, 1, 0, -1, -1, 1, -1, -1, -1, 1, -1, -1, -1, 1, 1, -1, -1, -1, -1, 1, 1, 1, -1, -1, -1, 1, -1, 1, 1, 1, -1, 1, 0, -1, -1, 1, -1, -1, 1, -1, 1, 1, -1, 1, -1, -1, -1, 1, -1, 1, 0, -1, -1, -1, -1, -1, -1, 1, 1, 1, 1, -1, 1, 0, 1, 1, -1, 1, 1, 1, 1, -1, 1, 1, -1, -1, 0, 1, 0, 1, -1, -1, -1, -1, 1, -1, -1, -1, -1, -1, -1, -1, -1, -1, 1, 1, 1, -1]"
150,8,25,0.0,0.19905603308082173,3,133,"[{'cluster_no': -1, 'count': 133}, {'cluster_no': 0, 'count': 34}, {'cluster_no': 1, 'count': 70}]","[0, 0, 0, -1, -1, -1, -1, 0, 0, -1, -1, 0, -1, -1, -1, -1, -1, -1, -1, -1, -1, -1, -1, -1, 0, 1, -1, 0, 0, 1, 1, -1, -1, 0, -1, -1, 1, -1, -1, -1, 1, 1, -1, -1, 0, 1, 1, 1, 0, -1, -1, -1, 0, 1, -1, -1, -1, 1, -1, -1, 1, -1, -1, -1, -1, 0, -1, 0, -1, -1, -1, -1, 0, -1, 1, -1, -1, 0, 0, -1, 1, -1, -1, 1, -1, -1, 1, 1, 1, 0, -1, 1, -1, -1, -1, 1, -1, -1, -1, -1, 0, -1, 0, -1, 1, -1, -1, 0, -1, -1, -1, -1, -1, -1, 1, -1, 1, -1, 1, 1, 0, -1, 1, 0, -1, 0, 0, 0, -1, -1, 1, -1, -1, 0, 1, -1, 1, -1, 1, 1, 1, 0, -1, -1, 1, -1, -1, -1, 1, -1, -1, -1, 1, 1, -1, -1, -1, -1, 1, 1, 1, -1, -1, -1, 1, -1, 1, 1, 1, -1, 1, 0, -1, -1, 1, -1, -1, 1, -1, 1, 1, -1, 1, -1, -1, -1, 1, -1, 1, 0, -1, -1, -1, -1, -1, -1, 1, 1, 1, 1, -1, 1, 0, 1, 1, -1, 1, 1, 1, 1, -1, 1, 1, -1, -1, 0, 1, 0, 1, -1, -1, -1, -1, 1, -1, -1, -1, -1, -1, -1, -1, -1, -1, 1, 1, 1, -1]"
150,8,25,0.5,0.19905603308082173,3,133,"[{'cluster_no': -1, 'count': 133}, {'cluster_no': 0, 'count': 34}, {'cluster_no': 1, 'count': 70}]","[0, 0, 0, -1, -1, -1, -1, 0, 0, -1, -1, 0, -1, -1, -1, -1, -1, -1, -1, -1, -1, -1, -1, -1, 0, 1, -1, 0, 0, 1, 1, -1, -1, 0, -1, -1, 1, -1, -1, -1, 1, 1, -1, -1, 0, 1, 1, 1, 0, -1, -1, -1, 0, 1, -1, -1, -1, 1, -1, -1, 1, -1, -1, -1, -1, 0, -1, 0, -1, -1, -1, -1, 0, -1, 1, -1, -1, 0, 0, -1, 1, -1, -1, 1, -1, -1, 1, 1, 1, 0, -1, 1, -1, -1, -1, 1, -1, -1, -1, -1, 0, -1, 0, -1, 1, -1, -1, 0, -1, -1, -1, -1, -1, -1, 1, -1, 1, -1, 1, 1, 0, -1, 1, 0, -1, 0, 0, 0, -1, -1, 1, -1, -1, 0, 1, -1, 1, -1, 1, 1, 1, 0, -1, -1, 1, -1, -1, -1, 1, -1, -1, -1, 1, 1, -1, -1, -1, -1, 1, 1, 1, -1, -1, -1, 1, -1, 1, 1, 1, -1, 1, 0, -1, -1, 1, -1, -1, 1, -1, 1, 1, -1, 1, -1, -1, -1, 1, -1, 1, 0, -1, -1, -1, -1, -1, -1, 1, 1, 1, 1, -1, 1, 0, 1, 1, -1, 1, 1, 1, 1, -1, 1, 1, -1, -1, 0, 1, 0, 1, -1, -1, -1, -1, 1, -1, -1, -1, -1, -1, -1, -1, -1, -1, 1, 1, 1, -1]"
150,8,25,1.0,0.19905603308082173,3,133,"[{'cluster_no': -1, 'count': 133}, {'cluster_no': 0, 'count': 34}, {'cluster_no': 1, 'count': 70}]","[0, 0, 0, -1, -1, -1, -1, 0, 0, -1, -1, 0, -1, -1, -1, -1, -1, -1, -1, -1, -1, -1, -1, -1, 0, 1, -1, 0, 0, 1, 1, -1, -1, 0, -1, -1, 1, -1, -1, -1, 1, 1, -1, -1, 0, 1, 1, 1, 0, -1, -1, -1, 0, 1, -1, -1, -1, 1, -1, -1, 1, -1, -1, -1, -1, 0, -1, 0, -1, -1, -1, -1, 0, -1, 1, -1, -1, 0, 0, -1, 1, -1, -1, 1, -1, -1, 1, 1, 1, 0, -1, 1, -1, -1, -1, 1, -1, -1, -1, -1, 0, -1, 0, -1, 1, -1, -1, 0, -1, -1, -1, -1, -1, -1, 1, -1, 1, -1, 1, 1, 0, -1, 1, 0, -1, 0, 0, 0, -1, -1, 1, -1, -1, 0, 1, -1, 1, -1, 1, 1, 1, 0, -1, -1, 1, -1, -1, -1, 1, -1, -1, -1, 1, 1, -1, -1, -1, -1, 1, 1, 1, -1, -1, -1, 1, -1, 1, 1, 1, -1, 1, 0, -1, -1, 1, -1, -1, 1, -1, 1, 1, -1, 1, -1, -1, -1, 1, -1, 1, 0, -1, -1, -1, -1, -1, -1, 1, 1, 1, 1, -1, 1, 0, 1, 1, -1, 1, 1, 1, 1, -1, 1, 1, -1, -1, 0, 1, 0, 1, -1, -1, -1, -1, 1, -1, -1, -1, -1, -1, -1, -1, -1, -1, 1, 1, 1, -1]"
150,8,26,0.0,0.19905603308082173,3,133,"[{'cluster_no': -1, 'count': 133}, {'cluster_no': 0, 'count': 34}, {'cluster_no': 1, 'count': 70}]","[0, 0, 0, -1, -1, -1, -1, 0, 0, -1, -1, 0, -1, -1, -1, -1, -1, -1, -1, -1, -1, -1, -1, -1, 0, 1, -1, 0, 0, 1, 1, -1, -1, 0, -1, -1, 1, -1, -1, -1, 1, 1, -1, -1, 0, 1, 1, 1, 0, -1, -1, -1, 0, 1, -1, -1, -1, 1, -1, -1, 1, -1, -1, -1, -1, 0, -1, 0, -1, -1, -1, -1, 0, -1, 1, -1, -1, 0, 0, -1, 1, -1, -1, 1, -1, -1, 1, 1, 1, 0, -1, 1, -1, -1, -1, 1, -1, -1, -1, -1, 0, -1, 0, -1, 1, -1, -1, 0, -1, -1, -1, -1, -1, -1, 1, -1, 1, -1, 1, 1, 0, -1, 1, 0, -1, 0, 0, 0, -1, -1, 1, -1, -1, 0, 1, -1, 1, -1, 1, 1, 1, 0, -1, -1, 1, -1, -1, -1, 1, -1, -1, -1, 1, 1, -1, -1, -1, -1, 1, 1, 1, -1, -1, -1, 1, -1, 1, 1, 1, -1, 1, 0, -1, -1, 1, -1, -1, 1, -1, 1, 1, -1, 1, -1, -1, -1, 1, -1, 1, 0, -1, -1, -1, -1, -1, -1, 1, 1, 1, 1, -1, 1, 0, 1, 1, -1, 1, 1, 1, 1, -1, 1, 1, -1, -1, 0, 1, 0, 1, -1, -1, -1, -1, 1, -1, -1, -1, -1, -1, -1, -1, -1, -1, 1, 1, 1, -1]"
150,8,26,0.5,0.19905603308082173,3,133,"[{'cluster_no': -1, 'count': 133}, {'cluster_no': 0, 'count': 34}, {'cluster_no': 1, 'count': 70}]","[0, 0, 0, -1, -1, -1, -1, 0, 0, -1, -1, 0, -1, -1, -1, -1, -1, -1, -1, -1, -1, -1, -1, -1, 0, 1, -1, 0, 0, 1, 1, -1, -1, 0, -1, -1, 1, -1, -1, -1, 1, 1, -1, -1, 0, 1, 1, 1, 0, -1, -1, -1, 0, 1, -1, -1, -1, 1, -1, -1, 1, -1, -1, -1, -1, 0, -1, 0, -1, -1, -1, -1, 0, -1, 1, -1, -1, 0, 0, -1, 1, -1, -1, 1, -1, -1, 1, 1, 1, 0, -1, 1, -1, -1, -1, 1, -1, -1, -1, -1, 0, -1, 0, -1, 1, -1, -1, 0, -1, -1, -1, -1, -1, -1, 1, -1, 1, -1, 1, 1, 0, -1, 1, 0, -1, 0, 0, 0, -1, -1, 1, -1, -1, 0, 1, -1, 1, -1, 1, 1, 1, 0, -1, -1, 1, -1, -1, -1, 1, -1, -1, -1, 1, 1, -1, -1, -1, -1, 1, 1, 1, -1, -1, -1, 1, -1, 1, 1, 1, -1, 1, 0, -1, -1, 1, -1, -1, 1, -1, 1, 1, -1, 1, -1, -1, -1, 1, -1, 1, 0, -1, -1, -1, -1, -1, -1, 1, 1, 1, 1, -1, 1, 0, 1, 1, -1, 1, 1, 1, 1, -1, 1, 1, -1, -1, 0, 1, 0, 1, -1, -1, -1, -1, 1, -1, -1, -1, -1, -1, -1, -1, -1, -1, 1, 1, 1, -1]"
150,8,26,1.0,0.19905603308082173,3,133,"[{'cluster_no': -1, 'count': 133}, {'cluster_no': 0, 'count': 34}, {'cluster_no': 1, 'count': 70}]","[0, 0, 0, -1, -1, -1, -1, 0, 0, -1, -1, 0, -1, -1, -1, -1, -1, -1, -1, -1, -1, -1, -1, -1, 0, 1, -1, 0, 0, 1, 1, -1, -1, 0, -1, -1, 1, -1, -1, -1, 1, 1, -1, -1, 0, 1, 1, 1, 0, -1, -1, -1, 0, 1, -1, -1, -1, 1, -1, -1, 1, -1, -1, -1, -1, 0, -1, 0, -1, -1, -1, -1, 0, -1, 1, -1, -1, 0, 0, -1, 1, -1, -1, 1, -1, -1, 1, 1, 1, 0, -1, 1, -1, -1, -1, 1, -1, -1, -1, -1, 0, -1, 0, -1, 1, -1, -1, 0, -1, -1, -1, -1, -1, -1, 1, -1, 1, -1, 1, 1, 0, -1, 1, 0, -1, 0, 0, 0, -1, -1, 1, -1, -1, 0, 1, -1, 1, -1, 1, 1, 1, 0, -1, -1, 1, -1, -1, -1, 1, -1, -1, -1, 1, 1, -1, -1, -1, -1, 1, 1, 1, -1, -1, -1, 1, -1, 1, 1, 1, -1, 1, 0, -1, -1, 1, -1, -1, 1, -1, 1, 1, -1, 1, -1, -1, -1, 1, -1, 1, 0, -1, -1, -1, -1, -1, -1, 1, 1, 1, 1, -1, 1, 0, 1, 1, -1, 1, 1, 1, 1, -1, 1, 1, -1, -1, 0, 1, 0, 1, -1, -1, -1, -1, 1, -1, -1, -1, -1, -1, -1, -1, -1, -1, 1, 1, 1, -1]"
150,8,27,0.0,0.19905603308082173,3,133,"[{'cluster_no': -1, 'count': 133}, {'cluster_no': 0, 'count': 34}, {'cluster_no': 1, 'count': 70}]","[0, 0, 0, -1, -1, -1, -1, 0, 0, -1, -1, 0, -1, -1, -1, -1, -1, -1, -1, -1, -1, -1, -1, -1, 0, 1, -1, 0, 0, 1, 1, -1, -1, 0, -1, -1, 1, -1, -1, -1, 1, 1, -1, -1, 0, 1, 1, 1, 0, -1, -1, -1, 0, 1, -1, -1, -1, 1, -1, -1, 1, -1, -1, -1, -1, 0, -1, 0, -1, -1, -1, -1, 0, -1, 1, -1, -1, 0, 0, -1, 1, -1, -1, 1, -1, -1, 1, 1, 1, 0, -1, 1, -1, -1, -1, 1, -1, -1, -1, -1, 0, -1, 0, -1, 1, -1, -1, 0, -1, -1, -1, -1, -1, -1, 1, -1, 1, -1, 1, 1, 0, -1, 1, 0, -1, 0, 0, 0, -1, -1, 1, -1, -1, 0, 1, -1, 1, -1, 1, 1, 1, 0, -1, -1, 1, -1, -1, -1, 1, -1, -1, -1, 1, 1, -1, -1, -1, -1, 1, 1, 1, -1, -1, -1, 1, -1, 1, 1, 1, -1, 1, 0, -1, -1, 1, -1, -1, 1, -1, 1, 1, -1, 1, -1, -1, -1, 1, -1, 1, 0, -1, -1, -1, -1, -1, -1, 1, 1, 1, 1, -1, 1, 0, 1, 1, -1, 1, 1, 1, 1, -1, 1, 1, -1, -1, 0, 1, 0, 1, -1, -1, -1, -1, 1, -1, -1, -1, -1, -1, -1, -1, -1, -1, 1, 1, 1, -1]"
150,8,27,0.5,0.19905603308082173,3,133,"[{'cluster_no': -1, 'count': 133}, {'cluster_no': 0, 'count': 34}, {'cluster_no': 1, 'count': 70}]","[0, 0, 0, -1, -1, -1, -1, 0, 0, -1, -1, 0, -1, -1, -1, -1, -1, -1, -1, -1, -1, -1, -1, -1, 0, 1, -1, 0, 0, 1, 1, -1, -1, 0, -1, -1, 1, -1, -1, -1, 1, 1, -1, -1, 0, 1, 1, 1, 0, -1, -1, -1, 0, 1, -1, -1, -1, 1, -1, -1, 1, -1, -1, -1, -1, 0, -1, 0, -1, -1, -1, -1, 0, -1, 1, -1, -1, 0, 0, -1, 1, -1, -1, 1, -1, -1, 1, 1, 1, 0, -1, 1, -1, -1, -1, 1, -1, -1, -1, -1, 0, -1, 0, -1, 1, -1, -1, 0, -1, -1, -1, -1, -1, -1, 1, -1, 1, -1, 1, 1, 0, -1, 1, 0, -1, 0, 0, 0, -1, -1, 1, -1, -1, 0, 1, -1, 1, -1, 1, 1, 1, 0, -1, -1, 1, -1, -1, -1, 1, -1, -1, -1, 1, 1, -1, -1, -1, -1, 1, 1, 1, -1, -1, -1, 1, -1, 1, 1, 1, -1, 1, 0, -1, -1, 1, -1, -1, 1, -1, 1, 1, -1, 1, -1, -1, -1, 1, -1, 1, 0, -1, -1, -1, -1, -1, -1, 1, 1, 1, 1, -1, 1, 0, 1, 1, -1, 1, 1, 1, 1, -1, 1, 1, -1, -1, 0, 1, 0, 1, -1, -1, -1, -1, 1, -1, -1, -1, -1, -1, -1, -1, -1, -1, 1, 1, 1, -1]"
150,8,27,1.0,0.19905603308082173,3,133,"[{'cluster_no': -1, 'count': 133}, {'cluster_no': 0, 'count': 34}, {'cluster_no': 1, 'count': 70}]","[0, 0, 0, -1, -1, -1, -1, 0, 0, -1, -1, 0, -1, -1, -1, -1, -1, -1, -1, -1, -1, -1, -1, -1, 0, 1, -1, 0, 0, 1, 1, -1, -1, 0, -1, -1, 1, -1, -1, -1, 1, 1, -1, -1, 0, 1, 1, 1, 0, -1, -1, -1, 0, 1, -1, -1, -1, 1, -1, -1, 1, -1, -1, -1, -1, 0, -1, 0, -1, -1, -1, -1, 0, -1, 1, -1, -1, 0, 0, -1, 1, -1, -1, 1, -1, -1, 1, 1, 1, 0, -1, 1, -1, -1, -1, 1, -1, -1, -1, -1, 0, -1, 0, -1, 1, -1, -1, 0, -1, -1, -1, -1, -1, -1, 1, -1, 1, -1, 1, 1, 0, -1, 1, 0, -1, 0, 0, 0, -1, -1, 1, -1, -1, 0, 1, -1, 1, -1, 1, 1, 1, 0, -1, -1, 1, -1, -1, -1, 1, -1, -1, -1, 1, 1, -1, -1, -1, -1, 1, 1, 1, -1, -1, -1, 1, -1, 1, 1, 1, -1, 1, 0, -1, -1, 1, -1, -1, 1, -1, 1, 1, -1, 1, -1, -1, -1, 1, -1, 1, 0, -1, -1, -1, -1, -1, -1, 1, 1, 1, 1, -1, 1, 0, 1, 1, -1, 1, 1, 1, 1, -1, 1, 1, -1, -1, 0, 1, 0, 1, -1, -1, -1, -1, 1, -1, -1, -1, -1, -1, -1, -1, -1, -1, 1, 1, 1, -1]"
150,8,28,0.0,0.19905603308082173,3,133,"[{'cluster_no': -1, 'count': 133}, {'cluster_no': 0, 'count': 34}, {'cluster_no': 1, 'count': 70}]","[0, 0, 0, -1, -1, -1, -1, 0, 0, -1, -1, 0, -1, -1, -1, -1, -1, -1, -1, -1, -1, -1, -1, -1, 0, 1, -1, 0, 0, 1, 1, -1, -1, 0, -1, -1, 1, -1, -1, -1, 1, 1, -1, -1, 0, 1, 1, 1, 0, -1, -1, -1, 0, 1, -1, -1, -1, 1, -1, -1, 1, -1, -1, -1, -1, 0, -1, 0, -1, -1, -1, -1, 0, -1, 1, -1, -1, 0, 0, -1, 1, -1, -1, 1, -1, -1, 1, 1, 1, 0, -1, 1, -1, -1, -1, 1, -1, -1, -1, -1, 0, -1, 0, -1, 1, -1, -1, 0, -1, -1, -1, -1, -1, -1, 1, -1, 1, -1, 1, 1, 0, -1, 1, 0, -1, 0, 0, 0, -1, -1, 1, -1, -1, 0, 1, -1, 1, -1, 1, 1, 1, 0, -1, -1, 1, -1, -1, -1, 1, -1, -1, -1, 1, 1, -1, -1, -1, -1, 1, 1, 1, -1, -1, -1, 1, -1, 1, 1, 1, -1, 1, 0, -1, -1, 1, -1, -1, 1, -1, 1, 1, -1, 1, -1, -1, -1, 1, -1, 1, 0, -1, -1, -1, -1, -1, -1, 1, 1, 1, 1, -1, 1, 0, 1, 1, -1, 1, 1, 1, 1, -1, 1, 1, -1, -1, 0, 1, 0, 1, -1, -1, -1, -1, 1, -1, -1, -1, -1, -1, -1, -1, -1, -1, 1, 1, 1, -1]"
150,8,28,0.5,0.19905603308082173,3,133,"[{'cluster_no': -1, 'count': 133}, {'cluster_no': 0, 'count': 34}, {'cluster_no': 1, 'count': 70}]","[0, 0, 0, -1, -1, -1, -1, 0, 0, -1, -1, 0, -1, -1, -1, -1, -1, -1, -1, -1, -1, -1, -1, -1, 0, 1, -1, 0, 0, 1, 1, -1, -1, 0, -1, -1, 1, -1, -1, -1, 1, 1, -1, -1, 0, 1, 1, 1, 0, -1, -1, -1, 0, 1, -1, -1, -1, 1, -1, -1, 1, -1, -1, -1, -1, 0, -1, 0, -1, -1, -1, -1, 0, -1, 1, -1, -1, 0, 0, -1, 1, -1, -1, 1, -1, -1, 1, 1, 1, 0, -1, 1, -1, -1, -1, 1, -1, -1, -1, -1, 0, -1, 0, -1, 1, -1, -1, 0, -1, -1, -1, -1, -1, -1, 1, -1, 1, -1, 1, 1, 0, -1, 1, 0, -1, 0, 0, 0, -1, -1, 1, -1, -1, 0, 1, -1, 1, -1, 1, 1, 1, 0, -1, -1, 1, -1, -1, -1, 1, -1, -1, -1, 1, 1, -1, -1, -1, -1, 1, 1, 1, -1, -1, -1, 1, -1, 1, 1, 1, -1, 1, 0, -1, -1, 1, -1, -1, 1, -1, 1, 1, -1, 1, -1, -1, -1, 1, -1, 1, 0, -1, -1, -1, -1, -1, -1, 1, 1, 1, 1, -1, 1, 0, 1, 1, -1, 1, 1, 1, 1, -1, 1, 1, -1, -1, 0, 1, 0, 1, -1, -1, -1, -1, 1, -1, -1, -1, -1, -1, -1, -1, -1, -1, 1, 1, 1, -1]"
150,8,28,1.0,0.19905603308082173,3,133,"[{'cluster_no': -1, 'count': 133}, {'cluster_no': 0, 'count': 34}, {'cluster_no': 1, 'count': 70}]","[0, 0, 0, -1, -1, -1, -1, 0, 0, -1, -1, 0, -1, -1, -1, -1, -1, -1, -1, -1, -1, -1, -1, -1, 0, 1, -1, 0, 0, 1, 1, -1, -1, 0, -1, -1, 1, -1, -1, -1, 1, 1, -1, -1, 0, 1, 1, 1, 0, -1, -1, -1, 0, 1, -1, -1, -1, 1, -1, -1, 1, -1, -1, -1, -1, 0, -1, 0, -1, -1, -1, -1, 0, -1, 1, -1, -1, 0, 0, -1, 1, -1, -1, 1, -1, -1, 1, 1, 1, 0, -1, 1, -1, -1, -1, 1, -1, -1, -1, -1, 0, -1, 0, -1, 1, -1, -1, 0, -1, -1, -1, -1, -1, -1, 1, -1, 1, -1, 1, 1, 0, -1, 1, 0, -1, 0, 0, 0, -1, -1, 1, -1, -1, 0, 1, -1, 1, -1, 1, 1, 1, 0, -1, -1, 1, -1, -1, -1, 1, -1, -1, -1, 1, 1, -1, -1, -1, -1, 1, 1, 1, -1, -1, -1, 1, -1, 1, 1, 1, -1, 1, 0, -1, -1, 1, -1, -1, 1, -1, 1, 1, -1, 1, -1, -1, -1, 1, -1, 1, 0, -1, -1, -1, -1, -1, -1, 1, 1, 1, 1, -1, 1, 0, 1, 1, -1, 1, 1, 1, 1, -1, 1, 1, -1, -1, 0, 1, 0, 1, -1, -1, -1, -1, 1, -1, -1, -1, -1, -1, -1, -1, -1, -1, 1, 1, 1, -1]"
150,8,29,0.0,0.19905603308082173,3,133,"[{'cluster_no': -1, 'count': 133}, {'cluster_no': 0, 'count': 34}, {'cluster_no': 1, 'count': 70}]","[0, 0, 0, -1, -1, -1, -1, 0, 0, -1, -1, 0, -1, -1, -1, -1, -1, -1, -1, -1, -1, -1, -1, -1, 0, 1, -1, 0, 0, 1, 1, -1, -1, 0, -1, -1, 1, -1, -1, -1, 1, 1, -1, -1, 0, 1, 1, 1, 0, -1, -1, -1, 0, 1, -1, -1, -1, 1, -1, -1, 1, -1, -1, -1, -1, 0, -1, 0, -1, -1, -1, -1, 0, -1, 1, -1, -1, 0, 0, -1, 1, -1, -1, 1, -1, -1, 1, 1, 1, 0, -1, 1, -1, -1, -1, 1, -1, -1, -1, -1, 0, -1, 0, -1, 1, -1, -1, 0, -1, -1, -1, -1, -1, -1, 1, -1, 1, -1, 1, 1, 0, -1, 1, 0, -1, 0, 0, 0, -1, -1, 1, -1, -1, 0, 1, -1, 1, -1, 1, 1, 1, 0, -1, -1, 1, -1, -1, -1, 1, -1, -1, -1, 1, 1, -1, -1, -1, -1, 1, 1, 1, -1, -1, -1, 1, -1, 1, 1, 1, -1, 1, 0, -1, -1, 1, -1, -1, 1, -1, 1, 1, -1, 1, -1, -1, -1, 1, -1, 1, 0, -1, -1, -1, -1, -1, -1, 1, 1, 1, 1, -1, 1, 0, 1, 1, -1, 1, 1, 1, 1, -1, 1, 1, -1, -1, 0, 1, 0, 1, -1, -1, -1, -1, 1, -1, -1, -1, -1, -1, -1, -1, -1, -1, 1, 1, 1, -1]"
150,8,29,0.5,0.19905603308082173,3,133,"[{'cluster_no': -1, 'count': 133}, {'cluster_no': 0, 'count': 34}, {'cluster_no': 1, 'count': 70}]","[0, 0, 0, -1, -1, -1, -1, 0, 0, -1, -1, 0, -1, -1, -1, -1, -1, -1, -1, -1, -1, -1, -1, -1, 0, 1, -1, 0, 0, 1, 1, -1, -1, 0, -1, -1, 1, -1, -1, -1, 1, 1, -1, -1, 0, 1, 1, 1, 0, -1, -1, -1, 0, 1, -1, -1, -1, 1, -1, -1, 1, -1, -1, -1, -1, 0, -1, 0, -1, -1, -1, -1, 0, -1, 1, -1, -1, 0, 0, -1, 1, -1, -1, 1, -1, -1, 1, 1, 1, 0, -1, 1, -1, -1, -1, 1, -1, -1, -1, -1, 0, -1, 0, -1, 1, -1, -1, 0, -1, -1, -1, -1, -1, -1, 1, -1, 1, -1, 1, 1, 0, -1, 1, 0, -1, 0, 0, 0, -1, -1, 1, -1, -1, 0, 1, -1, 1, -1, 1, 1, 1, 0, -1, -1, 1, -1, -1, -1, 1, -1, -1, -1, 1, 1, -1, -1, -1, -1, 1, 1, 1, -1, -1, -1, 1, -1, 1, 1, 1, -1, 1, 0, -1, -1, 1, -1, -1, 1, -1, 1, 1, -1, 1, -1, -1, -1, 1, -1, 1, 0, -1, -1, -1, -1, -1, -1, 1, 1, 1, 1, -1, 1, 0, 1, 1, -1, 1, 1, 1, 1, -1, 1, 1, -1, -1, 0, 1, 0, 1, -1, -1, -1, -1, 1, -1, -1, -1, -1, -1, -1, -1, -1, -1, 1, 1, 1, -1]"
150,8,29,1.0,0.19905603308082173,3,133,"[{'cluster_no': -1, 'count': 133}, {'cluster_no': 0, 'count': 34}, {'cluster_no': 1, 'count': 70}]","[0, 0, 0, -1, -1, -1, -1, 0, 0, -1, -1, 0, -1, -1, -1, -1, -1, -1, -1, -1, -1, -1, -1, -1, 0, 1, -1, 0, 0, 1, 1, -1, -1, 0, -1, -1, 1, -1, -1, -1, 1, 1, -1, -1, 0, 1, 1, 1, 0, -1, -1, -1, 0, 1, -1, -1, -1, 1, -1, -1, 1, -1, -1, -1, -1, 0, -1, 0, -1, -1, -1, -1, 0, -1, 1, -1, -1, 0, 0, -1, 1, -1, -1, 1, -1, -1, 1, 1, 1, 0, -1, 1, -1, -1, -1, 1, -1, -1, -1, -1, 0, -1, 0, -1, 1, -1, -1, 0, -1, -1, -1, -1, -1, -1, 1, -1, 1, -1, 1, 1, 0, -1, 1, 0, -1, 0, 0, 0, -1, -1, 1, -1, -1, 0, 1, -1, 1, -1, 1, 1, 1, 0, -1, -1, 1, -1, -1, -1, 1, -1, -1, -1, 1, 1, -1, -1, -1, -1, 1, 1, 1, -1, -1, -1, 1, -1, 1, 1, 1, -1, 1, 0, -1, -1, 1, -1, -1, 1, -1, 1, 1, -1, 1, -1, -1, -1, 1, -1, 1, 0, -1, -1, -1, -1, -1, -1, 1, 1, 1, 1, -1, 1, 0, 1, 1, -1, 1, 1, 1, 1, -1, 1, 1, -1, -1, 0, 1, 0, 1, -1, -1, -1, -1, 1, -1, -1, -1, -1, -1, -1, -1, -1, -1, 1, 1, 1, -1]"
150,8,30,0.0,0.19905603308082173,3,133,"[{'cluster_no': -1, 'count': 133}, {'cluster_no': 0, 'count': 34}, {'cluster_no': 1, 'count': 70}]","[0, 0, 0, -1, -1, -1, -1, 0, 0, -1, -1, 0, -1, -1, -1, -1, -1, -1, -1, -1, -1, -1, -1, -1, 0, 1, -1, 0, 0, 1, 1, -1, -1, 0, -1, -1, 1, -1, -1, -1, 1, 1, -1, -1, 0, 1, 1, 1, 0, -1, -1, -1, 0, 1, -1, -1, -1, 1, -1, -1, 1, -1, -1, -1, -1, 0, -1, 0, -1, -1, -1, -1, 0, -1, 1, -1, -1, 0, 0, -1, 1, -1, -1, 1, -1, -1, 1, 1, 1, 0, -1, 1, -1, -1, -1, 1, -1, -1, -1, -1, 0, -1, 0, -1, 1, -1, -1, 0, -1, -1, -1, -1, -1, -1, 1, -1, 1, -1, 1, 1, 0, -1, 1, 0, -1, 0, 0, 0, -1, -1, 1, -1, -1, 0, 1, -1, 1, -1, 1, 1, 1, 0, -1, -1, 1, -1, -1, -1, 1, -1, -1, -1, 1, 1, -1, -1, -1, -1, 1, 1, 1, -1, -1, -1, 1, -1, 1, 1, 1, -1, 1, 0, -1, -1, 1, -1, -1, 1, -1, 1, 1, -1, 1, -1, -1, -1, 1, -1, 1, 0, -1, -1, -1, -1, -1, -1, 1, 1, 1, 1, -1, 1, 0, 1, 1, -1, 1, 1, 1, 1, -1, 1, 1, -1, -1, 0, 1, 0, 1, -1, -1, -1, -1, 1, -1, -1, -1, -1, -1, -1, -1, -1, -1, 1, 1, 1, -1]"
150,8,30,0.5,0.19905603308082173,3,133,"[{'cluster_no': -1, 'count': 133}, {'cluster_no': 0, 'count': 34}, {'cluster_no': 1, 'count': 70}]","[0, 0, 0, -1, -1, -1, -1, 0, 0, -1, -1, 0, -1, -1, -1, -1, -1, -1, -1, -1, -1, -1, -1, -1, 0, 1, -1, 0, 0, 1, 1, -1, -1, 0, -1, -1, 1, -1, -1, -1, 1, 1, -1, -1, 0, 1, 1, 1, 0, -1, -1, -1, 0, 1, -1, -1, -1, 1, -1, -1, 1, -1, -1, -1, -1, 0, -1, 0, -1, -1, -1, -1, 0, -1, 1, -1, -1, 0, 0, -1, 1, -1, -1, 1, -1, -1, 1, 1, 1, 0, -1, 1, -1, -1, -1, 1, -1, -1, -1, -1, 0, -1, 0, -1, 1, -1, -1, 0, -1, -1, -1, -1, -1, -1, 1, -1, 1, -1, 1, 1, 0, -1, 1, 0, -1, 0, 0, 0, -1, -1, 1, -1, -1, 0, 1, -1, 1, -1, 1, 1, 1, 0, -1, -1, 1, -1, -1, -1, 1, -1, -1, -1, 1, 1, -1, -1, -1, -1, 1, 1, 1, -1, -1, -1, 1, -1, 1, 1, 1, -1, 1, 0, -1, -1, 1, -1, -1, 1, -1, 1, 1, -1, 1, -1, -1, -1, 1, -1, 1, 0, -1, -1, -1, -1, -1, -1, 1, 1, 1, 1, -1, 1, 0, 1, 1, -1, 1, 1, 1, 1, -1, 1, 1, -1, -1, 0, 1, 0, 1, -1, -1, -1, -1, 1, -1, -1, -1, -1, -1, -1, -1, -1, -1, 1, 1, 1, -1]"
150,8,30,1.0,0.19905603308082173,3,133,"[{'cluster_no': -1, 'count': 133}, {'cluster_no': 0, 'count': 34}, {'cluster_no': 1, 'count': 70}]","[0, 0, 0, -1, -1, -1, -1, 0, 0, -1, -1, 0, -1, -1, -1, -1, -1, -1, -1, -1, -1, -1, -1, -1, 0, 1, -1, 0, 0, 1, 1, -1, -1, 0, -1, -1, 1, -1, -1, -1, 1, 1, -1, -1, 0, 1, 1, 1, 0, -1, -1, -1, 0, 1, -1, -1, -1, 1, -1, -1, 1, -1, -1, -1, -1, 0, -1, 0, -1, -1, -1, -1, 0, -1, 1, -1, -1, 0, 0, -1, 1, -1, -1, 1, -1, -1, 1, 1, 1, 0, -1, 1, -1, -1, -1, 1, -1, -1, -1, -1, 0, -1, 0, -1, 1, -1, -1, 0, -1, -1, -1, -1, -1, -1, 1, -1, 1, -1, 1, 1, 0, -1, 1, 0, -1, 0, 0, 0, -1, -1, 1, -1, -1, 0, 1, -1, 1, -1, 1, 1, 1, 0, -1, -1, 1, -1, -1, -1, 1, -1, -1, -1, 1, 1, -1, -1, -1, -1, 1, 1, 1, -1, -1, -1, 1, -1, 1, 1, 1, -1, 1, 0, -1, -1, 1, -1, -1, 1, -1, 1, 1, -1, 1, -1, -1, -1, 1, -1, 1, 0, -1, -1, -1, -1, -1, -1, 1, 1, 1, 1, -1, 1, 0, 1, 1, -1, 1, 1, 1, 1, -1, 1, 1, -1, -1, 0, 1, 0, 1, -1, -1, -1, -1, 1, -1, -1, -1, -1, -1, -1, -1, -1, -1, 1, 1, 1, -1]"
150,9,5,0.0,0.6114167390390609,6,169,"[{'cluster_no': -1, 'count': 169}, {'cluster_no': 0, 'count': 13}, {'cluster_no': 1, 'count': 13}, {'cluster_no': 2, 'count': 6}, {'cluster_no': 3, 'count': 31}, {'cluster_no': 4, 'count': 5}]","[-1, 1, 1, -1, -1, -1, -1, 1, 1, -1, -1, 1, -1, -1, -1, -1, -1, -1, -1, -1, -1, -1, -1, -1, -1, -1, -1, 0, 0, 3, 3, -1, -1, 1, -1, -1, -1, -1, -1, -1, -1, -1, -1, -1, 1, 3, -1, -1, 1, -1, -1, -1, 1, 3, -1, -1, -1, 3, -1, -1, 4, -1, -1, -1, -1, 0, -1, 0, -1, -1, -1, -1, 1, -1, -1, -1, -1, -1, 0, -1, 3, -1, -1, 3, -1, -1, -1, -1, 3, -1, -1, 2, -1, -1, -1, 2, -1, -1, -1, -1, 0, -1, -1, -1, 3, -1, -1, 0, -1, -1, -1, -1, -1, -1, 3, -1, -1, -1, 2, -1, -1, -1, -1, -1, -1, 0, 1, -1, -1, -1, 2, -1, -1, 0, -1, -1, 3, -1, 4, -1, 3, 1, -1, -1, 3, -1, -1, -1, 2, -1, -1, -1, 4, -1, -1, -1, -1, -1, 3, 3, 3, -1, -1, -1, 3, -1, 3, -1, 3, -1, -1, 1, -1, -1, 3, -1, -1, 3, -1, 3, -1, -1, -1, -1, -1, -1, 3, -1, -1, 0, -1, -1, -1, -1, -1, -1, 2, -1, 3, -1, -1, -1, 0, -1, 4, -1, 3, 3, 3, 3, -1, 3, -1, -1, -1, 0, -1, 0, 3, -1, -1, -1, -1, -1, -1, -1, -1, -1, -1, -1, -1, -1, -1, -1, 3, 4, -1]"
150,9,5,0.5,0.24712802045488905,3,152,"[{'cluster_no': -1, 'count': 152}, {'cluster_no': 0, 'count': 29}, {'cluster_no': 1, 'count': 56}]","[0, 0, 0, -1, -1, -1, -1, 0, 0, -1, -1, 0, -1, -1, -1, -1, 0, -1, -1, -1, -1, -1, -1, -1, -1, 1, -1, 0, 0, 1, 1, -1, -1, 0, -1, -1, -1, -1, -1, -1, -1, 1, -1, -1, 0, 1, -1, 1, 0, -1, -1, -1, 0, 1, -1, -1, -1, 1, -1, -1, 1, -1, -1, -1, -1, 0, -1, 0, -1, -1, -1, -1, 0, 1, 1, -1, -1, -1, 0, -1, 1, -1, -1, 1, -1, -1, 1, -1, 1, -1, -1, 1, -1, -1, -1, 1, -1, -1, -1, -1, 0, -1, -1, -1, 1, -1, -1, 0, -1, -1, -1, -1, -1, -1, 1, -1, 1, -1, 1, 1, -1, -1, -1, 0, -1, 0, 0, -1, -1, -1, 1, -1, -1, 0, 1, -1, 1, -1, 1, -1, 1, 0, -1, 1, 1, -1, -1, -1, 1, -1, -1, -1, 1, -1, -1, -1, -1, -1, 1, 1, 1, -1, -1, -1, 1, -1, 1, 1, 1, -1, -1, 0, -1, -1, 1, -1, -1, 1, -1, 1, -1, -1, -1, -1, -1, -1, 1, -1, -1, 0, -1, -1, -1, -1, -1, -1, 1, -1, 1, 1, -1, -1, 0, 1, 1, -1, 1, 1, 1, 1, -1, 1, -1, -1, -1, 0, -1, 0, 1, -1, -1, -1, -1, -1, -1, -1, -1, -1, -1, -1, -1, -1, -1, 1, 1, 1, -1]"
150,9,5,1.0,0.24712802045488905,3,152,"[{'cluster_no': -1, 'count': 152}, {'cluster_no': 0, 'count': 29}, {'cluster_no': 1, 'count': 56}]","[0, 0, 0, -1, -1, -1, -1, 0, 0, -1, -1, 0, -1, -1, -1, -1, 0, -1, -1, -1, -1, -1, -1, -1, -1, 1, -1, 0, 0, 1, 1, -1, -1, 0, -1, -1, -1, -1, -1, -1, -1, 1, -1, -1, 0, 1, -1, 1, 0, -1, -1, -1, 0, 1, -1, -1, -1, 1, -1, -1, 1, -1, -1, -1, -1, 0, -1, 0, -1, -1, -1, -1, 0, 1, 1, -1, -1, -1, 0, -1, 1, -1, -1, 1, -1, -1, 1, -1, 1, -1, -1, 1, -1, -1, -1, 1, -1, -1, -1, -1, 0, -1, -1, -1, 1, -1, -1, 0, -1, -1, -1, -1, -1, -1, 1, -1, 1, -1, 1, 1, -1, -1, -1, 0, -1, 0, 0, -1, -1, -1, 1, -1, -1, 0, 1, -1, 1, -1, 1, -1, 1, 0, -1, 1, 1, -1, -1, -1, 1, -1, -1, -1, 1, -1, -1, -1, -1, -1, 1, 1, 1, -1, -1, -1, 1, -1, 1, 1, 1, -1, -1, 0, -1, -1, 1, -1, -1, 1, -1, 1, -1, -1, -1, -1, -1, -1, 1, -1, -1, 0, -1, -1, -1, -1, -1, -1, 1, -1, 1, 1, -1, -1, 0, 1, 1, -1, 1, 1, 1, 1, -1, 1, -1, -1, -1, 0, -1, 0, 1, -1, -1, -1, -1, -1, -1, -1, -1, -1, -1, -1, -1, -1, -1, 1, 1, 1, -1]"
150,9,6,0.0,0.39948792531272864,5,167,"[{'cluster_no': -1, 'count': 167}, {'cluster_no': 0, 'count': 13}, {'cluster_no': 1, 'count': 13}, {'cluster_no': 2, 'count': 38}, {'cluster_no': 3, 'count': 6}]","[-1, 1, 1, -1, -1, -1, -1, 1, 1, -1, -1, 1, -1, -1, -1, -1, -1, -1, -1, -1, -1, -1, -1, -1, -1, -1, -1, 0, 0, 2, 2, -1, -1, 1, -1, -1, -1, -1, -1, -1, -1, -1, -1, -1, 1, 2, -1, -1, 1, -1, -1, -1, 1, 2, -1, -1, -1, 2, -1, -1, 2, -1, -1, -1, -1, 0, -1, 0, -1, -1, -1, -1, 1, -1, -1, -1, -1, -1, 0, -1, 2, -1, -1, 2, -1, -1, -1, -1, 2, -1, -1, 3, -1, -1, -1, 3, -1, -1, -1, -1, 0, -1, -1, -1, 2, -1, -1, 0, -1, -1, -1, -1, -1, -1, 2, -1, -1, -1, 3, -1, -1, -1, -1, -1, -1, 0, 1, -1, -1, -1, 3, -1, -1, 0, 2, -1, 2, -1, 2, -1, 2, 1, -1, -1, 2, -1, -1, -1, 3, -1, -1, -1, 2, -1, -1, -1, -1, -1, 2, 2, 2, -1, -1, -1, 2, -1, 2, 2, 2, -1, -1, 1, -1, -1, 2, -1, -1, 2, -1, 2, -1, -1, -1, -1, -1, -1, 2, -1, -1, 0, -1, -1, -1, -1, -1, -1, 3, -1, 2, -1, -1, -1, 0, -1, 2, -1, 2, 2, 2, 2, -1, 2, -1, -1, -1, 0, -1, 0, 2, -1, -1, -1, -1, -1, -1, -1, -1, -1, -1, -1, -1, -1, -1, -1, 2, 2, -1]"
150,9,6,0.5,0.24712802045488905,3,152,"[{'cluster_no': -1, 'count': 152}, {'cluster_no': 0, 'count': 29}, {'cluster_no': 1, 'count': 56}]","[0, 0, 0, -1, -1, -1, -1, 0, 0, -1, -1, 0, -1, -1, -1, -1, 0, -1, -1, -1, -1, -1, -1, -1, -1, 1, -1, 0, 0, 1, 1, -1, -1, 0, -1, -1, -1, -1, -1, -1, -1, 1, -1, -1, 0, 1, -1, 1, 0, -1, -1, -1, 0, 1, -1, -1, -1, 1, -1, -1, 1, -1, -1, -1, -1, 0, -1, 0, -1, -1, -1, -1, 0, 1, 1, -1, -1, -1, 0, -1, 1, -1, -1, 1, -1, -1, 1, -1, 1, -1, -1, 1, -1, -1, -1, 1, -1, -1, -1, -1, 0, -1, -1, -1, 1, -1, -1, 0, -1, -1, -1, -1, -1, -1, 1, -1, 1, -1, 1, 1, -1, -1, -1, 0, -1, 0, 0, -1, -1, -1, 1, -1, -1, 0, 1, -1, 1, -1, 1, -1, 1, 0, -1, 1, 1, -1, -1, -1, 1, -1, -1, -1, 1, -1, -1, -1, -1, -1, 1, 1, 1, -1, -1, -1, 1, -1, 1, 1, 1, -1, -1, 0, -1, -1, 1, -1, -1, 1, -1, 1, -1, -1, -1, -1, -1, -1, 1, -1, -1, 0, -1, -1, -1, -1, -1, -1, 1, -1, 1, 1, -1, -1, 0, 1, 1, -1, 1, 1, 1, 1, -1, 1, -1, -1, -1, 0, -1, 0, 1, -1, -1, -1, -1, -1, -1, -1, -1, -1, -1, -1, -1, -1, -1, 1, 1, 1, -1]"
150,9,6,1.0,0.24712802045488905,3,152,"[{'cluster_no': -1, 'count': 152}, {'cluster_no': 0, 'count': 29}, {'cluster_no': 1, 'count': 56}]","[0, 0, 0, -1, -1, -1, -1, 0, 0, -1, -1, 0, -1, -1, -1, -1, 0, -1, -1, -1, -1, -1, -1, -1, -1, 1, -1, 0, 0, 1, 1, -1, -1, 0, -1, -1, -1, -1, -1, -1, -1, 1, -1, -1, 0, 1, -1, 1, 0, -1, -1, -1, 0, 1, -1, -1, -1, 1, -1, -1, 1, -1, -1, -1, -1, 0, -1, 0, -1, -1, -1, -1, 0, 1, 1, -1, -1, -1, 0, -1, 1, -1, -1, 1, -1, -1, 1, -1, 1, -1, -1, 1, -1, -1, -1, 1, -1, -1, -1, -1, 0, -1, -1, -1, 1, -1, -1, 0, -1, -1, -1, -1, -1, -1, 1, -1, 1, -1, 1, 1, -1, -1, -1, 0, -1, 0, 0, -1, -1, -1, 1, -1, -1, 0, 1, -1, 1, -1, 1, -1, 1, 0, -1, 1, 1, -1, -1, -1, 1, -1, -1, -1, 1, -1, -1, -1, -1, -1, 1, 1, 1, -1, -1, -1, 1, -1, 1, 1, 1, -1, -1, 0, -1, -1, 1, -1, -1, 1, -1, 1, -1, -1, -1, -1, -1, -1, 1, -1, -1, 0, -1, -1, -1, -1, -1, -1, 1, -1, 1, 1, -1, -1, 0, 1, 1, -1, 1, 1, 1, 1, -1, 1, -1, -1, -1, 0, -1, 0, 1, -1, -1, -1, -1, -1, -1, -1, -1, -1, -1, -1, -1, -1, -1, 1, 1, 1, -1]"
150,9,7,0.0,0.1526607469917724,4,155,"[{'cluster_no': -1, 'count': 155}, {'cluster_no': 0, 'count': 56}, {'cluster_no': 1, 'count': 13}, {'cluster_no': 2, 'count': 13}]","[-1, 2, 2, -1, -1, -1, -1, 2, 2, -1, -1, 2, -1, -1, -1, -1, -1, -1, -1, -1, -1, -1, -1, -1, -1, 0, -1, 1, 1, 0, 0, -1, -1, 2, -1, -1, -1, -1, -1, -1, -1, 0, -1, -1, 2, 0, -1, 0, 2, -1, -1, -1, 2, 0, -1, -1, -1, 0, -1, -1, 0, -1, -1, -1, -1, 1, -1, 1, -1, -1, -1, -1, 2, 0, 0, -1, -1, -1, 1, -1, 0, -1, -1, 0, -1, -1, 0, -1, 0, -1, -1, 0, -1, -1, -1, 0, -1, -1, -1, -1, 1, -1, -1, -1, 0, -1, -1, 1, -1, -1, -1, -1, -1, -1, 0, -1, 0, -1, 0, 0, -1, -1, -1, -1, -1, 1, 2, -1, -1, -1, 0, -1, -1, 1, 0, -1, 0, -1, 0, -1, 0, 2, -1, 0, 0, -1, -1, -1, 0, -1, -1, -1, 0, -1, -1, -1, -1, -1, 0, 0, 0, -1, -1, -1, 0, -1, 0, 0, 0, -1, -1, 2, -1, -1, 0, -1, -1, 0, -1, 0, -1, -1, -1, -1, -1, -1, 0, -1, -1, 1, -1, -1, -1, -1, -1, -1, 0, -1, 0, 0, -1, -1, 1, 0, 0, -1, 0, 0, 0, 0, -1, 0, -1, -1, -1, 1, -1, 1, 0, -1, -1, -1, -1, -1, -1, -1, -1, -1, -1, -1, -1, -1, -1, 0, 0, 0, -1]"
150,9,7,0.5,0.24712802045488905,3,152,"[{'cluster_no': -1, 'count': 152}, {'cluster_no': 0, 'count': 29}, {'cluster_no': 1, 'count': 56}]","[0, 0, 0, -1, -1, -1, -1, 0, 0, -1, -1, 0, -1, -1, -1, -1, 0, -1, -1, -1, -1, -1, -1, -1, -1, 1, -1, 0, 0, 1, 1, -1, -1, 0, -1, -1, -1, -1, -1, -1, -1, 1, -1, -1, 0, 1, -1, 1, 0, -1, -1, -1, 0, 1, -1, -1, -1, 1, -1, -1, 1, -1, -1, -1, -1, 0, -1, 0, -1, -1, -1, -1, 0, 1, 1, -1, -1, -1, 0, -1, 1, -1, -1, 1, -1, -1, 1, -1, 1, -1, -1, 1, -1, -1, -1, 1, -1, -1, -1, -1, 0, -1, -1, -1, 1, -1, -1, 0, -1, -1, -1, -1, -1, -1, 1, -1, 1, -1, 1, 1, -1, -1, -1, 0, -1, 0, 0, -1, -1, -1, 1, -1, -1, 0, 1, -1, 1, -1, 1, -1, 1, 0, -1, 1, 1, -1, -1, -1, 1, -1, -1, -1, 1, -1, -1, -1, -1, -1, 1, 1, 1, -1, -1, -1, 1, -1, 1, 1, 1, -1, -1, 0, -1, -1, 1, -1, -1, 1, -1, 1, -1, -1, -1, -1, -1, -1, 1, -1, -1, 0, -1, -1, -1, -1, -1, -1, 1, -1, 1, 1, -1, -1, 0, 1, 1, -1, 1, 1, 1, 1, -1, 1, -1, -1, -1, 0, -1, 0, 1, -1, -1, -1, -1, -1, -1, -1, -1, -1, -1, -1, -1, -1, -1, 1, 1, 1, -1]"
150,9,7,1.0,0.24712802045488905,3,152,"[{'cluster_no': -1, 'count': 152}, {'cluster_no': 0, 'count': 29}, {'cluster_no': 1, 'count': 56}]","[0, 0, 0, -1, -1, -1, -1, 0, 0, -1, -1, 0, -1, -1, -1, -1, 0, -1, -1, -1, -1, -1, -1, -1, -1, 1, -1, 0, 0, 1, 1, -1, -1, 0, -1, -1, -1, -1, -1, -1, -1, 1, -1, -1, 0, 1, -1, 1, 0, -1, -1, -1, 0, 1, -1, -1, -1, 1, -1, -1, 1, -1, -1, -1, -1, 0, -1, 0, -1, -1, -1, -1, 0, 1, 1, -1, -1, -1, 0, -1, 1, -1, -1, 1, -1, -1, 1, -1, 1, -1, -1, 1, -1, -1, -1, 1, -1, -1, -1, -1, 0, -1, -1, -1, 1, -1, -1, 0, -1, -1, -1, -1, -1, -1, 1, -1, 1, -1, 1, 1, -1, -1, -1, 0, -1, 0, 0, -1, -1, -1, 1, -1, -1, 0, 1, -1, 1, -1, 1, -1, 1, 0, -1, 1, 1, -1, -1, -1, 1, -1, -1, -1, 1, -1, -1, -1, -1, -1, 1, 1, 1, -1, -1, -1, 1, -1, 1, 1, 1, -1, -1, 0, -1, -1, 1, -1, -1, 1, -1, 1, -1, -1, -1, -1, -1, -1, 1, -1, -1, 0, -1, -1, -1, -1, -1, -1, 1, -1, 1, 1, -1, -1, 0, 1, 1, -1, 1, 1, 1, 1, -1, 1, -1, -1, -1, 0, -1, 0, 1, -1, -1, -1, -1, -1, -1, -1, -1, -1, -1, -1, -1, -1, -1, 1, 1, 1, -1]"
150,9,8,0.0,0.1526607469917724,4,155,"[{'cluster_no': -1, 'count': 155}, {'cluster_no': 0, 'count': 56}, {'cluster_no': 1, 'count': 13}, {'cluster_no': 2, 'count': 13}]","[-1, 2, 2, -1, -1, -1, -1, 2, 2, -1, -1, 2, -1, -1, -1, -1, -1, -1, -1, -1, -1, -1, -1, -1, -1, 0, -1, 1, 1, 0, 0, -1, -1, 2, -1, -1, -1, -1, -1, -1, -1, 0, -1, -1, 2, 0, -1, 0, 2, -1, -1, -1, 2, 0, -1, -1, -1, 0, -1, -1, 0, -1, -1, -1, -1, 1, -1, 1, -1, -1, -1, -1, 2, 0, 0, -1, -1, -1, 1, -1, 0, -1, -1, 0, -1, -1, 0, -1, 0, -1, -1, 0, -1, -1, -1, 0, -1, -1, -1, -1, 1, -1, -1, -1, 0, -1, -1, 1, -1, -1, -1, -1, -1, -1, 0, -1, 0, -1, 0, 0, -1, -1, -1, -1, -1, 1, 2, -1, -1, -1, 0, -1, -1, 1, 0, -1, 0, -1, 0, -1, 0, 2, -1, 0, 0, -1, -1, -1, 0, -1, -1, -1, 0, -1, -1, -1, -1, -1, 0, 0, 0, -1, -1, -1, 0, -1, 0, 0, 0, -1, -1, 2, -1, -1, 0, -1, -1, 0, -1, 0, -1, -1, -1, -1, -1, -1, 0, -1, -1, 1, -1, -1, -1, -1, -1, -1, 0, -1, 0, 0, -1, -1, 1, 0, 0, -1, 0, 0, 0, 0, -1, 0, -1, -1, -1, 1, -1, 1, 0, -1, -1, -1, -1, -1, -1, -1, -1, -1, -1, -1, -1, -1, -1, 0, 0, 0, -1]"
150,9,8,0.5,0.24712802045488905,3,152,"[{'cluster_no': -1, 'count': 152}, {'cluster_no': 0, 'count': 29}, {'cluster_no': 1, 'count': 56}]","[0, 0, 0, -1, -1, -1, -1, 0, 0, -1, -1, 0, -1, -1, -1, -1, 0, -1, -1, -1, -1, -1, -1, -1, -1, 1, -1, 0, 0, 1, 1, -1, -1, 0, -1, -1, -1, -1, -1, -1, -1, 1, -1, -1, 0, 1, -1, 1, 0, -1, -1, -1, 0, 1, -1, -1, -1, 1, -1, -1, 1, -1, -1, -1, -1, 0, -1, 0, -1, -1, -1, -1, 0, 1, 1, -1, -1, -1, 0, -1, 1, -1, -1, 1, -1, -1, 1, -1, 1, -1, -1, 1, -1, -1, -1, 1, -1, -1, -1, -1, 0, -1, -1, -1, 1, -1, -1, 0, -1, -1, -1, -1, -1, -1, 1, -1, 1, -1, 1, 1, -1, -1, -1, 0, -1, 0, 0, -1, -1, -1, 1, -1, -1, 0, 1, -1, 1, -1, 1, -1, 1, 0, -1, 1, 1, -1, -1, -1, 1, -1, -1, -1, 1, -1, -1, -1, -1, -1, 1, 1, 1, -1, -1, -1, 1, -1, 1, 1, 1, -1, -1, 0, -1, -1, 1, -1, -1, 1, -1, 1, -1, -1, -1, -1, -1, -1, 1, -1, -1, 0, -1, -1, -1, -1, -1, -1, 1, -1, 1, 1, -1, -1, 0, 1, 1, -1, 1, 1, 1, 1, -1, 1, -1, -1, -1, 0, -1, 0, 1, -1, -1, -1, -1, -1, -1, -1, -1, -1, -1, -1, -1, -1, -1, 1, 1, 1, -1]"
150,9,8,1.0,0.24712802045488905,3,152,"[{'cluster_no': -1, 'count': 152}, {'cluster_no': 0, 'count': 29}, {'cluster_no': 1, 'count': 56}]","[0, 0, 0, -1, -1, -1, -1, 0, 0, -1, -1, 0, -1, -1, -1, -1, 0, -1, -1, -1, -1, -1, -1, -1, -1, 1, -1, 0, 0, 1, 1, -1, -1, 0, -1, -1, -1, -1, -1, -1, -1, 1, -1, -1, 0, 1, -1, 1, 0, -1, -1, -1, 0, 1, -1, -1, -1, 1, -1, -1, 1, -1, -1, -1, -1, 0, -1, 0, -1, -1, -1, -1, 0, 1, 1, -1, -1, -1, 0, -1, 1, -1, -1, 1, -1, -1, 1, -1, 1, -1, -1, 1, -1, -1, -1, 1, -1, -1, -1, -1, 0, -1, -1, -1, 1, -1, -1, 0, -1, -1, -1, -1, -1, -1, 1, -1, 1, -1, 1, 1, -1, -1, -1, 0, -1, 0, 0, -1, -1, -1, 1, -1, -1, 0, 1, -1, 1, -1, 1, -1, 1, 0, -1, 1, 1, -1, -1, -1, 1, -1, -1, -1, 1, -1, -1, -1, -1, -1, 1, 1, 1, -1, -1, -1, 1, -1, 1, 1, 1, -1, -1, 0, -1, -1, 1, -1, -1, 1, -1, 1, -1, -1, -1, -1, -1, -1, 1, -1, -1, 0, -1, -1, -1, -1, -1, -1, 1, -1, 1, 1, -1, -1, 0, 1, 1, -1, 1, 1, 1, 1, -1, 1, -1, -1, -1, 0, -1, 0, 1, -1, -1, -1, -1, -1, -1, -1, -1, -1, -1, -1, -1, -1, -1, 1, 1, 1, -1]"
150,9,9,0.0,0.1526607469917724,4,155,"[{'cluster_no': -1, 'count': 155}, {'cluster_no': 0, 'count': 56}, {'cluster_no': 1, 'count': 13}, {'cluster_no': 2, 'count': 13}]","[-1, 2, 2, -1, -1, -1, -1, 2, 2, -1, -1, 2, -1, -1, -1, -1, -1, -1, -1, -1, -1, -1, -1, -1, -1, 0, -1, 1, 1, 0, 0, -1, -1, 2, -1, -1, -1, -1, -1, -1, -1, 0, -1, -1, 2, 0, -1, 0, 2, -1, -1, -1, 2, 0, -1, -1, -1, 0, -1, -1, 0, -1, -1, -1, -1, 1, -1, 1, -1, -1, -1, -1, 2, 0, 0, -1, -1, -1, 1, -1, 0, -1, -1, 0, -1, -1, 0, -1, 0, -1, -1, 0, -1, -1, -1, 0, -1, -1, -1, -1, 1, -1, -1, -1, 0, -1, -1, 1, -1, -1, -1, -1, -1, -1, 0, -1, 0, -1, 0, 0, -1, -1, -1, -1, -1, 1, 2, -1, -1, -1, 0, -1, -1, 1, 0, -1, 0, -1, 0, -1, 0, 2, -1, 0, 0, -1, -1, -1, 0, -1, -1, -1, 0, -1, -1, -1, -1, -1, 0, 0, 0, -1, -1, -1, 0, -1, 0, 0, 0, -1, -1, 2, -1, -1, 0, -1, -1, 0, -1, 0, -1, -1, -1, -1, -1, -1, 0, -1, -1, 1, -1, -1, -1, -1, -1, -1, 0, -1, 0, 0, -1, -1, 1, 0, 0, -1, 0, 0, 0, 0, -1, 0, -1, -1, -1, 1, -1, 1, 0, -1, -1, -1, -1, -1, -1, -1, -1, -1, -1, -1, -1, -1, -1, 0, 0, 0, -1]"
150,9,9,0.5,0.24712802045488905,3,152,"[{'cluster_no': -1, 'count': 152}, {'cluster_no': 0, 'count': 29}, {'cluster_no': 1, 'count': 56}]","[0, 0, 0, -1, -1, -1, -1, 0, 0, -1, -1, 0, -1, -1, -1, -1, 0, -1, -1, -1, -1, -1, -1, -1, -1, 1, -1, 0, 0, 1, 1, -1, -1, 0, -1, -1, -1, -1, -1, -1, -1, 1, -1, -1, 0, 1, -1, 1, 0, -1, -1, -1, 0, 1, -1, -1, -1, 1, -1, -1, 1, -1, -1, -1, -1, 0, -1, 0, -1, -1, -1, -1, 0, 1, 1, -1, -1, -1, 0, -1, 1, -1, -1, 1, -1, -1, 1, -1, 1, -1, -1, 1, -1, -1, -1, 1, -1, -1, -1, -1, 0, -1, -1, -1, 1, -1, -1, 0, -1, -1, -1, -1, -1, -1, 1, -1, 1, -1, 1, 1, -1, -1, -1, 0, -1, 0, 0, -1, -1, -1, 1, -1, -1, 0, 1, -1, 1, -1, 1, -1, 1, 0, -1, 1, 1, -1, -1, -1, 1, -1, -1, -1, 1, -1, -1, -1, -1, -1, 1, 1, 1, -1, -1, -1, 1, -1, 1, 1, 1, -1, -1, 0, -1, -1, 1, -1, -1, 1, -1, 1, -1, -1, -1, -1, -1, -1, 1, -1, -1, 0, -1, -1, -1, -1, -1, -1, 1, -1, 1, 1, -1, -1, 0, 1, 1, -1, 1, 1, 1, 1, -1, 1, -1, -1, -1, 0, -1, 0, 1, -1, -1, -1, -1, -1, -1, -1, -1, -1, -1, -1, -1, -1, -1, 1, 1, 1, -1]"
150,9,9,1.0,0.24712802045488905,3,152,"[{'cluster_no': -1, 'count': 152}, {'cluster_no': 0, 'count': 29}, {'cluster_no': 1, 'count': 56}]","[0, 0, 0, -1, -1, -1, -1, 0, 0, -1, -1, 0, -1, -1, -1, -1, 0, -1, -1, -1, -1, -1, -1, -1, -1, 1, -1, 0, 0, 1, 1, -1, -1, 0, -1, -1, -1, -1, -1, -1, -1, 1, -1, -1, 0, 1, -1, 1, 0, -1, -1, -1, 0, 1, -1, -1, -1, 1, -1, -1, 1, -1, -1, -1, -1, 0, -1, 0, -1, -1, -1, -1, 0, 1, 1, -1, -1, -1, 0, -1, 1, -1, -1, 1, -1, -1, 1, -1, 1, -1, -1, 1, -1, -1, -1, 1, -1, -1, -1, -1, 0, -1, -1, -1, 1, -1, -1, 0, -1, -1, -1, -1, -1, -1, 1, -1, 1, -1, 1, 1, -1, -1, -1, 0, -1, 0, 0, -1, -1, -1, 1, -1, -1, 0, 1, -1, 1, -1, 1, -1, 1, 0, -1, 1, 1, -1, -1, -1, 1, -1, -1, -1, 1, -1, -1, -1, -1, -1, 1, 1, 1, -1, -1, -1, 1, -1, 1, 1, 1, -1, -1, 0, -1, -1, 1, -1, -1, 1, -1, 1, -1, -1, -1, -1, -1, -1, 1, -1, -1, 0, -1, -1, -1, -1, -1, -1, 1, -1, 1, 1, -1, -1, 0, 1, 1, -1, 1, 1, 1, 1, -1, 1, -1, -1, -1, 0, -1, 0, 1, -1, -1, -1, -1, -1, -1, -1, -1, -1, -1, -1, -1, -1, -1, 1, 1, 1, -1]"
150,9,10,0.0,0.1526607469917724,4,155,"[{'cluster_no': -1, 'count': 155}, {'cluster_no': 0, 'count': 56}, {'cluster_no': 1, 'count': 13}, {'cluster_no': 2, 'count': 13}]","[-1, 2, 2, -1, -1, -1, -1, 2, 2, -1, -1, 2, -1, -1, -1, -1, -1, -1, -1, -1, -1, -1, -1, -1, -1, 0, -1, 1, 1, 0, 0, -1, -1, 2, -1, -1, -1, -1, -1, -1, -1, 0, -1, -1, 2, 0, -1, 0, 2, -1, -1, -1, 2, 0, -1, -1, -1, 0, -1, -1, 0, -1, -1, -1, -1, 1, -1, 1, -1, -1, -1, -1, 2, 0, 0, -1, -1, -1, 1, -1, 0, -1, -1, 0, -1, -1, 0, -1, 0, -1, -1, 0, -1, -1, -1, 0, -1, -1, -1, -1, 1, -1, -1, -1, 0, -1, -1, 1, -1, -1, -1, -1, -1, -1, 0, -1, 0, -1, 0, 0, -1, -1, -1, -1, -1, 1, 2, -1, -1, -1, 0, -1, -1, 1, 0, -1, 0, -1, 0, -1, 0, 2, -1, 0, 0, -1, -1, -1, 0, -1, -1, -1, 0, -1, -1, -1, -1, -1, 0, 0, 0, -1, -1, -1, 0, -1, 0, 0, 0, -1, -1, 2, -1, -1, 0, -1, -1, 0, -1, 0, -1, -1, -1, -1, -1, -1, 0, -1, -1, 1, -1, -1, -1, -1, -1, -1, 0, -1, 0, 0, -1, -1, 1, 0, 0, -1, 0, 0, 0, 0, -1, 0, -1, -1, -1, 1, -1, 1, 0, -1, -1, -1, -1, -1, -1, -1, -1, -1, -1, -1, -1, -1, -1, 0, 0, 0, -1]"
150,9,10,0.5,0.24712802045488905,3,152,"[{'cluster_no': -1, 'count': 152}, {'cluster_no': 0, 'count': 29}, {'cluster_no': 1, 'count': 56}]","[0, 0, 0, -1, -1, -1, -1, 0, 0, -1, -1, 0, -1, -1, -1, -1, 0, -1, -1, -1, -1, -1, -1, -1, -1, 1, -1, 0, 0, 1, 1, -1, -1, 0, -1, -1, -1, -1, -1, -1, -1, 1, -1, -1, 0, 1, -1, 1, 0, -1, -1, -1, 0, 1, -1, -1, -1, 1, -1, -1, 1, -1, -1, -1, -1, 0, -1, 0, -1, -1, -1, -1, 0, 1, 1, -1, -1, -1, 0, -1, 1, -1, -1, 1, -1, -1, 1, -1, 1, -1, -1, 1, -1, -1, -1, 1, -1, -1, -1, -1, 0, -1, -1, -1, 1, -1, -1, 0, -1, -1, -1, -1, -1, -1, 1, -1, 1, -1, 1, 1, -1, -1, -1, 0, -1, 0, 0, -1, -1, -1, 1, -1, -1, 0, 1, -1, 1, -1, 1, -1, 1, 0, -1, 1, 1, -1, -1, -1, 1, -1, -1, -1, 1, -1, -1, -1, -1, -1, 1, 1, 1, -1, -1, -1, 1, -1, 1, 1, 1, -1, -1, 0, -1, -1, 1, -1, -1, 1, -1, 1, -1, -1, -1, -1, -1, -1, 1, -1, -1, 0, -1, -1, -1, -1, -1, -1, 1, -1, 1, 1, -1, -1, 0, 1, 1, -1, 1, 1, 1, 1, -1, 1, -1, -1, -1, 0, -1, 0, 1, -1, -1, -1, -1, -1, -1, -1, -1, -1, -1, -1, -1, -1, -1, 1, 1, 1, -1]"
150,9,10,1.0,0.24712802045488905,3,152,"[{'cluster_no': -1, 'count': 152}, {'cluster_no': 0, 'count': 29}, {'cluster_no': 1, 'count': 56}]","[0, 0, 0, -1, -1, -1, -1, 0, 0, -1, -1, 0, -1, -1, -1, -1, 0, -1, -1, -1, -1, -1, -1, -1, -1, 1, -1, 0, 0, 1, 1, -1, -1, 0, -1, -1, -1, -1, -1, -1, -1, 1, -1, -1, 0, 1, -1, 1, 0, -1, -1, -1, 0, 1, -1, -1, -1, 1, -1, -1, 1, -1, -1, -1, -1, 0, -1, 0, -1, -1, -1, -1, 0, 1, 1, -1, -1, -1, 0, -1, 1, -1, -1, 1, -1, -1, 1, -1, 1, -1, -1, 1, -1, -1, -1, 1, -1, -1, -1, -1, 0, -1, -1, -1, 1, -1, -1, 0, -1, -1, -1, -1, -1, -1, 1, -1, 1, -1, 1, 1, -1, -1, -1, 0, -1, 0, 0, -1, -1, -1, 1, -1, -1, 0, 1, -1, 1, -1, 1, -1, 1, 0, -1, 1, 1, -1, -1, -1, 1, -1, -1, -1, 1, -1, -1, -1, -1, -1, 1, 1, 1, -1, -1, -1, 1, -1, 1, 1, 1, -1, -1, 0, -1, -1, 1, -1, -1, 1, -1, 1, -1, -1, -1, -1, -1, -1, 1, -1, -1, 0, -1, -1, -1, -1, -1, -1, 1, -1, 1, 1, -1, -1, 0, 1, 1, -1, 1, 1, 1, 1, -1, 1, -1, -1, -1, 0, -1, 0, 1, -1, -1, -1, -1, -1, -1, -1, -1, -1, -1, -1, -1, -1, -1, 1, 1, 1, -1]"
150,9,11,0.0,0.1526607469917724,4,155,"[{'cluster_no': -1, 'count': 155}, {'cluster_no': 0, 'count': 56}, {'cluster_no': 1, 'count': 13}, {'cluster_no': 2, 'count': 13}]","[-1, 2, 2, -1, -1, -1, -1, 2, 2, -1, -1, 2, -1, -1, -1, -1, -1, -1, -1, -1, -1, -1, -1, -1, -1, 0, -1, 1, 1, 0, 0, -1, -1, 2, -1, -1, -1, -1, -1, -1, -1, 0, -1, -1, 2, 0, -1, 0, 2, -1, -1, -1, 2, 0, -1, -1, -1, 0, -1, -1, 0, -1, -1, -1, -1, 1, -1, 1, -1, -1, -1, -1, 2, 0, 0, -1, -1, -1, 1, -1, 0, -1, -1, 0, -1, -1, 0, -1, 0, -1, -1, 0, -1, -1, -1, 0, -1, -1, -1, -1, 1, -1, -1, -1, 0, -1, -1, 1, -1, -1, -1, -1, -1, -1, 0, -1, 0, -1, 0, 0, -1, -1, -1, -1, -1, 1, 2, -1, -1, -1, 0, -1, -1, 1, 0, -1, 0, -1, 0, -1, 0, 2, -1, 0, 0, -1, -1, -1, 0, -1, -1, -1, 0, -1, -1, -1, -1, -1, 0, 0, 0, -1, -1, -1, 0, -1, 0, 0, 0, -1, -1, 2, -1, -1, 0, -1, -1, 0, -1, 0, -1, -1, -1, -1, -1, -1, 0, -1, -1, 1, -1, -1, -1, -1, -1, -1, 0, -1, 0, 0, -1, -1, 1, 0, 0, -1, 0, 0, 0, 0, -1, 0, -1, -1, -1, 1, -1, 1, 0, -1, -1, -1, -1, -1, -1, -1, -1, -1, -1, -1, -1, -1, -1, 0, 0, 0, -1]"
150,9,11,0.5,0.24712802045488905,3,152,"[{'cluster_no': -1, 'count': 152}, {'cluster_no': 0, 'count': 29}, {'cluster_no': 1, 'count': 56}]","[0, 0, 0, -1, -1, -1, -1, 0, 0, -1, -1, 0, -1, -1, -1, -1, 0, -1, -1, -1, -1, -1, -1, -1, -1, 1, -1, 0, 0, 1, 1, -1, -1, 0, -1, -1, -1, -1, -1, -1, -1, 1, -1, -1, 0, 1, -1, 1, 0, -1, -1, -1, 0, 1, -1, -1, -1, 1, -1, -1, 1, -1, -1, -1, -1, 0, -1, 0, -1, -1, -1, -1, 0, 1, 1, -1, -1, -1, 0, -1, 1, -1, -1, 1, -1, -1, 1, -1, 1, -1, -1, 1, -1, -1, -1, 1, -1, -1, -1, -1, 0, -1, -1, -1, 1, -1, -1, 0, -1, -1, -1, -1, -1, -1, 1, -1, 1, -1, 1, 1, -1, -1, -1, 0, -1, 0, 0, -1, -1, -1, 1, -1, -1, 0, 1, -1, 1, -1, 1, -1, 1, 0, -1, 1, 1, -1, -1, -1, 1, -1, -1, -1, 1, -1, -1, -1, -1, -1, 1, 1, 1, -1, -1, -1, 1, -1, 1, 1, 1, -1, -1, 0, -1, -1, 1, -1, -1, 1, -1, 1, -1, -1, -1, -1, -1, -1, 1, -1, -1, 0, -1, -1, -1, -1, -1, -1, 1, -1, 1, 1, -1, -1, 0, 1, 1, -1, 1, 1, 1, 1, -1, 1, -1, -1, -1, 0, -1, 0, 1, -1, -1, -1, -1, -1, -1, -1, -1, -1, -1, -1, -1, -1, -1, 1, 1, 1, -1]"
150,9,11,1.0,0.24712802045488905,3,152,"[{'cluster_no': -1, 'count': 152}, {'cluster_no': 0, 'count': 29}, {'cluster_no': 1, 'count': 56}]","[0, 0, 0, -1, -1, -1, -1, 0, 0, -1, -1, 0, -1, -1, -1, -1, 0, -1, -1, -1, -1, -1, -1, -1, -1, 1, -1, 0, 0, 1, 1, -1, -1, 0, -1, -1, -1, -1, -1, -1, -1, 1, -1, -1, 0, 1, -1, 1, 0, -1, -1, -1, 0, 1, -1, -1, -1, 1, -1, -1, 1, -1, -1, -1, -1, 0, -1, 0, -1, -1, -1, -1, 0, 1, 1, -1, -1, -1, 0, -1, 1, -1, -1, 1, -1, -1, 1, -1, 1, -1, -1, 1, -1, -1, -1, 1, -1, -1, -1, -1, 0, -1, -1, -1, 1, -1, -1, 0, -1, -1, -1, -1, -1, -1, 1, -1, 1, -1, 1, 1, -1, -1, -1, 0, -1, 0, 0, -1, -1, -1, 1, -1, -1, 0, 1, -1, 1, -1, 1, -1, 1, 0, -1, 1, 1, -1, -1, -1, 1, -1, -1, -1, 1, -1, -1, -1, -1, -1, 1, 1, 1, -1, -1, -1, 1, -1, 1, 1, 1, -1, -1, 0, -1, -1, 1, -1, -1, 1, -1, 1, -1, -1, -1, -1, -1, -1, 1, -1, -1, 0, -1, -1, -1, -1, -1, -1, 1, -1, 1, 1, -1, -1, 0, 1, 1, -1, 1, 1, 1, 1, -1, 1, -1, -1, -1, 0, -1, 0, 1, -1, -1, -1, -1, -1, -1, -1, -1, -1, -1, -1, -1, -1, -1, 1, 1, 1, -1]"
150,9,12,0.0,0.1526607469917724,4,155,"[{'cluster_no': -1, 'count': 155}, {'cluster_no': 0, 'count': 56}, {'cluster_no': 1, 'count': 13}, {'cluster_no': 2, 'count': 13}]","[-1, 2, 2, -1, -1, -1, -1, 2, 2, -1, -1, 2, -1, -1, -1, -1, -1, -1, -1, -1, -1, -1, -1, -1, -1, 0, -1, 1, 1, 0, 0, -1, -1, 2, -1, -1, -1, -1, -1, -1, -1, 0, -1, -1, 2, 0, -1, 0, 2, -1, -1, -1, 2, 0, -1, -1, -1, 0, -1, -1, 0, -1, -1, -1, -1, 1, -1, 1, -1, -1, -1, -1, 2, 0, 0, -1, -1, -1, 1, -1, 0, -1, -1, 0, -1, -1, 0, -1, 0, -1, -1, 0, -1, -1, -1, 0, -1, -1, -1, -1, 1, -1, -1, -1, 0, -1, -1, 1, -1, -1, -1, -1, -1, -1, 0, -1, 0, -1, 0, 0, -1, -1, -1, -1, -1, 1, 2, -1, -1, -1, 0, -1, -1, 1, 0, -1, 0, -1, 0, -1, 0, 2, -1, 0, 0, -1, -1, -1, 0, -1, -1, -1, 0, -1, -1, -1, -1, -1, 0, 0, 0, -1, -1, -1, 0, -1, 0, 0, 0, -1, -1, 2, -1, -1, 0, -1, -1, 0, -1, 0, -1, -1, -1, -1, -1, -1, 0, -1, -1, 1, -1, -1, -1, -1, -1, -1, 0, -1, 0, 0, -1, -1, 1, 0, 0, -1, 0, 0, 0, 0, -1, 0, -1, -1, -1, 1, -1, 1, 0, -1, -1, -1, -1, -1, -1, -1, -1, -1, -1, -1, -1, -1, -1, 0, 0, 0, -1]"
150,9,12,0.5,0.24712802045488905,3,152,"[{'cluster_no': -1, 'count': 152}, {'cluster_no': 0, 'count': 29}, {'cluster_no': 1, 'count': 56}]","[0, 0, 0, -1, -1, -1, -1, 0, 0, -1, -1, 0, -1, -1, -1, -1, 0, -1, -1, -1, -1, -1, -1, -1, -1, 1, -1, 0, 0, 1, 1, -1, -1, 0, -1, -1, -1, -1, -1, -1, -1, 1, -1, -1, 0, 1, -1, 1, 0, -1, -1, -1, 0, 1, -1, -1, -1, 1, -1, -1, 1, -1, -1, -1, -1, 0, -1, 0, -1, -1, -1, -1, 0, 1, 1, -1, -1, -1, 0, -1, 1, -1, -1, 1, -1, -1, 1, -1, 1, -1, -1, 1, -1, -1, -1, 1, -1, -1, -1, -1, 0, -1, -1, -1, 1, -1, -1, 0, -1, -1, -1, -1, -1, -1, 1, -1, 1, -1, 1, 1, -1, -1, -1, 0, -1, 0, 0, -1, -1, -1, 1, -1, -1, 0, 1, -1, 1, -1, 1, -1, 1, 0, -1, 1, 1, -1, -1, -1, 1, -1, -1, -1, 1, -1, -1, -1, -1, -1, 1, 1, 1, -1, -1, -1, 1, -1, 1, 1, 1, -1, -1, 0, -1, -1, 1, -1, -1, 1, -1, 1, -1, -1, -1, -1, -1, -1, 1, -1, -1, 0, -1, -1, -1, -1, -1, -1, 1, -1, 1, 1, -1, -1, 0, 1, 1, -1, 1, 1, 1, 1, -1, 1, -1, -1, -1, 0, -1, 0, 1, -1, -1, -1, -1, -1, -1, -1, -1, -1, -1, -1, -1, -1, -1, 1, 1, 1, -1]"
150,9,12,1.0,0.24712802045488905,3,152,"[{'cluster_no': -1, 'count': 152}, {'cluster_no': 0, 'count': 29}, {'cluster_no': 1, 'count': 56}]","[0, 0, 0, -1, -1, -1, -1, 0, 0, -1, -1, 0, -1, -1, -1, -1, 0, -1, -1, -1, -1, -1, -1, -1, -1, 1, -1, 0, 0, 1, 1, -1, -1, 0, -1, -1, -1, -1, -1, -1, -1, 1, -1, -1, 0, 1, -1, 1, 0, -1, -1, -1, 0, 1, -1, -1, -1, 1, -1, -1, 1, -1, -1, -1, -1, 0, -1, 0, -1, -1, -1, -1, 0, 1, 1, -1, -1, -1, 0, -1, 1, -1, -1, 1, -1, -1, 1, -1, 1, -1, -1, 1, -1, -1, -1, 1, -1, -1, -1, -1, 0, -1, -1, -1, 1, -1, -1, 0, -1, -1, -1, -1, -1, -1, 1, -1, 1, -1, 1, 1, -1, -1, -1, 0, -1, 0, 0, -1, -1, -1, 1, -1, -1, 0, 1, -1, 1, -1, 1, -1, 1, 0, -1, 1, 1, -1, -1, -1, 1, -1, -1, -1, 1, -1, -1, -1, -1, -1, 1, 1, 1, -1, -1, -1, 1, -1, 1, 1, 1, -1, -1, 0, -1, -1, 1, -1, -1, 1, -1, 1, -1, -1, -1, -1, -1, -1, 1, -1, -1, 0, -1, -1, -1, -1, -1, -1, 1, -1, 1, 1, -1, -1, 0, 1, 1, -1, 1, 1, 1, 1, -1, 1, -1, -1, -1, 0, -1, 0, 1, -1, -1, -1, -1, -1, -1, -1, -1, -1, -1, -1, -1, -1, -1, 1, 1, 1, -1]"
150,9,13,0.0,0.1526607469917724,4,155,"[{'cluster_no': -1, 'count': 155}, {'cluster_no': 0, 'count': 56}, {'cluster_no': 1, 'count': 13}, {'cluster_no': 2, 'count': 13}]","[-1, 2, 2, -1, -1, -1, -1, 2, 2, -1, -1, 2, -1, -1, -1, -1, -1, -1, -1, -1, -1, -1, -1, -1, -1, 0, -1, 1, 1, 0, 0, -1, -1, 2, -1, -1, -1, -1, -1, -1, -1, 0, -1, -1, 2, 0, -1, 0, 2, -1, -1, -1, 2, 0, -1, -1, -1, 0, -1, -1, 0, -1, -1, -1, -1, 1, -1, 1, -1, -1, -1, -1, 2, 0, 0, -1, -1, -1, 1, -1, 0, -1, -1, 0, -1, -1, 0, -1, 0, -1, -1, 0, -1, -1, -1, 0, -1, -1, -1, -1, 1, -1, -1, -1, 0, -1, -1, 1, -1, -1, -1, -1, -1, -1, 0, -1, 0, -1, 0, 0, -1, -1, -1, -1, -1, 1, 2, -1, -1, -1, 0, -1, -1, 1, 0, -1, 0, -1, 0, -1, 0, 2, -1, 0, 0, -1, -1, -1, 0, -1, -1, -1, 0, -1, -1, -1, -1, -1, 0, 0, 0, -1, -1, -1, 0, -1, 0, 0, 0, -1, -1, 2, -1, -1, 0, -1, -1, 0, -1, 0, -1, -1, -1, -1, -1, -1, 0, -1, -1, 1, -1, -1, -1, -1, -1, -1, 0, -1, 0, 0, -1, -1, 1, 0, 0, -1, 0, 0, 0, 0, -1, 0, -1, -1, -1, 1, -1, 1, 0, -1, -1, -1, -1, -1, -1, -1, -1, -1, -1, -1, -1, -1, -1, 0, 0, 0, -1]"
150,9,13,0.5,0.24712802045488905,3,152,"[{'cluster_no': -1, 'count': 152}, {'cluster_no': 0, 'count': 29}, {'cluster_no': 1, 'count': 56}]","[0, 0, 0, -1, -1, -1, -1, 0, 0, -1, -1, 0, -1, -1, -1, -1, 0, -1, -1, -1, -1, -1, -1, -1, -1, 1, -1, 0, 0, 1, 1, -1, -1, 0, -1, -1, -1, -1, -1, -1, -1, 1, -1, -1, 0, 1, -1, 1, 0, -1, -1, -1, 0, 1, -1, -1, -1, 1, -1, -1, 1, -1, -1, -1, -1, 0, -1, 0, -1, -1, -1, -1, 0, 1, 1, -1, -1, -1, 0, -1, 1, -1, -1, 1, -1, -1, 1, -1, 1, -1, -1, 1, -1, -1, -1, 1, -1, -1, -1, -1, 0, -1, -1, -1, 1, -1, -1, 0, -1, -1, -1, -1, -1, -1, 1, -1, 1, -1, 1, 1, -1, -1, -1, 0, -1, 0, 0, -1, -1, -1, 1, -1, -1, 0, 1, -1, 1, -1, 1, -1, 1, 0, -1, 1, 1, -1, -1, -1, 1, -1, -1, -1, 1, -1, -1, -1, -1, -1, 1, 1, 1, -1, -1, -1, 1, -1, 1, 1, 1, -1, -1, 0, -1, -1, 1, -1, -1, 1, -1, 1, -1, -1, -1, -1, -1, -1, 1, -1, -1, 0, -1, -1, -1, -1, -1, -1, 1, -1, 1, 1, -1, -1, 0, 1, 1, -1, 1, 1, 1, 1, -1, 1, -1, -1, -1, 0, -1, 0, 1, -1, -1, -1, -1, -1, -1, -1, -1, -1, -1, -1, -1, -1, -1, 1, 1, 1, -1]"
150,9,13,1.0,0.24712802045488905,3,152,"[{'cluster_no': -1, 'count': 152}, {'cluster_no': 0, 'count': 29}, {'cluster_no': 1, 'count': 56}]","[0, 0, 0, -1, -1, -1, -1, 0, 0, -1, -1, 0, -1, -1, -1, -1, 0, -1, -1, -1, -1, -1, -1, -1, -1, 1, -1, 0, 0, 1, 1, -1, -1, 0, -1, -1, -1, -1, -1, -1, -1, 1, -1, -1, 0, 1, -1, 1, 0, -1, -1, -1, 0, 1, -1, -1, -1, 1, -1, -1, 1, -1, -1, -1, -1, 0, -1, 0, -1, -1, -1, -1, 0, 1, 1, -1, -1, -1, 0, -1, 1, -1, -1, 1, -1, -1, 1, -1, 1, -1, -1, 1, -1, -1, -1, 1, -1, -1, -1, -1, 0, -1, -1, -1, 1, -1, -1, 0, -1, -1, -1, -1, -1, -1, 1, -1, 1, -1, 1, 1, -1, -1, -1, 0, -1, 0, 0, -1, -1, -1, 1, -1, -1, 0, 1, -1, 1, -1, 1, -1, 1, 0, -1, 1, 1, -1, -1, -1, 1, -1, -1, -1, 1, -1, -1, -1, -1, -1, 1, 1, 1, -1, -1, -1, 1, -1, 1, 1, 1, -1, -1, 0, -1, -1, 1, -1, -1, 1, -1, 1, -1, -1, -1, -1, -1, -1, 1, -1, -1, 0, -1, -1, -1, -1, -1, -1, 1, -1, 1, 1, -1, -1, 0, 1, 1, -1, 1, 1, 1, 1, -1, 1, -1, -1, -1, 0, -1, 0, 1, -1, -1, -1, -1, -1, -1, -1, -1, -1, -1, -1, -1, -1, -1, 1, 1, 1, -1]"
150,9,14,0.0,0.24712802045488905,3,152,"[{'cluster_no': -1, 'count': 152}, {'cluster_no': 0, 'count': 29}, {'cluster_no': 1, 'count': 56}]","[0, 0, 0, -1, -1, -1, -1, 0, 0, -1, -1, 0, -1, -1, -1, -1, 0, -1, -1, -1, -1, -1, -1, -1, -1, 1, -1, 0, 0, 1, 1, -1, -1, 0, -1, -1, -1, -1, -1, -1, -1, 1, -1, -1, 0, 1, -1, 1, 0, -1, -1, -1, 0, 1, -1, -1, -1, 1, -1, -1, 1, -1, -1, -1, -1, 0, -1, 0, -1, -1, -1, -1, 0, 1, 1, -1, -1, -1, 0, -1, 1, -1, -1, 1, -1, -1, 1, -1, 1, -1, -1, 1, -1, -1, -1, 1, -1, -1, -1, -1, 0, -1, -1, -1, 1, -1, -1, 0, -1, -1, -1, -1, -1, -1, 1, -1, 1, -1, 1, 1, -1, -1, -1, 0, -1, 0, 0, -1, -1, -1, 1, -1, -1, 0, 1, -1, 1, -1, 1, -1, 1, 0, -1, 1, 1, -1, -1, -1, 1, -1, -1, -1, 1, -1, -1, -1, -1, -1, 1, 1, 1, -1, -1, -1, 1, -1, 1, 1, 1, -1, -1, 0, -1, -1, 1, -1, -1, 1, -1, 1, -1, -1, -1, -1, -1, -1, 1, -1, -1, 0, -1, -1, -1, -1, -1, -1, 1, -1, 1, 1, -1, -1, 0, 1, 1, -1, 1, 1, 1, 1, -1, 1, -1, -1, -1, 0, -1, 0, 1, -1, -1, -1, -1, -1, -1, -1, -1, -1, -1, -1, -1, -1, -1, 1, 1, 1, -1]"
150,9,14,0.5,0.24712802045488905,3,152,"[{'cluster_no': -1, 'count': 152}, {'cluster_no': 0, 'count': 29}, {'cluster_no': 1, 'count': 56}]","[0, 0, 0, -1, -1, -1, -1, 0, 0, -1, -1, 0, -1, -1, -1, -1, 0, -1, -1, -1, -1, -1, -1, -1, -1, 1, -1, 0, 0, 1, 1, -1, -1, 0, -1, -1, -1, -1, -1, -1, -1, 1, -1, -1, 0, 1, -1, 1, 0, -1, -1, -1, 0, 1, -1, -1, -1, 1, -1, -1, 1, -1, -1, -1, -1, 0, -1, 0, -1, -1, -1, -1, 0, 1, 1, -1, -1, -1, 0, -1, 1, -1, -1, 1, -1, -1, 1, -1, 1, -1, -1, 1, -1, -1, -1, 1, -1, -1, -1, -1, 0, -1, -1, -1, 1, -1, -1, 0, -1, -1, -1, -1, -1, -1, 1, -1, 1, -1, 1, 1, -1, -1, -1, 0, -1, 0, 0, -1, -1, -1, 1, -1, -1, 0, 1, -1, 1, -1, 1, -1, 1, 0, -1, 1, 1, -1, -1, -1, 1, -1, -1, -1, 1, -1, -1, -1, -1, -1, 1, 1, 1, -1, -1, -1, 1, -1, 1, 1, 1, -1, -1, 0, -1, -1, 1, -1, -1, 1, -1, 1, -1, -1, -1, -1, -1, -1, 1, -1, -1, 0, -1, -1, -1, -1, -1, -1, 1, -1, 1, 1, -1, -1, 0, 1, 1, -1, 1, 1, 1, 1, -1, 1, -1, -1, -1, 0, -1, 0, 1, -1, -1, -1, -1, -1, -1, -1, -1, -1, -1, -1, -1, -1, -1, 1, 1, 1, -1]"
150,9,14,1.0,0.24712802045488905,3,152,"[{'cluster_no': -1, 'count': 152}, {'cluster_no': 0, 'count': 29}, {'cluster_no': 1, 'count': 56}]","[0, 0, 0, -1, -1, -1, -1, 0, 0, -1, -1, 0, -1, -1, -1, -1, 0, -1, -1, -1, -1, -1, -1, -1, -1, 1, -1, 0, 0, 1, 1, -1, -1, 0, -1, -1, -1, -1, -1, -1, -1, 1, -1, -1, 0, 1, -1, 1, 0, -1, -1, -1, 0, 1, -1, -1, -1, 1, -1, -1, 1, -1, -1, -1, -1, 0, -1, 0, -1, -1, -1, -1, 0, 1, 1, -1, -1, -1, 0, -1, 1, -1, -1, 1, -1, -1, 1, -1, 1, -1, -1, 1, -1, -1, -1, 1, -1, -1, -1, -1, 0, -1, -1, -1, 1, -1, -1, 0, -1, -1, -1, -1, -1, -1, 1, -1, 1, -1, 1, 1, -1, -1, -1, 0, -1, 0, 0, -1, -1, -1, 1, -1, -1, 0, 1, -1, 1, -1, 1, -1, 1, 0, -1, 1, 1, -1, -1, -1, 1, -1, -1, -1, 1, -1, -1, -1, -1, -1, 1, 1, 1, -1, -1, -1, 1, -1, 1, 1, 1, -1, -1, 0, -1, -1, 1, -1, -1, 1, -1, 1, -1, -1, -1, -1, -1, -1, 1, -1, -1, 0, -1, -1, -1, -1, -1, -1, 1, -1, 1, 1, -1, -1, 0, 1, 1, -1, 1, 1, 1, 1, -1, 1, -1, -1, -1, 0, -1, 0, 1, -1, -1, -1, -1, -1, -1, -1, -1, -1, -1, -1, -1, -1, -1, 1, 1, 1, -1]"
150,9,15,0.0,0.24712802045488905,3,152,"[{'cluster_no': -1, 'count': 152}, {'cluster_no': 0, 'count': 29}, {'cluster_no': 1, 'count': 56}]","[0, 0, 0, -1, -1, -1, -1, 0, 0, -1, -1, 0, -1, -1, -1, -1, 0, -1, -1, -1, -1, -1, -1, -1, -1, 1, -1, 0, 0, 1, 1, -1, -1, 0, -1, -1, -1, -1, -1, -1, -1, 1, -1, -1, 0, 1, -1, 1, 0, -1, -1, -1, 0, 1, -1, -1, -1, 1, -1, -1, 1, -1, -1, -1, -1, 0, -1, 0, -1, -1, -1, -1, 0, 1, 1, -1, -1, -1, 0, -1, 1, -1, -1, 1, -1, -1, 1, -1, 1, -1, -1, 1, -1, -1, -1, 1, -1, -1, -1, -1, 0, -1, -1, -1, 1, -1, -1, 0, -1, -1, -1, -1, -1, -1, 1, -1, 1, -1, 1, 1, -1, -1, -1, 0, -1, 0, 0, -1, -1, -1, 1, -1, -1, 0, 1, -1, 1, -1, 1, -1, 1, 0, -1, 1, 1, -1, -1, -1, 1, -1, -1, -1, 1, -1, -1, -1, -1, -1, 1, 1, 1, -1, -1, -1, 1, -1, 1, 1, 1, -1, -1, 0, -1, -1, 1, -1, -1, 1, -1, 1, -1, -1, -1, -1, -1, -1, 1, -1, -1, 0, -1, -1, -1, -1, -1, -1, 1, -1, 1, 1, -1, -1, 0, 1, 1, -1, 1, 1, 1, 1, -1, 1, -1, -1, -1, 0, -1, 0, 1, -1, -1, -1, -1, -1, -1, -1, -1, -1, -1, -1, -1, -1, -1, 1, 1, 1, -1]"
150,9,15,0.5,0.24712802045488905,3,152,"[{'cluster_no': -1, 'count': 152}, {'cluster_no': 0, 'count': 29}, {'cluster_no': 1, 'count': 56}]","[0, 0, 0, -1, -1, -1, -1, 0, 0, -1, -1, 0, -1, -1, -1, -1, 0, -1, -1, -1, -1, -1, -1, -1, -1, 1, -1, 0, 0, 1, 1, -1, -1, 0, -1, -1, -1, -1, -1, -1, -1, 1, -1, -1, 0, 1, -1, 1, 0, -1, -1, -1, 0, 1, -1, -1, -1, 1, -1, -1, 1, -1, -1, -1, -1, 0, -1, 0, -1, -1, -1, -1, 0, 1, 1, -1, -1, -1, 0, -1, 1, -1, -1, 1, -1, -1, 1, -1, 1, -1, -1, 1, -1, -1, -1, 1, -1, -1, -1, -1, 0, -1, -1, -1, 1, -1, -1, 0, -1, -1, -1, -1, -1, -1, 1, -1, 1, -1, 1, 1, -1, -1, -1, 0, -1, 0, 0, -1, -1, -1, 1, -1, -1, 0, 1, -1, 1, -1, 1, -1, 1, 0, -1, 1, 1, -1, -1, -1, 1, -1, -1, -1, 1, -1, -1, -1, -1, -1, 1, 1, 1, -1, -1, -1, 1, -1, 1, 1, 1, -1, -1, 0, -1, -1, 1, -1, -1, 1, -1, 1, -1, -1, -1, -1, -1, -1, 1, -1, -1, 0, -1, -1, -1, -1, -1, -1, 1, -1, 1, 1, -1, -1, 0, 1, 1, -1, 1, 1, 1, 1, -1, 1, -1, -1, -1, 0, -1, 0, 1, -1, -1, -1, -1, -1, -1, -1, -1, -1, -1, -1, -1, -1, -1, 1, 1, 1, -1]"
150,9,15,1.0,0.24712802045488905,3,152,"[{'cluster_no': -1, 'count': 152}, {'cluster_no': 0, 'count': 29}, {'cluster_no': 1, 'count': 56}]","[0, 0, 0, -1, -1, -1, -1, 0, 0, -1, -1, 0, -1, -1, -1, -1, 0, -1, -1, -1, -1, -1, -1, -1, -1, 1, -1, 0, 0, 1, 1, -1, -1, 0, -1, -1, -1, -1, -1, -1, -1, 1, -1, -1, 0, 1, -1, 1, 0, -1, -1, -1, 0, 1, -1, -1, -1, 1, -1, -1, 1, -1, -1, -1, -1, 0, -1, 0, -1, -1, -1, -1, 0, 1, 1, -1, -1, -1, 0, -1, 1, -1, -1, 1, -1, -1, 1, -1, 1, -1, -1, 1, -1, -1, -1, 1, -1, -1, -1, -1, 0, -1, -1, -1, 1, -1, -1, 0, -1, -1, -1, -1, -1, -1, 1, -1, 1, -1, 1, 1, -1, -1, -1, 0, -1, 0, 0, -1, -1, -1, 1, -1, -1, 0, 1, -1, 1, -1, 1, -1, 1, 0, -1, 1, 1, -1, -1, -1, 1, -1, -1, -1, 1, -1, -1, -1, -1, -1, 1, 1, 1, -1, -1, -1, 1, -1, 1, 1, 1, -1, -1, 0, -1, -1, 1, -1, -1, 1, -1, 1, -1, -1, -1, -1, -1, -1, 1, -1, -1, 0, -1, -1, -1, -1, -1, -1, 1, -1, 1, 1, -1, -1, 0, 1, 1, -1, 1, 1, 1, 1, -1, 1, -1, -1, -1, 0, -1, 0, 1, -1, -1, -1, -1, -1, -1, -1, -1, -1, -1, -1, -1, -1, -1, 1, 1, 1, -1]"
150,9,16,0.0,0.24712802045488905,3,152,"[{'cluster_no': -1, 'count': 152}, {'cluster_no': 0, 'count': 29}, {'cluster_no': 1, 'count': 56}]","[0, 0, 0, -1, -1, -1, -1, 0, 0, -1, -1, 0, -1, -1, -1, -1, 0, -1, -1, -1, -1, -1, -1, -1, -1, 1, -1, 0, 0, 1, 1, -1, -1, 0, -1, -1, -1, -1, -1, -1, -1, 1, -1, -1, 0, 1, -1, 1, 0, -1, -1, -1, 0, 1, -1, -1, -1, 1, -1, -1, 1, -1, -1, -1, -1, 0, -1, 0, -1, -1, -1, -1, 0, 1, 1, -1, -1, -1, 0, -1, 1, -1, -1, 1, -1, -1, 1, -1, 1, -1, -1, 1, -1, -1, -1, 1, -1, -1, -1, -1, 0, -1, -1, -1, 1, -1, -1, 0, -1, -1, -1, -1, -1, -1, 1, -1, 1, -1, 1, 1, -1, -1, -1, 0, -1, 0, 0, -1, -1, -1, 1, -1, -1, 0, 1, -1, 1, -1, 1, -1, 1, 0, -1, 1, 1, -1, -1, -1, 1, -1, -1, -1, 1, -1, -1, -1, -1, -1, 1, 1, 1, -1, -1, -1, 1, -1, 1, 1, 1, -1, -1, 0, -1, -1, 1, -1, -1, 1, -1, 1, -1, -1, -1, -1, -1, -1, 1, -1, -1, 0, -1, -1, -1, -1, -1, -1, 1, -1, 1, 1, -1, -1, 0, 1, 1, -1, 1, 1, 1, 1, -1, 1, -1, -1, -1, 0, -1, 0, 1, -1, -1, -1, -1, -1, -1, -1, -1, -1, -1, -1, -1, -1, -1, 1, 1, 1, -1]"
150,9,16,0.5,0.24712802045488905,3,152,"[{'cluster_no': -1, 'count': 152}, {'cluster_no': 0, 'count': 29}, {'cluster_no': 1, 'count': 56}]","[0, 0, 0, -1, -1, -1, -1, 0, 0, -1, -1, 0, -1, -1, -1, -1, 0, -1, -1, -1, -1, -1, -1, -1, -1, 1, -1, 0, 0, 1, 1, -1, -1, 0, -1, -1, -1, -1, -1, -1, -1, 1, -1, -1, 0, 1, -1, 1, 0, -1, -1, -1, 0, 1, -1, -1, -1, 1, -1, -1, 1, -1, -1, -1, -1, 0, -1, 0, -1, -1, -1, -1, 0, 1, 1, -1, -1, -1, 0, -1, 1, -1, -1, 1, -1, -1, 1, -1, 1, -1, -1, 1, -1, -1, -1, 1, -1, -1, -1, -1, 0, -1, -1, -1, 1, -1, -1, 0, -1, -1, -1, -1, -1, -1, 1, -1, 1, -1, 1, 1, -1, -1, -1, 0, -1, 0, 0, -1, -1, -1, 1, -1, -1, 0, 1, -1, 1, -1, 1, -1, 1, 0, -1, 1, 1, -1, -1, -1, 1, -1, -1, -1, 1, -1, -1, -1, -1, -1, 1, 1, 1, -1, -1, -1, 1, -1, 1, 1, 1, -1, -1, 0, -1, -1, 1, -1, -1, 1, -1, 1, -1, -1, -1, -1, -1, -1, 1, -1, -1, 0, -1, -1, -1, -1, -1, -1, 1, -1, 1, 1, -1, -1, 0, 1, 1, -1, 1, 1, 1, 1, -1, 1, -1, -1, -1, 0, -1, 0, 1, -1, -1, -1, -1, -1, -1, -1, -1, -1, -1, -1, -1, -1, -1, 1, 1, 1, -1]"
150,9,16,1.0,0.24712802045488905,3,152,"[{'cluster_no': -1, 'count': 152}, {'cluster_no': 0, 'count': 29}, {'cluster_no': 1, 'count': 56}]","[0, 0, 0, -1, -1, -1, -1, 0, 0, -1, -1, 0, -1, -1, -1, -1, 0, -1, -1, -1, -1, -1, -1, -1, -1, 1, -1, 0, 0, 1, 1, -1, -1, 0, -1, -1, -1, -1, -1, -1, -1, 1, -1, -1, 0, 1, -1, 1, 0, -1, -1, -1, 0, 1, -1, -1, -1, 1, -1, -1, 1, -1, -1, -1, -1, 0, -1, 0, -1, -1, -1, -1, 0, 1, 1, -1, -1, -1, 0, -1, 1, -1, -1, 1, -1, -1, 1, -1, 1, -1, -1, 1, -1, -1, -1, 1, -1, -1, -1, -1, 0, -1, -1, -1, 1, -1, -1, 0, -1, -1, -1, -1, -1, -1, 1, -1, 1, -1, 1, 1, -1, -1, -1, 0, -1, 0, 0, -1, -1, -1, 1, -1, -1, 0, 1, -1, 1, -1, 1, -1, 1, 0, -1, 1, 1, -1, -1, -1, 1, -1, -1, -1, 1, -1, -1, -1, -1, -1, 1, 1, 1, -1, -1, -1, 1, -1, 1, 1, 1, -1, -1, 0, -1, -1, 1, -1, -1, 1, -1, 1, -1, -1, -1, -1, -1, -1, 1, -1, -1, 0, -1, -1, -1, -1, -1, -1, 1, -1, 1, 1, -1, -1, 0, 1, 1, -1, 1, 1, 1, 1, -1, 1, -1, -1, -1, 0, -1, 0, 1, -1, -1, -1, -1, -1, -1, -1, -1, -1, -1, -1, -1, -1, -1, 1, 1, 1, -1]"
150,9,17,0.0,0.24712802045488905,3,152,"[{'cluster_no': -1, 'count': 152}, {'cluster_no': 0, 'count': 29}, {'cluster_no': 1, 'count': 56}]","[0, 0, 0, -1, -1, -1, -1, 0, 0, -1, -1, 0, -1, -1, -1, -1, 0, -1, -1, -1, -1, -1, -1, -1, -1, 1, -1, 0, 0, 1, 1, -1, -1, 0, -1, -1, -1, -1, -1, -1, -1, 1, -1, -1, 0, 1, -1, 1, 0, -1, -1, -1, 0, 1, -1, -1, -1, 1, -1, -1, 1, -1, -1, -1, -1, 0, -1, 0, -1, -1, -1, -1, 0, 1, 1, -1, -1, -1, 0, -1, 1, -1, -1, 1, -1, -1, 1, -1, 1, -1, -1, 1, -1, -1, -1, 1, -1, -1, -1, -1, 0, -1, -1, -1, 1, -1, -1, 0, -1, -1, -1, -1, -1, -1, 1, -1, 1, -1, 1, 1, -1, -1, -1, 0, -1, 0, 0, -1, -1, -1, 1, -1, -1, 0, 1, -1, 1, -1, 1, -1, 1, 0, -1, 1, 1, -1, -1, -1, 1, -1, -1, -1, 1, -1, -1, -1, -1, -1, 1, 1, 1, -1, -1, -1, 1, -1, 1, 1, 1, -1, -1, 0, -1, -1, 1, -1, -1, 1, -1, 1, -1, -1, -1, -1, -1, -1, 1, -1, -1, 0, -1, -1, -1, -1, -1, -1, 1, -1, 1, 1, -1, -1, 0, 1, 1, -1, 1, 1, 1, 1, -1, 1, -1, -1, -1, 0, -1, 0, 1, -1, -1, -1, -1, -1, -1, -1, -1, -1, -1, -1, -1, -1, -1, 1, 1, 1, -1]"
150,9,17,0.5,0.24712802045488905,3,152,"[{'cluster_no': -1, 'count': 152}, {'cluster_no': 0, 'count': 29}, {'cluster_no': 1, 'count': 56}]","[0, 0, 0, -1, -1, -1, -1, 0, 0, -1, -1, 0, -1, -1, -1, -1, 0, -1, -1, -1, -1, -1, -1, -1, -1, 1, -1, 0, 0, 1, 1, -1, -1, 0, -1, -1, -1, -1, -1, -1, -1, 1, -1, -1, 0, 1, -1, 1, 0, -1, -1, -1, 0, 1, -1, -1, -1, 1, -1, -1, 1, -1, -1, -1, -1, 0, -1, 0, -1, -1, -1, -1, 0, 1, 1, -1, -1, -1, 0, -1, 1, -1, -1, 1, -1, -1, 1, -1, 1, -1, -1, 1, -1, -1, -1, 1, -1, -1, -1, -1, 0, -1, -1, -1, 1, -1, -1, 0, -1, -1, -1, -1, -1, -1, 1, -1, 1, -1, 1, 1, -1, -1, -1, 0, -1, 0, 0, -1, -1, -1, 1, -1, -1, 0, 1, -1, 1, -1, 1, -1, 1, 0, -1, 1, 1, -1, -1, -1, 1, -1, -1, -1, 1, -1, -1, -1, -1, -1, 1, 1, 1, -1, -1, -1, 1, -1, 1, 1, 1, -1, -1, 0, -1, -1, 1, -1, -1, 1, -1, 1, -1, -1, -1, -1, -1, -1, 1, -1, -1, 0, -1, -1, -1, -1, -1, -1, 1, -1, 1, 1, -1, -1, 0, 1, 1, -1, 1, 1, 1, 1, -1, 1, -1, -1, -1, 0, -1, 0, 1, -1, -1, -1, -1, -1, -1, -1, -1, -1, -1, -1, -1, -1, -1, 1, 1, 1, -1]"
150,9,17,1.0,0.24712802045488905,3,152,"[{'cluster_no': -1, 'count': 152}, {'cluster_no': 0, 'count': 29}, {'cluster_no': 1, 'count': 56}]","[0, 0, 0, -1, -1, -1, -1, 0, 0, -1, -1, 0, -1, -1, -1, -1, 0, -1, -1, -1, -1, -1, -1, -1, -1, 1, -1, 0, 0, 1, 1, -1, -1, 0, -1, -1, -1, -1, -1, -1, -1, 1, -1, -1, 0, 1, -1, 1, 0, -1, -1, -1, 0, 1, -1, -1, -1, 1, -1, -1, 1, -1, -1, -1, -1, 0, -1, 0, -1, -1, -1, -1, 0, 1, 1, -1, -1, -1, 0, -1, 1, -1, -1, 1, -1, -1, 1, -1, 1, -1, -1, 1, -1, -1, -1, 1, -1, -1, -1, -1, 0, -1, -1, -1, 1, -1, -1, 0, -1, -1, -1, -1, -1, -1, 1, -1, 1, -1, 1, 1, -1, -1, -1, 0, -1, 0, 0, -1, -1, -1, 1, -1, -1, 0, 1, -1, 1, -1, 1, -1, 1, 0, -1, 1, 1, -1, -1, -1, 1, -1, -1, -1, 1, -1, -1, -1, -1, -1, 1, 1, 1, -1, -1, -1, 1, -1, 1, 1, 1, -1, -1, 0, -1, -1, 1, -1, -1, 1, -1, 1, -1, -1, -1, -1, -1, -1, 1, -1, -1, 0, -1, -1, -1, -1, -1, -1, 1, -1, 1, 1, -1, -1, 0, 1, 1, -1, 1, 1, 1, 1, -1, 1, -1, -1, -1, 0, -1, 0, 1, -1, -1, -1, -1, -1, -1, -1, -1, -1, -1, -1, -1, -1, -1, 1, 1, 1, -1]"
150,9,18,0.0,0.24712802045488905,3,152,"[{'cluster_no': -1, 'count': 152}, {'cluster_no': 0, 'count': 29}, {'cluster_no': 1, 'count': 56}]","[0, 0, 0, -1, -1, -1, -1, 0, 0, -1, -1, 0, -1, -1, -1, -1, 0, -1, -1, -1, -1, -1, -1, -1, -1, 1, -1, 0, 0, 1, 1, -1, -1, 0, -1, -1, -1, -1, -1, -1, -1, 1, -1, -1, 0, 1, -1, 1, 0, -1, -1, -1, 0, 1, -1, -1, -1, 1, -1, -1, 1, -1, -1, -1, -1, 0, -1, 0, -1, -1, -1, -1, 0, 1, 1, -1, -1, -1, 0, -1, 1, -1, -1, 1, -1, -1, 1, -1, 1, -1, -1, 1, -1, -1, -1, 1, -1, -1, -1, -1, 0, -1, -1, -1, 1, -1, -1, 0, -1, -1, -1, -1, -1, -1, 1, -1, 1, -1, 1, 1, -1, -1, -1, 0, -1, 0, 0, -1, -1, -1, 1, -1, -1, 0, 1, -1, 1, -1, 1, -1, 1, 0, -1, 1, 1, -1, -1, -1, 1, -1, -1, -1, 1, -1, -1, -1, -1, -1, 1, 1, 1, -1, -1, -1, 1, -1, 1, 1, 1, -1, -1, 0, -1, -1, 1, -1, -1, 1, -1, 1, -1, -1, -1, -1, -1, -1, 1, -1, -1, 0, -1, -1, -1, -1, -1, -1, 1, -1, 1, 1, -1, -1, 0, 1, 1, -1, 1, 1, 1, 1, -1, 1, -1, -1, -1, 0, -1, 0, 1, -1, -1, -1, -1, -1, -1, -1, -1, -1, -1, -1, -1, -1, -1, 1, 1, 1, -1]"
150,9,18,0.5,0.24712802045488905,3,152,"[{'cluster_no': -1, 'count': 152}, {'cluster_no': 0, 'count': 29}, {'cluster_no': 1, 'count': 56}]","[0, 0, 0, -1, -1, -1, -1, 0, 0, -1, -1, 0, -1, -1, -1, -1, 0, -1, -1, -1, -1, -1, -1, -1, -1, 1, -1, 0, 0, 1, 1, -1, -1, 0, -1, -1, -1, -1, -1, -1, -1, 1, -1, -1, 0, 1, -1, 1, 0, -1, -1, -1, 0, 1, -1, -1, -1, 1, -1, -1, 1, -1, -1, -1, -1, 0, -1, 0, -1, -1, -1, -1, 0, 1, 1, -1, -1, -1, 0, -1, 1, -1, -1, 1, -1, -1, 1, -1, 1, -1, -1, 1, -1, -1, -1, 1, -1, -1, -1, -1, 0, -1, -1, -1, 1, -1, -1, 0, -1, -1, -1, -1, -1, -1, 1, -1, 1, -1, 1, 1, -1, -1, -1, 0, -1, 0, 0, -1, -1, -1, 1, -1, -1, 0, 1, -1, 1, -1, 1, -1, 1, 0, -1, 1, 1, -1, -1, -1, 1, -1, -1, -1, 1, -1, -1, -1, -1, -1, 1, 1, 1, -1, -1, -1, 1, -1, 1, 1, 1, -1, -1, 0, -1, -1, 1, -1, -1, 1, -1, 1, -1, -1, -1, -1, -1, -1, 1, -1, -1, 0, -1, -1, -1, -1, -1, -1, 1, -1, 1, 1, -1, -1, 0, 1, 1, -1, 1, 1, 1, 1, -1, 1, -1, -1, -1, 0, -1, 0, 1, -1, -1, -1, -1, -1, -1, -1, -1, -1, -1, -1, -1, -1, -1, 1, 1, 1, -1]"
150,9,18,1.0,0.24712802045488905,3,152,"[{'cluster_no': -1, 'count': 152}, {'cluster_no': 0, 'count': 29}, {'cluster_no': 1, 'count': 56}]","[0, 0, 0, -1, -1, -1, -1, 0, 0, -1, -1, 0, -1, -1, -1, -1, 0, -1, -1, -1, -1, -1, -1, -1, -1, 1, -1, 0, 0, 1, 1, -1, -1, 0, -1, -1, -1, -1, -1, -1, -1, 1, -1, -1, 0, 1, -1, 1, 0, -1, -1, -1, 0, 1, -1, -1, -1, 1, -1, -1, 1, -1, -1, -1, -1, 0, -1, 0, -1, -1, -1, -1, 0, 1, 1, -1, -1, -1, 0, -1, 1, -1, -1, 1, -1, -1, 1, -1, 1, -1, -1, 1, -1, -1, -1, 1, -1, -1, -1, -1, 0, -1, -1, -1, 1, -1, -1, 0, -1, -1, -1, -1, -1, -1, 1, -1, 1, -1, 1, 1, -1, -1, -1, 0, -1, 0, 0, -1, -1, -1, 1, -1, -1, 0, 1, -1, 1, -1, 1, -1, 1, 0, -1, 1, 1, -1, -1, -1, 1, -1, -1, -1, 1, -1, -1, -1, -1, -1, 1, 1, 1, -1, -1, -1, 1, -1, 1, 1, 1, -1, -1, 0, -1, -1, 1, -1, -1, 1, -1, 1, -1, -1, -1, -1, -1, -1, 1, -1, -1, 0, -1, -1, -1, -1, -1, -1, 1, -1, 1, 1, -1, -1, 0, 1, 1, -1, 1, 1, 1, 1, -1, 1, -1, -1, -1, 0, -1, 0, 1, -1, -1, -1, -1, -1, -1, -1, -1, -1, -1, -1, -1, -1, -1, 1, 1, 1, -1]"
150,9,19,0.0,0.24712802045488905,3,152,"[{'cluster_no': -1, 'count': 152}, {'cluster_no': 0, 'count': 29}, {'cluster_no': 1, 'count': 56}]","[0, 0, 0, -1, -1, -1, -1, 0, 0, -1, -1, 0, -1, -1, -1, -1, 0, -1, -1, -1, -1, -1, -1, -1, -1, 1, -1, 0, 0, 1, 1, -1, -1, 0, -1, -1, -1, -1, -1, -1, -1, 1, -1, -1, 0, 1, -1, 1, 0, -1, -1, -1, 0, 1, -1, -1, -1, 1, -1, -1, 1, -1, -1, -1, -1, 0, -1, 0, -1, -1, -1, -1, 0, 1, 1, -1, -1, -1, 0, -1, 1, -1, -1, 1, -1, -1, 1, -1, 1, -1, -1, 1, -1, -1, -1, 1, -1, -1, -1, -1, 0, -1, -1, -1, 1, -1, -1, 0, -1, -1, -1, -1, -1, -1, 1, -1, 1, -1, 1, 1, -1, -1, -1, 0, -1, 0, 0, -1, -1, -1, 1, -1, -1, 0, 1, -1, 1, -1, 1, -1, 1, 0, -1, 1, 1, -1, -1, -1, 1, -1, -1, -1, 1, -1, -1, -1, -1, -1, 1, 1, 1, -1, -1, -1, 1, -1, 1, 1, 1, -1, -1, 0, -1, -1, 1, -1, -1, 1, -1, 1, -1, -1, -1, -1, -1, -1, 1, -1, -1, 0, -1, -1, -1, -1, -1, -1, 1, -1, 1, 1, -1, -1, 0, 1, 1, -1, 1, 1, 1, 1, -1, 1, -1, -1, -1, 0, -1, 0, 1, -1, -1, -1, -1, -1, -1, -1, -1, -1, -1, -1, -1, -1, -1, 1, 1, 1, -1]"
150,9,19,0.5,0.24712802045488905,3,152,"[{'cluster_no': -1, 'count': 152}, {'cluster_no': 0, 'count': 29}, {'cluster_no': 1, 'count': 56}]","[0, 0, 0, -1, -1, -1, -1, 0, 0, -1, -1, 0, -1, -1, -1, -1, 0, -1, -1, -1, -1, -1, -1, -1, -1, 1, -1, 0, 0, 1, 1, -1, -1, 0, -1, -1, -1, -1, -1, -1, -1, 1, -1, -1, 0, 1, -1, 1, 0, -1, -1, -1, 0, 1, -1, -1, -1, 1, -1, -1, 1, -1, -1, -1, -1, 0, -1, 0, -1, -1, -1, -1, 0, 1, 1, -1, -1, -1, 0, -1, 1, -1, -1, 1, -1, -1, 1, -1, 1, -1, -1, 1, -1, -1, -1, 1, -1, -1, -1, -1, 0, -1, -1, -1, 1, -1, -1, 0, -1, -1, -1, -1, -1, -1, 1, -1, 1, -1, 1, 1, -1, -1, -1, 0, -1, 0, 0, -1, -1, -1, 1, -1, -1, 0, 1, -1, 1, -1, 1, -1, 1, 0, -1, 1, 1, -1, -1, -1, 1, -1, -1, -1, 1, -1, -1, -1, -1, -1, 1, 1, 1, -1, -1, -1, 1, -1, 1, 1, 1, -1, -1, 0, -1, -1, 1, -1, -1, 1, -1, 1, -1, -1, -1, -1, -1, -1, 1, -1, -1, 0, -1, -1, -1, -1, -1, -1, 1, -1, 1, 1, -1, -1, 0, 1, 1, -1, 1, 1, 1, 1, -1, 1, -1, -1, -1, 0, -1, 0, 1, -1, -1, -1, -1, -1, -1, -1, -1, -1, -1, -1, -1, -1, -1, 1, 1, 1, -1]"
150,9,19,1.0,0.24712802045488905,3,152,"[{'cluster_no': -1, 'count': 152}, {'cluster_no': 0, 'count': 29}, {'cluster_no': 1, 'count': 56}]","[0, 0, 0, -1, -1, -1, -1, 0, 0, -1, -1, 0, -1, -1, -1, -1, 0, -1, -1, -1, -1, -1, -1, -1, -1, 1, -1, 0, 0, 1, 1, -1, -1, 0, -1, -1, -1, -1, -1, -1, -1, 1, -1, -1, 0, 1, -1, 1, 0, -1, -1, -1, 0, 1, -1, -1, -1, 1, -1, -1, 1, -1, -1, -1, -1, 0, -1, 0, -1, -1, -1, -1, 0, 1, 1, -1, -1, -1, 0, -1, 1, -1, -1, 1, -1, -1, 1, -1, 1, -1, -1, 1, -1, -1, -1, 1, -1, -1, -1, -1, 0, -1, -1, -1, 1, -1, -1, 0, -1, -1, -1, -1, -1, -1, 1, -1, 1, -1, 1, 1, -1, -1, -1, 0, -1, 0, 0, -1, -1, -1, 1, -1, -1, 0, 1, -1, 1, -1, 1, -1, 1, 0, -1, 1, 1, -1, -1, -1, 1, -1, -1, -1, 1, -1, -1, -1, -1, -1, 1, 1, 1, -1, -1, -1, 1, -1, 1, 1, 1, -1, -1, 0, -1, -1, 1, -1, -1, 1, -1, 1, -1, -1, -1, -1, -1, -1, 1, -1, -1, 0, -1, -1, -1, -1, -1, -1, 1, -1, 1, 1, -1, -1, 0, 1, 1, -1, 1, 1, 1, 1, -1, 1, -1, -1, -1, 0, -1, 0, 1, -1, -1, -1, -1, -1, -1, -1, -1, -1, -1, -1, -1, -1, -1, 1, 1, 1, -1]"
150,9,20,0.0,0.24712802045488905,3,152,"[{'cluster_no': -1, 'count': 152}, {'cluster_no': 0, 'count': 29}, {'cluster_no': 1, 'count': 56}]","[0, 0, 0, -1, -1, -1, -1, 0, 0, -1, -1, 0, -1, -1, -1, -1, 0, -1, -1, -1, -1, -1, -1, -1, -1, 1, -1, 0, 0, 1, 1, -1, -1, 0, -1, -1, -1, -1, -1, -1, -1, 1, -1, -1, 0, 1, -1, 1, 0, -1, -1, -1, 0, 1, -1, -1, -1, 1, -1, -1, 1, -1, -1, -1, -1, 0, -1, 0, -1, -1, -1, -1, 0, 1, 1, -1, -1, -1, 0, -1, 1, -1, -1, 1, -1, -1, 1, -1, 1, -1, -1, 1, -1, -1, -1, 1, -1, -1, -1, -1, 0, -1, -1, -1, 1, -1, -1, 0, -1, -1, -1, -1, -1, -1, 1, -1, 1, -1, 1, 1, -1, -1, -1, 0, -1, 0, 0, -1, -1, -1, 1, -1, -1, 0, 1, -1, 1, -1, 1, -1, 1, 0, -1, 1, 1, -1, -1, -1, 1, -1, -1, -1, 1, -1, -1, -1, -1, -1, 1, 1, 1, -1, -1, -1, 1, -1, 1, 1, 1, -1, -1, 0, -1, -1, 1, -1, -1, 1, -1, 1, -1, -1, -1, -1, -1, -1, 1, -1, -1, 0, -1, -1, -1, -1, -1, -1, 1, -1, 1, 1, -1, -1, 0, 1, 1, -1, 1, 1, 1, 1, -1, 1, -1, -1, -1, 0, -1, 0, 1, -1, -1, -1, -1, -1, -1, -1, -1, -1, -1, -1, -1, -1, -1, 1, 1, 1, -1]"
150,9,20,0.5,0.24712802045488905,3,152,"[{'cluster_no': -1, 'count': 152}, {'cluster_no': 0, 'count': 29}, {'cluster_no': 1, 'count': 56}]","[0, 0, 0, -1, -1, -1, -1, 0, 0, -1, -1, 0, -1, -1, -1, -1, 0, -1, -1, -1, -1, -1, -1, -1, -1, 1, -1, 0, 0, 1, 1, -1, -1, 0, -1, -1, -1, -1, -1, -1, -1, 1, -1, -1, 0, 1, -1, 1, 0, -1, -1, -1, 0, 1, -1, -1, -1, 1, -1, -1, 1, -1, -1, -1, -1, 0, -1, 0, -1, -1, -1, -1, 0, 1, 1, -1, -1, -1, 0, -1, 1, -1, -1, 1, -1, -1, 1, -1, 1, -1, -1, 1, -1, -1, -1, 1, -1, -1, -1, -1, 0, -1, -1, -1, 1, -1, -1, 0, -1, -1, -1, -1, -1, -1, 1, -1, 1, -1, 1, 1, -1, -1, -1, 0, -1, 0, 0, -1, -1, -1, 1, -1, -1, 0, 1, -1, 1, -1, 1, -1, 1, 0, -1, 1, 1, -1, -1, -1, 1, -1, -1, -1, 1, -1, -1, -1, -1, -1, 1, 1, 1, -1, -1, -1, 1, -1, 1, 1, 1, -1, -1, 0, -1, -1, 1, -1, -1, 1, -1, 1, -1, -1, -1, -1, -1, -1, 1, -1, -1, 0, -1, -1, -1, -1, -1, -1, 1, -1, 1, 1, -1, -1, 0, 1, 1, -1, 1, 1, 1, 1, -1, 1, -1, -1, -1, 0, -1, 0, 1, -1, -1, -1, -1, -1, -1, -1, -1, -1, -1, -1, -1, -1, -1, 1, 1, 1, -1]"
150,9,20,1.0,0.24712802045488905,3,152,"[{'cluster_no': -1, 'count': 152}, {'cluster_no': 0, 'count': 29}, {'cluster_no': 1, 'count': 56}]","[0, 0, 0, -1, -1, -1, -1, 0, 0, -1, -1, 0, -1, -1, -1, -1, 0, -1, -1, -1, -1, -1, -1, -1, -1, 1, -1, 0, 0, 1, 1, -1, -1, 0, -1, -1, -1, -1, -1, -1, -1, 1, -1, -1, 0, 1, -1, 1, 0, -1, -1, -1, 0, 1, -1, -1, -1, 1, -1, -1, 1, -1, -1, -1, -1, 0, -1, 0, -1, -1, -1, -1, 0, 1, 1, -1, -1, -1, 0, -1, 1, -1, -1, 1, -1, -1, 1, -1, 1, -1, -1, 1, -1, -1, -1, 1, -1, -1, -1, -1, 0, -1, -1, -1, 1, -1, -1, 0, -1, -1, -1, -1, -1, -1, 1, -1, 1, -1, 1, 1, -1, -1, -1, 0, -1, 0, 0, -1, -1, -1, 1, -1, -1, 0, 1, -1, 1, -1, 1, -1, 1, 0, -1, 1, 1, -1, -1, -1, 1, -1, -1, -1, 1, -1, -1, -1, -1, -1, 1, 1, 1, -1, -1, -1, 1, -1, 1, 1, 1, -1, -1, 0, -1, -1, 1, -1, -1, 1, -1, 1, -1, -1, -1, -1, -1, -1, 1, -1, -1, 0, -1, -1, -1, -1, -1, -1, 1, -1, 1, 1, -1, -1, 0, 1, 1, -1, 1, 1, 1, 1, -1, 1, -1, -1, -1, 0, -1, 0, 1, -1, -1, -1, -1, -1, -1, -1, -1, -1, -1, -1, -1, -1, -1, 1, 1, 1, -1]"
150,9,21,0.0,0.24712802045488905,3,152,"[{'cluster_no': -1, 'count': 152}, {'cluster_no': 0, 'count': 29}, {'cluster_no': 1, 'count': 56}]","[0, 0, 0, -1, -1, -1, -1, 0, 0, -1, -1, 0, -1, -1, -1, -1, 0, -1, -1, -1, -1, -1, -1, -1, -1, 1, -1, 0, 0, 1, 1, -1, -1, 0, -1, -1, -1, -1, -1, -1, -1, 1, -1, -1, 0, 1, -1, 1, 0, -1, -1, -1, 0, 1, -1, -1, -1, 1, -1, -1, 1, -1, -1, -1, -1, 0, -1, 0, -1, -1, -1, -1, 0, 1, 1, -1, -1, -1, 0, -1, 1, -1, -1, 1, -1, -1, 1, -1, 1, -1, -1, 1, -1, -1, -1, 1, -1, -1, -1, -1, 0, -1, -1, -1, 1, -1, -1, 0, -1, -1, -1, -1, -1, -1, 1, -1, 1, -1, 1, 1, -1, -1, -1, 0, -1, 0, 0, -1, -1, -1, 1, -1, -1, 0, 1, -1, 1, -1, 1, -1, 1, 0, -1, 1, 1, -1, -1, -1, 1, -1, -1, -1, 1, -1, -1, -1, -1, -1, 1, 1, 1, -1, -1, -1, 1, -1, 1, 1, 1, -1, -1, 0, -1, -1, 1, -1, -1, 1, -1, 1, -1, -1, -1, -1, -1, -1, 1, -1, -1, 0, -1, -1, -1, -1, -1, -1, 1, -1, 1, 1, -1, -1, 0, 1, 1, -1, 1, 1, 1, 1, -1, 1, -1, -1, -1, 0, -1, 0, 1, -1, -1, -1, -1, -1, -1, -1, -1, -1, -1, -1, -1, -1, -1, 1, 1, 1, -1]"
150,9,21,0.5,0.24712802045488905,3,152,"[{'cluster_no': -1, 'count': 152}, {'cluster_no': 0, 'count': 29}, {'cluster_no': 1, 'count': 56}]","[0, 0, 0, -1, -1, -1, -1, 0, 0, -1, -1, 0, -1, -1, -1, -1, 0, -1, -1, -1, -1, -1, -1, -1, -1, 1, -1, 0, 0, 1, 1, -1, -1, 0, -1, -1, -1, -1, -1, -1, -1, 1, -1, -1, 0, 1, -1, 1, 0, -1, -1, -1, 0, 1, -1, -1, -1, 1, -1, -1, 1, -1, -1, -1, -1, 0, -1, 0, -1, -1, -1, -1, 0, 1, 1, -1, -1, -1, 0, -1, 1, -1, -1, 1, -1, -1, 1, -1, 1, -1, -1, 1, -1, -1, -1, 1, -1, -1, -1, -1, 0, -1, -1, -1, 1, -1, -1, 0, -1, -1, -1, -1, -1, -1, 1, -1, 1, -1, 1, 1, -1, -1, -1, 0, -1, 0, 0, -1, -1, -1, 1, -1, -1, 0, 1, -1, 1, -1, 1, -1, 1, 0, -1, 1, 1, -1, -1, -1, 1, -1, -1, -1, 1, -1, -1, -1, -1, -1, 1, 1, 1, -1, -1, -1, 1, -1, 1, 1, 1, -1, -1, 0, -1, -1, 1, -1, -1, 1, -1, 1, -1, -1, -1, -1, -1, -1, 1, -1, -1, 0, -1, -1, -1, -1, -1, -1, 1, -1, 1, 1, -1, -1, 0, 1, 1, -1, 1, 1, 1, 1, -1, 1, -1, -1, -1, 0, -1, 0, 1, -1, -1, -1, -1, -1, -1, -1, -1, -1, -1, -1, -1, -1, -1, 1, 1, 1, -1]"
150,9,21,1.0,0.24712802045488905,3,152,"[{'cluster_no': -1, 'count': 152}, {'cluster_no': 0, 'count': 29}, {'cluster_no': 1, 'count': 56}]","[0, 0, 0, -1, -1, -1, -1, 0, 0, -1, -1, 0, -1, -1, -1, -1, 0, -1, -1, -1, -1, -1, -1, -1, -1, 1, -1, 0, 0, 1, 1, -1, -1, 0, -1, -1, -1, -1, -1, -1, -1, 1, -1, -1, 0, 1, -1, 1, 0, -1, -1, -1, 0, 1, -1, -1, -1, 1, -1, -1, 1, -1, -1, -1, -1, 0, -1, 0, -1, -1, -1, -1, 0, 1, 1, -1, -1, -1, 0, -1, 1, -1, -1, 1, -1, -1, 1, -1, 1, -1, -1, 1, -1, -1, -1, 1, -1, -1, -1, -1, 0, -1, -1, -1, 1, -1, -1, 0, -1, -1, -1, -1, -1, -1, 1, -1, 1, -1, 1, 1, -1, -1, -1, 0, -1, 0, 0, -1, -1, -1, 1, -1, -1, 0, 1, -1, 1, -1, 1, -1, 1, 0, -1, 1, 1, -1, -1, -1, 1, -1, -1, -1, 1, -1, -1, -1, -1, -1, 1, 1, 1, -1, -1, -1, 1, -1, 1, 1, 1, -1, -1, 0, -1, -1, 1, -1, -1, 1, -1, 1, -1, -1, -1, -1, -1, -1, 1, -1, -1, 0, -1, -1, -1, -1, -1, -1, 1, -1, 1, 1, -1, -1, 0, 1, 1, -1, 1, 1, 1, 1, -1, 1, -1, -1, -1, 0, -1, 0, 1, -1, -1, -1, -1, -1, -1, -1, -1, -1, -1, -1, -1, -1, -1, 1, 1, 1, -1]"
150,9,22,0.0,0.24712802045488905,3,152,"[{'cluster_no': -1, 'count': 152}, {'cluster_no': 0, 'count': 29}, {'cluster_no': 1, 'count': 56}]","[0, 0, 0, -1, -1, -1, -1, 0, 0, -1, -1, 0, -1, -1, -1, -1, 0, -1, -1, -1, -1, -1, -1, -1, -1, 1, -1, 0, 0, 1, 1, -1, -1, 0, -1, -1, -1, -1, -1, -1, -1, 1, -1, -1, 0, 1, -1, 1, 0, -1, -1, -1, 0, 1, -1, -1, -1, 1, -1, -1, 1, -1, -1, -1, -1, 0, -1, 0, -1, -1, -1, -1, 0, 1, 1, -1, -1, -1, 0, -1, 1, -1, -1, 1, -1, -1, 1, -1, 1, -1, -1, 1, -1, -1, -1, 1, -1, -1, -1, -1, 0, -1, -1, -1, 1, -1, -1, 0, -1, -1, -1, -1, -1, -1, 1, -1, 1, -1, 1, 1, -1, -1, -1, 0, -1, 0, 0, -1, -1, -1, 1, -1, -1, 0, 1, -1, 1, -1, 1, -1, 1, 0, -1, 1, 1, -1, -1, -1, 1, -1, -1, -1, 1, -1, -1, -1, -1, -1, 1, 1, 1, -1, -1, -1, 1, -1, 1, 1, 1, -1, -1, 0, -1, -1, 1, -1, -1, 1, -1, 1, -1, -1, -1, -1, -1, -1, 1, -1, -1, 0, -1, -1, -1, -1, -1, -1, 1, -1, 1, 1, -1, -1, 0, 1, 1, -1, 1, 1, 1, 1, -1, 1, -1, -1, -1, 0, -1, 0, 1, -1, -1, -1, -1, -1, -1, -1, -1, -1, -1, -1, -1, -1, -1, 1, 1, 1, -1]"
150,9,22,0.5,0.24712802045488905,3,152,"[{'cluster_no': -1, 'count': 152}, {'cluster_no': 0, 'count': 29}, {'cluster_no': 1, 'count': 56}]","[0, 0, 0, -1, -1, -1, -1, 0, 0, -1, -1, 0, -1, -1, -1, -1, 0, -1, -1, -1, -1, -1, -1, -1, -1, 1, -1, 0, 0, 1, 1, -1, -1, 0, -1, -1, -1, -1, -1, -1, -1, 1, -1, -1, 0, 1, -1, 1, 0, -1, -1, -1, 0, 1, -1, -1, -1, 1, -1, -1, 1, -1, -1, -1, -1, 0, -1, 0, -1, -1, -1, -1, 0, 1, 1, -1, -1, -1, 0, -1, 1, -1, -1, 1, -1, -1, 1, -1, 1, -1, -1, 1, -1, -1, -1, 1, -1, -1, -1, -1, 0, -1, -1, -1, 1, -1, -1, 0, -1, -1, -1, -1, -1, -1, 1, -1, 1, -1, 1, 1, -1, -1, -1, 0, -1, 0, 0, -1, -1, -1, 1, -1, -1, 0, 1, -1, 1, -1, 1, -1, 1, 0, -1, 1, 1, -1, -1, -1, 1, -1, -1, -1, 1, -1, -1, -1, -1, -1, 1, 1, 1, -1, -1, -1, 1, -1, 1, 1, 1, -1, -1, 0, -1, -1, 1, -1, -1, 1, -1, 1, -1, -1, -1, -1, -1, -1, 1, -1, -1, 0, -1, -1, -1, -1, -1, -1, 1, -1, 1, 1, -1, -1, 0, 1, 1, -1, 1, 1, 1, 1, -1, 1, -1, -1, -1, 0, -1, 0, 1, -1, -1, -1, -1, -1, -1, -1, -1, -1, -1, -1, -1, -1, -1, 1, 1, 1, -1]"
150,9,22,1.0,0.24712802045488905,3,152,"[{'cluster_no': -1, 'count': 152}, {'cluster_no': 0, 'count': 29}, {'cluster_no': 1, 'count': 56}]","[0, 0, 0, -1, -1, -1, -1, 0, 0, -1, -1, 0, -1, -1, -1, -1, 0, -1, -1, -1, -1, -1, -1, -1, -1, 1, -1, 0, 0, 1, 1, -1, -1, 0, -1, -1, -1, -1, -1, -1, -1, 1, -1, -1, 0, 1, -1, 1, 0, -1, -1, -1, 0, 1, -1, -1, -1, 1, -1, -1, 1, -1, -1, -1, -1, 0, -1, 0, -1, -1, -1, -1, 0, 1, 1, -1, -1, -1, 0, -1, 1, -1, -1, 1, -1, -1, 1, -1, 1, -1, -1, 1, -1, -1, -1, 1, -1, -1, -1, -1, 0, -1, -1, -1, 1, -1, -1, 0, -1, -1, -1, -1, -1, -1, 1, -1, 1, -1, 1, 1, -1, -1, -1, 0, -1, 0, 0, -1, -1, -1, 1, -1, -1, 0, 1, -1, 1, -1, 1, -1, 1, 0, -1, 1, 1, -1, -1, -1, 1, -1, -1, -1, 1, -1, -1, -1, -1, -1, 1, 1, 1, -1, -1, -1, 1, -1, 1, 1, 1, -1, -1, 0, -1, -1, 1, -1, -1, 1, -1, 1, -1, -1, -1, -1, -1, -1, 1, -1, -1, 0, -1, -1, -1, -1, -1, -1, 1, -1, 1, 1, -1, -1, 0, 1, 1, -1, 1, 1, 1, 1, -1, 1, -1, -1, -1, 0, -1, 0, 1, -1, -1, -1, -1, -1, -1, -1, -1, -1, -1, -1, -1, -1, -1, 1, 1, 1, -1]"
150,9,23,0.0,0.24712802045488905,3,152,"[{'cluster_no': -1, 'count': 152}, {'cluster_no': 0, 'count': 29}, {'cluster_no': 1, 'count': 56}]","[0, 0, 0, -1, -1, -1, -1, 0, 0, -1, -1, 0, -1, -1, -1, -1, 0, -1, -1, -1, -1, -1, -1, -1, -1, 1, -1, 0, 0, 1, 1, -1, -1, 0, -1, -1, -1, -1, -1, -1, -1, 1, -1, -1, 0, 1, -1, 1, 0, -1, -1, -1, 0, 1, -1, -1, -1, 1, -1, -1, 1, -1, -1, -1, -1, 0, -1, 0, -1, -1, -1, -1, 0, 1, 1, -1, -1, -1, 0, -1, 1, -1, -1, 1, -1, -1, 1, -1, 1, -1, -1, 1, -1, -1, -1, 1, -1, -1, -1, -1, 0, -1, -1, -1, 1, -1, -1, 0, -1, -1, -1, -1, -1, -1, 1, -1, 1, -1, 1, 1, -1, -1, -1, 0, -1, 0, 0, -1, -1, -1, 1, -1, -1, 0, 1, -1, 1, -1, 1, -1, 1, 0, -1, 1, 1, -1, -1, -1, 1, -1, -1, -1, 1, -1, -1, -1, -1, -1, 1, 1, 1, -1, -1, -1, 1, -1, 1, 1, 1, -1, -1, 0, -1, -1, 1, -1, -1, 1, -1, 1, -1, -1, -1, -1, -1, -1, 1, -1, -1, 0, -1, -1, -1, -1, -1, -1, 1, -1, 1, 1, -1, -1, 0, 1, 1, -1, 1, 1, 1, 1, -1, 1, -1, -1, -1, 0, -1, 0, 1, -1, -1, -1, -1, -1, -1, -1, -1, -1, -1, -1, -1, -1, -1, 1, 1, 1, -1]"
150,9,23,0.5,0.24712802045488905,3,152,"[{'cluster_no': -1, 'count': 152}, {'cluster_no': 0, 'count': 29}, {'cluster_no': 1, 'count': 56}]","[0, 0, 0, -1, -1, -1, -1, 0, 0, -1, -1, 0, -1, -1, -1, -1, 0, -1, -1, -1, -1, -1, -1, -1, -1, 1, -1, 0, 0, 1, 1, -1, -1, 0, -1, -1, -1, -1, -1, -1, -1, 1, -1, -1, 0, 1, -1, 1, 0, -1, -1, -1, 0, 1, -1, -1, -1, 1, -1, -1, 1, -1, -1, -1, -1, 0, -1, 0, -1, -1, -1, -1, 0, 1, 1, -1, -1, -1, 0, -1, 1, -1, -1, 1, -1, -1, 1, -1, 1, -1, -1, 1, -1, -1, -1, 1, -1, -1, -1, -1, 0, -1, -1, -1, 1, -1, -1, 0, -1, -1, -1, -1, -1, -1, 1, -1, 1, -1, 1, 1, -1, -1, -1, 0, -1, 0, 0, -1, -1, -1, 1, -1, -1, 0, 1, -1, 1, -1, 1, -1, 1, 0, -1, 1, 1, -1, -1, -1, 1, -1, -1, -1, 1, -1, -1, -1, -1, -1, 1, 1, 1, -1, -1, -1, 1, -1, 1, 1, 1, -1, -1, 0, -1, -1, 1, -1, -1, 1, -1, 1, -1, -1, -1, -1, -1, -1, 1, -1, -1, 0, -1, -1, -1, -1, -1, -1, 1, -1, 1, 1, -1, -1, 0, 1, 1, -1, 1, 1, 1, 1, -1, 1, -1, -1, -1, 0, -1, 0, 1, -1, -1, -1, -1, -1, -1, -1, -1, -1, -1, -1, -1, -1, -1, 1, 1, 1, -1]"
150,9,23,1.0,0.24712802045488905,3,152,"[{'cluster_no': -1, 'count': 152}, {'cluster_no': 0, 'count': 29}, {'cluster_no': 1, 'count': 56}]","[0, 0, 0, -1, -1, -1, -1, 0, 0, -1, -1, 0, -1, -1, -1, -1, 0, -1, -1, -1, -1, -1, -1, -1, -1, 1, -1, 0, 0, 1, 1, -1, -1, 0, -1, -1, -1, -1, -1, -1, -1, 1, -1, -1, 0, 1, -1, 1, 0, -1, -1, -1, 0, 1, -1, -1, -1, 1, -1, -1, 1, -1, -1, -1, -1, 0, -1, 0, -1, -1, -1, -1, 0, 1, 1, -1, -1, -1, 0, -1, 1, -1, -1, 1, -1, -1, 1, -1, 1, -1, -1, 1, -1, -1, -1, 1, -1, -1, -1, -1, 0, -1, -1, -1, 1, -1, -1, 0, -1, -1, -1, -1, -1, -1, 1, -1, 1, -1, 1, 1, -1, -1, -1, 0, -1, 0, 0, -1, -1, -1, 1, -1, -1, 0, 1, -1, 1, -1, 1, -1, 1, 0, -1, 1, 1, -1, -1, -1, 1, -1, -1, -1, 1, -1, -1, -1, -1, -1, 1, 1, 1, -1, -1, -1, 1, -1, 1, 1, 1, -1, -1, 0, -1, -1, 1, -1, -1, 1, -1, 1, -1, -1, -1, -1, -1, -1, 1, -1, -1, 0, -1, -1, -1, -1, -1, -1, 1, -1, 1, 1, -1, -1, 0, 1, 1, -1, 1, 1, 1, 1, -1, 1, -1, -1, -1, 0, -1, 0, 1, -1, -1, -1, -1, -1, -1, -1, -1, -1, -1, -1, -1, -1, -1, 1, 1, 1, -1]"
150,9,24,0.0,0.24712802045488905,3,152,"[{'cluster_no': -1, 'count': 152}, {'cluster_no': 0, 'count': 29}, {'cluster_no': 1, 'count': 56}]","[0, 0, 0, -1, -1, -1, -1, 0, 0, -1, -1, 0, -1, -1, -1, -1, 0, -1, -1, -1, -1, -1, -1, -1, -1, 1, -1, 0, 0, 1, 1, -1, -1, 0, -1, -1, -1, -1, -1, -1, -1, 1, -1, -1, 0, 1, -1, 1, 0, -1, -1, -1, 0, 1, -1, -1, -1, 1, -1, -1, 1, -1, -1, -1, -1, 0, -1, 0, -1, -1, -1, -1, 0, 1, 1, -1, -1, -1, 0, -1, 1, -1, -1, 1, -1, -1, 1, -1, 1, -1, -1, 1, -1, -1, -1, 1, -1, -1, -1, -1, 0, -1, -1, -1, 1, -1, -1, 0, -1, -1, -1, -1, -1, -1, 1, -1, 1, -1, 1, 1, -1, -1, -1, 0, -1, 0, 0, -1, -1, -1, 1, -1, -1, 0, 1, -1, 1, -1, 1, -1, 1, 0, -1, 1, 1, -1, -1, -1, 1, -1, -1, -1, 1, -1, -1, -1, -1, -1, 1, 1, 1, -1, -1, -1, 1, -1, 1, 1, 1, -1, -1, 0, -1, -1, 1, -1, -1, 1, -1, 1, -1, -1, -1, -1, -1, -1, 1, -1, -1, 0, -1, -1, -1, -1, -1, -1, 1, -1, 1, 1, -1, -1, 0, 1, 1, -1, 1, 1, 1, 1, -1, 1, -1, -1, -1, 0, -1, 0, 1, -1, -1, -1, -1, -1, -1, -1, -1, -1, -1, -1, -1, -1, -1, 1, 1, 1, -1]"
150,9,24,0.5,0.24712802045488905,3,152,"[{'cluster_no': -1, 'count': 152}, {'cluster_no': 0, 'count': 29}, {'cluster_no': 1, 'count': 56}]","[0, 0, 0, -1, -1, -1, -1, 0, 0, -1, -1, 0, -1, -1, -1, -1, 0, -1, -1, -1, -1, -1, -1, -1, -1, 1, -1, 0, 0, 1, 1, -1, -1, 0, -1, -1, -1, -1, -1, -1, -1, 1, -1, -1, 0, 1, -1, 1, 0, -1, -1, -1, 0, 1, -1, -1, -1, 1, -1, -1, 1, -1, -1, -1, -1, 0, -1, 0, -1, -1, -1, -1, 0, 1, 1, -1, -1, -1, 0, -1, 1, -1, -1, 1, -1, -1, 1, -1, 1, -1, -1, 1, -1, -1, -1, 1, -1, -1, -1, -1, 0, -1, -1, -1, 1, -1, -1, 0, -1, -1, -1, -1, -1, -1, 1, -1, 1, -1, 1, 1, -1, -1, -1, 0, -1, 0, 0, -1, -1, -1, 1, -1, -1, 0, 1, -1, 1, -1, 1, -1, 1, 0, -1, 1, 1, -1, -1, -1, 1, -1, -1, -1, 1, -1, -1, -1, -1, -1, 1, 1, 1, -1, -1, -1, 1, -1, 1, 1, 1, -1, -1, 0, -1, -1, 1, -1, -1, 1, -1, 1, -1, -1, -1, -1, -1, -1, 1, -1, -1, 0, -1, -1, -1, -1, -1, -1, 1, -1, 1, 1, -1, -1, 0, 1, 1, -1, 1, 1, 1, 1, -1, 1, -1, -1, -1, 0, -1, 0, 1, -1, -1, -1, -1, -1, -1, -1, -1, -1, -1, -1, -1, -1, -1, 1, 1, 1, -1]"
150,9,24,1.0,0.24712802045488905,3,152,"[{'cluster_no': -1, 'count': 152}, {'cluster_no': 0, 'count': 29}, {'cluster_no': 1, 'count': 56}]","[0, 0, 0, -1, -1, -1, -1, 0, 0, -1, -1, 0, -1, -1, -1, -1, 0, -1, -1, -1, -1, -1, -1, -1, -1, 1, -1, 0, 0, 1, 1, -1, -1, 0, -1, -1, -1, -1, -1, -1, -1, 1, -1, -1, 0, 1, -1, 1, 0, -1, -1, -1, 0, 1, -1, -1, -1, 1, -1, -1, 1, -1, -1, -1, -1, 0, -1, 0, -1, -1, -1, -1, 0, 1, 1, -1, -1, -1, 0, -1, 1, -1, -1, 1, -1, -1, 1, -1, 1, -1, -1, 1, -1, -1, -1, 1, -1, -1, -1, -1, 0, -1, -1, -1, 1, -1, -1, 0, -1, -1, -1, -1, -1, -1, 1, -1, 1, -1, 1, 1, -1, -1, -1, 0, -1, 0, 0, -1, -1, -1, 1, -1, -1, 0, 1, -1, 1, -1, 1, -1, 1, 0, -1, 1, 1, -1, -1, -1, 1, -1, -1, -1, 1, -1, -1, -1, -1, -1, 1, 1, 1, -1, -1, -1, 1, -1, 1, 1, 1, -1, -1, 0, -1, -1, 1, -1, -1, 1, -1, 1, -1, -1, -1, -1, -1, -1, 1, -1, -1, 0, -1, -1, -1, -1, -1, -1, 1, -1, 1, 1, -1, -1, 0, 1, 1, -1, 1, 1, 1, 1, -1, 1, -1, -1, -1, 0, -1, 0, 1, -1, -1, -1, -1, -1, -1, -1, -1, -1, -1, -1, -1, -1, -1, 1, 1, 1, -1]"
150,9,25,0.0,0.24712802045488905,3,152,"[{'cluster_no': -1, 'count': 152}, {'cluster_no': 0, 'count': 29}, {'cluster_no': 1, 'count': 56}]","[0, 0, 0, -1, -1, -1, -1, 0, 0, -1, -1, 0, -1, -1, -1, -1, 0, -1, -1, -1, -1, -1, -1, -1, -1, 1, -1, 0, 0, 1, 1, -1, -1, 0, -1, -1, -1, -1, -1, -1, -1, 1, -1, -1, 0, 1, -1, 1, 0, -1, -1, -1, 0, 1, -1, -1, -1, 1, -1, -1, 1, -1, -1, -1, -1, 0, -1, 0, -1, -1, -1, -1, 0, 1, 1, -1, -1, -1, 0, -1, 1, -1, -1, 1, -1, -1, 1, -1, 1, -1, -1, 1, -1, -1, -1, 1, -1, -1, -1, -1, 0, -1, -1, -1, 1, -1, -1, 0, -1, -1, -1, -1, -1, -1, 1, -1, 1, -1, 1, 1, -1, -1, -1, 0, -1, 0, 0, -1, -1, -1, 1, -1, -1, 0, 1, -1, 1, -1, 1, -1, 1, 0, -1, 1, 1, -1, -1, -1, 1, -1, -1, -1, 1, -1, -1, -1, -1, -1, 1, 1, 1, -1, -1, -1, 1, -1, 1, 1, 1, -1, -1, 0, -1, -1, 1, -1, -1, 1, -1, 1, -1, -1, -1, -1, -1, -1, 1, -1, -1, 0, -1, -1, -1, -1, -1, -1, 1, -1, 1, 1, -1, -1, 0, 1, 1, -1, 1, 1, 1, 1, -1, 1, -1, -1, -1, 0, -1, 0, 1, -1, -1, -1, -1, -1, -1, -1, -1, -1, -1, -1, -1, -1, -1, 1, 1, 1, -1]"
150,9,25,0.5,0.24712802045488905,3,152,"[{'cluster_no': -1, 'count': 152}, {'cluster_no': 0, 'count': 29}, {'cluster_no': 1, 'count': 56}]","[0, 0, 0, -1, -1, -1, -1, 0, 0, -1, -1, 0, -1, -1, -1, -1, 0, -1, -1, -1, -1, -1, -1, -1, -1, 1, -1, 0, 0, 1, 1, -1, -1, 0, -1, -1, -1, -1, -1, -1, -1, 1, -1, -1, 0, 1, -1, 1, 0, -1, -1, -1, 0, 1, -1, -1, -1, 1, -1, -1, 1, -1, -1, -1, -1, 0, -1, 0, -1, -1, -1, -1, 0, 1, 1, -1, -1, -1, 0, -1, 1, -1, -1, 1, -1, -1, 1, -1, 1, -1, -1, 1, -1, -1, -1, 1, -1, -1, -1, -1, 0, -1, -1, -1, 1, -1, -1, 0, -1, -1, -1, -1, -1, -1, 1, -1, 1, -1, 1, 1, -1, -1, -1, 0, -1, 0, 0, -1, -1, -1, 1, -1, -1, 0, 1, -1, 1, -1, 1, -1, 1, 0, -1, 1, 1, -1, -1, -1, 1, -1, -1, -1, 1, -1, -1, -1, -1, -1, 1, 1, 1, -1, -1, -1, 1, -1, 1, 1, 1, -1, -1, 0, -1, -1, 1, -1, -1, 1, -1, 1, -1, -1, -1, -1, -1, -1, 1, -1, -1, 0, -1, -1, -1, -1, -1, -1, 1, -1, 1, 1, -1, -1, 0, 1, 1, -1, 1, 1, 1, 1, -1, 1, -1, -1, -1, 0, -1, 0, 1, -1, -1, -1, -1, -1, -1, -1, -1, -1, -1, -1, -1, -1, -1, 1, 1, 1, -1]"
150,9,25,1.0,0.24712802045488905,3,152,"[{'cluster_no': -1, 'count': 152}, {'cluster_no': 0, 'count': 29}, {'cluster_no': 1, 'count': 56}]","[0, 0, 0, -1, -1, -1, -1, 0, 0, -1, -1, 0, -1, -1, -1, -1, 0, -1, -1, -1, -1, -1, -1, -1, -1, 1, -1, 0, 0, 1, 1, -1, -1, 0, -1, -1, -1, -1, -1, -1, -1, 1, -1, -1, 0, 1, -1, 1, 0, -1, -1, -1, 0, 1, -1, -1, -1, 1, -1, -1, 1, -1, -1, -1, -1, 0, -1, 0, -1, -1, -1, -1, 0, 1, 1, -1, -1, -1, 0, -1, 1, -1, -1, 1, -1, -1, 1, -1, 1, -1, -1, 1, -1, -1, -1, 1, -1, -1, -1, -1, 0, -1, -1, -1, 1, -1, -1, 0, -1, -1, -1, -1, -1, -1, 1, -1, 1, -1, 1, 1, -1, -1, -1, 0, -1, 0, 0, -1, -1, -1, 1, -1, -1, 0, 1, -1, 1, -1, 1, -1, 1, 0, -1, 1, 1, -1, -1, -1, 1, -1, -1, -1, 1, -1, -1, -1, -1, -1, 1, 1, 1, -1, -1, -1, 1, -1, 1, 1, 1, -1, -1, 0, -1, -1, 1, -1, -1, 1, -1, 1, -1, -1, -1, -1, -1, -1, 1, -1, -1, 0, -1, -1, -1, -1, -1, -1, 1, -1, 1, 1, -1, -1, 0, 1, 1, -1, 1, 1, 1, 1, -1, 1, -1, -1, -1, 0, -1, 0, 1, -1, -1, -1, -1, -1, -1, -1, -1, -1, -1, -1, -1, -1, -1, 1, 1, 1, -1]"
150,9,26,0.0,0.24712802045488905,3,152,"[{'cluster_no': -1, 'count': 152}, {'cluster_no': 0, 'count': 29}, {'cluster_no': 1, 'count': 56}]","[0, 0, 0, -1, -1, -1, -1, 0, 0, -1, -1, 0, -1, -1, -1, -1, 0, -1, -1, -1, -1, -1, -1, -1, -1, 1, -1, 0, 0, 1, 1, -1, -1, 0, -1, -1, -1, -1, -1, -1, -1, 1, -1, -1, 0, 1, -1, 1, 0, -1, -1, -1, 0, 1, -1, -1, -1, 1, -1, -1, 1, -1, -1, -1, -1, 0, -1, 0, -1, -1, -1, -1, 0, 1, 1, -1, -1, -1, 0, -1, 1, -1, -1, 1, -1, -1, 1, -1, 1, -1, -1, 1, -1, -1, -1, 1, -1, -1, -1, -1, 0, -1, -1, -1, 1, -1, -1, 0, -1, -1, -1, -1, -1, -1, 1, -1, 1, -1, 1, 1, -1, -1, -1, 0, -1, 0, 0, -1, -1, -1, 1, -1, -1, 0, 1, -1, 1, -1, 1, -1, 1, 0, -1, 1, 1, -1, -1, -1, 1, -1, -1, -1, 1, -1, -1, -1, -1, -1, 1, 1, 1, -1, -1, -1, 1, -1, 1, 1, 1, -1, -1, 0, -1, -1, 1, -1, -1, 1, -1, 1, -1, -1, -1, -1, -1, -1, 1, -1, -1, 0, -1, -1, -1, -1, -1, -1, 1, -1, 1, 1, -1, -1, 0, 1, 1, -1, 1, 1, 1, 1, -1, 1, -1, -1, -1, 0, -1, 0, 1, -1, -1, -1, -1, -1, -1, -1, -1, -1, -1, -1, -1, -1, -1, 1, 1, 1, -1]"
150,9,26,0.5,0.24712802045488905,3,152,"[{'cluster_no': -1, 'count': 152}, {'cluster_no': 0, 'count': 29}, {'cluster_no': 1, 'count': 56}]","[0, 0, 0, -1, -1, -1, -1, 0, 0, -1, -1, 0, -1, -1, -1, -1, 0, -1, -1, -1, -1, -1, -1, -1, -1, 1, -1, 0, 0, 1, 1, -1, -1, 0, -1, -1, -1, -1, -1, -1, -1, 1, -1, -1, 0, 1, -1, 1, 0, -1, -1, -1, 0, 1, -1, -1, -1, 1, -1, -1, 1, -1, -1, -1, -1, 0, -1, 0, -1, -1, -1, -1, 0, 1, 1, -1, -1, -1, 0, -1, 1, -1, -1, 1, -1, -1, 1, -1, 1, -1, -1, 1, -1, -1, -1, 1, -1, -1, -1, -1, 0, -1, -1, -1, 1, -1, -1, 0, -1, -1, -1, -1, -1, -1, 1, -1, 1, -1, 1, 1, -1, -1, -1, 0, -1, 0, 0, -1, -1, -1, 1, -1, -1, 0, 1, -1, 1, -1, 1, -1, 1, 0, -1, 1, 1, -1, -1, -1, 1, -1, -1, -1, 1, -1, -1, -1, -1, -1, 1, 1, 1, -1, -1, -1, 1, -1, 1, 1, 1, -1, -1, 0, -1, -1, 1, -1, -1, 1, -1, 1, -1, -1, -1, -1, -1, -1, 1, -1, -1, 0, -1, -1, -1, -1, -1, -1, 1, -1, 1, 1, -1, -1, 0, 1, 1, -1, 1, 1, 1, 1, -1, 1, -1, -1, -1, 0, -1, 0, 1, -1, -1, -1, -1, -1, -1, -1, -1, -1, -1, -1, -1, -1, -1, 1, 1, 1, -1]"
150,9,26,1.0,0.24712802045488905,3,152,"[{'cluster_no': -1, 'count': 152}, {'cluster_no': 0, 'count': 29}, {'cluster_no': 1, 'count': 56}]","[0, 0, 0, -1, -1, -1, -1, 0, 0, -1, -1, 0, -1, -1, -1, -1, 0, -1, -1, -1, -1, -1, -1, -1, -1, 1, -1, 0, 0, 1, 1, -1, -1, 0, -1, -1, -1, -1, -1, -1, -1, 1, -1, -1, 0, 1, -1, 1, 0, -1, -1, -1, 0, 1, -1, -1, -1, 1, -1, -1, 1, -1, -1, -1, -1, 0, -1, 0, -1, -1, -1, -1, 0, 1, 1, -1, -1, -1, 0, -1, 1, -1, -1, 1, -1, -1, 1, -1, 1, -1, -1, 1, -1, -1, -1, 1, -1, -1, -1, -1, 0, -1, -1, -1, 1, -1, -1, 0, -1, -1, -1, -1, -1, -1, 1, -1, 1, -1, 1, 1, -1, -1, -1, 0, -1, 0, 0, -1, -1, -1, 1, -1, -1, 0, 1, -1, 1, -1, 1, -1, 1, 0, -1, 1, 1, -1, -1, -1, 1, -1, -1, -1, 1, -1, -1, -1, -1, -1, 1, 1, 1, -1, -1, -1, 1, -1, 1, 1, 1, -1, -1, 0, -1, -1, 1, -1, -1, 1, -1, 1, -1, -1, -1, -1, -1, -1, 1, -1, -1, 0, -1, -1, -1, -1, -1, -1, 1, -1, 1, 1, -1, -1, 0, 1, 1, -1, 1, 1, 1, 1, -1, 1, -1, -1, -1, 0, -1, 0, 1, -1, -1, -1, -1, -1, -1, -1, -1, -1, -1, -1, -1, -1, -1, 1, 1, 1, -1]"
150,9,27,0.0,0.24712802045488905,3,152,"[{'cluster_no': -1, 'count': 152}, {'cluster_no': 0, 'count': 29}, {'cluster_no': 1, 'count': 56}]","[0, 0, 0, -1, -1, -1, -1, 0, 0, -1, -1, 0, -1, -1, -1, -1, 0, -1, -1, -1, -1, -1, -1, -1, -1, 1, -1, 0, 0, 1, 1, -1, -1, 0, -1, -1, -1, -1, -1, -1, -1, 1, -1, -1, 0, 1, -1, 1, 0, -1, -1, -1, 0, 1, -1, -1, -1, 1, -1, -1, 1, -1, -1, -1, -1, 0, -1, 0, -1, -1, -1, -1, 0, 1, 1, -1, -1, -1, 0, -1, 1, -1, -1, 1, -1, -1, 1, -1, 1, -1, -1, 1, -1, -1, -1, 1, -1, -1, -1, -1, 0, -1, -1, -1, 1, -1, -1, 0, -1, -1, -1, -1, -1, -1, 1, -1, 1, -1, 1, 1, -1, -1, -1, 0, -1, 0, 0, -1, -1, -1, 1, -1, -1, 0, 1, -1, 1, -1, 1, -1, 1, 0, -1, 1, 1, -1, -1, -1, 1, -1, -1, -1, 1, -1, -1, -1, -1, -1, 1, 1, 1, -1, -1, -1, 1, -1, 1, 1, 1, -1, -1, 0, -1, -1, 1, -1, -1, 1, -1, 1, -1, -1, -1, -1, -1, -1, 1, -1, -1, 0, -1, -1, -1, -1, -1, -1, 1, -1, 1, 1, -1, -1, 0, 1, 1, -1, 1, 1, 1, 1, -1, 1, -1, -1, -1, 0, -1, 0, 1, -1, -1, -1, -1, -1, -1, -1, -1, -1, -1, -1, -1, -1, -1, 1, 1, 1, -1]"
150,9,27,0.5,0.24712802045488905,3,152,"[{'cluster_no': -1, 'count': 152}, {'cluster_no': 0, 'count': 29}, {'cluster_no': 1, 'count': 56}]","[0, 0, 0, -1, -1, -1, -1, 0, 0, -1, -1, 0, -1, -1, -1, -1, 0, -1, -1, -1, -1, -1, -1, -1, -1, 1, -1, 0, 0, 1, 1, -1, -1, 0, -1, -1, -1, -1, -1, -1, -1, 1, -1, -1, 0, 1, -1, 1, 0, -1, -1, -1, 0, 1, -1, -1, -1, 1, -1, -1, 1, -1, -1, -1, -1, 0, -1, 0, -1, -1, -1, -1, 0, 1, 1, -1, -1, -1, 0, -1, 1, -1, -1, 1, -1, -1, 1, -1, 1, -1, -1, 1, -1, -1, -1, 1, -1, -1, -1, -1, 0, -1, -1, -1, 1, -1, -1, 0, -1, -1, -1, -1, -1, -1, 1, -1, 1, -1, 1, 1, -1, -1, -1, 0, -1, 0, 0, -1, -1, -1, 1, -1, -1, 0, 1, -1, 1, -1, 1, -1, 1, 0, -1, 1, 1, -1, -1, -1, 1, -1, -1, -1, 1, -1, -1, -1, -1, -1, 1, 1, 1, -1, -1, -1, 1, -1, 1, 1, 1, -1, -1, 0, -1, -1, 1, -1, -1, 1, -1, 1, -1, -1, -1, -1, -1, -1, 1, -1, -1, 0, -1, -1, -1, -1, -1, -1, 1, -1, 1, 1, -1, -1, 0, 1, 1, -1, 1, 1, 1, 1, -1, 1, -1, -1, -1, 0, -1, 0, 1, -1, -1, -1, -1, -1, -1, -1, -1, -1, -1, -1, -1, -1, -1, 1, 1, 1, -1]"
150,9,27,1.0,0.24712802045488905,3,152,"[{'cluster_no': -1, 'count': 152}, {'cluster_no': 0, 'count': 29}, {'cluster_no': 1, 'count': 56}]","[0, 0, 0, -1, -1, -1, -1, 0, 0, -1, -1, 0, -1, -1, -1, -1, 0, -1, -1, -1, -1, -1, -1, -1, -1, 1, -1, 0, 0, 1, 1, -1, -1, 0, -1, -1, -1, -1, -1, -1, -1, 1, -1, -1, 0, 1, -1, 1, 0, -1, -1, -1, 0, 1, -1, -1, -1, 1, -1, -1, 1, -1, -1, -1, -1, 0, -1, 0, -1, -1, -1, -1, 0, 1, 1, -1, -1, -1, 0, -1, 1, -1, -1, 1, -1, -1, 1, -1, 1, -1, -1, 1, -1, -1, -1, 1, -1, -1, -1, -1, 0, -1, -1, -1, 1, -1, -1, 0, -1, -1, -1, -1, -1, -1, 1, -1, 1, -1, 1, 1, -1, -1, -1, 0, -1, 0, 0, -1, -1, -1, 1, -1, -1, 0, 1, -1, 1, -1, 1, -1, 1, 0, -1, 1, 1, -1, -1, -1, 1, -1, -1, -1, 1, -1, -1, -1, -1, -1, 1, 1, 1, -1, -1, -1, 1, -1, 1, 1, 1, -1, -1, 0, -1, -1, 1, -1, -1, 1, -1, 1, -1, -1, -1, -1, -1, -1, 1, -1, -1, 0, -1, -1, -1, -1, -1, -1, 1, -1, 1, 1, -1, -1, 0, 1, 1, -1, 1, 1, 1, 1, -1, 1, -1, -1, -1, 0, -1, 0, 1, -1, -1, -1, -1, -1, -1, -1, -1, -1, -1, -1, -1, -1, -1, 1, 1, 1, -1]"
150,9,28,0.0,0.24712802045488905,3,152,"[{'cluster_no': -1, 'count': 152}, {'cluster_no': 0, 'count': 29}, {'cluster_no': 1, 'count': 56}]","[0, 0, 0, -1, -1, -1, -1, 0, 0, -1, -1, 0, -1, -1, -1, -1, 0, -1, -1, -1, -1, -1, -1, -1, -1, 1, -1, 0, 0, 1, 1, -1, -1, 0, -1, -1, -1, -1, -1, -1, -1, 1, -1, -1, 0, 1, -1, 1, 0, -1, -1, -1, 0, 1, -1, -1, -1, 1, -1, -1, 1, -1, -1, -1, -1, 0, -1, 0, -1, -1, -1, -1, 0, 1, 1, -1, -1, -1, 0, -1, 1, -1, -1, 1, -1, -1, 1, -1, 1, -1, -1, 1, -1, -1, -1, 1, -1, -1, -1, -1, 0, -1, -1, -1, 1, -1, -1, 0, -1, -1, -1, -1, -1, -1, 1, -1, 1, -1, 1, 1, -1, -1, -1, 0, -1, 0, 0, -1, -1, -1, 1, -1, -1, 0, 1, -1, 1, -1, 1, -1, 1, 0, -1, 1, 1, -1, -1, -1, 1, -1, -1, -1, 1, -1, -1, -1, -1, -1, 1, 1, 1, -1, -1, -1, 1, -1, 1, 1, 1, -1, -1, 0, -1, -1, 1, -1, -1, 1, -1, 1, -1, -1, -1, -1, -1, -1, 1, -1, -1, 0, -1, -1, -1, -1, -1, -1, 1, -1, 1, 1, -1, -1, 0, 1, 1, -1, 1, 1, 1, 1, -1, 1, -1, -1, -1, 0, -1, 0, 1, -1, -1, -1, -1, -1, -1, -1, -1, -1, -1, -1, -1, -1, -1, 1, 1, 1, -1]"
150,9,28,0.5,0.24712802045488905,3,152,"[{'cluster_no': -1, 'count': 152}, {'cluster_no': 0, 'count': 29}, {'cluster_no': 1, 'count': 56}]","[0, 0, 0, -1, -1, -1, -1, 0, 0, -1, -1, 0, -1, -1, -1, -1, 0, -1, -1, -1, -1, -1, -1, -1, -1, 1, -1, 0, 0, 1, 1, -1, -1, 0, -1, -1, -1, -1, -1, -1, -1, 1, -1, -1, 0, 1, -1, 1, 0, -1, -1, -1, 0, 1, -1, -1, -1, 1, -1, -1, 1, -1, -1, -1, -1, 0, -1, 0, -1, -1, -1, -1, 0, 1, 1, -1, -1, -1, 0, -1, 1, -1, -1, 1, -1, -1, 1, -1, 1, -1, -1, 1, -1, -1, -1, 1, -1, -1, -1, -1, 0, -1, -1, -1, 1, -1, -1, 0, -1, -1, -1, -1, -1, -1, 1, -1, 1, -1, 1, 1, -1, -1, -1, 0, -1, 0, 0, -1, -1, -1, 1, -1, -1, 0, 1, -1, 1, -1, 1, -1, 1, 0, -1, 1, 1, -1, -1, -1, 1, -1, -1, -1, 1, -1, -1, -1, -1, -1, 1, 1, 1, -1, -1, -1, 1, -1, 1, 1, 1, -1, -1, 0, -1, -1, 1, -1, -1, 1, -1, 1, -1, -1, -1, -1, -1, -1, 1, -1, -1, 0, -1, -1, -1, -1, -1, -1, 1, -1, 1, 1, -1, -1, 0, 1, 1, -1, 1, 1, 1, 1, -1, 1, -1, -1, -1, 0, -1, 0, 1, -1, -1, -1, -1, -1, -1, -1, -1, -1, -1, -1, -1, -1, -1, 1, 1, 1, -1]"
150,9,28,1.0,0.24712802045488905,3,152,"[{'cluster_no': -1, 'count': 152}, {'cluster_no': 0, 'count': 29}, {'cluster_no': 1, 'count': 56}]","[0, 0, 0, -1, -1, -1, -1, 0, 0, -1, -1, 0, -1, -1, -1, -1, 0, -1, -1, -1, -1, -1, -1, -1, -1, 1, -1, 0, 0, 1, 1, -1, -1, 0, -1, -1, -1, -1, -1, -1, -1, 1, -1, -1, 0, 1, -1, 1, 0, -1, -1, -1, 0, 1, -1, -1, -1, 1, -1, -1, 1, -1, -1, -1, -1, 0, -1, 0, -1, -1, -1, -1, 0, 1, 1, -1, -1, -1, 0, -1, 1, -1, -1, 1, -1, -1, 1, -1, 1, -1, -1, 1, -1, -1, -1, 1, -1, -1, -1, -1, 0, -1, -1, -1, 1, -1, -1, 0, -1, -1, -1, -1, -1, -1, 1, -1, 1, -1, 1, 1, -1, -1, -1, 0, -1, 0, 0, -1, -1, -1, 1, -1, -1, 0, 1, -1, 1, -1, 1, -1, 1, 0, -1, 1, 1, -1, -1, -1, 1, -1, -1, -1, 1, -1, -1, -1, -1, -1, 1, 1, 1, -1, -1, -1, 1, -1, 1, 1, 1, -1, -1, 0, -1, -1, 1, -1, -1, 1, -1, 1, -1, -1, -1, -1, -1, -1, 1, -1, -1, 0, -1, -1, -1, -1, -1, -1, 1, -1, 1, 1, -1, -1, 0, 1, 1, -1, 1, 1, 1, 1, -1, 1, -1, -1, -1, 0, -1, 0, 1, -1, -1, -1, -1, -1, -1, -1, -1, -1, -1, -1, -1, -1, -1, 1, 1, 1, -1]"
150,9,29,0.0,0.24712802045488905,3,152,"[{'cluster_no': -1, 'count': 152}, {'cluster_no': 0, 'count': 29}, {'cluster_no': 1, 'count': 56}]","[0, 0, 0, -1, -1, -1, -1, 0, 0, -1, -1, 0, -1, -1, -1, -1, 0, -1, -1, -1, -1, -1, -1, -1, -1, 1, -1, 0, 0, 1, 1, -1, -1, 0, -1, -1, -1, -1, -1, -1, -1, 1, -1, -1, 0, 1, -1, 1, 0, -1, -1, -1, 0, 1, -1, -1, -1, 1, -1, -1, 1, -1, -1, -1, -1, 0, -1, 0, -1, -1, -1, -1, 0, 1, 1, -1, -1, -1, 0, -1, 1, -1, -1, 1, -1, -1, 1, -1, 1, -1, -1, 1, -1, -1, -1, 1, -1, -1, -1, -1, 0, -1, -1, -1, 1, -1, -1, 0, -1, -1, -1, -1, -1, -1, 1, -1, 1, -1, 1, 1, -1, -1, -1, 0, -1, 0, 0, -1, -1, -1, 1, -1, -1, 0, 1, -1, 1, -1, 1, -1, 1, 0, -1, 1, 1, -1, -1, -1, 1, -1, -1, -1, 1, -1, -1, -1, -1, -1, 1, 1, 1, -1, -1, -1, 1, -1, 1, 1, 1, -1, -1, 0, -1, -1, 1, -1, -1, 1, -1, 1, -1, -1, -1, -1, -1, -1, 1, -1, -1, 0, -1, -1, -1, -1, -1, -1, 1, -1, 1, 1, -1, -1, 0, 1, 1, -1, 1, 1, 1, 1, -1, 1, -1, -1, -1, 0, -1, 0, 1, -1, -1, -1, -1, -1, -1, -1, -1, -1, -1, -1, -1, -1, -1, 1, 1, 1, -1]"
150,9,29,0.5,0.24712802045488905,3,152,"[{'cluster_no': -1, 'count': 152}, {'cluster_no': 0, 'count': 29}, {'cluster_no': 1, 'count': 56}]","[0, 0, 0, -1, -1, -1, -1, 0, 0, -1, -1, 0, -1, -1, -1, -1, 0, -1, -1, -1, -1, -1, -1, -1, -1, 1, -1, 0, 0, 1, 1, -1, -1, 0, -1, -1, -1, -1, -1, -1, -1, 1, -1, -1, 0, 1, -1, 1, 0, -1, -1, -1, 0, 1, -1, -1, -1, 1, -1, -1, 1, -1, -1, -1, -1, 0, -1, 0, -1, -1, -1, -1, 0, 1, 1, -1, -1, -1, 0, -1, 1, -1, -1, 1, -1, -1, 1, -1, 1, -1, -1, 1, -1, -1, -1, 1, -1, -1, -1, -1, 0, -1, -1, -1, 1, -1, -1, 0, -1, -1, -1, -1, -1, -1, 1, -1, 1, -1, 1, 1, -1, -1, -1, 0, -1, 0, 0, -1, -1, -1, 1, -1, -1, 0, 1, -1, 1, -1, 1, -1, 1, 0, -1, 1, 1, -1, -1, -1, 1, -1, -1, -1, 1, -1, -1, -1, -1, -1, 1, 1, 1, -1, -1, -1, 1, -1, 1, 1, 1, -1, -1, 0, -1, -1, 1, -1, -1, 1, -1, 1, -1, -1, -1, -1, -1, -1, 1, -1, -1, 0, -1, -1, -1, -1, -1, -1, 1, -1, 1, 1, -1, -1, 0, 1, 1, -1, 1, 1, 1, 1, -1, 1, -1, -1, -1, 0, -1, 0, 1, -1, -1, -1, -1, -1, -1, -1, -1, -1, -1, -1, -1, -1, -1, 1, 1, 1, -1]"
150,9,29,1.0,0.24712802045488905,3,152,"[{'cluster_no': -1, 'count': 152}, {'cluster_no': 0, 'count': 29}, {'cluster_no': 1, 'count': 56}]","[0, 0, 0, -1, -1, -1, -1, 0, 0, -1, -1, 0, -1, -1, -1, -1, 0, -1, -1, -1, -1, -1, -1, -1, -1, 1, -1, 0, 0, 1, 1, -1, -1, 0, -1, -1, -1, -1, -1, -1, -1, 1, -1, -1, 0, 1, -1, 1, 0, -1, -1, -1, 0, 1, -1, -1, -1, 1, -1, -1, 1, -1, -1, -1, -1, 0, -1, 0, -1, -1, -1, -1, 0, 1, 1, -1, -1, -1, 0, -1, 1, -1, -1, 1, -1, -1, 1, -1, 1, -1, -1, 1, -1, -1, -1, 1, -1, -1, -1, -1, 0, -1, -1, -1, 1, -1, -1, 0, -1, -1, -1, -1, -1, -1, 1, -1, 1, -1, 1, 1, -1, -1, -1, 0, -1, 0, 0, -1, -1, -1, 1, -1, -1, 0, 1, -1, 1, -1, 1, -1, 1, 0, -1, 1, 1, -1, -1, -1, 1, -1, -1, -1, 1, -1, -1, -1, -1, -1, 1, 1, 1, -1, -1, -1, 1, -1, 1, 1, 1, -1, -1, 0, -1, -1, 1, -1, -1, 1, -1, 1, -1, -1, -1, -1, -1, -1, 1, -1, -1, 0, -1, -1, -1, -1, -1, -1, 1, -1, 1, 1, -1, -1, 0, 1, 1, -1, 1, 1, 1, 1, -1, 1, -1, -1, -1, 0, -1, 0, 1, -1, -1, -1, -1, -1, -1, -1, -1, -1, -1, -1, -1, -1, -1, 1, 1, 1, -1]"
150,9,30,0.0,None,1,237,"[{'cluster_no': -1, 'count': 237}]","[-1, -1, -1, -1, -1, -1, -1, -1, -1, -1, -1, -1, -1, -1, -1, -1, -1, -1, -1, -1, -1, -1, -1, -1, -1, -1, -1, -1, -1, -1, -1, -1, -1, -1, -1, -1, -1, -1, -1, -1, -1, -1, -1, -1, -1, -1, -1, -1, -1, -1, -1, -1, -1, -1, -1, -1, -1, -1, -1, -1, -1, -1, -1, -1, -1, -1, -1, -1, -1, -1, -1, -1, -1, -1, -1, -1, -1, -1, -1, -1, -1, -1, -1, -1, -1, -1, -1, -1, -1, -1, -1, -1, -1, -1, -1, -1, -1, -1, -1, -1, -1, -1, -1, -1, -1, -1, -1, -1, -1, -1, -1, -1, -1, -1, -1, -1, -1, -1, -1, -1, -1, -1, -1, -1, -1, -1, -1, -1, -1, -1, -1, -1, -1, -1, -1, -1, -1, -1, -1, -1, -1, -1, -1, -1, -1, -1, -1, -1, -1, -1, -1, -1, -1, -1, -1, -1, -1, -1, -1, -1, -1, -1, -1, -1, -1, -1, -1, -1, -1, -1, -1, -1, -1, -1, -1, -1, -1, -1, -1, -1, -1, -1, -1, -1, -1, -1, -1, -1, -1, -1, -1, -1, -1, -1, -1, -1, -1, -1, -1, -1, -1, -1, -1, -1, -1, -1, -1, -1, -1, -1, -1, -1, -1, -1, -1, -1, -1, -1, -1, -1, -1, -1, -1, -1, -1, -1, -1, -1, -1, -1, -1, -1, -1, -1, -1, -1, -1]"
150,9,30,0.5,None,1,237,"[{'cluster_no': -1, 'count': 237}]","[-1, -1, -1, -1, -1, -1, -1, -1, -1, -1, -1, -1, -1, -1, -1, -1, -1, -1, -1, -1, -1, -1, -1, -1, -1, -1, -1, -1, -1, -1, -1, -1, -1, -1, -1, -1, -1, -1, -1, -1, -1, -1, -1, -1, -1, -1, -1, -1, -1, -1, -1, -1, -1, -1, -1, -1, -1, -1, -1, -1, -1, -1, -1, -1, -1, -1, -1, -1, -1, -1, -1, -1, -1, -1, -1, -1, -1, -1, -1, -1, -1, -1, -1, -1, -1, -1, -1, -1, -1, -1, -1, -1, -1, -1, -1, -1, -1, -1, -1, -1, -1, -1, -1, -1, -1, -1, -1, -1, -1, -1, -1, -1, -1, -1, -1, -1, -1, -1, -1, -1, -1, -1, -1, -1, -1, -1, -1, -1, -1, -1, -1, -1, -1, -1, -1, -1, -1, -1, -1, -1, -1, -1, -1, -1, -1, -1, -1, -1, -1, -1, -1, -1, -1, -1, -1, -1, -1, -1, -1, -1, -1, -1, -1, -1, -1, -1, -1, -1, -1, -1, -1, -1, -1, -1, -1, -1, -1, -1, -1, -1, -1, -1, -1, -1, -1, -1, -1, -1, -1, -1, -1, -1, -1, -1, -1, -1, -1, -1, -1, -1, -1, -1, -1, -1, -1, -1, -1, -1, -1, -1, -1, -1, -1, -1, -1, -1, -1, -1, -1, -1, -1, -1, -1, -1, -1, -1, -1, -1, -1, -1, -1, -1, -1, -1, -1, -1, -1]"
150,9,30,1.0,None,1,237,"[{'cluster_no': -1, 'count': 237}]","[-1, -1, -1, -1, -1, -1, -1, -1, -1, -1, -1, -1, -1, -1, -1, -1, -1, -1, -1, -1, -1, -1, -1, -1, -1, -1, -1, -1, -1, -1, -1, -1, -1, -1, -1, -1, -1, -1, -1, -1, -1, -1, -1, -1, -1, -1, -1, -1, -1, -1, -1, -1, -1, -1, -1, -1, -1, -1, -1, -1, -1, -1, -1, -1, -1, -1, -1, -1, -1, -1, -1, -1, -1, -1, -1, -1, -1, -1, -1, -1, -1, -1, -1, -1, -1, -1, -1, -1, -1, -1, -1, -1, -1, -1, -1, -1, -1, -1, -1, -1, -1, -1, -1, -1, -1, -1, -1, -1, -1, -1, -1, -1, -1, -1, -1, -1, -1, -1, -1, -1, -1, -1, -1, -1, -1, -1, -1, -1, -1, -1, -1, -1, -1, -1, -1, -1, -1, -1, -1, -1, -1, -1, -1, -1, -1, -1, -1, -1, -1, -1, -1, -1, -1, -1, -1, -1, -1, -1, -1, -1, -1, -1, -1, -1, -1, -1, -1, -1, -1, -1, -1, -1, -1, -1, -1, -1, -1, -1, -1, -1, -1, -1, -1, -1, -1, -1, -1, -1, -1, -1, -1, -1, -1, -1, -1, -1, -1, -1, -1, -1, -1, -1, -1, -1, -1, -1, -1, -1, -1, -1, -1, -1, -1, -1, -1, -1, -1, -1, -1, -1, -1, -1, -1, -1, -1, -1, -1, -1, -1, -1, -1, -1, -1, -1, -1, -1, -1]"
150,10,5,0.0,0.6540525666180208,6,174,"[{'cluster_no': -1, 'count': 174}, {'cluster_no': 0, 'count': 8}, {'cluster_no': 1, 'count': 13}, {'cluster_no': 2, 'count': 14}, {'cluster_no': 3, 'count': 6}, {'cluster_no': 4, 'count': 22}]","[-1, 2, 2, -1, -1, -1, -1, 2, 2, -1, -1, 2, -1, -1, -1, -1, -1, 1, -1, -1, -1, -1, -1, -1, -1, 1, -1, 0, -1, 4, 4, -1, -1, 2, -1, -1, -1, -1, -1, -1, -1, -1, -1, -1, 2, 4, -1, -1, 2, -1, -1, -1, 2, 4, -1, -1, -1, 4, -1, -1, 1, -1, -1, -1, -1, 0, -1, 2, -1, -1, -1, -1, 2, -1, -1, -1, -1, -1, 0, -1, 4, -1, -1, 3, -1, -1, -1, -1, 4, -1, -1, 1, -1, -1, -1, 1, -1, -1, -1, -1, -1, -1, -1, -1, 4, -1, -1, 0, -1, -1, -1, -1, -1, -1, 4, -1, -1, -1, 1, -1, -1, -1, -1, -1, -1, 0, 2, -1, -1, -1, 1, -1, -1, -1, 1, -1, 4, -1, -1, -1, -1, 2, -1, -1, 4, -1, -1, -1, 1, -1, -1, -1, 1, -1, -1, -1, -1, -1, 4, 3, 4, -1, -1, -1, 3, -1, 4, -1, 4, -1, -1, 2, -1, -1, 4, -1, -1, -1, -1, 3, -1, -1, -1, -1, -1, -1, 4, -1, -1, 0, -1, -1, -1, -1, -1, -1, -1, -1, -1, 1, -1, -1, -1, 1, 1, -1, 4, 4, 3, 3, -1, 4, -1, -1, -1, 0, -1, 0, 4, -1, -1, -1, -1, -1, -1, -1, -1, -1, -1, -1, -1, -1, -1, -1, 4, -1, -1]"
150,10,5,0.5,0.6004219359553843,3,152,"[{'cluster_no': -1, 'count': 152}, {'cluster_no': 0, 'count': 52}, {'cluster_no': 1, 'count': 33}]","[-1, 1, 1, -1, -1, -1, -1, 1, 1, -1, -1, 1, -1, -1, -1, -1, 1, 1, -1, -1, -1, -1, -1, -1, -1, 1, -1, 0, -1, 0, 0, -1, -1, 1, -1, -1, -1, -1, -1, -1, -1, 0, -1, -1, 1, 0, -1, 1, 1, -1, -1, -1, 1, 0, -1, -1, -1, 0, -1, -1, 1, -1, -1, -1, -1, 0, -1, 1, -1, -1, -1, -1, 1, -1, -1, -1, -1, -1, 0, -1, 0, 0, -1, 0, -1, -1, 0, -1, 0, -1, -1, 1, -1, -1, -1, 1, -1, -1, -1, -1, -1, -1, -1, -1, 0, -1, -1, 0, -1, -1, -1, -1, -1, -1, 0, -1, 0, -1, 1, -1, -1, -1, 0, 1, -1, 0, 1, -1, -1, -1, 1, -1, -1, -1, 1, -1, 0, -1, 1, -1, 0, 1, -1, 0, 0, -1, -1, -1, 1, -1, -1, -1, 1, 0, -1, -1, -1, -1, 0, 0, 0, -1, -1, -1, 0, -1, 0, 0, 0, -1, 1, 1, -1, -1, 0, -1, -1, 0, -1, 0, 0, 0, 0, -1, -1, -1, 0, -1, -1, 0, -1, -1, -1, -1, -1, -1, 1, -1, 0, 1, -1, -1, -1, 1, 1, -1, 0, 0, 0, 0, 0, 0, -1, -1, -1, 0, -1, 0, 0, -1, -1, -1, -1, -1, -1, -1, -1, -1, -1, -1, -1, -1, -1, 0, 0, -1, -1]"
150,10,5,1.0,0.6004219359553843,3,152,"[{'cluster_no': -1, 'count': 152}, {'cluster_no': 0, 'count': 52}, {'cluster_no': 1, 'count': 33}]","[-1, 1, 1, -1, -1, -1, -1, 1, 1, -1, -1, 1, -1, -1, -1, -1, 1, 1, -1, -1, -1, -1, -1, -1, -1, 1, -1, 0, -1, 0, 0, -1, -1, 1, -1, -1, -1, -1, -1, -1, -1, 0, -1, -1, 1, 0, -1, 1, 1, -1, -1, -1, 1, 0, -1, -1, -1, 0, -1, -1, 1, -1, -1, -1, -1, 0, -1, 1, -1, -1, -1, -1, 1, -1, -1, -1, -1, -1, 0, -1, 0, 0, -1, 0, -1, -1, 0, -1, 0, -1, -1, 1, -1, -1, -1, 1, -1, -1, -1, -1, -1, -1, -1, -1, 0, -1, -1, 0, -1, -1, -1, -1, -1, -1, 0, -1, 0, -1, 1, -1, -1, -1, 0, 1, -1, 0, 1, -1, -1, -1, 1, -1, -1, -1, 1, -1, 0, -1, 1, -1, 0, 1, -1, 0, 0, -1, -1, -1, 1, -1, -1, -1, 1, 0, -1, -1, -1, -1, 0, 0, 0, -1, -1, -1, 0, -1, 0, 0, 0, -1, 1, 1, -1, -1, 0, -1, -1, 0, -1, 0, 0, 0, 0, -1, -1, -1, 0, -1, -1, 0, -1, -1, -1, -1, -1, -1, 1, -1, 0, 1, -1, -1, -1, 1, 1, -1, 0, 0, 0, 0, 0, 0, -1, -1, -1, 0, -1, 0, 0, -1, -1, -1, -1, -1, -1, -1, -1, -1, -1, -1, -1, -1, -1, 0, 0, -1, -1]"
150,10,6,0.0,0.6540525666180208,6,174,"[{'cluster_no': -1, 'count': 174}, {'cluster_no': 0, 'count': 8}, {'cluster_no': 1, 'count': 13}, {'cluster_no': 2, 'count': 14}, {'cluster_no': 3, 'count': 6}, {'cluster_no': 4, 'count': 22}]","[-1, 2, 2, -1, -1, -1, -1, 2, 2, -1, -1, 2, -1, -1, -1, -1, -1, 1, -1, -1, -1, -1, -1, -1, -1, 1, -1, 0, -1, 4, 4, -1, -1, 2, -1, -1, -1, -1, -1, -1, -1, -1, -1, -1, 2, 4, -1, -1, 2, -1, -1, -1, 2, 4, -1, -1, -1, 4, -1, -1, 1, -1, -1, -1, -1, 0, -1, 2, -1, -1, -1, -1, 2, -1, -1, -1, -1, -1, 0, -1, 4, -1, -1, 3, -1, -1, -1, -1, 4, -1, -1, 1, -1, -1, -1, 1, -1, -1, -1, -1, -1, -1, -1, -1, 4, -1, -1, 0, -1, -1, -1, -1, -1, -1, 4, -1, -1, -1, 1, -1, -1, -1, -1, -1, -1, 0, 2, -1, -1, -1, 1, -1, -1, -1, 1, -1, 4, -1, -1, -1, -1, 2, -1, -1, 4, -1, -1, -1, 1, -1, -1, -1, 1, -1, -1, -1, -1, -1, 4, 3, 4, -1, -1, -1, 3, -1, 4, -1, 4, -1, -1, 2, -1, -1, 4, -1, -1, -1, -1, 3, -1, -1, -1, -1, -1, -1, 4, -1, -1, 0, -1, -1, -1, -1, -1, -1, -1, -1, -1, 1, -1, -1, -1, 1, 1, -1, 4, 4, 3, 3, -1, 4, -1, -1, -1, 0, -1, 0, 4, -1, -1, -1, -1, -1, -1, -1, -1, -1, -1, -1, -1, -1, -1, -1, 4, -1, -1]"
150,10,6,0.5,0.6004219359553843,3,152,"[{'cluster_no': -1, 'count': 152}, {'cluster_no': 0, 'count': 52}, {'cluster_no': 1, 'count': 33}]","[-1, 1, 1, -1, -1, -1, -1, 1, 1, -1, -1, 1, -1, -1, -1, -1, 1, 1, -1, -1, -1, -1, -1, -1, -1, 1, -1, 0, -1, 0, 0, -1, -1, 1, -1, -1, -1, -1, -1, -1, -1, 0, -1, -1, 1, 0, -1, 1, 1, -1, -1, -1, 1, 0, -1, -1, -1, 0, -1, -1, 1, -1, -1, -1, -1, 0, -1, 1, -1, -1, -1, -1, 1, -1, -1, -1, -1, -1, 0, -1, 0, 0, -1, 0, -1, -1, 0, -1, 0, -1, -1, 1, -1, -1, -1, 1, -1, -1, -1, -1, -1, -1, -1, -1, 0, -1, -1, 0, -1, -1, -1, -1, -1, -1, 0, -1, 0, -1, 1, -1, -1, -1, 0, 1, -1, 0, 1, -1, -1, -1, 1, -1, -1, -1, 1, -1, 0, -1, 1, -1, 0, 1, -1, 0, 0, -1, -1, -1, 1, -1, -1, -1, 1, 0, -1, -1, -1, -1, 0, 0, 0, -1, -1, -1, 0, -1, 0, 0, 0, -1, 1, 1, -1, -1, 0, -1, -1, 0, -1, 0, 0, 0, 0, -1, -1, -1, 0, -1, -1, 0, -1, -1, -1, -1, -1, -1, 1, -1, 0, 1, -1, -1, -1, 1, 1, -1, 0, 0, 0, 0, 0, 0, -1, -1, -1, 0, -1, 0, 0, -1, -1, -1, -1, -1, -1, -1, -1, -1, -1, -1, -1, -1, -1, 0, 0, -1, -1]"
150,10,6,1.0,0.6004219359553843,3,152,"[{'cluster_no': -1, 'count': 152}, {'cluster_no': 0, 'count': 52}, {'cluster_no': 1, 'count': 33}]","[-1, 1, 1, -1, -1, -1, -1, 1, 1, -1, -1, 1, -1, -1, -1, -1, 1, 1, -1, -1, -1, -1, -1, -1, -1, 1, -1, 0, -1, 0, 0, -1, -1, 1, -1, -1, -1, -1, -1, -1, -1, 0, -1, -1, 1, 0, -1, 1, 1, -1, -1, -1, 1, 0, -1, -1, -1, 0, -1, -1, 1, -1, -1, -1, -1, 0, -1, 1, -1, -1, -1, -1, 1, -1, -1, -1, -1, -1, 0, -1, 0, 0, -1, 0, -1, -1, 0, -1, 0, -1, -1, 1, -1, -1, -1, 1, -1, -1, -1, -1, -1, -1, -1, -1, 0, -1, -1, 0, -1, -1, -1, -1, -1, -1, 0, -1, 0, -1, 1, -1, -1, -1, 0, 1, -1, 0, 1, -1, -1, -1, 1, -1, -1, -1, 1, -1, 0, -1, 1, -1, 0, 1, -1, 0, 0, -1, -1, -1, 1, -1, -1, -1, 1, 0, -1, -1, -1, -1, 0, 0, 0, -1, -1, -1, 0, -1, 0, 0, 0, -1, 1, 1, -1, -1, 0, -1, -1, 0, -1, 0, 0, 0, 0, -1, -1, -1, 0, -1, -1, 0, -1, -1, -1, -1, -1, -1, 1, -1, 0, 1, -1, -1, -1, 1, 1, -1, 0, 0, 0, 0, 0, 0, -1, -1, -1, 0, -1, 0, 0, -1, -1, -1, -1, -1, -1, -1, -1, -1, -1, -1, -1, -1, -1, 0, 0, -1, -1]"
150,10,7,0.0,0.5279395148743457,5,166,"[{'cluster_no': -1, 'count': 166}, {'cluster_no': 0, 'count': 36}, {'cluster_no': 1, 'count': 8}, {'cluster_no': 2, 'count': 13}, {'cluster_no': 3, 'count': 14}]","[-1, 3, 3, -1, -1, -1, -1, 3, 3, -1, -1, 3, -1, -1, -1, -1, -1, 2, -1, -1, -1, -1, -1, -1, -1, 2, -1, 1, -1, 0, 0, -1, -1, 3, -1, -1, -1, -1, -1, -1, -1, 0, -1, -1, 3, 0, -1, -1, 3, -1, -1, -1, 3, 0, -1, -1, -1, 0, -1, -1, 2, -1, -1, -1, -1, 1, -1, 3, -1, -1, -1, -1, 3, -1, -1, -1, -1, -1, 1, -1, 0, -1, -1, 0, -1, -1, 0, -1, 0, -1, -1, 2, -1, -1, -1, 2, -1, -1, -1, -1, -1, -1, -1, -1, 0, -1, -1, 1, -1, -1, -1, -1, -1, -1, 0, -1, 0, -1, 2, -1, -1, -1, -1, -1, -1, 1, 3, -1, -1, -1, 2, -1, -1, -1, 2, -1, 0, -1, -1, -1, -1, 3, -1, -1, 0, -1, -1, -1, 2, -1, -1, -1, 2, -1, -1, -1, -1, -1, 0, 0, 0, -1, -1, -1, 0, -1, 0, 0, 0, -1, -1, 3, -1, -1, 0, -1, -1, 0, -1, 0, -1, -1, -1, -1, -1, -1, 0, -1, -1, 1, -1, -1, -1, -1, -1, -1, -1, -1, 0, 2, -1, -1, -1, 2, 2, -1, 0, 0, 0, 0, 0, 0, -1, -1, -1, 1, -1, 1, 0, -1, -1, -1, -1, -1, -1, -1, -1, -1, -1, -1, -1, -1, -1, 0, 0, -1, -1]"
150,10,7,0.5,0.6004219359553843,3,152,"[{'cluster_no': -1, 'count': 152}, {'cluster_no': 0, 'count': 52}, {'cluster_no': 1, 'count': 33}]","[-1, 1, 1, -1, -1, -1, -1, 1, 1, -1, -1, 1, -1, -1, -1, -1, 1, 1, -1, -1, -1, -1, -1, -1, -1, 1, -1, 0, -1, 0, 0, -1, -1, 1, -1, -1, -1, -1, -1, -1, -1, 0, -1, -1, 1, 0, -1, 1, 1, -1, -1, -1, 1, 0, -1, -1, -1, 0, -1, -1, 1, -1, -1, -1, -1, 0, -1, 1, -1, -1, -1, -1, 1, -1, -1, -1, -1, -1, 0, -1, 0, 0, -1, 0, -1, -1, 0, -1, 0, -1, -1, 1, -1, -1, -1, 1, -1, -1, -1, -1, -1, -1, -1, -1, 0, -1, -1, 0, -1, -1, -1, -1, -1, -1, 0, -1, 0, -1, 1, -1, -1, -1, 0, 1, -1, 0, 1, -1, -1, -1, 1, -1, -1, -1, 1, -1, 0, -1, 1, -1, 0, 1, -1, 0, 0, -1, -1, -1, 1, -1, -1, -1, 1, 0, -1, -1, -1, -1, 0, 0, 0, -1, -1, -1, 0, -1, 0, 0, 0, -1, 1, 1, -1, -1, 0, -1, -1, 0, -1, 0, 0, 0, 0, -1, -1, -1, 0, -1, -1, 0, -1, -1, -1, -1, -1, -1, 1, -1, 0, 1, -1, -1, -1, 1, 1, -1, 0, 0, 0, 0, 0, 0, -1, -1, -1, 0, -1, 0, 0, -1, -1, -1, -1, -1, -1, -1, -1, -1, -1, -1, -1, -1, -1, 0, 0, -1, -1]"
150,10,7,1.0,0.6004219359553843,3,152,"[{'cluster_no': -1, 'count': 152}, {'cluster_no': 0, 'count': 52}, {'cluster_no': 1, 'count': 33}]","[-1, 1, 1, -1, -1, -1, -1, 1, 1, -1, -1, 1, -1, -1, -1, -1, 1, 1, -1, -1, -1, -1, -1, -1, -1, 1, -1, 0, -1, 0, 0, -1, -1, 1, -1, -1, -1, -1, -1, -1, -1, 0, -1, -1, 1, 0, -1, 1, 1, -1, -1, -1, 1, 0, -1, -1, -1, 0, -1, -1, 1, -1, -1, -1, -1, 0, -1, 1, -1, -1, -1, -1, 1, -1, -1, -1, -1, -1, 0, -1, 0, 0, -1, 0, -1, -1, 0, -1, 0, -1, -1, 1, -1, -1, -1, 1, -1, -1, -1, -1, -1, -1, -1, -1, 0, -1, -1, 0, -1, -1, -1, -1, -1, -1, 0, -1, 0, -1, 1, -1, -1, -1, 0, 1, -1, 0, 1, -1, -1, -1, 1, -1, -1, -1, 1, -1, 0, -1, 1, -1, 0, 1, -1, 0, 0, -1, -1, -1, 1, -1, -1, -1, 1, 0, -1, -1, -1, -1, 0, 0, 0, -1, -1, -1, 0, -1, 0, 0, 0, -1, 1, 1, -1, -1, 0, -1, -1, 0, -1, 0, 0, 0, 0, -1, -1, -1, 0, -1, -1, 0, -1, -1, -1, -1, -1, -1, 1, -1, 0, 1, -1, -1, -1, 1, 1, -1, 0, 0, 0, 0, 0, 0, -1, -1, -1, 0, -1, 0, 0, -1, -1, -1, -1, -1, -1, -1, -1, -1, -1, -1, -1, -1, -1, 0, 0, -1, -1]"
150,10,8,0.0,0.5279395148743457,5,166,"[{'cluster_no': -1, 'count': 166}, {'cluster_no': 0, 'count': 36}, {'cluster_no': 1, 'count': 8}, {'cluster_no': 2, 'count': 13}, {'cluster_no': 3, 'count': 14}]","[-1, 3, 3, -1, -1, -1, -1, 3, 3, -1, -1, 3, -1, -1, -1, -1, -1, 2, -1, -1, -1, -1, -1, -1, -1, 2, -1, 1, -1, 0, 0, -1, -1, 3, -1, -1, -1, -1, -1, -1, -1, 0, -1, -1, 3, 0, -1, -1, 3, -1, -1, -1, 3, 0, -1, -1, -1, 0, -1, -1, 2, -1, -1, -1, -1, 1, -1, 3, -1, -1, -1, -1, 3, -1, -1, -1, -1, -1, 1, -1, 0, -1, -1, 0, -1, -1, 0, -1, 0, -1, -1, 2, -1, -1, -1, 2, -1, -1, -1, -1, -1, -1, -1, -1, 0, -1, -1, 1, -1, -1, -1, -1, -1, -1, 0, -1, 0, -1, 2, -1, -1, -1, -1, -1, -1, 1, 3, -1, -1, -1, 2, -1, -1, -1, 2, -1, 0, -1, -1, -1, -1, 3, -1, -1, 0, -1, -1, -1, 2, -1, -1, -1, 2, -1, -1, -1, -1, -1, 0, 0, 0, -1, -1, -1, 0, -1, 0, 0, 0, -1, -1, 3, -1, -1, 0, -1, -1, 0, -1, 0, -1, -1, -1, -1, -1, -1, 0, -1, -1, 1, -1, -1, -1, -1, -1, -1, -1, -1, 0, 2, -1, -1, -1, 2, 2, -1, 0, 0, 0, 0, 0, 0, -1, -1, -1, 1, -1, 1, 0, -1, -1, -1, -1, -1, -1, -1, -1, -1, -1, -1, -1, -1, -1, 0, 0, -1, -1]"
150,10,8,0.5,0.6004219359553843,3,152,"[{'cluster_no': -1, 'count': 152}, {'cluster_no': 0, 'count': 52}, {'cluster_no': 1, 'count': 33}]","[-1, 1, 1, -1, -1, -1, -1, 1, 1, -1, -1, 1, -1, -1, -1, -1, 1, 1, -1, -1, -1, -1, -1, -1, -1, 1, -1, 0, -1, 0, 0, -1, -1, 1, -1, -1, -1, -1, -1, -1, -1, 0, -1, -1, 1, 0, -1, 1, 1, -1, -1, -1, 1, 0, -1, -1, -1, 0, -1, -1, 1, -1, -1, -1, -1, 0, -1, 1, -1, -1, -1, -1, 1, -1, -1, -1, -1, -1, 0, -1, 0, 0, -1, 0, -1, -1, 0, -1, 0, -1, -1, 1, -1, -1, -1, 1, -1, -1, -1, -1, -1, -1, -1, -1, 0, -1, -1, 0, -1, -1, -1, -1, -1, -1, 0, -1, 0, -1, 1, -1, -1, -1, 0, 1, -1, 0, 1, -1, -1, -1, 1, -1, -1, -1, 1, -1, 0, -1, 1, -1, 0, 1, -1, 0, 0, -1, -1, -1, 1, -1, -1, -1, 1, 0, -1, -1, -1, -1, 0, 0, 0, -1, -1, -1, 0, -1, 0, 0, 0, -1, 1, 1, -1, -1, 0, -1, -1, 0, -1, 0, 0, 0, 0, -1, -1, -1, 0, -1, -1, 0, -1, -1, -1, -1, -1, -1, 1, -1, 0, 1, -1, -1, -1, 1, 1, -1, 0, 0, 0, 0, 0, 0, -1, -1, -1, 0, -1, 0, 0, -1, -1, -1, -1, -1, -1, -1, -1, -1, -1, -1, -1, -1, -1, 0, 0, -1, -1]"
150,10,8,1.0,0.6004219359553843,3,152,"[{'cluster_no': -1, 'count': 152}, {'cluster_no': 0, 'count': 52}, {'cluster_no': 1, 'count': 33}]","[-1, 1, 1, -1, -1, -1, -1, 1, 1, -1, -1, 1, -1, -1, -1, -1, 1, 1, -1, -1, -1, -1, -1, -1, -1, 1, -1, 0, -1, 0, 0, -1, -1, 1, -1, -1, -1, -1, -1, -1, -1, 0, -1, -1, 1, 0, -1, 1, 1, -1, -1, -1, 1, 0, -1, -1, -1, 0, -1, -1, 1, -1, -1, -1, -1, 0, -1, 1, -1, -1, -1, -1, 1, -1, -1, -1, -1, -1, 0, -1, 0, 0, -1, 0, -1, -1, 0, -1, 0, -1, -1, 1, -1, -1, -1, 1, -1, -1, -1, -1, -1, -1, -1, -1, 0, -1, -1, 0, -1, -1, -1, -1, -1, -1, 0, -1, 0, -1, 1, -1, -1, -1, 0, 1, -1, 0, 1, -1, -1, -1, 1, -1, -1, -1, 1, -1, 0, -1, 1, -1, 0, 1, -1, 0, 0, -1, -1, -1, 1, -1, -1, -1, 1, 0, -1, -1, -1, -1, 0, 0, 0, -1, -1, -1, 0, -1, 0, 0, 0, -1, 1, 1, -1, -1, 0, -1, -1, 0, -1, 0, 0, 0, 0, -1, -1, -1, 0, -1, -1, 0, -1, -1, -1, -1, -1, -1, 1, -1, 0, 1, -1, -1, -1, 1, 1, -1, 0, 0, 0, 0, 0, 0, -1, -1, -1, 0, -1, 0, 0, -1, -1, -1, -1, -1, -1, -1, -1, -1, -1, -1, -1, -1, -1, 0, 0, -1, -1]"
150,10,9,0.0,0.5696939260296421,4,158,"[{'cluster_no': -1, 'count': 158}, {'cluster_no': 0, 'count': 52}, {'cluster_no': 1, 'count': 13}, {'cluster_no': 2, 'count': 14}]","[-1, 2, 2, -1, -1, -1, -1, 2, 2, -1, -1, 2, -1, -1, -1, -1, -1, 1, -1, -1, -1, -1, -1, -1, -1, 1, -1, 0, -1, 0, 0, -1, -1, 2, -1, -1, -1, -1, -1, -1, -1, 0, -1, -1, 2, 0, -1, -1, 2, -1, -1, -1, 2, 0, -1, -1, -1, 0, -1, -1, 1, -1, -1, -1, -1, 0, -1, 2, -1, -1, -1, -1, 2, -1, -1, -1, -1, -1, 0, -1, 0, 0, -1, 0, -1, -1, 0, -1, 0, -1, -1, 1, -1, -1, -1, 1, -1, -1, -1, -1, -1, -1, -1, -1, 0, -1, -1, 0, -1, -1, -1, -1, -1, -1, 0, -1, 0, -1, 1, -1, -1, -1, 0, -1, -1, 0, 2, -1, -1, -1, 1, -1, -1, -1, 1, -1, 0, -1, -1, -1, 0, 2, -1, 0, 0, -1, -1, -1, 1, -1, -1, -1, 1, 0, -1, -1, -1, -1, 0, 0, 0, -1, -1, -1, 0, -1, 0, 0, 0, -1, -1, 2, -1, -1, 0, -1, -1, 0, -1, 0, 0, 0, 0, -1, -1, -1, 0, -1, -1, 0, -1, -1, -1, -1, -1, -1, -1, -1, 0, 1, -1, -1, -1, 1, 1, -1, 0, 0, 0, 0, 0, 0, -1, -1, -1, 0, -1, 0, 0, -1, -1, -1, -1, -1, -1, -1, -1, -1, -1, -1, -1, -1, -1, 0, 0, -1, -1]"
150,10,9,0.5,0.6004219359553843,3,152,"[{'cluster_no': -1, 'count': 152}, {'cluster_no': 0, 'count': 52}, {'cluster_no': 1, 'count': 33}]","[-1, 1, 1, -1, -1, -1, -1, 1, 1, -1, -1, 1, -1, -1, -1, -1, 1, 1, -1, -1, -1, -1, -1, -1, -1, 1, -1, 0, -1, 0, 0, -1, -1, 1, -1, -1, -1, -1, -1, -1, -1, 0, -1, -1, 1, 0, -1, 1, 1, -1, -1, -1, 1, 0, -1, -1, -1, 0, -1, -1, 1, -1, -1, -1, -1, 0, -1, 1, -1, -1, -1, -1, 1, -1, -1, -1, -1, -1, 0, -1, 0, 0, -1, 0, -1, -1, 0, -1, 0, -1, -1, 1, -1, -1, -1, 1, -1, -1, -1, -1, -1, -1, -1, -1, 0, -1, -1, 0, -1, -1, -1, -1, -1, -1, 0, -1, 0, -1, 1, -1, -1, -1, 0, 1, -1, 0, 1, -1, -1, -1, 1, -1, -1, -1, 1, -1, 0, -1, 1, -1, 0, 1, -1, 0, 0, -1, -1, -1, 1, -1, -1, -1, 1, 0, -1, -1, -1, -1, 0, 0, 0, -1, -1, -1, 0, -1, 0, 0, 0, -1, 1, 1, -1, -1, 0, -1, -1, 0, -1, 0, 0, 0, 0, -1, -1, -1, 0, -1, -1, 0, -1, -1, -1, -1, -1, -1, 1, -1, 0, 1, -1, -1, -1, 1, 1, -1, 0, 0, 0, 0, 0, 0, -1, -1, -1, 0, -1, 0, 0, -1, -1, -1, -1, -1, -1, -1, -1, -1, -1, -1, -1, -1, -1, 0, 0, -1, -1]"
150,10,9,1.0,0.6004219359553843,3,152,"[{'cluster_no': -1, 'count': 152}, {'cluster_no': 0, 'count': 52}, {'cluster_no': 1, 'count': 33}]","[-1, 1, 1, -1, -1, -1, -1, 1, 1, -1, -1, 1, -1, -1, -1, -1, 1, 1, -1, -1, -1, -1, -1, -1, -1, 1, -1, 0, -1, 0, 0, -1, -1, 1, -1, -1, -1, -1, -1, -1, -1, 0, -1, -1, 1, 0, -1, 1, 1, -1, -1, -1, 1, 0, -1, -1, -1, 0, -1, -1, 1, -1, -1, -1, -1, 0, -1, 1, -1, -1, -1, -1, 1, -1, -1, -1, -1, -1, 0, -1, 0, 0, -1, 0, -1, -1, 0, -1, 0, -1, -1, 1, -1, -1, -1, 1, -1, -1, -1, -1, -1, -1, -1, -1, 0, -1, -1, 0, -1, -1, -1, -1, -1, -1, 0, -1, 0, -1, 1, -1, -1, -1, 0, 1, -1, 0, 1, -1, -1, -1, 1, -1, -1, -1, 1, -1, 0, -1, 1, -1, 0, 1, -1, 0, 0, -1, -1, -1, 1, -1, -1, -1, 1, 0, -1, -1, -1, -1, 0, 0, 0, -1, -1, -1, 0, -1, 0, 0, 0, -1, 1, 1, -1, -1, 0, -1, -1, 0, -1, 0, 0, 0, 0, -1, -1, -1, 0, -1, -1, 0, -1, -1, -1, -1, -1, -1, 1, -1, 0, 1, -1, -1, -1, 1, 1, -1, 0, 0, 0, 0, 0, 0, -1, -1, -1, 0, -1, 0, 0, -1, -1, -1, -1, -1, -1, -1, -1, -1, -1, -1, -1, -1, -1, 0, 0, -1, -1]"
150,10,10,0.0,0.5696939260296421,4,158,"[{'cluster_no': -1, 'count': 158}, {'cluster_no': 0, 'count': 52}, {'cluster_no': 1, 'count': 13}, {'cluster_no': 2, 'count': 14}]","[-1, 2, 2, -1, -1, -1, -1, 2, 2, -1, -1, 2, -1, -1, -1, -1, -1, 1, -1, -1, -1, -1, -1, -1, -1, 1, -1, 0, -1, 0, 0, -1, -1, 2, -1, -1, -1, -1, -1, -1, -1, 0, -1, -1, 2, 0, -1, -1, 2, -1, -1, -1, 2, 0, -1, -1, -1, 0, -1, -1, 1, -1, -1, -1, -1, 0, -1, 2, -1, -1, -1, -1, 2, -1, -1, -1, -1, -1, 0, -1, 0, 0, -1, 0, -1, -1, 0, -1, 0, -1, -1, 1, -1, -1, -1, 1, -1, -1, -1, -1, -1, -1, -1, -1, 0, -1, -1, 0, -1, -1, -1, -1, -1, -1, 0, -1, 0, -1, 1, -1, -1, -1, 0, -1, -1, 0, 2, -1, -1, -1, 1, -1, -1, -1, 1, -1, 0, -1, -1, -1, 0, 2, -1, 0, 0, -1, -1, -1, 1, -1, -1, -1, 1, 0, -1, -1, -1, -1, 0, 0, 0, -1, -1, -1, 0, -1, 0, 0, 0, -1, -1, 2, -1, -1, 0, -1, -1, 0, -1, 0, 0, 0, 0, -1, -1, -1, 0, -1, -1, 0, -1, -1, -1, -1, -1, -1, -1, -1, 0, 1, -1, -1, -1, 1, 1, -1, 0, 0, 0, 0, 0, 0, -1, -1, -1, 0, -1, 0, 0, -1, -1, -1, -1, -1, -1, -1, -1, -1, -1, -1, -1, -1, -1, 0, 0, -1, -1]"
150,10,10,0.5,0.6004219359553843,3,152,"[{'cluster_no': -1, 'count': 152}, {'cluster_no': 0, 'count': 52}, {'cluster_no': 1, 'count': 33}]","[-1, 1, 1, -1, -1, -1, -1, 1, 1, -1, -1, 1, -1, -1, -1, -1, 1, 1, -1, -1, -1, -1, -1, -1, -1, 1, -1, 0, -1, 0, 0, -1, -1, 1, -1, -1, -1, -1, -1, -1, -1, 0, -1, -1, 1, 0, -1, 1, 1, -1, -1, -1, 1, 0, -1, -1, -1, 0, -1, -1, 1, -1, -1, -1, -1, 0, -1, 1, -1, -1, -1, -1, 1, -1, -1, -1, -1, -1, 0, -1, 0, 0, -1, 0, -1, -1, 0, -1, 0, -1, -1, 1, -1, -1, -1, 1, -1, -1, -1, -1, -1, -1, -1, -1, 0, -1, -1, 0, -1, -1, -1, -1, -1, -1, 0, -1, 0, -1, 1, -1, -1, -1, 0, 1, -1, 0, 1, -1, -1, -1, 1, -1, -1, -1, 1, -1, 0, -1, 1, -1, 0, 1, -1, 0, 0, -1, -1, -1, 1, -1, -1, -1, 1, 0, -1, -1, -1, -1, 0, 0, 0, -1, -1, -1, 0, -1, 0, 0, 0, -1, 1, 1, -1, -1, 0, -1, -1, 0, -1, 0, 0, 0, 0, -1, -1, -1, 0, -1, -1, 0, -1, -1, -1, -1, -1, -1, 1, -1, 0, 1, -1, -1, -1, 1, 1, -1, 0, 0, 0, 0, 0, 0, -1, -1, -1, 0, -1, 0, 0, -1, -1, -1, -1, -1, -1, -1, -1, -1, -1, -1, -1, -1, -1, 0, 0, -1, -1]"
150,10,10,1.0,0.6004219359553843,3,152,"[{'cluster_no': -1, 'count': 152}, {'cluster_no': 0, 'count': 52}, {'cluster_no': 1, 'count': 33}]","[-1, 1, 1, -1, -1, -1, -1, 1, 1, -1, -1, 1, -1, -1, -1, -1, 1, 1, -1, -1, -1, -1, -1, -1, -1, 1, -1, 0, -1, 0, 0, -1, -1, 1, -1, -1, -1, -1, -1, -1, -1, 0, -1, -1, 1, 0, -1, 1, 1, -1, -1, -1, 1, 0, -1, -1, -1, 0, -1, -1, 1, -1, -1, -1, -1, 0, -1, 1, -1, -1, -1, -1, 1, -1, -1, -1, -1, -1, 0, -1, 0, 0, -1, 0, -1, -1, 0, -1, 0, -1, -1, 1, -1, -1, -1, 1, -1, -1, -1, -1, -1, -1, -1, -1, 0, -1, -1, 0, -1, -1, -1, -1, -1, -1, 0, -1, 0, -1, 1, -1, -1, -1, 0, 1, -1, 0, 1, -1, -1, -1, 1, -1, -1, -1, 1, -1, 0, -1, 1, -1, 0, 1, -1, 0, 0, -1, -1, -1, 1, -1, -1, -1, 1, 0, -1, -1, -1, -1, 0, 0, 0, -1, -1, -1, 0, -1, 0, 0, 0, -1, 1, 1, -1, -1, 0, -1, -1, 0, -1, 0, 0, 0, 0, -1, -1, -1, 0, -1, -1, 0, -1, -1, -1, -1, -1, -1, 1, -1, 0, 1, -1, -1, -1, 1, 1, -1, 0, 0, 0, 0, 0, 0, -1, -1, -1, 0, -1, 0, 0, -1, -1, -1, -1, -1, -1, -1, -1, -1, -1, -1, -1, -1, -1, 0, 0, -1, -1]"
150,10,11,0.0,0.5696939260296421,4,158,"[{'cluster_no': -1, 'count': 158}, {'cluster_no': 0, 'count': 52}, {'cluster_no': 1, 'count': 13}, {'cluster_no': 2, 'count': 14}]","[-1, 2, 2, -1, -1, -1, -1, 2, 2, -1, -1, 2, -1, -1, -1, -1, -1, 1, -1, -1, -1, -1, -1, -1, -1, 1, -1, 0, -1, 0, 0, -1, -1, 2, -1, -1, -1, -1, -1, -1, -1, 0, -1, -1, 2, 0, -1, -1, 2, -1, -1, -1, 2, 0, -1, -1, -1, 0, -1, -1, 1, -1, -1, -1, -1, 0, -1, 2, -1, -1, -1, -1, 2, -1, -1, -1, -1, -1, 0, -1, 0, 0, -1, 0, -1, -1, 0, -1, 0, -1, -1, 1, -1, -1, -1, 1, -1, -1, -1, -1, -1, -1, -1, -1, 0, -1, -1, 0, -1, -1, -1, -1, -1, -1, 0, -1, 0, -1, 1, -1, -1, -1, 0, -1, -1, 0, 2, -1, -1, -1, 1, -1, -1, -1, 1, -1, 0, -1, -1, -1, 0, 2, -1, 0, 0, -1, -1, -1, 1, -1, -1, -1, 1, 0, -1, -1, -1, -1, 0, 0, 0, -1, -1, -1, 0, -1, 0, 0, 0, -1, -1, 2, -1, -1, 0, -1, -1, 0, -1, 0, 0, 0, 0, -1, -1, -1, 0, -1, -1, 0, -1, -1, -1, -1, -1, -1, -1, -1, 0, 1, -1, -1, -1, 1, 1, -1, 0, 0, 0, 0, 0, 0, -1, -1, -1, 0, -1, 0, 0, -1, -1, -1, -1, -1, -1, -1, -1, -1, -1, -1, -1, -1, -1, 0, 0, -1, -1]"
150,10,11,0.5,0.6004219359553843,3,152,"[{'cluster_no': -1, 'count': 152}, {'cluster_no': 0, 'count': 52}, {'cluster_no': 1, 'count': 33}]","[-1, 1, 1, -1, -1, -1, -1, 1, 1, -1, -1, 1, -1, -1, -1, -1, 1, 1, -1, -1, -1, -1, -1, -1, -1, 1, -1, 0, -1, 0, 0, -1, -1, 1, -1, -1, -1, -1, -1, -1, -1, 0, -1, -1, 1, 0, -1, 1, 1, -1, -1, -1, 1, 0, -1, -1, -1, 0, -1, -1, 1, -1, -1, -1, -1, 0, -1, 1, -1, -1, -1, -1, 1, -1, -1, -1, -1, -1, 0, -1, 0, 0, -1, 0, -1, -1, 0, -1, 0, -1, -1, 1, -1, -1, -1, 1, -1, -1, -1, -1, -1, -1, -1, -1, 0, -1, -1, 0, -1, -1, -1, -1, -1, -1, 0, -1, 0, -1, 1, -1, -1, -1, 0, 1, -1, 0, 1, -1, -1, -1, 1, -1, -1, -1, 1, -1, 0, -1, 1, -1, 0, 1, -1, 0, 0, -1, -1, -1, 1, -1, -1, -1, 1, 0, -1, -1, -1, -1, 0, 0, 0, -1, -1, -1, 0, -1, 0, 0, 0, -1, 1, 1, -1, -1, 0, -1, -1, 0, -1, 0, 0, 0, 0, -1, -1, -1, 0, -1, -1, 0, -1, -1, -1, -1, -1, -1, 1, -1, 0, 1, -1, -1, -1, 1, 1, -1, 0, 0, 0, 0, 0, 0, -1, -1, -1, 0, -1, 0, 0, -1, -1, -1, -1, -1, -1, -1, -1, -1, -1, -1, -1, -1, -1, 0, 0, -1, -1]"
150,10,11,1.0,0.6004219359553843,3,152,"[{'cluster_no': -1, 'count': 152}, {'cluster_no': 0, 'count': 52}, {'cluster_no': 1, 'count': 33}]","[-1, 1, 1, -1, -1, -1, -1, 1, 1, -1, -1, 1, -1, -1, -1, -1, 1, 1, -1, -1, -1, -1, -1, -1, -1, 1, -1, 0, -1, 0, 0, -1, -1, 1, -1, -1, -1, -1, -1, -1, -1, 0, -1, -1, 1, 0, -1, 1, 1, -1, -1, -1, 1, 0, -1, -1, -1, 0, -1, -1, 1, -1, -1, -1, -1, 0, -1, 1, -1, -1, -1, -1, 1, -1, -1, -1, -1, -1, 0, -1, 0, 0, -1, 0, -1, -1, 0, -1, 0, -1, -1, 1, -1, -1, -1, 1, -1, -1, -1, -1, -1, -1, -1, -1, 0, -1, -1, 0, -1, -1, -1, -1, -1, -1, 0, -1, 0, -1, 1, -1, -1, -1, 0, 1, -1, 0, 1, -1, -1, -1, 1, -1, -1, -1, 1, -1, 0, -1, 1, -1, 0, 1, -1, 0, 0, -1, -1, -1, 1, -1, -1, -1, 1, 0, -1, -1, -1, -1, 0, 0, 0, -1, -1, -1, 0, -1, 0, 0, 0, -1, 1, 1, -1, -1, 0, -1, -1, 0, -1, 0, 0, 0, 0, -1, -1, -1, 0, -1, -1, 0, -1, -1, -1, -1, -1, -1, 1, -1, 0, 1, -1, -1, -1, 1, 1, -1, 0, 0, 0, 0, 0, 0, -1, -1, -1, 0, -1, 0, 0, -1, -1, -1, -1, -1, -1, -1, -1, -1, -1, -1, -1, -1, -1, 0, 0, -1, -1]"
150,10,12,0.0,0.5696939260296421,4,158,"[{'cluster_no': -1, 'count': 158}, {'cluster_no': 0, 'count': 52}, {'cluster_no': 1, 'count': 13}, {'cluster_no': 2, 'count': 14}]","[-1, 2, 2, -1, -1, -1, -1, 2, 2, -1, -1, 2, -1, -1, -1, -1, -1, 1, -1, -1, -1, -1, -1, -1, -1, 1, -1, 0, -1, 0, 0, -1, -1, 2, -1, -1, -1, -1, -1, -1, -1, 0, -1, -1, 2, 0, -1, -1, 2, -1, -1, -1, 2, 0, -1, -1, -1, 0, -1, -1, 1, -1, -1, -1, -1, 0, -1, 2, -1, -1, -1, -1, 2, -1, -1, -1, -1, -1, 0, -1, 0, 0, -1, 0, -1, -1, 0, -1, 0, -1, -1, 1, -1, -1, -1, 1, -1, -1, -1, -1, -1, -1, -1, -1, 0, -1, -1, 0, -1, -1, -1, -1, -1, -1, 0, -1, 0, -1, 1, -1, -1, -1, 0, -1, -1, 0, 2, -1, -1, -1, 1, -1, -1, -1, 1, -1, 0, -1, -1, -1, 0, 2, -1, 0, 0, -1, -1, -1, 1, -1, -1, -1, 1, 0, -1, -1, -1, -1, 0, 0, 0, -1, -1, -1, 0, -1, 0, 0, 0, -1, -1, 2, -1, -1, 0, -1, -1, 0, -1, 0, 0, 0, 0, -1, -1, -1, 0, -1, -1, 0, -1, -1, -1, -1, -1, -1, -1, -1, 0, 1, -1, -1, -1, 1, 1, -1, 0, 0, 0, 0, 0, 0, -1, -1, -1, 0, -1, 0, 0, -1, -1, -1, -1, -1, -1, -1, -1, -1, -1, -1, -1, -1, -1, 0, 0, -1, -1]"
150,10,12,0.5,0.6004219359553843,3,152,"[{'cluster_no': -1, 'count': 152}, {'cluster_no': 0, 'count': 52}, {'cluster_no': 1, 'count': 33}]","[-1, 1, 1, -1, -1, -1, -1, 1, 1, -1, -1, 1, -1, -1, -1, -1, 1, 1, -1, -1, -1, -1, -1, -1, -1, 1, -1, 0, -1, 0, 0, -1, -1, 1, -1, -1, -1, -1, -1, -1, -1, 0, -1, -1, 1, 0, -1, 1, 1, -1, -1, -1, 1, 0, -1, -1, -1, 0, -1, -1, 1, -1, -1, -1, -1, 0, -1, 1, -1, -1, -1, -1, 1, -1, -1, -1, -1, -1, 0, -1, 0, 0, -1, 0, -1, -1, 0, -1, 0, -1, -1, 1, -1, -1, -1, 1, -1, -1, -1, -1, -1, -1, -1, -1, 0, -1, -1, 0, -1, -1, -1, -1, -1, -1, 0, -1, 0, -1, 1, -1, -1, -1, 0, 1, -1, 0, 1, -1, -1, -1, 1, -1, -1, -1, 1, -1, 0, -1, 1, -1, 0, 1, -1, 0, 0, -1, -1, -1, 1, -1, -1, -1, 1, 0, -1, -1, -1, -1, 0, 0, 0, -1, -1, -1, 0, -1, 0, 0, 0, -1, 1, 1, -1, -1, 0, -1, -1, 0, -1, 0, 0, 0, 0, -1, -1, -1, 0, -1, -1, 0, -1, -1, -1, -1, -1, -1, 1, -1, 0, 1, -1, -1, -1, 1, 1, -1, 0, 0, 0, 0, 0, 0, -1, -1, -1, 0, -1, 0, 0, -1, -1, -1, -1, -1, -1, -1, -1, -1, -1, -1, -1, -1, -1, 0, 0, -1, -1]"
150,10,12,1.0,0.6004219359553843,3,152,"[{'cluster_no': -1, 'count': 152}, {'cluster_no': 0, 'count': 52}, {'cluster_no': 1, 'count': 33}]","[-1, 1, 1, -1, -1, -1, -1, 1, 1, -1, -1, 1, -1, -1, -1, -1, 1, 1, -1, -1, -1, -1, -1, -1, -1, 1, -1, 0, -1, 0, 0, -1, -1, 1, -1, -1, -1, -1, -1, -1, -1, 0, -1, -1, 1, 0, -1, 1, 1, -1, -1, -1, 1, 0, -1, -1, -1, 0, -1, -1, 1, -1, -1, -1, -1, 0, -1, 1, -1, -1, -1, -1, 1, -1, -1, -1, -1, -1, 0, -1, 0, 0, -1, 0, -1, -1, 0, -1, 0, -1, -1, 1, -1, -1, -1, 1, -1, -1, -1, -1, -1, -1, -1, -1, 0, -1, -1, 0, -1, -1, -1, -1, -1, -1, 0, -1, 0, -1, 1, -1, -1, -1, 0, 1, -1, 0, 1, -1, -1, -1, 1, -1, -1, -1, 1, -1, 0, -1, 1, -1, 0, 1, -1, 0, 0, -1, -1, -1, 1, -1, -1, -1, 1, 0, -1, -1, -1, -1, 0, 0, 0, -1, -1, -1, 0, -1, 0, 0, 0, -1, 1, 1, -1, -1, 0, -1, -1, 0, -1, 0, 0, 0, 0, -1, -1, -1, 0, -1, -1, 0, -1, -1, -1, -1, -1, -1, 1, -1, 0, 1, -1, -1, -1, 1, 1, -1, 0, 0, 0, 0, 0, 0, -1, -1, -1, 0, -1, 0, 0, -1, -1, -1, -1, -1, -1, -1, -1, -1, -1, -1, -1, -1, -1, 0, 0, -1, -1]"
150,10,13,0.0,0.5696939260296421,4,158,"[{'cluster_no': -1, 'count': 158}, {'cluster_no': 0, 'count': 52}, {'cluster_no': 1, 'count': 13}, {'cluster_no': 2, 'count': 14}]","[-1, 2, 2, -1, -1, -1, -1, 2, 2, -1, -1, 2, -1, -1, -1, -1, -1, 1, -1, -1, -1, -1, -1, -1, -1, 1, -1, 0, -1, 0, 0, -1, -1, 2, -1, -1, -1, -1, -1, -1, -1, 0, -1, -1, 2, 0, -1, -1, 2, -1, -1, -1, 2, 0, -1, -1, -1, 0, -1, -1, 1, -1, -1, -1, -1, 0, -1, 2, -1, -1, -1, -1, 2, -1, -1, -1, -1, -1, 0, -1, 0, 0, -1, 0, -1, -1, 0, -1, 0, -1, -1, 1, -1, -1, -1, 1, -1, -1, -1, -1, -1, -1, -1, -1, 0, -1, -1, 0, -1, -1, -1, -1, -1, -1, 0, -1, 0, -1, 1, -1, -1, -1, 0, -1, -1, 0, 2, -1, -1, -1, 1, -1, -1, -1, 1, -1, 0, -1, -1, -1, 0, 2, -1, 0, 0, -1, -1, -1, 1, -1, -1, -1, 1, 0, -1, -1, -1, -1, 0, 0, 0, -1, -1, -1, 0, -1, 0, 0, 0, -1, -1, 2, -1, -1, 0, -1, -1, 0, -1, 0, 0, 0, 0, -1, -1, -1, 0, -1, -1, 0, -1, -1, -1, -1, -1, -1, -1, -1, 0, 1, -1, -1, -1, 1, 1, -1, 0, 0, 0, 0, 0, 0, -1, -1, -1, 0, -1, 0, 0, -1, -1, -1, -1, -1, -1, -1, -1, -1, -1, -1, -1, -1, -1, 0, 0, -1, -1]"
150,10,13,0.5,0.6004219359553843,3,152,"[{'cluster_no': -1, 'count': 152}, {'cluster_no': 0, 'count': 52}, {'cluster_no': 1, 'count': 33}]","[-1, 1, 1, -1, -1, -1, -1, 1, 1, -1, -1, 1, -1, -1, -1, -1, 1, 1, -1, -1, -1, -1, -1, -1, -1, 1, -1, 0, -1, 0, 0, -1, -1, 1, -1, -1, -1, -1, -1, -1, -1, 0, -1, -1, 1, 0, -1, 1, 1, -1, -1, -1, 1, 0, -1, -1, -1, 0, -1, -1, 1, -1, -1, -1, -1, 0, -1, 1, -1, -1, -1, -1, 1, -1, -1, -1, -1, -1, 0, -1, 0, 0, -1, 0, -1, -1, 0, -1, 0, -1, -1, 1, -1, -1, -1, 1, -1, -1, -1, -1, -1, -1, -1, -1, 0, -1, -1, 0, -1, -1, -1, -1, -1, -1, 0, -1, 0, -1, 1, -1, -1, -1, 0, 1, -1, 0, 1, -1, -1, -1, 1, -1, -1, -1, 1, -1, 0, -1, 1, -1, 0, 1, -1, 0, 0, -1, -1, -1, 1, -1, -1, -1, 1, 0, -1, -1, -1, -1, 0, 0, 0, -1, -1, -1, 0, -1, 0, 0, 0, -1, 1, 1, -1, -1, 0, -1, -1, 0, -1, 0, 0, 0, 0, -1, -1, -1, 0, -1, -1, 0, -1, -1, -1, -1, -1, -1, 1, -1, 0, 1, -1, -1, -1, 1, 1, -1, 0, 0, 0, 0, 0, 0, -1, -1, -1, 0, -1, 0, 0, -1, -1, -1, -1, -1, -1, -1, -1, -1, -1, -1, -1, -1, -1, 0, 0, -1, -1]"
150,10,13,1.0,0.6004219359553843,3,152,"[{'cluster_no': -1, 'count': 152}, {'cluster_no': 0, 'count': 52}, {'cluster_no': 1, 'count': 33}]","[-1, 1, 1, -1, -1, -1, -1, 1, 1, -1, -1, 1, -1, -1, -1, -1, 1, 1, -1, -1, -1, -1, -1, -1, -1, 1, -1, 0, -1, 0, 0, -1, -1, 1, -1, -1, -1, -1, -1, -1, -1, 0, -1, -1, 1, 0, -1, 1, 1, -1, -1, -1, 1, 0, -1, -1, -1, 0, -1, -1, 1, -1, -1, -1, -1, 0, -1, 1, -1, -1, -1, -1, 1, -1, -1, -1, -1, -1, 0, -1, 0, 0, -1, 0, -1, -1, 0, -1, 0, -1, -1, 1, -1, -1, -1, 1, -1, -1, -1, -1, -1, -1, -1, -1, 0, -1, -1, 0, -1, -1, -1, -1, -1, -1, 0, -1, 0, -1, 1, -1, -1, -1, 0, 1, -1, 0, 1, -1, -1, -1, 1, -1, -1, -1, 1, -1, 0, -1, 1, -1, 0, 1, -1, 0, 0, -1, -1, -1, 1, -1, -1, -1, 1, 0, -1, -1, -1, -1, 0, 0, 0, -1, -1, -1, 0, -1, 0, 0, 0, -1, 1, 1, -1, -1, 0, -1, -1, 0, -1, 0, 0, 0, 0, -1, -1, -1, 0, -1, -1, 0, -1, -1, -1, -1, -1, -1, 1, -1, 0, 1, -1, -1, -1, 1, 1, -1, 0, 0, 0, 0, 0, 0, -1, -1, -1, 0, -1, 0, 0, -1, -1, -1, -1, -1, -1, -1, -1, -1, -1, -1, -1, -1, -1, 0, 0, -1, -1]"
150,10,14,0.0,0.6004219359553843,3,152,"[{'cluster_no': -1, 'count': 152}, {'cluster_no': 0, 'count': 52}, {'cluster_no': 1, 'count': 33}]","[-1, 1, 1, -1, -1, -1, -1, 1, 1, -1, -1, 1, -1, -1, -1, -1, 1, 1, -1, -1, -1, -1, -1, -1, -1, 1, -1, 0, -1, 0, 0, -1, -1, 1, -1, -1, -1, -1, -1, -1, -1, 0, -1, -1, 1, 0, -1, 1, 1, -1, -1, -1, 1, 0, -1, -1, -1, 0, -1, -1, 1, -1, -1, -1, -1, 0, -1, 1, -1, -1, -1, -1, 1, -1, -1, -1, -1, -1, 0, -1, 0, 0, -1, 0, -1, -1, 0, -1, 0, -1, -1, 1, -1, -1, -1, 1, -1, -1, -1, -1, -1, -1, -1, -1, 0, -1, -1, 0, -1, -1, -1, -1, -1, -1, 0, -1, 0, -1, 1, -1, -1, -1, 0, 1, -1, 0, 1, -1, -1, -1, 1, -1, -1, -1, 1, -1, 0, -1, 1, -1, 0, 1, -1, 0, 0, -1, -1, -1, 1, -1, -1, -1, 1, 0, -1, -1, -1, -1, 0, 0, 0, -1, -1, -1, 0, -1, 0, 0, 0, -1, 1, 1, -1, -1, 0, -1, -1, 0, -1, 0, 0, 0, 0, -1, -1, -1, 0, -1, -1, 0, -1, -1, -1, -1, -1, -1, 1, -1, 0, 1, -1, -1, -1, 1, 1, -1, 0, 0, 0, 0, 0, 0, -1, -1, -1, 0, -1, 0, 0, -1, -1, -1, -1, -1, -1, -1, -1, -1, -1, -1, -1, -1, -1, 0, 0, -1, -1]"
150,10,14,0.5,0.6004219359553843,3,152,"[{'cluster_no': -1, 'count': 152}, {'cluster_no': 0, 'count': 52}, {'cluster_no': 1, 'count': 33}]","[-1, 1, 1, -1, -1, -1, -1, 1, 1, -1, -1, 1, -1, -1, -1, -1, 1, 1, -1, -1, -1, -1, -1, -1, -1, 1, -1, 0, -1, 0, 0, -1, -1, 1, -1, -1, -1, -1, -1, -1, -1, 0, -1, -1, 1, 0, -1, 1, 1, -1, -1, -1, 1, 0, -1, -1, -1, 0, -1, -1, 1, -1, -1, -1, -1, 0, -1, 1, -1, -1, -1, -1, 1, -1, -1, -1, -1, -1, 0, -1, 0, 0, -1, 0, -1, -1, 0, -1, 0, -1, -1, 1, -1, -1, -1, 1, -1, -1, -1, -1, -1, -1, -1, -1, 0, -1, -1, 0, -1, -1, -1, -1, -1, -1, 0, -1, 0, -1, 1, -1, -1, -1, 0, 1, -1, 0, 1, -1, -1, -1, 1, -1, -1, -1, 1, -1, 0, -1, 1, -1, 0, 1, -1, 0, 0, -1, -1, -1, 1, -1, -1, -1, 1, 0, -1, -1, -1, -1, 0, 0, 0, -1, -1, -1, 0, -1, 0, 0, 0, -1, 1, 1, -1, -1, 0, -1, -1, 0, -1, 0, 0, 0, 0, -1, -1, -1, 0, -1, -1, 0, -1, -1, -1, -1, -1, -1, 1, -1, 0, 1, -1, -1, -1, 1, 1, -1, 0, 0, 0, 0, 0, 0, -1, -1, -1, 0, -1, 0, 0, -1, -1, -1, -1, -1, -1, -1, -1, -1, -1, -1, -1, -1, -1, 0, 0, -1, -1]"
150,10,14,1.0,0.6004219359553843,3,152,"[{'cluster_no': -1, 'count': 152}, {'cluster_no': 0, 'count': 52}, {'cluster_no': 1, 'count': 33}]","[-1, 1, 1, -1, -1, -1, -1, 1, 1, -1, -1, 1, -1, -1, -1, -1, 1, 1, -1, -1, -1, -1, -1, -1, -1, 1, -1, 0, -1, 0, 0, -1, -1, 1, -1, -1, -1, -1, -1, -1, -1, 0, -1, -1, 1, 0, -1, 1, 1, -1, -1, -1, 1, 0, -1, -1, -1, 0, -1, -1, 1, -1, -1, -1, -1, 0, -1, 1, -1, -1, -1, -1, 1, -1, -1, -1, -1, -1, 0, -1, 0, 0, -1, 0, -1, -1, 0, -1, 0, -1, -1, 1, -1, -1, -1, 1, -1, -1, -1, -1, -1, -1, -1, -1, 0, -1, -1, 0, -1, -1, -1, -1, -1, -1, 0, -1, 0, -1, 1, -1, -1, -1, 0, 1, -1, 0, 1, -1, -1, -1, 1, -1, -1, -1, 1, -1, 0, -1, 1, -1, 0, 1, -1, 0, 0, -1, -1, -1, 1, -1, -1, -1, 1, 0, -1, -1, -1, -1, 0, 0, 0, -1, -1, -1, 0, -1, 0, 0, 0, -1, 1, 1, -1, -1, 0, -1, -1, 0, -1, 0, 0, 0, 0, -1, -1, -1, 0, -1, -1, 0, -1, -1, -1, -1, -1, -1, 1, -1, 0, 1, -1, -1, -1, 1, 1, -1, 0, 0, 0, 0, 0, 0, -1, -1, -1, 0, -1, 0, 0, -1, -1, -1, -1, -1, -1, -1, -1, -1, -1, -1, -1, -1, -1, 0, 0, -1, -1]"
150,10,15,0.0,0.6004219359553843,3,152,"[{'cluster_no': -1, 'count': 152}, {'cluster_no': 0, 'count': 52}, {'cluster_no': 1, 'count': 33}]","[-1, 1, 1, -1, -1, -1, -1, 1, 1, -1, -1, 1, -1, -1, -1, -1, 1, 1, -1, -1, -1, -1, -1, -1, -1, 1, -1, 0, -1, 0, 0, -1, -1, 1, -1, -1, -1, -1, -1, -1, -1, 0, -1, -1, 1, 0, -1, 1, 1, -1, -1, -1, 1, 0, -1, -1, -1, 0, -1, -1, 1, -1, -1, -1, -1, 0, -1, 1, -1, -1, -1, -1, 1, -1, -1, -1, -1, -1, 0, -1, 0, 0, -1, 0, -1, -1, 0, -1, 0, -1, -1, 1, -1, -1, -1, 1, -1, -1, -1, -1, -1, -1, -1, -1, 0, -1, -1, 0, -1, -1, -1, -1, -1, -1, 0, -1, 0, -1, 1, -1, -1, -1, 0, 1, -1, 0, 1, -1, -1, -1, 1, -1, -1, -1, 1, -1, 0, -1, 1, -1, 0, 1, -1, 0, 0, -1, -1, -1, 1, -1, -1, -1, 1, 0, -1, -1, -1, -1, 0, 0, 0, -1, -1, -1, 0, -1, 0, 0, 0, -1, 1, 1, -1, -1, 0, -1, -1, 0, -1, 0, 0, 0, 0, -1, -1, -1, 0, -1, -1, 0, -1, -1, -1, -1, -1, -1, 1, -1, 0, 1, -1, -1, -1, 1, 1, -1, 0, 0, 0, 0, 0, 0, -1, -1, -1, 0, -1, 0, 0, -1, -1, -1, -1, -1, -1, -1, -1, -1, -1, -1, -1, -1, -1, 0, 0, -1, -1]"
150,10,15,0.5,0.6004219359553843,3,152,"[{'cluster_no': -1, 'count': 152}, {'cluster_no': 0, 'count': 52}, {'cluster_no': 1, 'count': 33}]","[-1, 1, 1, -1, -1, -1, -1, 1, 1, -1, -1, 1, -1, -1, -1, -1, 1, 1, -1, -1, -1, -1, -1, -1, -1, 1, -1, 0, -1, 0, 0, -1, -1, 1, -1, -1, -1, -1, -1, -1, -1, 0, -1, -1, 1, 0, -1, 1, 1, -1, -1, -1, 1, 0, -1, -1, -1, 0, -1, -1, 1, -1, -1, -1, -1, 0, -1, 1, -1, -1, -1, -1, 1, -1, -1, -1, -1, -1, 0, -1, 0, 0, -1, 0, -1, -1, 0, -1, 0, -1, -1, 1, -1, -1, -1, 1, -1, -1, -1, -1, -1, -1, -1, -1, 0, -1, -1, 0, -1, -1, -1, -1, -1, -1, 0, -1, 0, -1, 1, -1, -1, -1, 0, 1, -1, 0, 1, -1, -1, -1, 1, -1, -1, -1, 1, -1, 0, -1, 1, -1, 0, 1, -1, 0, 0, -1, -1, -1, 1, -1, -1, -1, 1, 0, -1, -1, -1, -1, 0, 0, 0, -1, -1, -1, 0, -1, 0, 0, 0, -1, 1, 1, -1, -1, 0, -1, -1, 0, -1, 0, 0, 0, 0, -1, -1, -1, 0, -1, -1, 0, -1, -1, -1, -1, -1, -1, 1, -1, 0, 1, -1, -1, -1, 1, 1, -1, 0, 0, 0, 0, 0, 0, -1, -1, -1, 0, -1, 0, 0, -1, -1, -1, -1, -1, -1, -1, -1, -1, -1, -1, -1, -1, -1, 0, 0, -1, -1]"
150,10,15,1.0,0.6004219359553843,3,152,"[{'cluster_no': -1, 'count': 152}, {'cluster_no': 0, 'count': 52}, {'cluster_no': 1, 'count': 33}]","[-1, 1, 1, -1, -1, -1, -1, 1, 1, -1, -1, 1, -1, -1, -1, -1, 1, 1, -1, -1, -1, -1, -1, -1, -1, 1, -1, 0, -1, 0, 0, -1, -1, 1, -1, -1, -1, -1, -1, -1, -1, 0, -1, -1, 1, 0, -1, 1, 1, -1, -1, -1, 1, 0, -1, -1, -1, 0, -1, -1, 1, -1, -1, -1, -1, 0, -1, 1, -1, -1, -1, -1, 1, -1, -1, -1, -1, -1, 0, -1, 0, 0, -1, 0, -1, -1, 0, -1, 0, -1, -1, 1, -1, -1, -1, 1, -1, -1, -1, -1, -1, -1, -1, -1, 0, -1, -1, 0, -1, -1, -1, -1, -1, -1, 0, -1, 0, -1, 1, -1, -1, -1, 0, 1, -1, 0, 1, -1, -1, -1, 1, -1, -1, -1, 1, -1, 0, -1, 1, -1, 0, 1, -1, 0, 0, -1, -1, -1, 1, -1, -1, -1, 1, 0, -1, -1, -1, -1, 0, 0, 0, -1, -1, -1, 0, -1, 0, 0, 0, -1, 1, 1, -1, -1, 0, -1, -1, 0, -1, 0, 0, 0, 0, -1, -1, -1, 0, -1, -1, 0, -1, -1, -1, -1, -1, -1, 1, -1, 0, 1, -1, -1, -1, 1, 1, -1, 0, 0, 0, 0, 0, 0, -1, -1, -1, 0, -1, 0, 0, -1, -1, -1, -1, -1, -1, -1, -1, -1, -1, -1, -1, -1, -1, 0, 0, -1, -1]"
150,10,16,0.0,0.6004219359553843,3,152,"[{'cluster_no': -1, 'count': 152}, {'cluster_no': 0, 'count': 52}, {'cluster_no': 1, 'count': 33}]","[-1, 1, 1, -1, -1, -1, -1, 1, 1, -1, -1, 1, -1, -1, -1, -1, 1, 1, -1, -1, -1, -1, -1, -1, -1, 1, -1, 0, -1, 0, 0, -1, -1, 1, -1, -1, -1, -1, -1, -1, -1, 0, -1, -1, 1, 0, -1, 1, 1, -1, -1, -1, 1, 0, -1, -1, -1, 0, -1, -1, 1, -1, -1, -1, -1, 0, -1, 1, -1, -1, -1, -1, 1, -1, -1, -1, -1, -1, 0, -1, 0, 0, -1, 0, -1, -1, 0, -1, 0, -1, -1, 1, -1, -1, -1, 1, -1, -1, -1, -1, -1, -1, -1, -1, 0, -1, -1, 0, -1, -1, -1, -1, -1, -1, 0, -1, 0, -1, 1, -1, -1, -1, 0, 1, -1, 0, 1, -1, -1, -1, 1, -1, -1, -1, 1, -1, 0, -1, 1, -1, 0, 1, -1, 0, 0, -1, -1, -1, 1, -1, -1, -1, 1, 0, -1, -1, -1, -1, 0, 0, 0, -1, -1, -1, 0, -1, 0, 0, 0, -1, 1, 1, -1, -1, 0, -1, -1, 0, -1, 0, 0, 0, 0, -1, -1, -1, 0, -1, -1, 0, -1, -1, -1, -1, -1, -1, 1, -1, 0, 1, -1, -1, -1, 1, 1, -1, 0, 0, 0, 0, 0, 0, -1, -1, -1, 0, -1, 0, 0, -1, -1, -1, -1, -1, -1, -1, -1, -1, -1, -1, -1, -1, -1, 0, 0, -1, -1]"
150,10,16,0.5,0.6004219359553843,3,152,"[{'cluster_no': -1, 'count': 152}, {'cluster_no': 0, 'count': 52}, {'cluster_no': 1, 'count': 33}]","[-1, 1, 1, -1, -1, -1, -1, 1, 1, -1, -1, 1, -1, -1, -1, -1, 1, 1, -1, -1, -1, -1, -1, -1, -1, 1, -1, 0, -1, 0, 0, -1, -1, 1, -1, -1, -1, -1, -1, -1, -1, 0, -1, -1, 1, 0, -1, 1, 1, -1, -1, -1, 1, 0, -1, -1, -1, 0, -1, -1, 1, -1, -1, -1, -1, 0, -1, 1, -1, -1, -1, -1, 1, -1, -1, -1, -1, -1, 0, -1, 0, 0, -1, 0, -1, -1, 0, -1, 0, -1, -1, 1, -1, -1, -1, 1, -1, -1, -1, -1, -1, -1, -1, -1, 0, -1, -1, 0, -1, -1, -1, -1, -1, -1, 0, -1, 0, -1, 1, -1, -1, -1, 0, 1, -1, 0, 1, -1, -1, -1, 1, -1, -1, -1, 1, -1, 0, -1, 1, -1, 0, 1, -1, 0, 0, -1, -1, -1, 1, -1, -1, -1, 1, 0, -1, -1, -1, -1, 0, 0, 0, -1, -1, -1, 0, -1, 0, 0, 0, -1, 1, 1, -1, -1, 0, -1, -1, 0, -1, 0, 0, 0, 0, -1, -1, -1, 0, -1, -1, 0, -1, -1, -1, -1, -1, -1, 1, -1, 0, 1, -1, -1, -1, 1, 1, -1, 0, 0, 0, 0, 0, 0, -1, -1, -1, 0, -1, 0, 0, -1, -1, -1, -1, -1, -1, -1, -1, -1, -1, -1, -1, -1, -1, 0, 0, -1, -1]"
150,10,16,1.0,0.6004219359553843,3,152,"[{'cluster_no': -1, 'count': 152}, {'cluster_no': 0, 'count': 52}, {'cluster_no': 1, 'count': 33}]","[-1, 1, 1, -1, -1, -1, -1, 1, 1, -1, -1, 1, -1, -1, -1, -1, 1, 1, -1, -1, -1, -1, -1, -1, -1, 1, -1, 0, -1, 0, 0, -1, -1, 1, -1, -1, -1, -1, -1, -1, -1, 0, -1, -1, 1, 0, -1, 1, 1, -1, -1, -1, 1, 0, -1, -1, -1, 0, -1, -1, 1, -1, -1, -1, -1, 0, -1, 1, -1, -1, -1, -1, 1, -1, -1, -1, -1, -1, 0, -1, 0, 0, -1, 0, -1, -1, 0, -1, 0, -1, -1, 1, -1, -1, -1, 1, -1, -1, -1, -1, -1, -1, -1, -1, 0, -1, -1, 0, -1, -1, -1, -1, -1, -1, 0, -1, 0, -1, 1, -1, -1, -1, 0, 1, -1, 0, 1, -1, -1, -1, 1, -1, -1, -1, 1, -1, 0, -1, 1, -1, 0, 1, -1, 0, 0, -1, -1, -1, 1, -1, -1, -1, 1, 0, -1, -1, -1, -1, 0, 0, 0, -1, -1, -1, 0, -1, 0, 0, 0, -1, 1, 1, -1, -1, 0, -1, -1, 0, -1, 0, 0, 0, 0, -1, -1, -1, 0, -1, -1, 0, -1, -1, -1, -1, -1, -1, 1, -1, 0, 1, -1, -1, -1, 1, 1, -1, 0, 0, 0, 0, 0, 0, -1, -1, -1, 0, -1, 0, 0, -1, -1, -1, -1, -1, -1, -1, -1, -1, -1, -1, -1, -1, -1, 0, 0, -1, -1]"
150,10,17,0.0,0.6004219359553843,3,152,"[{'cluster_no': -1, 'count': 152}, {'cluster_no': 0, 'count': 52}, {'cluster_no': 1, 'count': 33}]","[-1, 1, 1, -1, -1, -1, -1, 1, 1, -1, -1, 1, -1, -1, -1, -1, 1, 1, -1, -1, -1, -1, -1, -1, -1, 1, -1, 0, -1, 0, 0, -1, -1, 1, -1, -1, -1, -1, -1, -1, -1, 0, -1, -1, 1, 0, -1, 1, 1, -1, -1, -1, 1, 0, -1, -1, -1, 0, -1, -1, 1, -1, -1, -1, -1, 0, -1, 1, -1, -1, -1, -1, 1, -1, -1, -1, -1, -1, 0, -1, 0, 0, -1, 0, -1, -1, 0, -1, 0, -1, -1, 1, -1, -1, -1, 1, -1, -1, -1, -1, -1, -1, -1, -1, 0, -1, -1, 0, -1, -1, -1, -1, -1, -1, 0, -1, 0, -1, 1, -1, -1, -1, 0, 1, -1, 0, 1, -1, -1, -1, 1, -1, -1, -1, 1, -1, 0, -1, 1, -1, 0, 1, -1, 0, 0, -1, -1, -1, 1, -1, -1, -1, 1, 0, -1, -1, -1, -1, 0, 0, 0, -1, -1, -1, 0, -1, 0, 0, 0, -1, 1, 1, -1, -1, 0, -1, -1, 0, -1, 0, 0, 0, 0, -1, -1, -1, 0, -1, -1, 0, -1, -1, -1, -1, -1, -1, 1, -1, 0, 1, -1, -1, -1, 1, 1, -1, 0, 0, 0, 0, 0, 0, -1, -1, -1, 0, -1, 0, 0, -1, -1, -1, -1, -1, -1, -1, -1, -1, -1, -1, -1, -1, -1, 0, 0, -1, -1]"
150,10,17,0.5,0.6004219359553843,3,152,"[{'cluster_no': -1, 'count': 152}, {'cluster_no': 0, 'count': 52}, {'cluster_no': 1, 'count': 33}]","[-1, 1, 1, -1, -1, -1, -1, 1, 1, -1, -1, 1, -1, -1, -1, -1, 1, 1, -1, -1, -1, -1, -1, -1, -1, 1, -1, 0, -1, 0, 0, -1, -1, 1, -1, -1, -1, -1, -1, -1, -1, 0, -1, -1, 1, 0, -1, 1, 1, -1, -1, -1, 1, 0, -1, -1, -1, 0, -1, -1, 1, -1, -1, -1, -1, 0, -1, 1, -1, -1, -1, -1, 1, -1, -1, -1, -1, -1, 0, -1, 0, 0, -1, 0, -1, -1, 0, -1, 0, -1, -1, 1, -1, -1, -1, 1, -1, -1, -1, -1, -1, -1, -1, -1, 0, -1, -1, 0, -1, -1, -1, -1, -1, -1, 0, -1, 0, -1, 1, -1, -1, -1, 0, 1, -1, 0, 1, -1, -1, -1, 1, -1, -1, -1, 1, -1, 0, -1, 1, -1, 0, 1, -1, 0, 0, -1, -1, -1, 1, -1, -1, -1, 1, 0, -1, -1, -1, -1, 0, 0, 0, -1, -1, -1, 0, -1, 0, 0, 0, -1, 1, 1, -1, -1, 0, -1, -1, 0, -1, 0, 0, 0, 0, -1, -1, -1, 0, -1, -1, 0, -1, -1, -1, -1, -1, -1, 1, -1, 0, 1, -1, -1, -1, 1, 1, -1, 0, 0, 0, 0, 0, 0, -1, -1, -1, 0, -1, 0, 0, -1, -1, -1, -1, -1, -1, -1, -1, -1, -1, -1, -1, -1, -1, 0, 0, -1, -1]"
150,10,17,1.0,0.6004219359553843,3,152,"[{'cluster_no': -1, 'count': 152}, {'cluster_no': 0, 'count': 52}, {'cluster_no': 1, 'count': 33}]","[-1, 1, 1, -1, -1, -1, -1, 1, 1, -1, -1, 1, -1, -1, -1, -1, 1, 1, -1, -1, -1, -1, -1, -1, -1, 1, -1, 0, -1, 0, 0, -1, -1, 1, -1, -1, -1, -1, -1, -1, -1, 0, -1, -1, 1, 0, -1, 1, 1, -1, -1, -1, 1, 0, -1, -1, -1, 0, -1, -1, 1, -1, -1, -1, -1, 0, -1, 1, -1, -1, -1, -1, 1, -1, -1, -1, -1, -1, 0, -1, 0, 0, -1, 0, -1, -1, 0, -1, 0, -1, -1, 1, -1, -1, -1, 1, -1, -1, -1, -1, -1, -1, -1, -1, 0, -1, -1, 0, -1, -1, -1, -1, -1, -1, 0, -1, 0, -1, 1, -1, -1, -1, 0, 1, -1, 0, 1, -1, -1, -1, 1, -1, -1, -1, 1, -1, 0, -1, 1, -1, 0, 1, -1, 0, 0, -1, -1, -1, 1, -1, -1, -1, 1, 0, -1, -1, -1, -1, 0, 0, 0, -1, -1, -1, 0, -1, 0, 0, 0, -1, 1, 1, -1, -1, 0, -1, -1, 0, -1, 0, 0, 0, 0, -1, -1, -1, 0, -1, -1, 0, -1, -1, -1, -1, -1, -1, 1, -1, 0, 1, -1, -1, -1, 1, 1, -1, 0, 0, 0, 0, 0, 0, -1, -1, -1, 0, -1, 0, 0, -1, -1, -1, -1, -1, -1, -1, -1, -1, -1, -1, -1, -1, -1, 0, 0, -1, -1]"
150,10,18,0.0,0.6004219359553843,3,152,"[{'cluster_no': -1, 'count': 152}, {'cluster_no': 0, 'count': 52}, {'cluster_no': 1, 'count': 33}]","[-1, 1, 1, -1, -1, -1, -1, 1, 1, -1, -1, 1, -1, -1, -1, -1, 1, 1, -1, -1, -1, -1, -1, -1, -1, 1, -1, 0, -1, 0, 0, -1, -1, 1, -1, -1, -1, -1, -1, -1, -1, 0, -1, -1, 1, 0, -1, 1, 1, -1, -1, -1, 1, 0, -1, -1, -1, 0, -1, -1, 1, -1, -1, -1, -1, 0, -1, 1, -1, -1, -1, -1, 1, -1, -1, -1, -1, -1, 0, -1, 0, 0, -1, 0, -1, -1, 0, -1, 0, -1, -1, 1, -1, -1, -1, 1, -1, -1, -1, -1, -1, -1, -1, -1, 0, -1, -1, 0, -1, -1, -1, -1, -1, -1, 0, -1, 0, -1, 1, -1, -1, -1, 0, 1, -1, 0, 1, -1, -1, -1, 1, -1, -1, -1, 1, -1, 0, -1, 1, -1, 0, 1, -1, 0, 0, -1, -1, -1, 1, -1, -1, -1, 1, 0, -1, -1, -1, -1, 0, 0, 0, -1, -1, -1, 0, -1, 0, 0, 0, -1, 1, 1, -1, -1, 0, -1, -1, 0, -1, 0, 0, 0, 0, -1, -1, -1, 0, -1, -1, 0, -1, -1, -1, -1, -1, -1, 1, -1, 0, 1, -1, -1, -1, 1, 1, -1, 0, 0, 0, 0, 0, 0, -1, -1, -1, 0, -1, 0, 0, -1, -1, -1, -1, -1, -1, -1, -1, -1, -1, -1, -1, -1, -1, 0, 0, -1, -1]"
150,10,18,0.5,0.6004219359553843,3,152,"[{'cluster_no': -1, 'count': 152}, {'cluster_no': 0, 'count': 52}, {'cluster_no': 1, 'count': 33}]","[-1, 1, 1, -1, -1, -1, -1, 1, 1, -1, -1, 1, -1, -1, -1, -1, 1, 1, -1, -1, -1, -1, -1, -1, -1, 1, -1, 0, -1, 0, 0, -1, -1, 1, -1, -1, -1, -1, -1, -1, -1, 0, -1, -1, 1, 0, -1, 1, 1, -1, -1, -1, 1, 0, -1, -1, -1, 0, -1, -1, 1, -1, -1, -1, -1, 0, -1, 1, -1, -1, -1, -1, 1, -1, -1, -1, -1, -1, 0, -1, 0, 0, -1, 0, -1, -1, 0, -1, 0, -1, -1, 1, -1, -1, -1, 1, -1, -1, -1, -1, -1, -1, -1, -1, 0, -1, -1, 0, -1, -1, -1, -1, -1, -1, 0, -1, 0, -1, 1, -1, -1, -1, 0, 1, -1, 0, 1, -1, -1, -1, 1, -1, -1, -1, 1, -1, 0, -1, 1, -1, 0, 1, -1, 0, 0, -1, -1, -1, 1, -1, -1, -1, 1, 0, -1, -1, -1, -1, 0, 0, 0, -1, -1, -1, 0, -1, 0, 0, 0, -1, 1, 1, -1, -1, 0, -1, -1, 0, -1, 0, 0, 0, 0, -1, -1, -1, 0, -1, -1, 0, -1, -1, -1, -1, -1, -1, 1, -1, 0, 1, -1, -1, -1, 1, 1, -1, 0, 0, 0, 0, 0, 0, -1, -1, -1, 0, -1, 0, 0, -1, -1, -1, -1, -1, -1, -1, -1, -1, -1, -1, -1, -1, -1, 0, 0, -1, -1]"
150,10,18,1.0,0.6004219359553843,3,152,"[{'cluster_no': -1, 'count': 152}, {'cluster_no': 0, 'count': 52}, {'cluster_no': 1, 'count': 33}]","[-1, 1, 1, -1, -1, -1, -1, 1, 1, -1, -1, 1, -1, -1, -1, -1, 1, 1, -1, -1, -1, -1, -1, -1, -1, 1, -1, 0, -1, 0, 0, -1, -1, 1, -1, -1, -1, -1, -1, -1, -1, 0, -1, -1, 1, 0, -1, 1, 1, -1, -1, -1, 1, 0, -1, -1, -1, 0, -1, -1, 1, -1, -1, -1, -1, 0, -1, 1, -1, -1, -1, -1, 1, -1, -1, -1, -1, -1, 0, -1, 0, 0, -1, 0, -1, -1, 0, -1, 0, -1, -1, 1, -1, -1, -1, 1, -1, -1, -1, -1, -1, -1, -1, -1, 0, -1, -1, 0, -1, -1, -1, -1, -1, -1, 0, -1, 0, -1, 1, -1, -1, -1, 0, 1, -1, 0, 1, -1, -1, -1, 1, -1, -1, -1, 1, -1, 0, -1, 1, -1, 0, 1, -1, 0, 0, -1, -1, -1, 1, -1, -1, -1, 1, 0, -1, -1, -1, -1, 0, 0, 0, -1, -1, -1, 0, -1, 0, 0, 0, -1, 1, 1, -1, -1, 0, -1, -1, 0, -1, 0, 0, 0, 0, -1, -1, -1, 0, -1, -1, 0, -1, -1, -1, -1, -1, -1, 1, -1, 0, 1, -1, -1, -1, 1, 1, -1, 0, 0, 0, 0, 0, 0, -1, -1, -1, 0, -1, 0, 0, -1, -1, -1, -1, -1, -1, -1, -1, -1, -1, -1, -1, -1, -1, 0, 0, -1, -1]"
150,10,19,0.0,0.6004219359553843,3,152,"[{'cluster_no': -1, 'count': 152}, {'cluster_no': 0, 'count': 52}, {'cluster_no': 1, 'count': 33}]","[-1, 1, 1, -1, -1, -1, -1, 1, 1, -1, -1, 1, -1, -1, -1, -1, 1, 1, -1, -1, -1, -1, -1, -1, -1, 1, -1, 0, -1, 0, 0, -1, -1, 1, -1, -1, -1, -1, -1, -1, -1, 0, -1, -1, 1, 0, -1, 1, 1, -1, -1, -1, 1, 0, -1, -1, -1, 0, -1, -1, 1, -1, -1, -1, -1, 0, -1, 1, -1, -1, -1, -1, 1, -1, -1, -1, -1, -1, 0, -1, 0, 0, -1, 0, -1, -1, 0, -1, 0, -1, -1, 1, -1, -1, -1, 1, -1, -1, -1, -1, -1, -1, -1, -1, 0, -1, -1, 0, -1, -1, -1, -1, -1, -1, 0, -1, 0, -1, 1, -1, -1, -1, 0, 1, -1, 0, 1, -1, -1, -1, 1, -1, -1, -1, 1, -1, 0, -1, 1, -1, 0, 1, -1, 0, 0, -1, -1, -1, 1, -1, -1, -1, 1, 0, -1, -1, -1, -1, 0, 0, 0, -1, -1, -1, 0, -1, 0, 0, 0, -1, 1, 1, -1, -1, 0, -1, -1, 0, -1, 0, 0, 0, 0, -1, -1, -1, 0, -1, -1, 0, -1, -1, -1, -1, -1, -1, 1, -1, 0, 1, -1, -1, -1, 1, 1, -1, 0, 0, 0, 0, 0, 0, -1, -1, -1, 0, -1, 0, 0, -1, -1, -1, -1, -1, -1, -1, -1, -1, -1, -1, -1, -1, -1, 0, 0, -1, -1]"
150,10,19,0.5,0.6004219359553843,3,152,"[{'cluster_no': -1, 'count': 152}, {'cluster_no': 0, 'count': 52}, {'cluster_no': 1, 'count': 33}]","[-1, 1, 1, -1, -1, -1, -1, 1, 1, -1, -1, 1, -1, -1, -1, -1, 1, 1, -1, -1, -1, -1, -1, -1, -1, 1, -1, 0, -1, 0, 0, -1, -1, 1, -1, -1, -1, -1, -1, -1, -1, 0, -1, -1, 1, 0, -1, 1, 1, -1, -1, -1, 1, 0, -1, -1, -1, 0, -1, -1, 1, -1, -1, -1, -1, 0, -1, 1, -1, -1, -1, -1, 1, -1, -1, -1, -1, -1, 0, -1, 0, 0, -1, 0, -1, -1, 0, -1, 0, -1, -1, 1, -1, -1, -1, 1, -1, -1, -1, -1, -1, -1, -1, -1, 0, -1, -1, 0, -1, -1, -1, -1, -1, -1, 0, -1, 0, -1, 1, -1, -1, -1, 0, 1, -1, 0, 1, -1, -1, -1, 1, -1, -1, -1, 1, -1, 0, -1, 1, -1, 0, 1, -1, 0, 0, -1, -1, -1, 1, -1, -1, -1, 1, 0, -1, -1, -1, -1, 0, 0, 0, -1, -1, -1, 0, -1, 0, 0, 0, -1, 1, 1, -1, -1, 0, -1, -1, 0, -1, 0, 0, 0, 0, -1, -1, -1, 0, -1, -1, 0, -1, -1, -1, -1, -1, -1, 1, -1, 0, 1, -1, -1, -1, 1, 1, -1, 0, 0, 0, 0, 0, 0, -1, -1, -1, 0, -1, 0, 0, -1, -1, -1, -1, -1, -1, -1, -1, -1, -1, -1, -1, -1, -1, 0, 0, -1, -1]"
150,10,19,1.0,0.6004219359553843,3,152,"[{'cluster_no': -1, 'count': 152}, {'cluster_no': 0, 'count': 52}, {'cluster_no': 1, 'count': 33}]","[-1, 1, 1, -1, -1, -1, -1, 1, 1, -1, -1, 1, -1, -1, -1, -1, 1, 1, -1, -1, -1, -1, -1, -1, -1, 1, -1, 0, -1, 0, 0, -1, -1, 1, -1, -1, -1, -1, -1, -1, -1, 0, -1, -1, 1, 0, -1, 1, 1, -1, -1, -1, 1, 0, -1, -1, -1, 0, -1, -1, 1, -1, -1, -1, -1, 0, -1, 1, -1, -1, -1, -1, 1, -1, -1, -1, -1, -1, 0, -1, 0, 0, -1, 0, -1, -1, 0, -1, 0, -1, -1, 1, -1, -1, -1, 1, -1, -1, -1, -1, -1, -1, -1, -1, 0, -1, -1, 0, -1, -1, -1, -1, -1, -1, 0, -1, 0, -1, 1, -1, -1, -1, 0, 1, -1, 0, 1, -1, -1, -1, 1, -1, -1, -1, 1, -1, 0, -1, 1, -1, 0, 1, -1, 0, 0, -1, -1, -1, 1, -1, -1, -1, 1, 0, -1, -1, -1, -1, 0, 0, 0, -1, -1, -1, 0, -1, 0, 0, 0, -1, 1, 1, -1, -1, 0, -1, -1, 0, -1, 0, 0, 0, 0, -1, -1, -1, 0, -1, -1, 0, -1, -1, -1, -1, -1, -1, 1, -1, 0, 1, -1, -1, -1, 1, 1, -1, 0, 0, 0, 0, 0, 0, -1, -1, -1, 0, -1, 0, 0, -1, -1, -1, -1, -1, -1, -1, -1, -1, -1, -1, -1, -1, -1, 0, 0, -1, -1]"
150,10,20,0.0,0.6004219359553843,3,152,"[{'cluster_no': -1, 'count': 152}, {'cluster_no': 0, 'count': 52}, {'cluster_no': 1, 'count': 33}]","[-1, 1, 1, -1, -1, -1, -1, 1, 1, -1, -1, 1, -1, -1, -1, -1, 1, 1, -1, -1, -1, -1, -1, -1, -1, 1, -1, 0, -1, 0, 0, -1, -1, 1, -1, -1, -1, -1, -1, -1, -1, 0, -1, -1, 1, 0, -1, 1, 1, -1, -1, -1, 1, 0, -1, -1, -1, 0, -1, -1, 1, -1, -1, -1, -1, 0, -1, 1, -1, -1, -1, -1, 1, -1, -1, -1, -1, -1, 0, -1, 0, 0, -1, 0, -1, -1, 0, -1, 0, -1, -1, 1, -1, -1, -1, 1, -1, -1, -1, -1, -1, -1, -1, -1, 0, -1, -1, 0, -1, -1, -1, -1, -1, -1, 0, -1, 0, -1, 1, -1, -1, -1, 0, 1, -1, 0, 1, -1, -1, -1, 1, -1, -1, -1, 1, -1, 0, -1, 1, -1, 0, 1, -1, 0, 0, -1, -1, -1, 1, -1, -1, -1, 1, 0, -1, -1, -1, -1, 0, 0, 0, -1, -1, -1, 0, -1, 0, 0, 0, -1, 1, 1, -1, -1, 0, -1, -1, 0, -1, 0, 0, 0, 0, -1, -1, -1, 0, -1, -1, 0, -1, -1, -1, -1, -1, -1, 1, -1, 0, 1, -1, -1, -1, 1, 1, -1, 0, 0, 0, 0, 0, 0, -1, -1, -1, 0, -1, 0, 0, -1, -1, -1, -1, -1, -1, -1, -1, -1, -1, -1, -1, -1, -1, 0, 0, -1, -1]"
150,10,20,0.5,0.6004219359553843,3,152,"[{'cluster_no': -1, 'count': 152}, {'cluster_no': 0, 'count': 52}, {'cluster_no': 1, 'count': 33}]","[-1, 1, 1, -1, -1, -1, -1, 1, 1, -1, -1, 1, -1, -1, -1, -1, 1, 1, -1, -1, -1, -1, -1, -1, -1, 1, -1, 0, -1, 0, 0, -1, -1, 1, -1, -1, -1, -1, -1, -1, -1, 0, -1, -1, 1, 0, -1, 1, 1, -1, -1, -1, 1, 0, -1, -1, -1, 0, -1, -1, 1, -1, -1, -1, -1, 0, -1, 1, -1, -1, -1, -1, 1, -1, -1, -1, -1, -1, 0, -1, 0, 0, -1, 0, -1, -1, 0, -1, 0, -1, -1, 1, -1, -1, -1, 1, -1, -1, -1, -1, -1, -1, -1, -1, 0, -1, -1, 0, -1, -1, -1, -1, -1, -1, 0, -1, 0, -1, 1, -1, -1, -1, 0, 1, -1, 0, 1, -1, -1, -1, 1, -1, -1, -1, 1, -1, 0, -1, 1, -1, 0, 1, -1, 0, 0, -1, -1, -1, 1, -1, -1, -1, 1, 0, -1, -1, -1, -1, 0, 0, 0, -1, -1, -1, 0, -1, 0, 0, 0, -1, 1, 1, -1, -1, 0, -1, -1, 0, -1, 0, 0, 0, 0, -1, -1, -1, 0, -1, -1, 0, -1, -1, -1, -1, -1, -1, 1, -1, 0, 1, -1, -1, -1, 1, 1, -1, 0, 0, 0, 0, 0, 0, -1, -1, -1, 0, -1, 0, 0, -1, -1, -1, -1, -1, -1, -1, -1, -1, -1, -1, -1, -1, -1, 0, 0, -1, -1]"
150,10,20,1.0,0.6004219359553843,3,152,"[{'cluster_no': -1, 'count': 152}, {'cluster_no': 0, 'count': 52}, {'cluster_no': 1, 'count': 33}]","[-1, 1, 1, -1, -1, -1, -1, 1, 1, -1, -1, 1, -1, -1, -1, -1, 1, 1, -1, -1, -1, -1, -1, -1, -1, 1, -1, 0, -1, 0, 0, -1, -1, 1, -1, -1, -1, -1, -1, -1, -1, 0, -1, -1, 1, 0, -1, 1, 1, -1, -1, -1, 1, 0, -1, -1, -1, 0, -1, -1, 1, -1, -1, -1, -1, 0, -1, 1, -1, -1, -1, -1, 1, -1, -1, -1, -1, -1, 0, -1, 0, 0, -1, 0, -1, -1, 0, -1, 0, -1, -1, 1, -1, -1, -1, 1, -1, -1, -1, -1, -1, -1, -1, -1, 0, -1, -1, 0, -1, -1, -1, -1, -1, -1, 0, -1, 0, -1, 1, -1, -1, -1, 0, 1, -1, 0, 1, -1, -1, -1, 1, -1, -1, -1, 1, -1, 0, -1, 1, -1, 0, 1, -1, 0, 0, -1, -1, -1, 1, -1, -1, -1, 1, 0, -1, -1, -1, -1, 0, 0, 0, -1, -1, -1, 0, -1, 0, 0, 0, -1, 1, 1, -1, -1, 0, -1, -1, 0, -1, 0, 0, 0, 0, -1, -1, -1, 0, -1, -1, 0, -1, -1, -1, -1, -1, -1, 1, -1, 0, 1, -1, -1, -1, 1, 1, -1, 0, 0, 0, 0, 0, 0, -1, -1, -1, 0, -1, 0, 0, -1, -1, -1, -1, -1, -1, -1, -1, -1, -1, -1, -1, -1, -1, 0, 0, -1, -1]"
150,10,21,0.0,0.6004219359553843,3,152,"[{'cluster_no': -1, 'count': 152}, {'cluster_no': 0, 'count': 52}, {'cluster_no': 1, 'count': 33}]","[-1, 1, 1, -1, -1, -1, -1, 1, 1, -1, -1, 1, -1, -1, -1, -1, 1, 1, -1, -1, -1, -1, -1, -1, -1, 1, -1, 0, -1, 0, 0, -1, -1, 1, -1, -1, -1, -1, -1, -1, -1, 0, -1, -1, 1, 0, -1, 1, 1, -1, -1, -1, 1, 0, -1, -1, -1, 0, -1, -1, 1, -1, -1, -1, -1, 0, -1, 1, -1, -1, -1, -1, 1, -1, -1, -1, -1, -1, 0, -1, 0, 0, -1, 0, -1, -1, 0, -1, 0, -1, -1, 1, -1, -1, -1, 1, -1, -1, -1, -1, -1, -1, -1, -1, 0, -1, -1, 0, -1, -1, -1, -1, -1, -1, 0, -1, 0, -1, 1, -1, -1, -1, 0, 1, -1, 0, 1, -1, -1, -1, 1, -1, -1, -1, 1, -1, 0, -1, 1, -1, 0, 1, -1, 0, 0, -1, -1, -1, 1, -1, -1, -1, 1, 0, -1, -1, -1, -1, 0, 0, 0, -1, -1, -1, 0, -1, 0, 0, 0, -1, 1, 1, -1, -1, 0, -1, -1, 0, -1, 0, 0, 0, 0, -1, -1, -1, 0, -1, -1, 0, -1, -1, -1, -1, -1, -1, 1, -1, 0, 1, -1, -1, -1, 1, 1, -1, 0, 0, 0, 0, 0, 0, -1, -1, -1, 0, -1, 0, 0, -1, -1, -1, -1, -1, -1, -1, -1, -1, -1, -1, -1, -1, -1, 0, 0, -1, -1]"
150,10,21,0.5,0.6004219359553843,3,152,"[{'cluster_no': -1, 'count': 152}, {'cluster_no': 0, 'count': 52}, {'cluster_no': 1, 'count': 33}]","[-1, 1, 1, -1, -1, -1, -1, 1, 1, -1, -1, 1, -1, -1, -1, -1, 1, 1, -1, -1, -1, -1, -1, -1, -1, 1, -1, 0, -1, 0, 0, -1, -1, 1, -1, -1, -1, -1, -1, -1, -1, 0, -1, -1, 1, 0, -1, 1, 1, -1, -1, -1, 1, 0, -1, -1, -1, 0, -1, -1, 1, -1, -1, -1, -1, 0, -1, 1, -1, -1, -1, -1, 1, -1, -1, -1, -1, -1, 0, -1, 0, 0, -1, 0, -1, -1, 0, -1, 0, -1, -1, 1, -1, -1, -1, 1, -1, -1, -1, -1, -1, -1, -1, -1, 0, -1, -1, 0, -1, -1, -1, -1, -1, -1, 0, -1, 0, -1, 1, -1, -1, -1, 0, 1, -1, 0, 1, -1, -1, -1, 1, -1, -1, -1, 1, -1, 0, -1, 1, -1, 0, 1, -1, 0, 0, -1, -1, -1, 1, -1, -1, -1, 1, 0, -1, -1, -1, -1, 0, 0, 0, -1, -1, -1, 0, -1, 0, 0, 0, -1, 1, 1, -1, -1, 0, -1, -1, 0, -1, 0, 0, 0, 0, -1, -1, -1, 0, -1, -1, 0, -1, -1, -1, -1, -1, -1, 1, -1, 0, 1, -1, -1, -1, 1, 1, -1, 0, 0, 0, 0, 0, 0, -1, -1, -1, 0, -1, 0, 0, -1, -1, -1, -1, -1, -1, -1, -1, -1, -1, -1, -1, -1, -1, 0, 0, -1, -1]"
150,10,21,1.0,0.6004219359553843,3,152,"[{'cluster_no': -1, 'count': 152}, {'cluster_no': 0, 'count': 52}, {'cluster_no': 1, 'count': 33}]","[-1, 1, 1, -1, -1, -1, -1, 1, 1, -1, -1, 1, -1, -1, -1, -1, 1, 1, -1, -1, -1, -1, -1, -1, -1, 1, -1, 0, -1, 0, 0, -1, -1, 1, -1, -1, -1, -1, -1, -1, -1, 0, -1, -1, 1, 0, -1, 1, 1, -1, -1, -1, 1, 0, -1, -1, -1, 0, -1, -1, 1, -1, -1, -1, -1, 0, -1, 1, -1, -1, -1, -1, 1, -1, -1, -1, -1, -1, 0, -1, 0, 0, -1, 0, -1, -1, 0, -1, 0, -1, -1, 1, -1, -1, -1, 1, -1, -1, -1, -1, -1, -1, -1, -1, 0, -1, -1, 0, -1, -1, -1, -1, -1, -1, 0, -1, 0, -1, 1, -1, -1, -1, 0, 1, -1, 0, 1, -1, -1, -1, 1, -1, -1, -1, 1, -1, 0, -1, 1, -1, 0, 1, -1, 0, 0, -1, -1, -1, 1, -1, -1, -1, 1, 0, -1, -1, -1, -1, 0, 0, 0, -1, -1, -1, 0, -1, 0, 0, 0, -1, 1, 1, -1, -1, 0, -1, -1, 0, -1, 0, 0, 0, 0, -1, -1, -1, 0, -1, -1, 0, -1, -1, -1, -1, -1, -1, 1, -1, 0, 1, -1, -1, -1, 1, 1, -1, 0, 0, 0, 0, 0, 0, -1, -1, -1, 0, -1, 0, 0, -1, -1, -1, -1, -1, -1, -1, -1, -1, -1, -1, -1, -1, -1, 0, 0, -1, -1]"
150,10,22,0.0,0.6004219359553843,3,152,"[{'cluster_no': -1, 'count': 152}, {'cluster_no': 0, 'count': 52}, {'cluster_no': 1, 'count': 33}]","[-1, 1, 1, -1, -1, -1, -1, 1, 1, -1, -1, 1, -1, -1, -1, -1, 1, 1, -1, -1, -1, -1, -1, -1, -1, 1, -1, 0, -1, 0, 0, -1, -1, 1, -1, -1, -1, -1, -1, -1, -1, 0, -1, -1, 1, 0, -1, 1, 1, -1, -1, -1, 1, 0, -1, -1, -1, 0, -1, -1, 1, -1, -1, -1, -1, 0, -1, 1, -1, -1, -1, -1, 1, -1, -1, -1, -1, -1, 0, -1, 0, 0, -1, 0, -1, -1, 0, -1, 0, -1, -1, 1, -1, -1, -1, 1, -1, -1, -1, -1, -1, -1, -1, -1, 0, -1, -1, 0, -1, -1, -1, -1, -1, -1, 0, -1, 0, -1, 1, -1, -1, -1, 0, 1, -1, 0, 1, -1, -1, -1, 1, -1, -1, -1, 1, -1, 0, -1, 1, -1, 0, 1, -1, 0, 0, -1, -1, -1, 1, -1, -1, -1, 1, 0, -1, -1, -1, -1, 0, 0, 0, -1, -1, -1, 0, -1, 0, 0, 0, -1, 1, 1, -1, -1, 0, -1, -1, 0, -1, 0, 0, 0, 0, -1, -1, -1, 0, -1, -1, 0, -1, -1, -1, -1, -1, -1, 1, -1, 0, 1, -1, -1, -1, 1, 1, -1, 0, 0, 0, 0, 0, 0, -1, -1, -1, 0, -1, 0, 0, -1, -1, -1, -1, -1, -1, -1, -1, -1, -1, -1, -1, -1, -1, 0, 0, -1, -1]"
150,10,22,0.5,0.6004219359553843,3,152,"[{'cluster_no': -1, 'count': 152}, {'cluster_no': 0, 'count': 52}, {'cluster_no': 1, 'count': 33}]","[-1, 1, 1, -1, -1, -1, -1, 1, 1, -1, -1, 1, -1, -1, -1, -1, 1, 1, -1, -1, -1, -1, -1, -1, -1, 1, -1, 0, -1, 0, 0, -1, -1, 1, -1, -1, -1, -1, -1, -1, -1, 0, -1, -1, 1, 0, -1, 1, 1, -1, -1, -1, 1, 0, -1, -1, -1, 0, -1, -1, 1, -1, -1, -1, -1, 0, -1, 1, -1, -1, -1, -1, 1, -1, -1, -1, -1, -1, 0, -1, 0, 0, -1, 0, -1, -1, 0, -1, 0, -1, -1, 1, -1, -1, -1, 1, -1, -1, -1, -1, -1, -1, -1, -1, 0, -1, -1, 0, -1, -1, -1, -1, -1, -1, 0, -1, 0, -1, 1, -1, -1, -1, 0, 1, -1, 0, 1, -1, -1, -1, 1, -1, -1, -1, 1, -1, 0, -1, 1, -1, 0, 1, -1, 0, 0, -1, -1, -1, 1, -1, -1, -1, 1, 0, -1, -1, -1, -1, 0, 0, 0, -1, -1, -1, 0, -1, 0, 0, 0, -1, 1, 1, -1, -1, 0, -1, -1, 0, -1, 0, 0, 0, 0, -1, -1, -1, 0, -1, -1, 0, -1, -1, -1, -1, -1, -1, 1, -1, 0, 1, -1, -1, -1, 1, 1, -1, 0, 0, 0, 0, 0, 0, -1, -1, -1, 0, -1, 0, 0, -1, -1, -1, -1, -1, -1, -1, -1, -1, -1, -1, -1, -1, -1, 0, 0, -1, -1]"
150,10,22,1.0,0.6004219359553843,3,152,"[{'cluster_no': -1, 'count': 152}, {'cluster_no': 0, 'count': 52}, {'cluster_no': 1, 'count': 33}]","[-1, 1, 1, -1, -1, -1, -1, 1, 1, -1, -1, 1, -1, -1, -1, -1, 1, 1, -1, -1, -1, -1, -1, -1, -1, 1, -1, 0, -1, 0, 0, -1, -1, 1, -1, -1, -1, -1, -1, -1, -1, 0, -1, -1, 1, 0, -1, 1, 1, -1, -1, -1, 1, 0, -1, -1, -1, 0, -1, -1, 1, -1, -1, -1, -1, 0, -1, 1, -1, -1, -1, -1, 1, -1, -1, -1, -1, -1, 0, -1, 0, 0, -1, 0, -1, -1, 0, -1, 0, -1, -1, 1, -1, -1, -1, 1, -1, -1, -1, -1, -1, -1, -1, -1, 0, -1, -1, 0, -1, -1, -1, -1, -1, -1, 0, -1, 0, -1, 1, -1, -1, -1, 0, 1, -1, 0, 1, -1, -1, -1, 1, -1, -1, -1, 1, -1, 0, -1, 1, -1, 0, 1, -1, 0, 0, -1, -1, -1, 1, -1, -1, -1, 1, 0, -1, -1, -1, -1, 0, 0, 0, -1, -1, -1, 0, -1, 0, 0, 0, -1, 1, 1, -1, -1, 0, -1, -1, 0, -1, 0, 0, 0, 0, -1, -1, -1, 0, -1, -1, 0, -1, -1, -1, -1, -1, -1, 1, -1, 0, 1, -1, -1, -1, 1, 1, -1, 0, 0, 0, 0, 0, 0, -1, -1, -1, 0, -1, 0, 0, -1, -1, -1, -1, -1, -1, -1, -1, -1, -1, -1, -1, -1, -1, 0, 0, -1, -1]"
150,10,23,0.0,0.6004219359553843,3,152,"[{'cluster_no': -1, 'count': 152}, {'cluster_no': 0, 'count': 52}, {'cluster_no': 1, 'count': 33}]","[-1, 1, 1, -1, -1, -1, -1, 1, 1, -1, -1, 1, -1, -1, -1, -1, 1, 1, -1, -1, -1, -1, -1, -1, -1, 1, -1, 0, -1, 0, 0, -1, -1, 1, -1, -1, -1, -1, -1, -1, -1, 0, -1, -1, 1, 0, -1, 1, 1, -1, -1, -1, 1, 0, -1, -1, -1, 0, -1, -1, 1, -1, -1, -1, -1, 0, -1, 1, -1, -1, -1, -1, 1, -1, -1, -1, -1, -1, 0, -1, 0, 0, -1, 0, -1, -1, 0, -1, 0, -1, -1, 1, -1, -1, -1, 1, -1, -1, -1, -1, -1, -1, -1, -1, 0, -1, -1, 0, -1, -1, -1, -1, -1, -1, 0, -1, 0, -1, 1, -1, -1, -1, 0, 1, -1, 0, 1, -1, -1, -1, 1, -1, -1, -1, 1, -1, 0, -1, 1, -1, 0, 1, -1, 0, 0, -1, -1, -1, 1, -1, -1, -1, 1, 0, -1, -1, -1, -1, 0, 0, 0, -1, -1, -1, 0, -1, 0, 0, 0, -1, 1, 1, -1, -1, 0, -1, -1, 0, -1, 0, 0, 0, 0, -1, -1, -1, 0, -1, -1, 0, -1, -1, -1, -1, -1, -1, 1, -1, 0, 1, -1, -1, -1, 1, 1, -1, 0, 0, 0, 0, 0, 0, -1, -1, -1, 0, -1, 0, 0, -1, -1, -1, -1, -1, -1, -1, -1, -1, -1, -1, -1, -1, -1, 0, 0, -1, -1]"
150,10,23,0.5,0.6004219359553843,3,152,"[{'cluster_no': -1, 'count': 152}, {'cluster_no': 0, 'count': 52}, {'cluster_no': 1, 'count': 33}]","[-1, 1, 1, -1, -1, -1, -1, 1, 1, -1, -1, 1, -1, -1, -1, -1, 1, 1, -1, -1, -1, -1, -1, -1, -1, 1, -1, 0, -1, 0, 0, -1, -1, 1, -1, -1, -1, -1, -1, -1, -1, 0, -1, -1, 1, 0, -1, 1, 1, -1, -1, -1, 1, 0, -1, -1, -1, 0, -1, -1, 1, -1, -1, -1, -1, 0, -1, 1, -1, -1, -1, -1, 1, -1, -1, -1, -1, -1, 0, -1, 0, 0, -1, 0, -1, -1, 0, -1, 0, -1, -1, 1, -1, -1, -1, 1, -1, -1, -1, -1, -1, -1, -1, -1, 0, -1, -1, 0, -1, -1, -1, -1, -1, -1, 0, -1, 0, -1, 1, -1, -1, -1, 0, 1, -1, 0, 1, -1, -1, -1, 1, -1, -1, -1, 1, -1, 0, -1, 1, -1, 0, 1, -1, 0, 0, -1, -1, -1, 1, -1, -1, -1, 1, 0, -1, -1, -1, -1, 0, 0, 0, -1, -1, -1, 0, -1, 0, 0, 0, -1, 1, 1, -1, -1, 0, -1, -1, 0, -1, 0, 0, 0, 0, -1, -1, -1, 0, -1, -1, 0, -1, -1, -1, -1, -1, -1, 1, -1, 0, 1, -1, -1, -1, 1, 1, -1, 0, 0, 0, 0, 0, 0, -1, -1, -1, 0, -1, 0, 0, -1, -1, -1, -1, -1, -1, -1, -1, -1, -1, -1, -1, -1, -1, 0, 0, -1, -1]"
150,10,23,1.0,0.6004219359553843,3,152,"[{'cluster_no': -1, 'count': 152}, {'cluster_no': 0, 'count': 52}, {'cluster_no': 1, 'count': 33}]","[-1, 1, 1, -1, -1, -1, -1, 1, 1, -1, -1, 1, -1, -1, -1, -1, 1, 1, -1, -1, -1, -1, -1, -1, -1, 1, -1, 0, -1, 0, 0, -1, -1, 1, -1, -1, -1, -1, -1, -1, -1, 0, -1, -1, 1, 0, -1, 1, 1, -1, -1, -1, 1, 0, -1, -1, -1, 0, -1, -1, 1, -1, -1, -1, -1, 0, -1, 1, -1, -1, -1, -1, 1, -1, -1, -1, -1, -1, 0, -1, 0, 0, -1, 0, -1, -1, 0, -1, 0, -1, -1, 1, -1, -1, -1, 1, -1, -1, -1, -1, -1, -1, -1, -1, 0, -1, -1, 0, -1, -1, -1, -1, -1, -1, 0, -1, 0, -1, 1, -1, -1, -1, 0, 1, -1, 0, 1, -1, -1, -1, 1, -1, -1, -1, 1, -1, 0, -1, 1, -1, 0, 1, -1, 0, 0, -1, -1, -1, 1, -1, -1, -1, 1, 0, -1, -1, -1, -1, 0, 0, 0, -1, -1, -1, 0, -1, 0, 0, 0, -1, 1, 1, -1, -1, 0, -1, -1, 0, -1, 0, 0, 0, 0, -1, -1, -1, 0, -1, -1, 0, -1, -1, -1, -1, -1, -1, 1, -1, 0, 1, -1, -1, -1, 1, 1, -1, 0, 0, 0, 0, 0, 0, -1, -1, -1, 0, -1, 0, 0, -1, -1, -1, -1, -1, -1, -1, -1, -1, -1, -1, -1, -1, -1, 0, 0, -1, -1]"
150,10,24,0.0,0.6004219359553843,3,152,"[{'cluster_no': -1, 'count': 152}, {'cluster_no': 0, 'count': 52}, {'cluster_no': 1, 'count': 33}]","[-1, 1, 1, -1, -1, -1, -1, 1, 1, -1, -1, 1, -1, -1, -1, -1, 1, 1, -1, -1, -1, -1, -1, -1, -1, 1, -1, 0, -1, 0, 0, -1, -1, 1, -1, -1, -1, -1, -1, -1, -1, 0, -1, -1, 1, 0, -1, 1, 1, -1, -1, -1, 1, 0, -1, -1, -1, 0, -1, -1, 1, -1, -1, -1, -1, 0, -1, 1, -1, -1, -1, -1, 1, -1, -1, -1, -1, -1, 0, -1, 0, 0, -1, 0, -1, -1, 0, -1, 0, -1, -1, 1, -1, -1, -1, 1, -1, -1, -1, -1, -1, -1, -1, -1, 0, -1, -1, 0, -1, -1, -1, -1, -1, -1, 0, -1, 0, -1, 1, -1, -1, -1, 0, 1, -1, 0, 1, -1, -1, -1, 1, -1, -1, -1, 1, -1, 0, -1, 1, -1, 0, 1, -1, 0, 0, -1, -1, -1, 1, -1, -1, -1, 1, 0, -1, -1, -1, -1, 0, 0, 0, -1, -1, -1, 0, -1, 0, 0, 0, -1, 1, 1, -1, -1, 0, -1, -1, 0, -1, 0, 0, 0, 0, -1, -1, -1, 0, -1, -1, 0, -1, -1, -1, -1, -1, -1, 1, -1, 0, 1, -1, -1, -1, 1, 1, -1, 0, 0, 0, 0, 0, 0, -1, -1, -1, 0, -1, 0, 0, -1, -1, -1, -1, -1, -1, -1, -1, -1, -1, -1, -1, -1, -1, 0, 0, -1, -1]"
150,10,24,0.5,0.6004219359553843,3,152,"[{'cluster_no': -1, 'count': 152}, {'cluster_no': 0, 'count': 52}, {'cluster_no': 1, 'count': 33}]","[-1, 1, 1, -1, -1, -1, -1, 1, 1, -1, -1, 1, -1, -1, -1, -1, 1, 1, -1, -1, -1, -1, -1, -1, -1, 1, -1, 0, -1, 0, 0, -1, -1, 1, -1, -1, -1, -1, -1, -1, -1, 0, -1, -1, 1, 0, -1, 1, 1, -1, -1, -1, 1, 0, -1, -1, -1, 0, -1, -1, 1, -1, -1, -1, -1, 0, -1, 1, -1, -1, -1, -1, 1, -1, -1, -1, -1, -1, 0, -1, 0, 0, -1, 0, -1, -1, 0, -1, 0, -1, -1, 1, -1, -1, -1, 1, -1, -1, -1, -1, -1, -1, -1, -1, 0, -1, -1, 0, -1, -1, -1, -1, -1, -1, 0, -1, 0, -1, 1, -1, -1, -1, 0, 1, -1, 0, 1, -1, -1, -1, 1, -1, -1, -1, 1, -1, 0, -1, 1, -1, 0, 1, -1, 0, 0, -1, -1, -1, 1, -1, -1, -1, 1, 0, -1, -1, -1, -1, 0, 0, 0, -1, -1, -1, 0, -1, 0, 0, 0, -1, 1, 1, -1, -1, 0, -1, -1, 0, -1, 0, 0, 0, 0, -1, -1, -1, 0, -1, -1, 0, -1, -1, -1, -1, -1, -1, 1, -1, 0, 1, -1, -1, -1, 1, 1, -1, 0, 0, 0, 0, 0, 0, -1, -1, -1, 0, -1, 0, 0, -1, -1, -1, -1, -1, -1, -1, -1, -1, -1, -1, -1, -1, -1, 0, 0, -1, -1]"
150,10,24,1.0,0.6004219359553843,3,152,"[{'cluster_no': -1, 'count': 152}, {'cluster_no': 0, 'count': 52}, {'cluster_no': 1, 'count': 33}]","[-1, 1, 1, -1, -1, -1, -1, 1, 1, -1, -1, 1, -1, -1, -1, -1, 1, 1, -1, -1, -1, -1, -1, -1, -1, 1, -1, 0, -1, 0, 0, -1, -1, 1, -1, -1, -1, -1, -1, -1, -1, 0, -1, -1, 1, 0, -1, 1, 1, -1, -1, -1, 1, 0, -1, -1, -1, 0, -1, -1, 1, -1, -1, -1, -1, 0, -1, 1, -1, -1, -1, -1, 1, -1, -1, -1, -1, -1, 0, -1, 0, 0, -1, 0, -1, -1, 0, -1, 0, -1, -1, 1, -1, -1, -1, 1, -1, -1, -1, -1, -1, -1, -1, -1, 0, -1, -1, 0, -1, -1, -1, -1, -1, -1, 0, -1, 0, -1, 1, -1, -1, -1, 0, 1, -1, 0, 1, -1, -1, -1, 1, -1, -1, -1, 1, -1, 0, -1, 1, -1, 0, 1, -1, 0, 0, -1, -1, -1, 1, -1, -1, -1, 1, 0, -1, -1, -1, -1, 0, 0, 0, -1, -1, -1, 0, -1, 0, 0, 0, -1, 1, 1, -1, -1, 0, -1, -1, 0, -1, 0, 0, 0, 0, -1, -1, -1, 0, -1, -1, 0, -1, -1, -1, -1, -1, -1, 1, -1, 0, 1, -1, -1, -1, 1, 1, -1, 0, 0, 0, 0, 0, 0, -1, -1, -1, 0, -1, 0, 0, -1, -1, -1, -1, -1, -1, -1, -1, -1, -1, -1, -1, -1, -1, 0, 0, -1, -1]"
150,10,25,0.0,0.6004219359553843,3,152,"[{'cluster_no': -1, 'count': 152}, {'cluster_no': 0, 'count': 52}, {'cluster_no': 1, 'count': 33}]","[-1, 1, 1, -1, -1, -1, -1, 1, 1, -1, -1, 1, -1, -1, -1, -1, 1, 1, -1, -1, -1, -1, -1, -1, -1, 1, -1, 0, -1, 0, 0, -1, -1, 1, -1, -1, -1, -1, -1, -1, -1, 0, -1, -1, 1, 0, -1, 1, 1, -1, -1, -1, 1, 0, -1, -1, -1, 0, -1, -1, 1, -1, -1, -1, -1, 0, -1, 1, -1, -1, -1, -1, 1, -1, -1, -1, -1, -1, 0, -1, 0, 0, -1, 0, -1, -1, 0, -1, 0, -1, -1, 1, -1, -1, -1, 1, -1, -1, -1, -1, -1, -1, -1, -1, 0, -1, -1, 0, -1, -1, -1, -1, -1, -1, 0, -1, 0, -1, 1, -1, -1, -1, 0, 1, -1, 0, 1, -1, -1, -1, 1, -1, -1, -1, 1, -1, 0, -1, 1, -1, 0, 1, -1, 0, 0, -1, -1, -1, 1, -1, -1, -1, 1, 0, -1, -1, -1, -1, 0, 0, 0, -1, -1, -1, 0, -1, 0, 0, 0, -1, 1, 1, -1, -1, 0, -1, -1, 0, -1, 0, 0, 0, 0, -1, -1, -1, 0, -1, -1, 0, -1, -1, -1, -1, -1, -1, 1, -1, 0, 1, -1, -1, -1, 1, 1, -1, 0, 0, 0, 0, 0, 0, -1, -1, -1, 0, -1, 0, 0, -1, -1, -1, -1, -1, -1, -1, -1, -1, -1, -1, -1, -1, -1, 0, 0, -1, -1]"
150,10,25,0.5,0.6004219359553843,3,152,"[{'cluster_no': -1, 'count': 152}, {'cluster_no': 0, 'count': 52}, {'cluster_no': 1, 'count': 33}]","[-1, 1, 1, -1, -1, -1, -1, 1, 1, -1, -1, 1, -1, -1, -1, -1, 1, 1, -1, -1, -1, -1, -1, -1, -1, 1, -1, 0, -1, 0, 0, -1, -1, 1, -1, -1, -1, -1, -1, -1, -1, 0, -1, -1, 1, 0, -1, 1, 1, -1, -1, -1, 1, 0, -1, -1, -1, 0, -1, -1, 1, -1, -1, -1, -1, 0, -1, 1, -1, -1, -1, -1, 1, -1, -1, -1, -1, -1, 0, -1, 0, 0, -1, 0, -1, -1, 0, -1, 0, -1, -1, 1, -1, -1, -1, 1, -1, -1, -1, -1, -1, -1, -1, -1, 0, -1, -1, 0, -1, -1, -1, -1, -1, -1, 0, -1, 0, -1, 1, -1, -1, -1, 0, 1, -1, 0, 1, -1, -1, -1, 1, -1, -1, -1, 1, -1, 0, -1, 1, -1, 0, 1, -1, 0, 0, -1, -1, -1, 1, -1, -1, -1, 1, 0, -1, -1, -1, -1, 0, 0, 0, -1, -1, -1, 0, -1, 0, 0, 0, -1, 1, 1, -1, -1, 0, -1, -1, 0, -1, 0, 0, 0, 0, -1, -1, -1, 0, -1, -1, 0, -1, -1, -1, -1, -1, -1, 1, -1, 0, 1, -1, -1, -1, 1, 1, -1, 0, 0, 0, 0, 0, 0, -1, -1, -1, 0, -1, 0, 0, -1, -1, -1, -1, -1, -1, -1, -1, -1, -1, -1, -1, -1, -1, 0, 0, -1, -1]"
150,10,25,1.0,0.6004219359553843,3,152,"[{'cluster_no': -1, 'count': 152}, {'cluster_no': 0, 'count': 52}, {'cluster_no': 1, 'count': 33}]","[-1, 1, 1, -1, -1, -1, -1, 1, 1, -1, -1, 1, -1, -1, -1, -1, 1, 1, -1, -1, -1, -1, -1, -1, -1, 1, -1, 0, -1, 0, 0, -1, -1, 1, -1, -1, -1, -1, -1, -1, -1, 0, -1, -1, 1, 0, -1, 1, 1, -1, -1, -1, 1, 0, -1, -1, -1, 0, -1, -1, 1, -1, -1, -1, -1, 0, -1, 1, -1, -1, -1, -1, 1, -1, -1, -1, -1, -1, 0, -1, 0, 0, -1, 0, -1, -1, 0, -1, 0, -1, -1, 1, -1, -1, -1, 1, -1, -1, -1, -1, -1, -1, -1, -1, 0, -1, -1, 0, -1, -1, -1, -1, -1, -1, 0, -1, 0, -1, 1, -1, -1, -1, 0, 1, -1, 0, 1, -1, -1, -1, 1, -1, -1, -1, 1, -1, 0, -1, 1, -1, 0, 1, -1, 0, 0, -1, -1, -1, 1, -1, -1, -1, 1, 0, -1, -1, -1, -1, 0, 0, 0, -1, -1, -1, 0, -1, 0, 0, 0, -1, 1, 1, -1, -1, 0, -1, -1, 0, -1, 0, 0, 0, 0, -1, -1, -1, 0, -1, -1, 0, -1, -1, -1, -1, -1, -1, 1, -1, 0, 1, -1, -1, -1, 1, 1, -1, 0, 0, 0, 0, 0, 0, -1, -1, -1, 0, -1, 0, 0, -1, -1, -1, -1, -1, -1, -1, -1, -1, -1, -1, -1, -1, -1, 0, 0, -1, -1]"
150,10,26,0.0,0.6004219359553843,3,152,"[{'cluster_no': -1, 'count': 152}, {'cluster_no': 0, 'count': 52}, {'cluster_no': 1, 'count': 33}]","[-1, 1, 1, -1, -1, -1, -1, 1, 1, -1, -1, 1, -1, -1, -1, -1, 1, 1, -1, -1, -1, -1, -1, -1, -1, 1, -1, 0, -1, 0, 0, -1, -1, 1, -1, -1, -1, -1, -1, -1, -1, 0, -1, -1, 1, 0, -1, 1, 1, -1, -1, -1, 1, 0, -1, -1, -1, 0, -1, -1, 1, -1, -1, -1, -1, 0, -1, 1, -1, -1, -1, -1, 1, -1, -1, -1, -1, -1, 0, -1, 0, 0, -1, 0, -1, -1, 0, -1, 0, -1, -1, 1, -1, -1, -1, 1, -1, -1, -1, -1, -1, -1, -1, -1, 0, -1, -1, 0, -1, -1, -1, -1, -1, -1, 0, -1, 0, -1, 1, -1, -1, -1, 0, 1, -1, 0, 1, -1, -1, -1, 1, -1, -1, -1, 1, -1, 0, -1, 1, -1, 0, 1, -1, 0, 0, -1, -1, -1, 1, -1, -1, -1, 1, 0, -1, -1, -1, -1, 0, 0, 0, -1, -1, -1, 0, -1, 0, 0, 0, -1, 1, 1, -1, -1, 0, -1, -1, 0, -1, 0, 0, 0, 0, -1, -1, -1, 0, -1, -1, 0, -1, -1, -1, -1, -1, -1, 1, -1, 0, 1, -1, -1, -1, 1, 1, -1, 0, 0, 0, 0, 0, 0, -1, -1, -1, 0, -1, 0, 0, -1, -1, -1, -1, -1, -1, -1, -1, -1, -1, -1, -1, -1, -1, 0, 0, -1, -1]"
150,10,26,0.5,0.6004219359553843,3,152,"[{'cluster_no': -1, 'count': 152}, {'cluster_no': 0, 'count': 52}, {'cluster_no': 1, 'count': 33}]","[-1, 1, 1, -1, -1, -1, -1, 1, 1, -1, -1, 1, -1, -1, -1, -1, 1, 1, -1, -1, -1, -1, -1, -1, -1, 1, -1, 0, -1, 0, 0, -1, -1, 1, -1, -1, -1, -1, -1, -1, -1, 0, -1, -1, 1, 0, -1, 1, 1, -1, -1, -1, 1, 0, -1, -1, -1, 0, -1, -1, 1, -1, -1, -1, -1, 0, -1, 1, -1, -1, -1, -1, 1, -1, -1, -1, -1, -1, 0, -1, 0, 0, -1, 0, -1, -1, 0, -1, 0, -1, -1, 1, -1, -1, -1, 1, -1, -1, -1, -1, -1, -1, -1, -1, 0, -1, -1, 0, -1, -1, -1, -1, -1, -1, 0, -1, 0, -1, 1, -1, -1, -1, 0, 1, -1, 0, 1, -1, -1, -1, 1, -1, -1, -1, 1, -1, 0, -1, 1, -1, 0, 1, -1, 0, 0, -1, -1, -1, 1, -1, -1, -1, 1, 0, -1, -1, -1, -1, 0, 0, 0, -1, -1, -1, 0, -1, 0, 0, 0, -1, 1, 1, -1, -1, 0, -1, -1, 0, -1, 0, 0, 0, 0, -1, -1, -1, 0, -1, -1, 0, -1, -1, -1, -1, -1, -1, 1, -1, 0, 1, -1, -1, -1, 1, 1, -1, 0, 0, 0, 0, 0, 0, -1, -1, -1, 0, -1, 0, 0, -1, -1, -1, -1, -1, -1, -1, -1, -1, -1, -1, -1, -1, -1, 0, 0, -1, -1]"
150,10,26,1.0,0.6004219359553843,3,152,"[{'cluster_no': -1, 'count': 152}, {'cluster_no': 0, 'count': 52}, {'cluster_no': 1, 'count': 33}]","[-1, 1, 1, -1, -1, -1, -1, 1, 1, -1, -1, 1, -1, -1, -1, -1, 1, 1, -1, -1, -1, -1, -1, -1, -1, 1, -1, 0, -1, 0, 0, -1, -1, 1, -1, -1, -1, -1, -1, -1, -1, 0, -1, -1, 1, 0, -1, 1, 1, -1, -1, -1, 1, 0, -1, -1, -1, 0, -1, -1, 1, -1, -1, -1, -1, 0, -1, 1, -1, -1, -1, -1, 1, -1, -1, -1, -1, -1, 0, -1, 0, 0, -1, 0, -1, -1, 0, -1, 0, -1, -1, 1, -1, -1, -1, 1, -1, -1, -1, -1, -1, -1, -1, -1, 0, -1, -1, 0, -1, -1, -1, -1, -1, -1, 0, -1, 0, -1, 1, -1, -1, -1, 0, 1, -1, 0, 1, -1, -1, -1, 1, -1, -1, -1, 1, -1, 0, -1, 1, -1, 0, 1, -1, 0, 0, -1, -1, -1, 1, -1, -1, -1, 1, 0, -1, -1, -1, -1, 0, 0, 0, -1, -1, -1, 0, -1, 0, 0, 0, -1, 1, 1, -1, -1, 0, -1, -1, 0, -1, 0, 0, 0, 0, -1, -1, -1, 0, -1, -1, 0, -1, -1, -1, -1, -1, -1, 1, -1, 0, 1, -1, -1, -1, 1, 1, -1, 0, 0, 0, 0, 0, 0, -1, -1, -1, 0, -1, 0, 0, -1, -1, -1, -1, -1, -1, -1, -1, -1, -1, -1, -1, -1, -1, 0, 0, -1, -1]"
150,10,27,0.0,0.6004219359553843,3,152,"[{'cluster_no': -1, 'count': 152}, {'cluster_no': 0, 'count': 52}, {'cluster_no': 1, 'count': 33}]","[-1, 1, 1, -1, -1, -1, -1, 1, 1, -1, -1, 1, -1, -1, -1, -1, 1, 1, -1, -1, -1, -1, -1, -1, -1, 1, -1, 0, -1, 0, 0, -1, -1, 1, -1, -1, -1, -1, -1, -1, -1, 0, -1, -1, 1, 0, -1, 1, 1, -1, -1, -1, 1, 0, -1, -1, -1, 0, -1, -1, 1, -1, -1, -1, -1, 0, -1, 1, -1, -1, -1, -1, 1, -1, -1, -1, -1, -1, 0, -1, 0, 0, -1, 0, -1, -1, 0, -1, 0, -1, -1, 1, -1, -1, -1, 1, -1, -1, -1, -1, -1, -1, -1, -1, 0, -1, -1, 0, -1, -1, -1, -1, -1, -1, 0, -1, 0, -1, 1, -1, -1, -1, 0, 1, -1, 0, 1, -1, -1, -1, 1, -1, -1, -1, 1, -1, 0, -1, 1, -1, 0, 1, -1, 0, 0, -1, -1, -1, 1, -1, -1, -1, 1, 0, -1, -1, -1, -1, 0, 0, 0, -1, -1, -1, 0, -1, 0, 0, 0, -1, 1, 1, -1, -1, 0, -1, -1, 0, -1, 0, 0, 0, 0, -1, -1, -1, 0, -1, -1, 0, -1, -1, -1, -1, -1, -1, 1, -1, 0, 1, -1, -1, -1, 1, 1, -1, 0, 0, 0, 0, 0, 0, -1, -1, -1, 0, -1, 0, 0, -1, -1, -1, -1, -1, -1, -1, -1, -1, -1, -1, -1, -1, -1, 0, 0, -1, -1]"
150,10,27,0.5,0.6004219359553843,3,152,"[{'cluster_no': -1, 'count': 152}, {'cluster_no': 0, 'count': 52}, {'cluster_no': 1, 'count': 33}]","[-1, 1, 1, -1, -1, -1, -1, 1, 1, -1, -1, 1, -1, -1, -1, -1, 1, 1, -1, -1, -1, -1, -1, -1, -1, 1, -1, 0, -1, 0, 0, -1, -1, 1, -1, -1, -1, -1, -1, -1, -1, 0, -1, -1, 1, 0, -1, 1, 1, -1, -1, -1, 1, 0, -1, -1, -1, 0, -1, -1, 1, -1, -1, -1, -1, 0, -1, 1, -1, -1, -1, -1, 1, -1, -1, -1, -1, -1, 0, -1, 0, 0, -1, 0, -1, -1, 0, -1, 0, -1, -1, 1, -1, -1, -1, 1, -1, -1, -1, -1, -1, -1, -1, -1, 0, -1, -1, 0, -1, -1, -1, -1, -1, -1, 0, -1, 0, -1, 1, -1, -1, -1, 0, 1, -1, 0, 1, -1, -1, -1, 1, -1, -1, -1, 1, -1, 0, -1, 1, -1, 0, 1, -1, 0, 0, -1, -1, -1, 1, -1, -1, -1, 1, 0, -1, -1, -1, -1, 0, 0, 0, -1, -1, -1, 0, -1, 0, 0, 0, -1, 1, 1, -1, -1, 0, -1, -1, 0, -1, 0, 0, 0, 0, -1, -1, -1, 0, -1, -1, 0, -1, -1, -1, -1, -1, -1, 1, -1, 0, 1, -1, -1, -1, 1, 1, -1, 0, 0, 0, 0, 0, 0, -1, -1, -1, 0, -1, 0, 0, -1, -1, -1, -1, -1, -1, -1, -1, -1, -1, -1, -1, -1, -1, 0, 0, -1, -1]"
150,10,27,1.0,0.6004219359553843,3,152,"[{'cluster_no': -1, 'count': 152}, {'cluster_no': 0, 'count': 52}, {'cluster_no': 1, 'count': 33}]","[-1, 1, 1, -1, -1, -1, -1, 1, 1, -1, -1, 1, -1, -1, -1, -1, 1, 1, -1, -1, -1, -1, -1, -1, -1, 1, -1, 0, -1, 0, 0, -1, -1, 1, -1, -1, -1, -1, -1, -1, -1, 0, -1, -1, 1, 0, -1, 1, 1, -1, -1, -1, 1, 0, -1, -1, -1, 0, -1, -1, 1, -1, -1, -1, -1, 0, -1, 1, -1, -1, -1, -1, 1, -1, -1, -1, -1, -1, 0, -1, 0, 0, -1, 0, -1, -1, 0, -1, 0, -1, -1, 1, -1, -1, -1, 1, -1, -1, -1, -1, -1, -1, -1, -1, 0, -1, -1, 0, -1, -1, -1, -1, -1, -1, 0, -1, 0, -1, 1, -1, -1, -1, 0, 1, -1, 0, 1, -1, -1, -1, 1, -1, -1, -1, 1, -1, 0, -1, 1, -1, 0, 1, -1, 0, 0, -1, -1, -1, 1, -1, -1, -1, 1, 0, -1, -1, -1, -1, 0, 0, 0, -1, -1, -1, 0, -1, 0, 0, 0, -1, 1, 1, -1, -1, 0, -1, -1, 0, -1, 0, 0, 0, 0, -1, -1, -1, 0, -1, -1, 0, -1, -1, -1, -1, -1, -1, 1, -1, 0, 1, -1, -1, -1, 1, 1, -1, 0, 0, 0, 0, 0, 0, -1, -1, -1, 0, -1, 0, 0, -1, -1, -1, -1, -1, -1, -1, -1, -1, -1, -1, -1, -1, -1, 0, 0, -1, -1]"
150,10,28,0.0,0.6004219359553843,3,152,"[{'cluster_no': -1, 'count': 152}, {'cluster_no': 0, 'count': 52}, {'cluster_no': 1, 'count': 33}]","[-1, 1, 1, -1, -1, -1, -1, 1, 1, -1, -1, 1, -1, -1, -1, -1, 1, 1, -1, -1, -1, -1, -1, -1, -1, 1, -1, 0, -1, 0, 0, -1, -1, 1, -1, -1, -1, -1, -1, -1, -1, 0, -1, -1, 1, 0, -1, 1, 1, -1, -1, -1, 1, 0, -1, -1, -1, 0, -1, -1, 1, -1, -1, -1, -1, 0, -1, 1, -1, -1, -1, -1, 1, -1, -1, -1, -1, -1, 0, -1, 0, 0, -1, 0, -1, -1, 0, -1, 0, -1, -1, 1, -1, -1, -1, 1, -1, -1, -1, -1, -1, -1, -1, -1, 0, -1, -1, 0, -1, -1, -1, -1, -1, -1, 0, -1, 0, -1, 1, -1, -1, -1, 0, 1, -1, 0, 1, -1, -1, -1, 1, -1, -1, -1, 1, -1, 0, -1, 1, -1, 0, 1, -1, 0, 0, -1, -1, -1, 1, -1, -1, -1, 1, 0, -1, -1, -1, -1, 0, 0, 0, -1, -1, -1, 0, -1, 0, 0, 0, -1, 1, 1, -1, -1, 0, -1, -1, 0, -1, 0, 0, 0, 0, -1, -1, -1, 0, -1, -1, 0, -1, -1, -1, -1, -1, -1, 1, -1, 0, 1, -1, -1, -1, 1, 1, -1, 0, 0, 0, 0, 0, 0, -1, -1, -1, 0, -1, 0, 0, -1, -1, -1, -1, -1, -1, -1, -1, -1, -1, -1, -1, -1, -1, 0, 0, -1, -1]"
150,10,28,0.5,0.6004219359553843,3,152,"[{'cluster_no': -1, 'count': 152}, {'cluster_no': 0, 'count': 52}, {'cluster_no': 1, 'count': 33}]","[-1, 1, 1, -1, -1, -1, -1, 1, 1, -1, -1, 1, -1, -1, -1, -1, 1, 1, -1, -1, -1, -1, -1, -1, -1, 1, -1, 0, -1, 0, 0, -1, -1, 1, -1, -1, -1, -1, -1, -1, -1, 0, -1, -1, 1, 0, -1, 1, 1, -1, -1, -1, 1, 0, -1, -1, -1, 0, -1, -1, 1, -1, -1, -1, -1, 0, -1, 1, -1, -1, -1, -1, 1, -1, -1, -1, -1, -1, 0, -1, 0, 0, -1, 0, -1, -1, 0, -1, 0, -1, -1, 1, -1, -1, -1, 1, -1, -1, -1, -1, -1, -1, -1, -1, 0, -1, -1, 0, -1, -1, -1, -1, -1, -1, 0, -1, 0, -1, 1, -1, -1, -1, 0, 1, -1, 0, 1, -1, -1, -1, 1, -1, -1, -1, 1, -1, 0, -1, 1, -1, 0, 1, -1, 0, 0, -1, -1, -1, 1, -1, -1, -1, 1, 0, -1, -1, -1, -1, 0, 0, 0, -1, -1, -1, 0, -1, 0, 0, 0, -1, 1, 1, -1, -1, 0, -1, -1, 0, -1, 0, 0, 0, 0, -1, -1, -1, 0, -1, -1, 0, -1, -1, -1, -1, -1, -1, 1, -1, 0, 1, -1, -1, -1, 1, 1, -1, 0, 0, 0, 0, 0, 0, -1, -1, -1, 0, -1, 0, 0, -1, -1, -1, -1, -1, -1, -1, -1, -1, -1, -1, -1, -1, -1, 0, 0, -1, -1]"
150,10,28,1.0,0.6004219359553843,3,152,"[{'cluster_no': -1, 'count': 152}, {'cluster_no': 0, 'count': 52}, {'cluster_no': 1, 'count': 33}]","[-1, 1, 1, -1, -1, -1, -1, 1, 1, -1, -1, 1, -1, -1, -1, -1, 1, 1, -1, -1, -1, -1, -1, -1, -1, 1, -1, 0, -1, 0, 0, -1, -1, 1, -1, -1, -1, -1, -1, -1, -1, 0, -1, -1, 1, 0, -1, 1, 1, -1, -1, -1, 1, 0, -1, -1, -1, 0, -1, -1, 1, -1, -1, -1, -1, 0, -1, 1, -1, -1, -1, -1, 1, -1, -1, -1, -1, -1, 0, -1, 0, 0, -1, 0, -1, -1, 0, -1, 0, -1, -1, 1, -1, -1, -1, 1, -1, -1, -1, -1, -1, -1, -1, -1, 0, -1, -1, 0, -1, -1, -1, -1, -1, -1, 0, -1, 0, -1, 1, -1, -1, -1, 0, 1, -1, 0, 1, -1, -1, -1, 1, -1, -1, -1, 1, -1, 0, -1, 1, -1, 0, 1, -1, 0, 0, -1, -1, -1, 1, -1, -1, -1, 1, 0, -1, -1, -1, -1, 0, 0, 0, -1, -1, -1, 0, -1, 0, 0, 0, -1, 1, 1, -1, -1, 0, -1, -1, 0, -1, 0, 0, 0, 0, -1, -1, -1, 0, -1, -1, 0, -1, -1, -1, -1, -1, -1, 1, -1, 0, 1, -1, -1, -1, 1, 1, -1, 0, 0, 0, 0, 0, 0, -1, -1, -1, 0, -1, 0, 0, -1, -1, -1, -1, -1, -1, -1, -1, -1, -1, -1, -1, -1, -1, 0, 0, -1, -1]"
150,10,29,0.0,0.6004219359553843,3,152,"[{'cluster_no': -1, 'count': 152}, {'cluster_no': 0, 'count': 52}, {'cluster_no': 1, 'count': 33}]","[-1, 1, 1, -1, -1, -1, -1, 1, 1, -1, -1, 1, -1, -1, -1, -1, 1, 1, -1, -1, -1, -1, -1, -1, -1, 1, -1, 0, -1, 0, 0, -1, -1, 1, -1, -1, -1, -1, -1, -1, -1, 0, -1, -1, 1, 0, -1, 1, 1, -1, -1, -1, 1, 0, -1, -1, -1, 0, -1, -1, 1, -1, -1, -1, -1, 0, -1, 1, -1, -1, -1, -1, 1, -1, -1, -1, -1, -1, 0, -1, 0, 0, -1, 0, -1, -1, 0, -1, 0, -1, -1, 1, -1, -1, -1, 1, -1, -1, -1, -1, -1, -1, -1, -1, 0, -1, -1, 0, -1, -1, -1, -1, -1, -1, 0, -1, 0, -1, 1, -1, -1, -1, 0, 1, -1, 0, 1, -1, -1, -1, 1, -1, -1, -1, 1, -1, 0, -1, 1, -1, 0, 1, -1, 0, 0, -1, -1, -1, 1, -1, -1, -1, 1, 0, -1, -1, -1, -1, 0, 0, 0, -1, -1, -1, 0, -1, 0, 0, 0, -1, 1, 1, -1, -1, 0, -1, -1, 0, -1, 0, 0, 0, 0, -1, -1, -1, 0, -1, -1, 0, -1, -1, -1, -1, -1, -1, 1, -1, 0, 1, -1, -1, -1, 1, 1, -1, 0, 0, 0, 0, 0, 0, -1, -1, -1, 0, -1, 0, 0, -1, -1, -1, -1, -1, -1, -1, -1, -1, -1, -1, -1, -1, -1, 0, 0, -1, -1]"
150,10,29,0.5,0.6004219359553843,3,152,"[{'cluster_no': -1, 'count': 152}, {'cluster_no': 0, 'count': 52}, {'cluster_no': 1, 'count': 33}]","[-1, 1, 1, -1, -1, -1, -1, 1, 1, -1, -1, 1, -1, -1, -1, -1, 1, 1, -1, -1, -1, -1, -1, -1, -1, 1, -1, 0, -1, 0, 0, -1, -1, 1, -1, -1, -1, -1, -1, -1, -1, 0, -1, -1, 1, 0, -1, 1, 1, -1, -1, -1, 1, 0, -1, -1, -1, 0, -1, -1, 1, -1, -1, -1, -1, 0, -1, 1, -1, -1, -1, -1, 1, -1, -1, -1, -1, -1, 0, -1, 0, 0, -1, 0, -1, -1, 0, -1, 0, -1, -1, 1, -1, -1, -1, 1, -1, -1, -1, -1, -1, -1, -1, -1, 0, -1, -1, 0, -1, -1, -1, -1, -1, -1, 0, -1, 0, -1, 1, -1, -1, -1, 0, 1, -1, 0, 1, -1, -1, -1, 1, -1, -1, -1, 1, -1, 0, -1, 1, -1, 0, 1, -1, 0, 0, -1, -1, -1, 1, -1, -1, -1, 1, 0, -1, -1, -1, -1, 0, 0, 0, -1, -1, -1, 0, -1, 0, 0, 0, -1, 1, 1, -1, -1, 0, -1, -1, 0, -1, 0, 0, 0, 0, -1, -1, -1, 0, -1, -1, 0, -1, -1, -1, -1, -1, -1, 1, -1, 0, 1, -1, -1, -1, 1, 1, -1, 0, 0, 0, 0, 0, 0, -1, -1, -1, 0, -1, 0, 0, -1, -1, -1, -1, -1, -1, -1, -1, -1, -1, -1, -1, -1, -1, 0, 0, -1, -1]"
150,10,29,1.0,0.6004219359553843,3,152,"[{'cluster_no': -1, 'count': 152}, {'cluster_no': 0, 'count': 52}, {'cluster_no': 1, 'count': 33}]","[-1, 1, 1, -1, -1, -1, -1, 1, 1, -1, -1, 1, -1, -1, -1, -1, 1, 1, -1, -1, -1, -1, -1, -1, -1, 1, -1, 0, -1, 0, 0, -1, -1, 1, -1, -1, -1, -1, -1, -1, -1, 0, -1, -1, 1, 0, -1, 1, 1, -1, -1, -1, 1, 0, -1, -1, -1, 0, -1, -1, 1, -1, -1, -1, -1, 0, -1, 1, -1, -1, -1, -1, 1, -1, -1, -1, -1, -1, 0, -1, 0, 0, -1, 0, -1, -1, 0, -1, 0, -1, -1, 1, -1, -1, -1, 1, -1, -1, -1, -1, -1, -1, -1, -1, 0, -1, -1, 0, -1, -1, -1, -1, -1, -1, 0, -1, 0, -1, 1, -1, -1, -1, 0, 1, -1, 0, 1, -1, -1, -1, 1, -1, -1, -1, 1, -1, 0, -1, 1, -1, 0, 1, -1, 0, 0, -1, -1, -1, 1, -1, -1, -1, 1, 0, -1, -1, -1, -1, 0, 0, 0, -1, -1, -1, 0, -1, 0, 0, 0, -1, 1, 1, -1, -1, 0, -1, -1, 0, -1, 0, 0, 0, 0, -1, -1, -1, 0, -1, -1, 0, -1, -1, -1, -1, -1, -1, 1, -1, 0, 1, -1, -1, -1, 1, 1, -1, 0, 0, 0, 0, 0, 0, -1, -1, -1, 0, -1, 0, 0, -1, -1, -1, -1, -1, -1, -1, -1, -1, -1, -1, -1, -1, -1, 0, 0, -1, -1]"
150,10,30,0.0,0.6004219359553843,3,152,"[{'cluster_no': -1, 'count': 152}, {'cluster_no': 0, 'count': 52}, {'cluster_no': 1, 'count': 33}]","[-1, 1, 1, -1, -1, -1, -1, 1, 1, -1, -1, 1, -1, -1, -1, -1, 1, 1, -1, -1, -1, -1, -1, -1, -1, 1, -1, 0, -1, 0, 0, -1, -1, 1, -1, -1, -1, -1, -1, -1, -1, 0, -1, -1, 1, 0, -1, 1, 1, -1, -1, -1, 1, 0, -1, -1, -1, 0, -1, -1, 1, -1, -1, -1, -1, 0, -1, 1, -1, -1, -1, -1, 1, -1, -1, -1, -1, -1, 0, -1, 0, 0, -1, 0, -1, -1, 0, -1, 0, -1, -1, 1, -1, -1, -1, 1, -1, -1, -1, -1, -1, -1, -1, -1, 0, -1, -1, 0, -1, -1, -1, -1, -1, -1, 0, -1, 0, -1, 1, -1, -1, -1, 0, 1, -1, 0, 1, -1, -1, -1, 1, -1, -1, -1, 1, -1, 0, -1, 1, -1, 0, 1, -1, 0, 0, -1, -1, -1, 1, -1, -1, -1, 1, 0, -1, -1, -1, -1, 0, 0, 0, -1, -1, -1, 0, -1, 0, 0, 0, -1, 1, 1, -1, -1, 0, -1, -1, 0, -1, 0, 0, 0, 0, -1, -1, -1, 0, -1, -1, 0, -1, -1, -1, -1, -1, -1, 1, -1, 0, 1, -1, -1, -1, 1, 1, -1, 0, 0, 0, 0, 0, 0, -1, -1, -1, 0, -1, 0, 0, -1, -1, -1, -1, -1, -1, -1, -1, -1, -1, -1, -1, -1, -1, 0, 0, -1, -1]"
150,10,30,0.5,0.6004219359553843,3,152,"[{'cluster_no': -1, 'count': 152}, {'cluster_no': 0, 'count': 52}, {'cluster_no': 1, 'count': 33}]","[-1, 1, 1, -1, -1, -1, -1, 1, 1, -1, -1, 1, -1, -1, -1, -1, 1, 1, -1, -1, -1, -1, -1, -1, -1, 1, -1, 0, -1, 0, 0, -1, -1, 1, -1, -1, -1, -1, -1, -1, -1, 0, -1, -1, 1, 0, -1, 1, 1, -1, -1, -1, 1, 0, -1, -1, -1, 0, -1, -1, 1, -1, -1, -1, -1, 0, -1, 1, -1, -1, -1, -1, 1, -1, -1, -1, -1, -1, 0, -1, 0, 0, -1, 0, -1, -1, 0, -1, 0, -1, -1, 1, -1, -1, -1, 1, -1, -1, -1, -1, -1, -1, -1, -1, 0, -1, -1, 0, -1, -1, -1, -1, -1, -1, 0, -1, 0, -1, 1, -1, -1, -1, 0, 1, -1, 0, 1, -1, -1, -1, 1, -1, -1, -1, 1, -1, 0, -1, 1, -1, 0, 1, -1, 0, 0, -1, -1, -1, 1, -1, -1, -1, 1, 0, -1, -1, -1, -1, 0, 0, 0, -1, -1, -1, 0, -1, 0, 0, 0, -1, 1, 1, -1, -1, 0, -1, -1, 0, -1, 0, 0, 0, 0, -1, -1, -1, 0, -1, -1, 0, -1, -1, -1, -1, -1, -1, 1, -1, 0, 1, -1, -1, -1, 1, 1, -1, 0, 0, 0, 0, 0, 0, -1, -1, -1, 0, -1, 0, 0, -1, -1, -1, -1, -1, -1, -1, -1, -1, -1, -1, -1, -1, -1, 0, 0, -1, -1]"
150,10,30,1.0,0.6004219359553843,3,152,"[{'cluster_no': -1, 'count': 152}, {'cluster_no': 0, 'count': 52}, {'cluster_no': 1, 'count': 33}]","[-1, 1, 1, -1, -1, -1, -1, 1, 1, -1, -1, 1, -1, -1, -1, -1, 1, 1, -1, -1, -1, -1, -1, -1, -1, 1, -1, 0, -1, 0, 0, -1, -1, 1, -1, -1, -1, -1, -1, -1, -1, 0, -1, -1, 1, 0, -1, 1, 1, -1, -1, -1, 1, 0, -1, -1, -1, 0, -1, -1, 1, -1, -1, -1, -1, 0, -1, 1, -1, -1, -1, -1, 1, -1, -1, -1, -1, -1, 0, -1, 0, 0, -1, 0, -1, -1, 0, -1, 0, -1, -1, 1, -1, -1, -1, 1, -1, -1, -1, -1, -1, -1, -1, -1, 0, -1, -1, 0, -1, -1, -1, -1, -1, -1, 0, -1, 0, -1, 1, -1, -1, -1, 0, 1, -1, 0, 1, -1, -1, -1, 1, -1, -1, -1, 1, -1, 0, -1, 1, -1, 0, 1, -1, 0, 0, -1, -1, -1, 1, -1, -1, -1, 1, 0, -1, -1, -1, -1, 0, 0, 0, -1, -1, -1, 0, -1, 0, 0, 0, -1, 1, 1, -1, -1, 0, -1, -1, 0, -1, 0, 0, 0, 0, -1, -1, -1, 0, -1, -1, 0, -1, -1, -1, -1, -1, -1, 1, -1, 0, 1, -1, -1, -1, 1, 1, -1, 0, 0, 0, 0, 0, 0, -1, -1, -1, 0, -1, 0, 0, -1, -1, -1, -1, -1, -1, -1, -1, -1, -1, -1, -1, -1, -1, 0, 0, -1, -1]"
150,11,5,0.0,0.7574430821072621,5,189,"[{'cluster_no': -1, 'count': 189}, {'cluster_no': 0, 'count': 16}, {'cluster_no': 1, 'count': 8}, {'cluster_no': 2, 'count': 6}, {'cluster_no': 3, 'count': 18}]","[-1, 0, 0, -1, -1, -1, -1, 0, 0, -1, -1, 0, -1, -1, -1, -1, 0, -1, -1, -1, -1, -1, -1, -1, -1, 1, -1, 2, -1, 3, -1, -1, -1, 0, -1, -1, -1, -1, -1, -1, -1, -1, -1, -1, 0, 3, -1, -1, 0, -1, -1, -1, 0, -1, -1, -1, -1, 3, -1, -1, 1, -1, -1, -1, -1, 2, -1, 0, -1, -1, -1, -1, 0, -1, -1, -1, -1, -1, 2, -1, 3, -1, -1, -1, -1, -1, -1, -1, 3, -1, -1, 1, -1, -1, -1, 1, -1, -1, -1, -1, -1, -1, -1, -1, 3, -1, -1, 2, -1, -1, -1, -1, -1, -1, -1, -1, -1, -1, 1, -1, -1, -1, -1, 0, -1, -1, 0, -1, -1, -1, 1, -1, -1, -1, -1, -1, -1, -1, -1, -1, -1, 0, -1, -1, 3, -1, -1, -1, -1, -1, -1, -1, 1, -1, -1, -1, -1, -1, 3, -1, 3, -1, -1, -1, -1, -1, 3, -1, 3, -1, -1, 0, -1, -1, 3, -1, -1, -1, -1, -1, -1, -1, -1, -1, -1, -1, 3, -1, -1, -1, -1, -1, -1, -1, -1, -1, -1, -1, -1, -1, -1, -1, -1, -1, 1, -1, 3, 3, -1, -1, 2, 3, -1, -1, -1, 2, -1, -1, 3, -1, -1, -1, -1, -1, -1, -1, -1, -1, -1, -1, -1, -1, -1, -1, 3, -1, -1]"
150,11,5,0.5,0.42282078870102074,3,173,"[{'cluster_no': -1, 'count': 173}, {'cluster_no': 0, 'count': 48}, {'cluster_no': 1, 'count': 16}]","[-1, 1, 1, -1, -1, -1, -1, 1, 1, -1, -1, 1, -1, -1, -1, -1, 1, 0, -1, -1, -1, -1, -1, -1, -1, 0, -1, 0, -1, 0, -1, -1, -1, 1, -1, -1, -1, -1, -1, -1, -1, -1, -1, -1, 1, 0, -1, -1, 1, -1, -1, -1, 1, 0, -1, -1, -1, 0, -1, -1, 0, -1, -1, -1, -1, 0, -1, 1, -1, -1, -1, -1, 1, -1, -1, -1, -1, -1, 0, -1, 0, -1, -1, 0, -1, -1, 0, -1, 0, -1, -1, 0, -1, -1, -1, 0, -1, -1, -1, -1, -1, -1, -1, -1, 0, -1, -1, 0, -1, -1, -1, -1, -1, -1, -1, -1, -1, -1, 0, -1, -1, -1, -1, 1, -1, 0, 1, -1, -1, -1, 0, -1, -1, -1, -1, -1, 0, -1, 0, -1, -1, 1, -1, 0, 0, -1, -1, -1, -1, -1, -1, -1, 0, -1, -1, -1, -1, -1, 0, 0, 0, -1, -1, -1, 0, -1, 0, 0, 0, -1, -1, 1, -1, -1, 0, -1, -1, -1, -1, -1, -1, 0, -1, -1, -1, -1, 0, -1, -1, 0, -1, -1, -1, -1, -1, -1, 0, -1, -1, -1, -1, -1, -1, -1, 0, -1, 0, 0, 0, 0, 0, 0, -1, -1, -1, 0, -1, -1, 0, -1, -1, -1, -1, -1, -1, -1, -1, -1, -1, -1, -1, -1, -1, -1, 0, -1, -1]"
150,11,5,1.0,0.42282078870102074,3,173,"[{'cluster_no': -1, 'count': 173}, {'cluster_no': 0, 'count': 48}, {'cluster_no': 1, 'count': 16}]","[-1, 1, 1, -1, -1, -1, -1, 1, 1, -1, -1, 1, -1, -1, -1, -1, 1, 0, -1, -1, -1, -1, -1, -1, -1, 0, -1, 0, -1, 0, -1, -1, -1, 1, -1, -1, -1, -1, -1, -1, -1, -1, -1, -1, 1, 0, -1, -1, 1, -1, -1, -1, 1, 0, -1, -1, -1, 0, -1, -1, 0, -1, -1, -1, -1, 0, -1, 1, -1, -1, -1, -1, 1, -1, -1, -1, -1, -1, 0, -1, 0, -1, -1, 0, -1, -1, 0, -1, 0, -1, -1, 0, -1, -1, -1, 0, -1, -1, -1, -1, -1, -1, -1, -1, 0, -1, -1, 0, -1, -1, -1, -1, -1, -1, -1, -1, -1, -1, 0, -1, -1, -1, -1, 1, -1, 0, 1, -1, -1, -1, 0, -1, -1, -1, -1, -1, 0, -1, 0, -1, -1, 1, -1, 0, 0, -1, -1, -1, -1, -1, -1, -1, 0, -1, -1, -1, -1, -1, 0, 0, 0, -1, -1, -1, 0, -1, 0, 0, 0, -1, -1, 1, -1, -1, 0, -1, -1, -1, -1, -1, -1, 0, -1, -1, -1, -1, 0, -1, -1, 0, -1, -1, -1, -1, -1, -1, 0, -1, -1, -1, -1, -1, -1, -1, 0, -1, 0, 0, 0, 0, 0, 0, -1, -1, -1, 0, -1, -1, 0, -1, -1, -1, -1, -1, -1, -1, -1, -1, -1, -1, -1, -1, -1, -1, 0, -1, -1]"
150,11,6,0.0,0.7574430821072621,5,189,"[{'cluster_no': -1, 'count': 189}, {'cluster_no': 0, 'count': 16}, {'cluster_no': 1, 'count': 8}, {'cluster_no': 2, 'count': 6}, {'cluster_no': 3, 'count': 18}]","[-1, 0, 0, -1, -1, -1, -1, 0, 0, -1, -1, 0, -1, -1, -1, -1, 0, -1, -1, -1, -1, -1, -1, -1, -1, 1, -1, 2, -1, 3, -1, -1, -1, 0, -1, -1, -1, -1, -1, -1, -1, -1, -1, -1, 0, 3, -1, -1, 0, -1, -1, -1, 0, -1, -1, -1, -1, 3, -1, -1, 1, -1, -1, -1, -1, 2, -1, 0, -1, -1, -1, -1, 0, -1, -1, -1, -1, -1, 2, -1, 3, -1, -1, -1, -1, -1, -1, -1, 3, -1, -1, 1, -1, -1, -1, 1, -1, -1, -1, -1, -1, -1, -1, -1, 3, -1, -1, 2, -1, -1, -1, -1, -1, -1, -1, -1, -1, -1, 1, -1, -1, -1, -1, 0, -1, -1, 0, -1, -1, -1, 1, -1, -1, -1, -1, -1, -1, -1, -1, -1, -1, 0, -1, -1, 3, -1, -1, -1, -1, -1, -1, -1, 1, -1, -1, -1, -1, -1, 3, -1, 3, -1, -1, -1, -1, -1, 3, -1, 3, -1, -1, 0, -1, -1, 3, -1, -1, -1, -1, -1, -1, -1, -1, -1, -1, -1, 3, -1, -1, -1, -1, -1, -1, -1, -1, -1, -1, -1, -1, -1, -1, -1, -1, -1, 1, -1, 3, 3, -1, -1, 2, 3, -1, -1, -1, 2, -1, -1, 3, -1, -1, -1, -1, -1, -1, -1, -1, -1, -1, -1, -1, -1, -1, -1, 3, -1, -1]"
150,11,6,0.5,0.42282078870102074,3,173,"[{'cluster_no': -1, 'count': 173}, {'cluster_no': 0, 'count': 48}, {'cluster_no': 1, 'count': 16}]","[-1, 1, 1, -1, -1, -1, -1, 1, 1, -1, -1, 1, -1, -1, -1, -1, 1, 0, -1, -1, -1, -1, -1, -1, -1, 0, -1, 0, -1, 0, -1, -1, -1, 1, -1, -1, -1, -1, -1, -1, -1, -1, -1, -1, 1, 0, -1, -1, 1, -1, -1, -1, 1, 0, -1, -1, -1, 0, -1, -1, 0, -1, -1, -1, -1, 0, -1, 1, -1, -1, -1, -1, 1, -1, -1, -1, -1, -1, 0, -1, 0, -1, -1, 0, -1, -1, 0, -1, 0, -1, -1, 0, -1, -1, -1, 0, -1, -1, -1, -1, -1, -1, -1, -1, 0, -1, -1, 0, -1, -1, -1, -1, -1, -1, -1, -1, -1, -1, 0, -1, -1, -1, -1, 1, -1, 0, 1, -1, -1, -1, 0, -1, -1, -1, -1, -1, 0, -1, 0, -1, -1, 1, -1, 0, 0, -1, -1, -1, -1, -1, -1, -1, 0, -1, -1, -1, -1, -1, 0, 0, 0, -1, -1, -1, 0, -1, 0, 0, 0, -1, -1, 1, -1, -1, 0, -1, -1, -1, -1, -1, -1, 0, -1, -1, -1, -1, 0, -1, -1, 0, -1, -1, -1, -1, -1, -1, 0, -1, -1, -1, -1, -1, -1, -1, 0, -1, 0, 0, 0, 0, 0, 0, -1, -1, -1, 0, -1, -1, 0, -1, -1, -1, -1, -1, -1, -1, -1, -1, -1, -1, -1, -1, -1, -1, 0, -1, -1]"
150,11,6,1.0,0.42282078870102074,3,173,"[{'cluster_no': -1, 'count': 173}, {'cluster_no': 0, 'count': 48}, {'cluster_no': 1, 'count': 16}]","[-1, 1, 1, -1, -1, -1, -1, 1, 1, -1, -1, 1, -1, -1, -1, -1, 1, 0, -1, -1, -1, -1, -1, -1, -1, 0, -1, 0, -1, 0, -1, -1, -1, 1, -1, -1, -1, -1, -1, -1, -1, -1, -1, -1, 1, 0, -1, -1, 1, -1, -1, -1, 1, 0, -1, -1, -1, 0, -1, -1, 0, -1, -1, -1, -1, 0, -1, 1, -1, -1, -1, -1, 1, -1, -1, -1, -1, -1, 0, -1, 0, -1, -1, 0, -1, -1, 0, -1, 0, -1, -1, 0, -1, -1, -1, 0, -1, -1, -1, -1, -1, -1, -1, -1, 0, -1, -1, 0, -1, -1, -1, -1, -1, -1, -1, -1, -1, -1, 0, -1, -1, -1, -1, 1, -1, 0, 1, -1, -1, -1, 0, -1, -1, -1, -1, -1, 0, -1, 0, -1, -1, 1, -1, 0, 0, -1, -1, -1, -1, -1, -1, -1, 0, -1, -1, -1, -1, -1, 0, 0, 0, -1, -1, -1, 0, -1, 0, 0, 0, -1, -1, 1, -1, -1, 0, -1, -1, -1, -1, -1, -1, 0, -1, -1, -1, -1, 0, -1, -1, 0, -1, -1, -1, -1, -1, -1, 0, -1, -1, -1, -1, -1, -1, -1, 0, -1, 0, 0, 0, 0, 0, 0, -1, -1, -1, 0, -1, -1, 0, -1, -1, -1, -1, -1, -1, -1, -1, -1, -1, -1, -1, -1, -1, -1, 0, -1, -1]"
150,11,7,0.0,0.6558987001211296,4,178,"[{'cluster_no': -1, 'count': 178}, {'cluster_no': 0, 'count': 16}, {'cluster_no': 1, 'count': 35}, {'cluster_no': 2, 'count': 8}]","[-1, 0, 0, -1, -1, -1, -1, 0, 0, -1, -1, 0, -1, -1, -1, -1, 0, -1, -1, -1, -1, -1, -1, -1, -1, 2, -1, 1, -1, 1, -1, -1, -1, 0, -1, -1, -1, -1, -1, -1, -1, -1, -1, -1, 0, 1, -1, -1, 0, -1, -1, -1, 0, 1, -1, -1, -1, 1, -1, -1, 2, -1, -1, -1, -1, 1, -1, 0, -1, -1, -1, -1, 0, -1, -1, -1, -1, -1, 1, -1, 1, -1, -1, 1, -1, -1, 1, -1, 1, -1, -1, 2, -1, -1, -1, 2, -1, -1, -1, -1, -1, -1, -1, -1, 1, -1, -1, 1, -1, -1, -1, -1, -1, -1, -1, -1, -1, -1, 2, -1, -1, -1, -1, 0, -1, -1, 0, -1, -1, -1, 2, -1, -1, -1, -1, -1, -1, -1, 1, -1, -1, 0, -1, -1, 1, -1, -1, -1, -1, -1, -1, -1, 2, -1, -1, -1, -1, -1, 1, 1, 1, -1, -1, -1, 1, -1, 1, 1, 1, -1, -1, 0, -1, -1, 1, -1, -1, -1, -1, -1, -1, 1, -1, -1, -1, -1, 1, -1, -1, 1, -1, -1, -1, -1, -1, -1, -1, -1, -1, -1, -1, -1, -1, -1, 2, -1, 1, 1, 1, 1, 1, 1, -1, -1, -1, 1, -1, -1, 1, -1, -1, -1, -1, -1, -1, -1, -1, -1, -1, -1, -1, -1, -1, -1, 1, -1, -1]"
150,11,7,0.5,0.42282078870102074,3,173,"[{'cluster_no': -1, 'count': 173}, {'cluster_no': 0, 'count': 48}, {'cluster_no': 1, 'count': 16}]","[-1, 1, 1, -1, -1, -1, -1, 1, 1, -1, -1, 1, -1, -1, -1, -1, 1, 0, -1, -1, -1, -1, -1, -1, -1, 0, -1, 0, -1, 0, -1, -1, -1, 1, -1, -1, -1, -1, -1, -1, -1, -1, -1, -1, 1, 0, -1, -1, 1, -1, -1, -1, 1, 0, -1, -1, -1, 0, -1, -1, 0, -1, -1, -1, -1, 0, -1, 1, -1, -1, -1, -1, 1, -1, -1, -1, -1, -1, 0, -1, 0, -1, -1, 0, -1, -1, 0, -1, 0, -1, -1, 0, -1, -1, -1, 0, -1, -1, -1, -1, -1, -1, -1, -1, 0, -1, -1, 0, -1, -1, -1, -1, -1, -1, -1, -1, -1, -1, 0, -1, -1, -1, -1, 1, -1, 0, 1, -1, -1, -1, 0, -1, -1, -1, -1, -1, 0, -1, 0, -1, -1, 1, -1, 0, 0, -1, -1, -1, -1, -1, -1, -1, 0, -1, -1, -1, -1, -1, 0, 0, 0, -1, -1, -1, 0, -1, 0, 0, 0, -1, -1, 1, -1, -1, 0, -1, -1, -1, -1, -1, -1, 0, -1, -1, -1, -1, 0, -1, -1, 0, -1, -1, -1, -1, -1, -1, 0, -1, -1, -1, -1, -1, -1, -1, 0, -1, 0, 0, 0, 0, 0, 0, -1, -1, -1, 0, -1, -1, 0, -1, -1, -1, -1, -1, -1, -1, -1, -1, -1, -1, -1, -1, -1, -1, 0, -1, -1]"
150,11,7,1.0,0.42282078870102074,3,173,"[{'cluster_no': -1, 'count': 173}, {'cluster_no': 0, 'count': 48}, {'cluster_no': 1, 'count': 16}]","[-1, 1, 1, -1, -1, -1, -1, 1, 1, -1, -1, 1, -1, -1, -1, -1, 1, 0, -1, -1, -1, -1, -1, -1, -1, 0, -1, 0, -1, 0, -1, -1, -1, 1, -1, -1, -1, -1, -1, -1, -1, -1, -1, -1, 1, 0, -1, -1, 1, -1, -1, -1, 1, 0, -1, -1, -1, 0, -1, -1, 0, -1, -1, -1, -1, 0, -1, 1, -1, -1, -1, -1, 1, -1, -1, -1, -1, -1, 0, -1, 0, -1, -1, 0, -1, -1, 0, -1, 0, -1, -1, 0, -1, -1, -1, 0, -1, -1, -1, -1, -1, -1, -1, -1, 0, -1, -1, 0, -1, -1, -1, -1, -1, -1, -1, -1, -1, -1, 0, -1, -1, -1, -1, 1, -1, 0, 1, -1, -1, -1, 0, -1, -1, -1, -1, -1, 0, -1, 0, -1, -1, 1, -1, 0, 0, -1, -1, -1, -1, -1, -1, -1, 0, -1, -1, -1, -1, -1, 0, 0, 0, -1, -1, -1, 0, -1, 0, 0, 0, -1, -1, 1, -1, -1, 0, -1, -1, -1, -1, -1, -1, 0, -1, -1, -1, -1, 0, -1, -1, 0, -1, -1, -1, -1, -1, -1, 0, -1, -1, -1, -1, -1, -1, -1, 0, -1, 0, 0, 0, 0, 0, 0, -1, -1, -1, 0, -1, -1, 0, -1, -1, -1, -1, -1, -1, -1, -1, -1, -1, -1, -1, -1, -1, -1, 0, -1, -1]"
150,11,8,0.0,0.6558987001211296,4,178,"[{'cluster_no': -1, 'count': 178}, {'cluster_no': 0, 'count': 16}, {'cluster_no': 1, 'count': 35}, {'cluster_no': 2, 'count': 8}]","[-1, 0, 0, -1, -1, -1, -1, 0, 0, -1, -1, 0, -1, -1, -1, -1, 0, -1, -1, -1, -1, -1, -1, -1, -1, 2, -1, 1, -1, 1, -1, -1, -1, 0, -1, -1, -1, -1, -1, -1, -1, -1, -1, -1, 0, 1, -1, -1, 0, -1, -1, -1, 0, 1, -1, -1, -1, 1, -1, -1, 2, -1, -1, -1, -1, 1, -1, 0, -1, -1, -1, -1, 0, -1, -1, -1, -1, -1, 1, -1, 1, -1, -1, 1, -1, -1, 1, -1, 1, -1, -1, 2, -1, -1, -1, 2, -1, -1, -1, -1, -1, -1, -1, -1, 1, -1, -1, 1, -1, -1, -1, -1, -1, -1, -1, -1, -1, -1, 2, -1, -1, -1, -1, 0, -1, -1, 0, -1, -1, -1, 2, -1, -1, -1, -1, -1, -1, -1, 1, -1, -1, 0, -1, -1, 1, -1, -1, -1, -1, -1, -1, -1, 2, -1, -1, -1, -1, -1, 1, 1, 1, -1, -1, -1, 1, -1, 1, 1, 1, -1, -1, 0, -1, -1, 1, -1, -1, -1, -1, -1, -1, 1, -1, -1, -1, -1, 1, -1, -1, 1, -1, -1, -1, -1, -1, -1, -1, -1, -1, -1, -1, -1, -1, -1, 2, -1, 1, 1, 1, 1, 1, 1, -1, -1, -1, 1, -1, -1, 1, -1, -1, -1, -1, -1, -1, -1, -1, -1, -1, -1, -1, -1, -1, -1, 1, -1, -1]"
150,11,8,0.5,0.42282078870102074,3,173,"[{'cluster_no': -1, 'count': 173}, {'cluster_no': 0, 'count': 48}, {'cluster_no': 1, 'count': 16}]","[-1, 1, 1, -1, -1, -1, -1, 1, 1, -1, -1, 1, -1, -1, -1, -1, 1, 0, -1, -1, -1, -1, -1, -1, -1, 0, -1, 0, -1, 0, -1, -1, -1, 1, -1, -1, -1, -1, -1, -1, -1, -1, -1, -1, 1, 0, -1, -1, 1, -1, -1, -1, 1, 0, -1, -1, -1, 0, -1, -1, 0, -1, -1, -1, -1, 0, -1, 1, -1, -1, -1, -1, 1, -1, -1, -1, -1, -1, 0, -1, 0, -1, -1, 0, -1, -1, 0, -1, 0, -1, -1, 0, -1, -1, -1, 0, -1, -1, -1, -1, -1, -1, -1, -1, 0, -1, -1, 0, -1, -1, -1, -1, -1, -1, -1, -1, -1, -1, 0, -1, -1, -1, -1, 1, -1, 0, 1, -1, -1, -1, 0, -1, -1, -1, -1, -1, 0, -1, 0, -1, -1, 1, -1, 0, 0, -1, -1, -1, -1, -1, -1, -1, 0, -1, -1, -1, -1, -1, 0, 0, 0, -1, -1, -1, 0, -1, 0, 0, 0, -1, -1, 1, -1, -1, 0, -1, -1, -1, -1, -1, -1, 0, -1, -1, -1, -1, 0, -1, -1, 0, -1, -1, -1, -1, -1, -1, 0, -1, -1, -1, -1, -1, -1, -1, 0, -1, 0, 0, 0, 0, 0, 0, -1, -1, -1, 0, -1, -1, 0, -1, -1, -1, -1, -1, -1, -1, -1, -1, -1, -1, -1, -1, -1, -1, 0, -1, -1]"
150,11,8,1.0,0.42282078870102074,3,173,"[{'cluster_no': -1, 'count': 173}, {'cluster_no': 0, 'count': 48}, {'cluster_no': 1, 'count': 16}]","[-1, 1, 1, -1, -1, -1, -1, 1, 1, -1, -1, 1, -1, -1, -1, -1, 1, 0, -1, -1, -1, -1, -1, -1, -1, 0, -1, 0, -1, 0, -1, -1, -1, 1, -1, -1, -1, -1, -1, -1, -1, -1, -1, -1, 1, 0, -1, -1, 1, -1, -1, -1, 1, 0, -1, -1, -1, 0, -1, -1, 0, -1, -1, -1, -1, 0, -1, 1, -1, -1, -1, -1, 1, -1, -1, -1, -1, -1, 0, -1, 0, -1, -1, 0, -1, -1, 0, -1, 0, -1, -1, 0, -1, -1, -1, 0, -1, -1, -1, -1, -1, -1, -1, -1, 0, -1, -1, 0, -1, -1, -1, -1, -1, -1, -1, -1, -1, -1, 0, -1, -1, -1, -1, 1, -1, 0, 1, -1, -1, -1, 0, -1, -1, -1, -1, -1, 0, -1, 0, -1, -1, 1, -1, 0, 0, -1, -1, -1, -1, -1, -1, -1, 0, -1, -1, -1, -1, -1, 0, 0, 0, -1, -1, -1, 0, -1, 0, 0, 0, -1, -1, 1, -1, -1, 0, -1, -1, -1, -1, -1, -1, 0, -1, -1, -1, -1, 0, -1, -1, 0, -1, -1, -1, -1, -1, -1, 0, -1, -1, -1, -1, -1, -1, -1, 0, -1, 0, 0, 0, 0, 0, 0, -1, -1, -1, 0, -1, -1, 0, -1, -1, -1, -1, -1, -1, -1, -1, -1, -1, -1, -1, -1, -1, -1, 0, -1, -1]"
150,11,9,0.0,0.42282078870102074,3,173,"[{'cluster_no': -1, 'count': 173}, {'cluster_no': 0, 'count': 48}, {'cluster_no': 1, 'count': 16}]","[-1, 1, 1, -1, -1, -1, -1, 1, 1, -1, -1, 1, -1, -1, -1, -1, 1, 0, -1, -1, -1, -1, -1, -1, -1, 0, -1, 0, -1, 0, -1, -1, -1, 1, -1, -1, -1, -1, -1, -1, -1, -1, -1, -1, 1, 0, -1, -1, 1, -1, -1, -1, 1, 0, -1, -1, -1, 0, -1, -1, 0, -1, -1, -1, -1, 0, -1, 1, -1, -1, -1, -1, 1, -1, -1, -1, -1, -1, 0, -1, 0, -1, -1, 0, -1, -1, 0, -1, 0, -1, -1, 0, -1, -1, -1, 0, -1, -1, -1, -1, -1, -1, -1, -1, 0, -1, -1, 0, -1, -1, -1, -1, -1, -1, -1, -1, -1, -1, 0, -1, -1, -1, -1, 1, -1, 0, 1, -1, -1, -1, 0, -1, -1, -1, -1, -1, 0, -1, 0, -1, -1, 1, -1, 0, 0, -1, -1, -1, -1, -1, -1, -1, 0, -1, -1, -1, -1, -1, 0, 0, 0, -1, -1, -1, 0, -1, 0, 0, 0, -1, -1, 1, -1, -1, 0, -1, -1, -1, -1, -1, -1, 0, -1, -1, -1, -1, 0, -1, -1, 0, -1, -1, -1, -1, -1, -1, 0, -1, -1, -1, -1, -1, -1, -1, 0, -1, 0, 0, 0, 0, 0, 0, -1, -1, -1, 0, -1, -1, 0, -1, -1, -1, -1, -1, -1, -1, -1, -1, -1, -1, -1, -1, -1, -1, 0, -1, -1]"
150,11,9,0.5,0.42282078870102074,3,173,"[{'cluster_no': -1, 'count': 173}, {'cluster_no': 0, 'count': 48}, {'cluster_no': 1, 'count': 16}]","[-1, 1, 1, -1, -1, -1, -1, 1, 1, -1, -1, 1, -1, -1, -1, -1, 1, 0, -1, -1, -1, -1, -1, -1, -1, 0, -1, 0, -1, 0, -1, -1, -1, 1, -1, -1, -1, -1, -1, -1, -1, -1, -1, -1, 1, 0, -1, -1, 1, -1, -1, -1, 1, 0, -1, -1, -1, 0, -1, -1, 0, -1, -1, -1, -1, 0, -1, 1, -1, -1, -1, -1, 1, -1, -1, -1, -1, -1, 0, -1, 0, -1, -1, 0, -1, -1, 0, -1, 0, -1, -1, 0, -1, -1, -1, 0, -1, -1, -1, -1, -1, -1, -1, -1, 0, -1, -1, 0, -1, -1, -1, -1, -1, -1, -1, -1, -1, -1, 0, -1, -1, -1, -1, 1, -1, 0, 1, -1, -1, -1, 0, -1, -1, -1, -1, -1, 0, -1, 0, -1, -1, 1, -1, 0, 0, -1, -1, -1, -1, -1, -1, -1, 0, -1, -1, -1, -1, -1, 0, 0, 0, -1, -1, -1, 0, -1, 0, 0, 0, -1, -1, 1, -1, -1, 0, -1, -1, -1, -1, -1, -1, 0, -1, -1, -1, -1, 0, -1, -1, 0, -1, -1, -1, -1, -1, -1, 0, -1, -1, -1, -1, -1, -1, -1, 0, -1, 0, 0, 0, 0, 0, 0, -1, -1, -1, 0, -1, -1, 0, -1, -1, -1, -1, -1, -1, -1, -1, -1, -1, -1, -1, -1, -1, -1, 0, -1, -1]"
150,11,9,1.0,0.42282078870102074,3,173,"[{'cluster_no': -1, 'count': 173}, {'cluster_no': 0, 'count': 48}, {'cluster_no': 1, 'count': 16}]","[-1, 1, 1, -1, -1, -1, -1, 1, 1, -1, -1, 1, -1, -1, -1, -1, 1, 0, -1, -1, -1, -1, -1, -1, -1, 0, -1, 0, -1, 0, -1, -1, -1, 1, -1, -1, -1, -1, -1, -1, -1, -1, -1, -1, 1, 0, -1, -1, 1, -1, -1, -1, 1, 0, -1, -1, -1, 0, -1, -1, 0, -1, -1, -1, -1, 0, -1, 1, -1, -1, -1, -1, 1, -1, -1, -1, -1, -1, 0, -1, 0, -1, -1, 0, -1, -1, 0, -1, 0, -1, -1, 0, -1, -1, -1, 0, -1, -1, -1, -1, -1, -1, -1, -1, 0, -1, -1, 0, -1, -1, -1, -1, -1, -1, -1, -1, -1, -1, 0, -1, -1, -1, -1, 1, -1, 0, 1, -1, -1, -1, 0, -1, -1, -1, -1, -1, 0, -1, 0, -1, -1, 1, -1, 0, 0, -1, -1, -1, -1, -1, -1, -1, 0, -1, -1, -1, -1, -1, 0, 0, 0, -1, -1, -1, 0, -1, 0, 0, 0, -1, -1, 1, -1, -1, 0, -1, -1, -1, -1, -1, -1, 0, -1, -1, -1, -1, 0, -1, -1, 0, -1, -1, -1, -1, -1, -1, 0, -1, -1, -1, -1, -1, -1, -1, 0, -1, 0, 0, 0, 0, 0, 0, -1, -1, -1, 0, -1, -1, 0, -1, -1, -1, -1, -1, -1, -1, -1, -1, -1, -1, -1, -1, -1, -1, 0, -1, -1]"
150,11,10,0.0,0.42282078870102074,3,173,"[{'cluster_no': -1, 'count': 173}, {'cluster_no': 0, 'count': 48}, {'cluster_no': 1, 'count': 16}]","[-1, 1, 1, -1, -1, -1, -1, 1, 1, -1, -1, 1, -1, -1, -1, -1, 1, 0, -1, -1, -1, -1, -1, -1, -1, 0, -1, 0, -1, 0, -1, -1, -1, 1, -1, -1, -1, -1, -1, -1, -1, -1, -1, -1, 1, 0, -1, -1, 1, -1, -1, -1, 1, 0, -1, -1, -1, 0, -1, -1, 0, -1, -1, -1, -1, 0, -1, 1, -1, -1, -1, -1, 1, -1, -1, -1, -1, -1, 0, -1, 0, -1, -1, 0, -1, -1, 0, -1, 0, -1, -1, 0, -1, -1, -1, 0, -1, -1, -1, -1, -1, -1, -1, -1, 0, -1, -1, 0, -1, -1, -1, -1, -1, -1, -1, -1, -1, -1, 0, -1, -1, -1, -1, 1, -1, 0, 1, -1, -1, -1, 0, -1, -1, -1, -1, -1, 0, -1, 0, -1, -1, 1, -1, 0, 0, -1, -1, -1, -1, -1, -1, -1, 0, -1, -1, -1, -1, -1, 0, 0, 0, -1, -1, -1, 0, -1, 0, 0, 0, -1, -1, 1, -1, -1, 0, -1, -1, -1, -1, -1, -1, 0, -1, -1, -1, -1, 0, -1, -1, 0, -1, -1, -1, -1, -1, -1, 0, -1, -1, -1, -1, -1, -1, -1, 0, -1, 0, 0, 0, 0, 0, 0, -1, -1, -1, 0, -1, -1, 0, -1, -1, -1, -1, -1, -1, -1, -1, -1, -1, -1, -1, -1, -1, -1, 0, -1, -1]"
150,11,10,0.5,0.42282078870102074,3,173,"[{'cluster_no': -1, 'count': 173}, {'cluster_no': 0, 'count': 48}, {'cluster_no': 1, 'count': 16}]","[-1, 1, 1, -1, -1, -1, -1, 1, 1, -1, -1, 1, -1, -1, -1, -1, 1, 0, -1, -1, -1, -1, -1, -1, -1, 0, -1, 0, -1, 0, -1, -1, -1, 1, -1, -1, -1, -1, -1, -1, -1, -1, -1, -1, 1, 0, -1, -1, 1, -1, -1, -1, 1, 0, -1, -1, -1, 0, -1, -1, 0, -1, -1, -1, -1, 0, -1, 1, -1, -1, -1, -1, 1, -1, -1, -1, -1, -1, 0, -1, 0, -1, -1, 0, -1, -1, 0, -1, 0, -1, -1, 0, -1, -1, -1, 0, -1, -1, -1, -1, -1, -1, -1, -1, 0, -1, -1, 0, -1, -1, -1, -1, -1, -1, -1, -1, -1, -1, 0, -1, -1, -1, -1, 1, -1, 0, 1, -1, -1, -1, 0, -1, -1, -1, -1, -1, 0, -1, 0, -1, -1, 1, -1, 0, 0, -1, -1, -1, -1, -1, -1, -1, 0, -1, -1, -1, -1, -1, 0, 0, 0, -1, -1, -1, 0, -1, 0, 0, 0, -1, -1, 1, -1, -1, 0, -1, -1, -1, -1, -1, -1, 0, -1, -1, -1, -1, 0, -1, -1, 0, -1, -1, -1, -1, -1, -1, 0, -1, -1, -1, -1, -1, -1, -1, 0, -1, 0, 0, 0, 0, 0, 0, -1, -1, -1, 0, -1, -1, 0, -1, -1, -1, -1, -1, -1, -1, -1, -1, -1, -1, -1, -1, -1, -1, 0, -1, -1]"
150,11,10,1.0,0.42282078870102074,3,173,"[{'cluster_no': -1, 'count': 173}, {'cluster_no': 0, 'count': 48}, {'cluster_no': 1, 'count': 16}]","[-1, 1, 1, -1, -1, -1, -1, 1, 1, -1, -1, 1, -1, -1, -1, -1, 1, 0, -1, -1, -1, -1, -1, -1, -1, 0, -1, 0, -1, 0, -1, -1, -1, 1, -1, -1, -1, -1, -1, -1, -1, -1, -1, -1, 1, 0, -1, -1, 1, -1, -1, -1, 1, 0, -1, -1, -1, 0, -1, -1, 0, -1, -1, -1, -1, 0, -1, 1, -1, -1, -1, -1, 1, -1, -1, -1, -1, -1, 0, -1, 0, -1, -1, 0, -1, -1, 0, -1, 0, -1, -1, 0, -1, -1, -1, 0, -1, -1, -1, -1, -1, -1, -1, -1, 0, -1, -1, 0, -1, -1, -1, -1, -1, -1, -1, -1, -1, -1, 0, -1, -1, -1, -1, 1, -1, 0, 1, -1, -1, -1, 0, -1, -1, -1, -1, -1, 0, -1, 0, -1, -1, 1, -1, 0, 0, -1, -1, -1, -1, -1, -1, -1, 0, -1, -1, -1, -1, -1, 0, 0, 0, -1, -1, -1, 0, -1, 0, 0, 0, -1, -1, 1, -1, -1, 0, -1, -1, -1, -1, -1, -1, 0, -1, -1, -1, -1, 0, -1, -1, 0, -1, -1, -1, -1, -1, -1, 0, -1, -1, -1, -1, -1, -1, -1, 0, -1, 0, 0, 0, 0, 0, 0, -1, -1, -1, 0, -1, -1, 0, -1, -1, -1, -1, -1, -1, -1, -1, -1, -1, -1, -1, -1, -1, -1, 0, -1, -1]"
150,11,11,0.0,0.42282078870102074,3,173,"[{'cluster_no': -1, 'count': 173}, {'cluster_no': 0, 'count': 48}, {'cluster_no': 1, 'count': 16}]","[-1, 1, 1, -1, -1, -1, -1, 1, 1, -1, -1, 1, -1, -1, -1, -1, 1, 0, -1, -1, -1, -1, -1, -1, -1, 0, -1, 0, -1, 0, -1, -1, -1, 1, -1, -1, -1, -1, -1, -1, -1, -1, -1, -1, 1, 0, -1, -1, 1, -1, -1, -1, 1, 0, -1, -1, -1, 0, -1, -1, 0, -1, -1, -1, -1, 0, -1, 1, -1, -1, -1, -1, 1, -1, -1, -1, -1, -1, 0, -1, 0, -1, -1, 0, -1, -1, 0, -1, 0, -1, -1, 0, -1, -1, -1, 0, -1, -1, -1, -1, -1, -1, -1, -1, 0, -1, -1, 0, -1, -1, -1, -1, -1, -1, -1, -1, -1, -1, 0, -1, -1, -1, -1, 1, -1, 0, 1, -1, -1, -1, 0, -1, -1, -1, -1, -1, 0, -1, 0, -1, -1, 1, -1, 0, 0, -1, -1, -1, -1, -1, -1, -1, 0, -1, -1, -1, -1, -1, 0, 0, 0, -1, -1, -1, 0, -1, 0, 0, 0, -1, -1, 1, -1, -1, 0, -1, -1, -1, -1, -1, -1, 0, -1, -1, -1, -1, 0, -1, -1, 0, -1, -1, -1, -1, -1, -1, 0, -1, -1, -1, -1, -1, -1, -1, 0, -1, 0, 0, 0, 0, 0, 0, -1, -1, -1, 0, -1, -1, 0, -1, -1, -1, -1, -1, -1, -1, -1, -1, -1, -1, -1, -1, -1, -1, 0, -1, -1]"
150,11,11,0.5,0.42282078870102074,3,173,"[{'cluster_no': -1, 'count': 173}, {'cluster_no': 0, 'count': 48}, {'cluster_no': 1, 'count': 16}]","[-1, 1, 1, -1, -1, -1, -1, 1, 1, -1, -1, 1, -1, -1, -1, -1, 1, 0, -1, -1, -1, -1, -1, -1, -1, 0, -1, 0, -1, 0, -1, -1, -1, 1, -1, -1, -1, -1, -1, -1, -1, -1, -1, -1, 1, 0, -1, -1, 1, -1, -1, -1, 1, 0, -1, -1, -1, 0, -1, -1, 0, -1, -1, -1, -1, 0, -1, 1, -1, -1, -1, -1, 1, -1, -1, -1, -1, -1, 0, -1, 0, -1, -1, 0, -1, -1, 0, -1, 0, -1, -1, 0, -1, -1, -1, 0, -1, -1, -1, -1, -1, -1, -1, -1, 0, -1, -1, 0, -1, -1, -1, -1, -1, -1, -1, -1, -1, -1, 0, -1, -1, -1, -1, 1, -1, 0, 1, -1, -1, -1, 0, -1, -1, -1, -1, -1, 0, -1, 0, -1, -1, 1, -1, 0, 0, -1, -1, -1, -1, -1, -1, -1, 0, -1, -1, -1, -1, -1, 0, 0, 0, -1, -1, -1, 0, -1, 0, 0, 0, -1, -1, 1, -1, -1, 0, -1, -1, -1, -1, -1, -1, 0, -1, -1, -1, -1, 0, -1, -1, 0, -1, -1, -1, -1, -1, -1, 0, -1, -1, -1, -1, -1, -1, -1, 0, -1, 0, 0, 0, 0, 0, 0, -1, -1, -1, 0, -1, -1, 0, -1, -1, -1, -1, -1, -1, -1, -1, -1, -1, -1, -1, -1, -1, -1, 0, -1, -1]"
150,11,11,1.0,0.42282078870102074,3,173,"[{'cluster_no': -1, 'count': 173}, {'cluster_no': 0, 'count': 48}, {'cluster_no': 1, 'count': 16}]","[-1, 1, 1, -1, -1, -1, -1, 1, 1, -1, -1, 1, -1, -1, -1, -1, 1, 0, -1, -1, -1, -1, -1, -1, -1, 0, -1, 0, -1, 0, -1, -1, -1, 1, -1, -1, -1, -1, -1, -1, -1, -1, -1, -1, 1, 0, -1, -1, 1, -1, -1, -1, 1, 0, -1, -1, -1, 0, -1, -1, 0, -1, -1, -1, -1, 0, -1, 1, -1, -1, -1, -1, 1, -1, -1, -1, -1, -1, 0, -1, 0, -1, -1, 0, -1, -1, 0, -1, 0, -1, -1, 0, -1, -1, -1, 0, -1, -1, -1, -1, -1, -1, -1, -1, 0, -1, -1, 0, -1, -1, -1, -1, -1, -1, -1, -1, -1, -1, 0, -1, -1, -1, -1, 1, -1, 0, 1, -1, -1, -1, 0, -1, -1, -1, -1, -1, 0, -1, 0, -1, -1, 1, -1, 0, 0, -1, -1, -1, -1, -1, -1, -1, 0, -1, -1, -1, -1, -1, 0, 0, 0, -1, -1, -1, 0, -1, 0, 0, 0, -1, -1, 1, -1, -1, 0, -1, -1, -1, -1, -1, -1, 0, -1, -1, -1, -1, 0, -1, -1, 0, -1, -1, -1, -1, -1, -1, 0, -1, -1, -1, -1, -1, -1, -1, 0, -1, 0, 0, 0, 0, 0, 0, -1, -1, -1, 0, -1, -1, 0, -1, -1, -1, -1, -1, -1, -1, -1, -1, -1, -1, -1, -1, -1, -1, 0, -1, -1]"
150,11,12,0.0,0.42282078870102074,3,173,"[{'cluster_no': -1, 'count': 173}, {'cluster_no': 0, 'count': 48}, {'cluster_no': 1, 'count': 16}]","[-1, 1, 1, -1, -1, -1, -1, 1, 1, -1, -1, 1, -1, -1, -1, -1, 1, 0, -1, -1, -1, -1, -1, -1, -1, 0, -1, 0, -1, 0, -1, -1, -1, 1, -1, -1, -1, -1, -1, -1, -1, -1, -1, -1, 1, 0, -1, -1, 1, -1, -1, -1, 1, 0, -1, -1, -1, 0, -1, -1, 0, -1, -1, -1, -1, 0, -1, 1, -1, -1, -1, -1, 1, -1, -1, -1, -1, -1, 0, -1, 0, -1, -1, 0, -1, -1, 0, -1, 0, -1, -1, 0, -1, -1, -1, 0, -1, -1, -1, -1, -1, -1, -1, -1, 0, -1, -1, 0, -1, -1, -1, -1, -1, -1, -1, -1, -1, -1, 0, -1, -1, -1, -1, 1, -1, 0, 1, -1, -1, -1, 0, -1, -1, -1, -1, -1, 0, -1, 0, -1, -1, 1, -1, 0, 0, -1, -1, -1, -1, -1, -1, -1, 0, -1, -1, -1, -1, -1, 0, 0, 0, -1, -1, -1, 0, -1, 0, 0, 0, -1, -1, 1, -1, -1, 0, -1, -1, -1, -1, -1, -1, 0, -1, -1, -1, -1, 0, -1, -1, 0, -1, -1, -1, -1, -1, -1, 0, -1, -1, -1, -1, -1, -1, -1, 0, -1, 0, 0, 0, 0, 0, 0, -1, -1, -1, 0, -1, -1, 0, -1, -1, -1, -1, -1, -1, -1, -1, -1, -1, -1, -1, -1, -1, -1, 0, -1, -1]"
150,11,12,0.5,0.42282078870102074,3,173,"[{'cluster_no': -1, 'count': 173}, {'cluster_no': 0, 'count': 48}, {'cluster_no': 1, 'count': 16}]","[-1, 1, 1, -1, -1, -1, -1, 1, 1, -1, -1, 1, -1, -1, -1, -1, 1, 0, -1, -1, -1, -1, -1, -1, -1, 0, -1, 0, -1, 0, -1, -1, -1, 1, -1, -1, -1, -1, -1, -1, -1, -1, -1, -1, 1, 0, -1, -1, 1, -1, -1, -1, 1, 0, -1, -1, -1, 0, -1, -1, 0, -1, -1, -1, -1, 0, -1, 1, -1, -1, -1, -1, 1, -1, -1, -1, -1, -1, 0, -1, 0, -1, -1, 0, -1, -1, 0, -1, 0, -1, -1, 0, -1, -1, -1, 0, -1, -1, -1, -1, -1, -1, -1, -1, 0, -1, -1, 0, -1, -1, -1, -1, -1, -1, -1, -1, -1, -1, 0, -1, -1, -1, -1, 1, -1, 0, 1, -1, -1, -1, 0, -1, -1, -1, -1, -1, 0, -1, 0, -1, -1, 1, -1, 0, 0, -1, -1, -1, -1, -1, -1, -1, 0, -1, -1, -1, -1, -1, 0, 0, 0, -1, -1, -1, 0, -1, 0, 0, 0, -1, -1, 1, -1, -1, 0, -1, -1, -1, -1, -1, -1, 0, -1, -1, -1, -1, 0, -1, -1, 0, -1, -1, -1, -1, -1, -1, 0, -1, -1, -1, -1, -1, -1, -1, 0, -1, 0, 0, 0, 0, 0, 0, -1, -1, -1, 0, -1, -1, 0, -1, -1, -1, -1, -1, -1, -1, -1, -1, -1, -1, -1, -1, -1, -1, 0, -1, -1]"
150,11,12,1.0,0.42282078870102074,3,173,"[{'cluster_no': -1, 'count': 173}, {'cluster_no': 0, 'count': 48}, {'cluster_no': 1, 'count': 16}]","[-1, 1, 1, -1, -1, -1, -1, 1, 1, -1, -1, 1, -1, -1, -1, -1, 1, 0, -1, -1, -1, -1, -1, -1, -1, 0, -1, 0, -1, 0, -1, -1, -1, 1, -1, -1, -1, -1, -1, -1, -1, -1, -1, -1, 1, 0, -1, -1, 1, -1, -1, -1, 1, 0, -1, -1, -1, 0, -1, -1, 0, -1, -1, -1, -1, 0, -1, 1, -1, -1, -1, -1, 1, -1, -1, -1, -1, -1, 0, -1, 0, -1, -1, 0, -1, -1, 0, -1, 0, -1, -1, 0, -1, -1, -1, 0, -1, -1, -1, -1, -1, -1, -1, -1, 0, -1, -1, 0, -1, -1, -1, -1, -1, -1, -1, -1, -1, -1, 0, -1, -1, -1, -1, 1, -1, 0, 1, -1, -1, -1, 0, -1, -1, -1, -1, -1, 0, -1, 0, -1, -1, 1, -1, 0, 0, -1, -1, -1, -1, -1, -1, -1, 0, -1, -1, -1, -1, -1, 0, 0, 0, -1, -1, -1, 0, -1, 0, 0, 0, -1, -1, 1, -1, -1, 0, -1, -1, -1, -1, -1, -1, 0, -1, -1, -1, -1, 0, -1, -1, 0, -1, -1, -1, -1, -1, -1, 0, -1, -1, -1, -1, -1, -1, -1, 0, -1, 0, 0, 0, 0, 0, 0, -1, -1, -1, 0, -1, -1, 0, -1, -1, -1, -1, -1, -1, -1, -1, -1, -1, -1, -1, -1, -1, -1, 0, -1, -1]"
150,11,13,0.0,0.42282078870102074,3,173,"[{'cluster_no': -1, 'count': 173}, {'cluster_no': 0, 'count': 48}, {'cluster_no': 1, 'count': 16}]","[-1, 1, 1, -1, -1, -1, -1, 1, 1, -1, -1, 1, -1, -1, -1, -1, 1, 0, -1, -1, -1, -1, -1, -1, -1, 0, -1, 0, -1, 0, -1, -1, -1, 1, -1, -1, -1, -1, -1, -1, -1, -1, -1, -1, 1, 0, -1, -1, 1, -1, -1, -1, 1, 0, -1, -1, -1, 0, -1, -1, 0, -1, -1, -1, -1, 0, -1, 1, -1, -1, -1, -1, 1, -1, -1, -1, -1, -1, 0, -1, 0, -1, -1, 0, -1, -1, 0, -1, 0, -1, -1, 0, -1, -1, -1, 0, -1, -1, -1, -1, -1, -1, -1, -1, 0, -1, -1, 0, -1, -1, -1, -1, -1, -1, -1, -1, -1, -1, 0, -1, -1, -1, -1, 1, -1, 0, 1, -1, -1, -1, 0, -1, -1, -1, -1, -1, 0, -1, 0, -1, -1, 1, -1, 0, 0, -1, -1, -1, -1, -1, -1, -1, 0, -1, -1, -1, -1, -1, 0, 0, 0, -1, -1, -1, 0, -1, 0, 0, 0, -1, -1, 1, -1, -1, 0, -1, -1, -1, -1, -1, -1, 0, -1, -1, -1, -1, 0, -1, -1, 0, -1, -1, -1, -1, -1, -1, 0, -1, -1, -1, -1, -1, -1, -1, 0, -1, 0, 0, 0, 0, 0, 0, -1, -1, -1, 0, -1, -1, 0, -1, -1, -1, -1, -1, -1, -1, -1, -1, -1, -1, -1, -1, -1, -1, 0, -1, -1]"
150,11,13,0.5,0.42282078870102074,3,173,"[{'cluster_no': -1, 'count': 173}, {'cluster_no': 0, 'count': 48}, {'cluster_no': 1, 'count': 16}]","[-1, 1, 1, -1, -1, -1, -1, 1, 1, -1, -1, 1, -1, -1, -1, -1, 1, 0, -1, -1, -1, -1, -1, -1, -1, 0, -1, 0, -1, 0, -1, -1, -1, 1, -1, -1, -1, -1, -1, -1, -1, -1, -1, -1, 1, 0, -1, -1, 1, -1, -1, -1, 1, 0, -1, -1, -1, 0, -1, -1, 0, -1, -1, -1, -1, 0, -1, 1, -1, -1, -1, -1, 1, -1, -1, -1, -1, -1, 0, -1, 0, -1, -1, 0, -1, -1, 0, -1, 0, -1, -1, 0, -1, -1, -1, 0, -1, -1, -1, -1, -1, -1, -1, -1, 0, -1, -1, 0, -1, -1, -1, -1, -1, -1, -1, -1, -1, -1, 0, -1, -1, -1, -1, 1, -1, 0, 1, -1, -1, -1, 0, -1, -1, -1, -1, -1, 0, -1, 0, -1, -1, 1, -1, 0, 0, -1, -1, -1, -1, -1, -1, -1, 0, -1, -1, -1, -1, -1, 0, 0, 0, -1, -1, -1, 0, -1, 0, 0, 0, -1, -1, 1, -1, -1, 0, -1, -1, -1, -1, -1, -1, 0, -1, -1, -1, -1, 0, -1, -1, 0, -1, -1, -1, -1, -1, -1, 0, -1, -1, -1, -1, -1, -1, -1, 0, -1, 0, 0, 0, 0, 0, 0, -1, -1, -1, 0, -1, -1, 0, -1, -1, -1, -1, -1, -1, -1, -1, -1, -1, -1, -1, -1, -1, -1, 0, -1, -1]"
150,11,13,1.0,0.42282078870102074,3,173,"[{'cluster_no': -1, 'count': 173}, {'cluster_no': 0, 'count': 48}, {'cluster_no': 1, 'count': 16}]","[-1, 1, 1, -1, -1, -1, -1, 1, 1, -1, -1, 1, -1, -1, -1, -1, 1, 0, -1, -1, -1, -1, -1, -1, -1, 0, -1, 0, -1, 0, -1, -1, -1, 1, -1, -1, -1, -1, -1, -1, -1, -1, -1, -1, 1, 0, -1, -1, 1, -1, -1, -1, 1, 0, -1, -1, -1, 0, -1, -1, 0, -1, -1, -1, -1, 0, -1, 1, -1, -1, -1, -1, 1, -1, -1, -1, -1, -1, 0, -1, 0, -1, -1, 0, -1, -1, 0, -1, 0, -1, -1, 0, -1, -1, -1, 0, -1, -1, -1, -1, -1, -1, -1, -1, 0, -1, -1, 0, -1, -1, -1, -1, -1, -1, -1, -1, -1, -1, 0, -1, -1, -1, -1, 1, -1, 0, 1, -1, -1, -1, 0, -1, -1, -1, -1, -1, 0, -1, 0, -1, -1, 1, -1, 0, 0, -1, -1, -1, -1, -1, -1, -1, 0, -1, -1, -1, -1, -1, 0, 0, 0, -1, -1, -1, 0, -1, 0, 0, 0, -1, -1, 1, -1, -1, 0, -1, -1, -1, -1, -1, -1, 0, -1, -1, -1, -1, 0, -1, -1, 0, -1, -1, -1, -1, -1, -1, 0, -1, -1, -1, -1, -1, -1, -1, 0, -1, 0, 0, 0, 0, 0, 0, -1, -1, -1, 0, -1, -1, 0, -1, -1, -1, -1, -1, -1, -1, -1, -1, -1, -1, -1, -1, -1, -1, 0, -1, -1]"
150,11,14,0.0,0.42282078870102074,3,173,"[{'cluster_no': -1, 'count': 173}, {'cluster_no': 0, 'count': 48}, {'cluster_no': 1, 'count': 16}]","[-1, 1, 1, -1, -1, -1, -1, 1, 1, -1, -1, 1, -1, -1, -1, -1, 1, 0, -1, -1, -1, -1, -1, -1, -1, 0, -1, 0, -1, 0, -1, -1, -1, 1, -1, -1, -1, -1, -1, -1, -1, -1, -1, -1, 1, 0, -1, -1, 1, -1, -1, -1, 1, 0, -1, -1, -1, 0, -1, -1, 0, -1, -1, -1, -1, 0, -1, 1, -1, -1, -1, -1, 1, -1, -1, -1, -1, -1, 0, -1, 0, -1, -1, 0, -1, -1, 0, -1, 0, -1, -1, 0, -1, -1, -1, 0, -1, -1, -1, -1, -1, -1, -1, -1, 0, -1, -1, 0, -1, -1, -1, -1, -1, -1, -1, -1, -1, -1, 0, -1, -1, -1, -1, 1, -1, 0, 1, -1, -1, -1, 0, -1, -1, -1, -1, -1, 0, -1, 0, -1, -1, 1, -1, 0, 0, -1, -1, -1, -1, -1, -1, -1, 0, -1, -1, -1, -1, -1, 0, 0, 0, -1, -1, -1, 0, -1, 0, 0, 0, -1, -1, 1, -1, -1, 0, -1, -1, -1, -1, -1, -1, 0, -1, -1, -1, -1, 0, -1, -1, 0, -1, -1, -1, -1, -1, -1, 0, -1, -1, -1, -1, -1, -1, -1, 0, -1, 0, 0, 0, 0, 0, 0, -1, -1, -1, 0, -1, -1, 0, -1, -1, -1, -1, -1, -1, -1, -1, -1, -1, -1, -1, -1, -1, -1, 0, -1, -1]"
150,11,14,0.5,0.42282078870102074,3,173,"[{'cluster_no': -1, 'count': 173}, {'cluster_no': 0, 'count': 48}, {'cluster_no': 1, 'count': 16}]","[-1, 1, 1, -1, -1, -1, -1, 1, 1, -1, -1, 1, -1, -1, -1, -1, 1, 0, -1, -1, -1, -1, -1, -1, -1, 0, -1, 0, -1, 0, -1, -1, -1, 1, -1, -1, -1, -1, -1, -1, -1, -1, -1, -1, 1, 0, -1, -1, 1, -1, -1, -1, 1, 0, -1, -1, -1, 0, -1, -1, 0, -1, -1, -1, -1, 0, -1, 1, -1, -1, -1, -1, 1, -1, -1, -1, -1, -1, 0, -1, 0, -1, -1, 0, -1, -1, 0, -1, 0, -1, -1, 0, -1, -1, -1, 0, -1, -1, -1, -1, -1, -1, -1, -1, 0, -1, -1, 0, -1, -1, -1, -1, -1, -1, -1, -1, -1, -1, 0, -1, -1, -1, -1, 1, -1, 0, 1, -1, -1, -1, 0, -1, -1, -1, -1, -1, 0, -1, 0, -1, -1, 1, -1, 0, 0, -1, -1, -1, -1, -1, -1, -1, 0, -1, -1, -1, -1, -1, 0, 0, 0, -1, -1, -1, 0, -1, 0, 0, 0, -1, -1, 1, -1, -1, 0, -1, -1, -1, -1, -1, -1, 0, -1, -1, -1, -1, 0, -1, -1, 0, -1, -1, -1, -1, -1, -1, 0, -1, -1, -1, -1, -1, -1, -1, 0, -1, 0, 0, 0, 0, 0, 0, -1, -1, -1, 0, -1, -1, 0, -1, -1, -1, -1, -1, -1, -1, -1, -1, -1, -1, -1, -1, -1, -1, 0, -1, -1]"
150,11,14,1.0,0.42282078870102074,3,173,"[{'cluster_no': -1, 'count': 173}, {'cluster_no': 0, 'count': 48}, {'cluster_no': 1, 'count': 16}]","[-1, 1, 1, -1, -1, -1, -1, 1, 1, -1, -1, 1, -1, -1, -1, -1, 1, 0, -1, -1, -1, -1, -1, -1, -1, 0, -1, 0, -1, 0, -1, -1, -1, 1, -1, -1, -1, -1, -1, -1, -1, -1, -1, -1, 1, 0, -1, -1, 1, -1, -1, -1, 1, 0, -1, -1, -1, 0, -1, -1, 0, -1, -1, -1, -1, 0, -1, 1, -1, -1, -1, -1, 1, -1, -1, -1, -1, -1, 0, -1, 0, -1, -1, 0, -1, -1, 0, -1, 0, -1, -1, 0, -1, -1, -1, 0, -1, -1, -1, -1, -1, -1, -1, -1, 0, -1, -1, 0, -1, -1, -1, -1, -1, -1, -1, -1, -1, -1, 0, -1, -1, -1, -1, 1, -1, 0, 1, -1, -1, -1, 0, -1, -1, -1, -1, -1, 0, -1, 0, -1, -1, 1, -1, 0, 0, -1, -1, -1, -1, -1, -1, -1, 0, -1, -1, -1, -1, -1, 0, 0, 0, -1, -1, -1, 0, -1, 0, 0, 0, -1, -1, 1, -1, -1, 0, -1, -1, -1, -1, -1, -1, 0, -1, -1, -1, -1, 0, -1, -1, 0, -1, -1, -1, -1, -1, -1, 0, -1, -1, -1, -1, -1, -1, -1, 0, -1, 0, 0, 0, 0, 0, 0, -1, -1, -1, 0, -1, -1, 0, -1, -1, -1, -1, -1, -1, -1, -1, -1, -1, -1, -1, -1, -1, -1, 0, -1, -1]"
150,11,15,0.0,0.42282078870102074,3,173,"[{'cluster_no': -1, 'count': 173}, {'cluster_no': 0, 'count': 48}, {'cluster_no': 1, 'count': 16}]","[-1, 1, 1, -1, -1, -1, -1, 1, 1, -1, -1, 1, -1, -1, -1, -1, 1, 0, -1, -1, -1, -1, -1, -1, -1, 0, -1, 0, -1, 0, -1, -1, -1, 1, -1, -1, -1, -1, -1, -1, -1, -1, -1, -1, 1, 0, -1, -1, 1, -1, -1, -1, 1, 0, -1, -1, -1, 0, -1, -1, 0, -1, -1, -1, -1, 0, -1, 1, -1, -1, -1, -1, 1, -1, -1, -1, -1, -1, 0, -1, 0, -1, -1, 0, -1, -1, 0, -1, 0, -1, -1, 0, -1, -1, -1, 0, -1, -1, -1, -1, -1, -1, -1, -1, 0, -1, -1, 0, -1, -1, -1, -1, -1, -1, -1, -1, -1, -1, 0, -1, -1, -1, -1, 1, -1, 0, 1, -1, -1, -1, 0, -1, -1, -1, -1, -1, 0, -1, 0, -1, -1, 1, -1, 0, 0, -1, -1, -1, -1, -1, -1, -1, 0, -1, -1, -1, -1, -1, 0, 0, 0, -1, -1, -1, 0, -1, 0, 0, 0, -1, -1, 1, -1, -1, 0, -1, -1, -1, -1, -1, -1, 0, -1, -1, -1, -1, 0, -1, -1, 0, -1, -1, -1, -1, -1, -1, 0, -1, -1, -1, -1, -1, -1, -1, 0, -1, 0, 0, 0, 0, 0, 0, -1, -1, -1, 0, -1, -1, 0, -1, -1, -1, -1, -1, -1, -1, -1, -1, -1, -1, -1, -1, -1, -1, 0, -1, -1]"
150,11,15,0.5,0.42282078870102074,3,173,"[{'cluster_no': -1, 'count': 173}, {'cluster_no': 0, 'count': 48}, {'cluster_no': 1, 'count': 16}]","[-1, 1, 1, -1, -1, -1, -1, 1, 1, -1, -1, 1, -1, -1, -1, -1, 1, 0, -1, -1, -1, -1, -1, -1, -1, 0, -1, 0, -1, 0, -1, -1, -1, 1, -1, -1, -1, -1, -1, -1, -1, -1, -1, -1, 1, 0, -1, -1, 1, -1, -1, -1, 1, 0, -1, -1, -1, 0, -1, -1, 0, -1, -1, -1, -1, 0, -1, 1, -1, -1, -1, -1, 1, -1, -1, -1, -1, -1, 0, -1, 0, -1, -1, 0, -1, -1, 0, -1, 0, -1, -1, 0, -1, -1, -1, 0, -1, -1, -1, -1, -1, -1, -1, -1, 0, -1, -1, 0, -1, -1, -1, -1, -1, -1, -1, -1, -1, -1, 0, -1, -1, -1, -1, 1, -1, 0, 1, -1, -1, -1, 0, -1, -1, -1, -1, -1, 0, -1, 0, -1, -1, 1, -1, 0, 0, -1, -1, -1, -1, -1, -1, -1, 0, -1, -1, -1, -1, -1, 0, 0, 0, -1, -1, -1, 0, -1, 0, 0, 0, -1, -1, 1, -1, -1, 0, -1, -1, -1, -1, -1, -1, 0, -1, -1, -1, -1, 0, -1, -1, 0, -1, -1, -1, -1, -1, -1, 0, -1, -1, -1, -1, -1, -1, -1, 0, -1, 0, 0, 0, 0, 0, 0, -1, -1, -1, 0, -1, -1, 0, -1, -1, -1, -1, -1, -1, -1, -1, -1, -1, -1, -1, -1, -1, -1, 0, -1, -1]"
150,11,15,1.0,0.42282078870102074,3,173,"[{'cluster_no': -1, 'count': 173}, {'cluster_no': 0, 'count': 48}, {'cluster_no': 1, 'count': 16}]","[-1, 1, 1, -1, -1, -1, -1, 1, 1, -1, -1, 1, -1, -1, -1, -1, 1, 0, -1, -1, -1, -1, -1, -1, -1, 0, -1, 0, -1, 0, -1, -1, -1, 1, -1, -1, -1, -1, -1, -1, -1, -1, -1, -1, 1, 0, -1, -1, 1, -1, -1, -1, 1, 0, -1, -1, -1, 0, -1, -1, 0, -1, -1, -1, -1, 0, -1, 1, -1, -1, -1, -1, 1, -1, -1, -1, -1, -1, 0, -1, 0, -1, -1, 0, -1, -1, 0, -1, 0, -1, -1, 0, -1, -1, -1, 0, -1, -1, -1, -1, -1, -1, -1, -1, 0, -1, -1, 0, -1, -1, -1, -1, -1, -1, -1, -1, -1, -1, 0, -1, -1, -1, -1, 1, -1, 0, 1, -1, -1, -1, 0, -1, -1, -1, -1, -1, 0, -1, 0, -1, -1, 1, -1, 0, 0, -1, -1, -1, -1, -1, -1, -1, 0, -1, -1, -1, -1, -1, 0, 0, 0, -1, -1, -1, 0, -1, 0, 0, 0, -1, -1, 1, -1, -1, 0, -1, -1, -1, -1, -1, -1, 0, -1, -1, -1, -1, 0, -1, -1, 0, -1, -1, -1, -1, -1, -1, 0, -1, -1, -1, -1, -1, -1, -1, 0, -1, 0, 0, 0, 0, 0, 0, -1, -1, -1, 0, -1, -1, 0, -1, -1, -1, -1, -1, -1, -1, -1, -1, -1, -1, -1, -1, -1, -1, 0, -1, -1]"
150,11,16,0.0,0.42282078870102074,3,173,"[{'cluster_no': -1, 'count': 173}, {'cluster_no': 0, 'count': 48}, {'cluster_no': 1, 'count': 16}]","[-1, 1, 1, -1, -1, -1, -1, 1, 1, -1, -1, 1, -1, -1, -1, -1, 1, 0, -1, -1, -1, -1, -1, -1, -1, 0, -1, 0, -1, 0, -1, -1, -1, 1, -1, -1, -1, -1, -1, -1, -1, -1, -1, -1, 1, 0, -1, -1, 1, -1, -1, -1, 1, 0, -1, -1, -1, 0, -1, -1, 0, -1, -1, -1, -1, 0, -1, 1, -1, -1, -1, -1, 1, -1, -1, -1, -1, -1, 0, -1, 0, -1, -1, 0, -1, -1, 0, -1, 0, -1, -1, 0, -1, -1, -1, 0, -1, -1, -1, -1, -1, -1, -1, -1, 0, -1, -1, 0, -1, -1, -1, -1, -1, -1, -1, -1, -1, -1, 0, -1, -1, -1, -1, 1, -1, 0, 1, -1, -1, -1, 0, -1, -1, -1, -1, -1, 0, -1, 0, -1, -1, 1, -1, 0, 0, -1, -1, -1, -1, -1, -1, -1, 0, -1, -1, -1, -1, -1, 0, 0, 0, -1, -1, -1, 0, -1, 0, 0, 0, -1, -1, 1, -1, -1, 0, -1, -1, -1, -1, -1, -1, 0, -1, -1, -1, -1, 0, -1, -1, 0, -1, -1, -1, -1, -1, -1, 0, -1, -1, -1, -1, -1, -1, -1, 0, -1, 0, 0, 0, 0, 0, 0, -1, -1, -1, 0, -1, -1, 0, -1, -1, -1, -1, -1, -1, -1, -1, -1, -1, -1, -1, -1, -1, -1, 0, -1, -1]"
150,11,16,0.5,0.42282078870102074,3,173,"[{'cluster_no': -1, 'count': 173}, {'cluster_no': 0, 'count': 48}, {'cluster_no': 1, 'count': 16}]","[-1, 1, 1, -1, -1, -1, -1, 1, 1, -1, -1, 1, -1, -1, -1, -1, 1, 0, -1, -1, -1, -1, -1, -1, -1, 0, -1, 0, -1, 0, -1, -1, -1, 1, -1, -1, -1, -1, -1, -1, -1, -1, -1, -1, 1, 0, -1, -1, 1, -1, -1, -1, 1, 0, -1, -1, -1, 0, -1, -1, 0, -1, -1, -1, -1, 0, -1, 1, -1, -1, -1, -1, 1, -1, -1, -1, -1, -1, 0, -1, 0, -1, -1, 0, -1, -1, 0, -1, 0, -1, -1, 0, -1, -1, -1, 0, -1, -1, -1, -1, -1, -1, -1, -1, 0, -1, -1, 0, -1, -1, -1, -1, -1, -1, -1, -1, -1, -1, 0, -1, -1, -1, -1, 1, -1, 0, 1, -1, -1, -1, 0, -1, -1, -1, -1, -1, 0, -1, 0, -1, -1, 1, -1, 0, 0, -1, -1, -1, -1, -1, -1, -1, 0, -1, -1, -1, -1, -1, 0, 0, 0, -1, -1, -1, 0, -1, 0, 0, 0, -1, -1, 1, -1, -1, 0, -1, -1, -1, -1, -1, -1, 0, -1, -1, -1, -1, 0, -1, -1, 0, -1, -1, -1, -1, -1, -1, 0, -1, -1, -1, -1, -1, -1, -1, 0, -1, 0, 0, 0, 0, 0, 0, -1, -1, -1, 0, -1, -1, 0, -1, -1, -1, -1, -1, -1, -1, -1, -1, -1, -1, -1, -1, -1, -1, 0, -1, -1]"
150,11,16,1.0,0.42282078870102074,3,173,"[{'cluster_no': -1, 'count': 173}, {'cluster_no': 0, 'count': 48}, {'cluster_no': 1, 'count': 16}]","[-1, 1, 1, -1, -1, -1, -1, 1, 1, -1, -1, 1, -1, -1, -1, -1, 1, 0, -1, -1, -1, -1, -1, -1, -1, 0, -1, 0, -1, 0, -1, -1, -1, 1, -1, -1, -1, -1, -1, -1, -1, -1, -1, -1, 1, 0, -1, -1, 1, -1, -1, -1, 1, 0, -1, -1, -1, 0, -1, -1, 0, -1, -1, -1, -1, 0, -1, 1, -1, -1, -1, -1, 1, -1, -1, -1, -1, -1, 0, -1, 0, -1, -1, 0, -1, -1, 0, -1, 0, -1, -1, 0, -1, -1, -1, 0, -1, -1, -1, -1, -1, -1, -1, -1, 0, -1, -1, 0, -1, -1, -1, -1, -1, -1, -1, -1, -1, -1, 0, -1, -1, -1, -1, 1, -1, 0, 1, -1, -1, -1, 0, -1, -1, -1, -1, -1, 0, -1, 0, -1, -1, 1, -1, 0, 0, -1, -1, -1, -1, -1, -1, -1, 0, -1, -1, -1, -1, -1, 0, 0, 0, -1, -1, -1, 0, -1, 0, 0, 0, -1, -1, 1, -1, -1, 0, -1, -1, -1, -1, -1, -1, 0, -1, -1, -1, -1, 0, -1, -1, 0, -1, -1, -1, -1, -1, -1, 0, -1, -1, -1, -1, -1, -1, -1, 0, -1, 0, 0, 0, 0, 0, 0, -1, -1, -1, 0, -1, -1, 0, -1, -1, -1, -1, -1, -1, -1, -1, -1, -1, -1, -1, -1, -1, -1, 0, -1, -1]"
150,11,17,0.0,None,1,237,"[{'cluster_no': -1, 'count': 237}]","[-1, -1, -1, -1, -1, -1, -1, -1, -1, -1, -1, -1, -1, -1, -1, -1, -1, -1, -1, -1, -1, -1, -1, -1, -1, -1, -1, -1, -1, -1, -1, -1, -1, -1, -1, -1, -1, -1, -1, -1, -1, -1, -1, -1, -1, -1, -1, -1, -1, -1, -1, -1, -1, -1, -1, -1, -1, -1, -1, -1, -1, -1, -1, -1, -1, -1, -1, -1, -1, -1, -1, -1, -1, -1, -1, -1, -1, -1, -1, -1, -1, -1, -1, -1, -1, -1, -1, -1, -1, -1, -1, -1, -1, -1, -1, -1, -1, -1, -1, -1, -1, -1, -1, -1, -1, -1, -1, -1, -1, -1, -1, -1, -1, -1, -1, -1, -1, -1, -1, -1, -1, -1, -1, -1, -1, -1, -1, -1, -1, -1, -1, -1, -1, -1, -1, -1, -1, -1, -1, -1, -1, -1, -1, -1, -1, -1, -1, -1, -1, -1, -1, -1, -1, -1, -1, -1, -1, -1, -1, -1, -1, -1, -1, -1, -1, -1, -1, -1, -1, -1, -1, -1, -1, -1, -1, -1, -1, -1, -1, -1, -1, -1, -1, -1, -1, -1, -1, -1, -1, -1, -1, -1, -1, -1, -1, -1, -1, -1, -1, -1, -1, -1, -1, -1, -1, -1, -1, -1, -1, -1, -1, -1, -1, -1, -1, -1, -1, -1, -1, -1, -1, -1, -1, -1, -1, -1, -1, -1, -1, -1, -1, -1, -1, -1, -1, -1, -1]"
150,11,17,0.5,None,1,237,"[{'cluster_no': -1, 'count': 237}]","[-1, -1, -1, -1, -1, -1, -1, -1, -1, -1, -1, -1, -1, -1, -1, -1, -1, -1, -1, -1, -1, -1, -1, -1, -1, -1, -1, -1, -1, -1, -1, -1, -1, -1, -1, -1, -1, -1, -1, -1, -1, -1, -1, -1, -1, -1, -1, -1, -1, -1, -1, -1, -1, -1, -1, -1, -1, -1, -1, -1, -1, -1, -1, -1, -1, -1, -1, -1, -1, -1, -1, -1, -1, -1, -1, -1, -1, -1, -1, -1, -1, -1, -1, -1, -1, -1, -1, -1, -1, -1, -1, -1, -1, -1, -1, -1, -1, -1, -1, -1, -1, -1, -1, -1, -1, -1, -1, -1, -1, -1, -1, -1, -1, -1, -1, -1, -1, -1, -1, -1, -1, -1, -1, -1, -1, -1, -1, -1, -1, -1, -1, -1, -1, -1, -1, -1, -1, -1, -1, -1, -1, -1, -1, -1, -1, -1, -1, -1, -1, -1, -1, -1, -1, -1, -1, -1, -1, -1, -1, -1, -1, -1, -1, -1, -1, -1, -1, -1, -1, -1, -1, -1, -1, -1, -1, -1, -1, -1, -1, -1, -1, -1, -1, -1, -1, -1, -1, -1, -1, -1, -1, -1, -1, -1, -1, -1, -1, -1, -1, -1, -1, -1, -1, -1, -1, -1, -1, -1, -1, -1, -1, -1, -1, -1, -1, -1, -1, -1, -1, -1, -1, -1, -1, -1, -1, -1, -1, -1, -1, -1, -1, -1, -1, -1, -1, -1, -1]"
150,11,17,1.0,None,1,237,"[{'cluster_no': -1, 'count': 237}]","[-1, -1, -1, -1, -1, -1, -1, -1, -1, -1, -1, -1, -1, -1, -1, -1, -1, -1, -1, -1, -1, -1, -1, -1, -1, -1, -1, -1, -1, -1, -1, -1, -1, -1, -1, -1, -1, -1, -1, -1, -1, -1, -1, -1, -1, -1, -1, -1, -1, -1, -1, -1, -1, -1, -1, -1, -1, -1, -1, -1, -1, -1, -1, -1, -1, -1, -1, -1, -1, -1, -1, -1, -1, -1, -1, -1, -1, -1, -1, -1, -1, -1, -1, -1, -1, -1, -1, -1, -1, -1, -1, -1, -1, -1, -1, -1, -1, -1, -1, -1, -1, -1, -1, -1, -1, -1, -1, -1, -1, -1, -1, -1, -1, -1, -1, -1, -1, -1, -1, -1, -1, -1, -1, -1, -1, -1, -1, -1, -1, -1, -1, -1, -1, -1, -1, -1, -1, -1, -1, -1, -1, -1, -1, -1, -1, -1, -1, -1, -1, -1, -1, -1, -1, -1, -1, -1, -1, -1, -1, -1, -1, -1, -1, -1, -1, -1, -1, -1, -1, -1, -1, -1, -1, -1, -1, -1, -1, -1, -1, -1, -1, -1, -1, -1, -1, -1, -1, -1, -1, -1, -1, -1, -1, -1, -1, -1, -1, -1, -1, -1, -1, -1, -1, -1, -1, -1, -1, -1, -1, -1, -1, -1, -1, -1, -1, -1, -1, -1, -1, -1, -1, -1, -1, -1, -1, -1, -1, -1, -1, -1, -1, -1, -1, -1, -1, -1, -1]"
150,11,18,0.0,None,1,237,"[{'cluster_no': -1, 'count': 237}]","[-1, -1, -1, -1, -1, -1, -1, -1, -1, -1, -1, -1, -1, -1, -1, -1, -1, -1, -1, -1, -1, -1, -1, -1, -1, -1, -1, -1, -1, -1, -1, -1, -1, -1, -1, -1, -1, -1, -1, -1, -1, -1, -1, -1, -1, -1, -1, -1, -1, -1, -1, -1, -1, -1, -1, -1, -1, -1, -1, -1, -1, -1, -1, -1, -1, -1, -1, -1, -1, -1, -1, -1, -1, -1, -1, -1, -1, -1, -1, -1, -1, -1, -1, -1, -1, -1, -1, -1, -1, -1, -1, -1, -1, -1, -1, -1, -1, -1, -1, -1, -1, -1, -1, -1, -1, -1, -1, -1, -1, -1, -1, -1, -1, -1, -1, -1, -1, -1, -1, -1, -1, -1, -1, -1, -1, -1, -1, -1, -1, -1, -1, -1, -1, -1, -1, -1, -1, -1, -1, -1, -1, -1, -1, -1, -1, -1, -1, -1, -1, -1, -1, -1, -1, -1, -1, -1, -1, -1, -1, -1, -1, -1, -1, -1, -1, -1, -1, -1, -1, -1, -1, -1, -1, -1, -1, -1, -1, -1, -1, -1, -1, -1, -1, -1, -1, -1, -1, -1, -1, -1, -1, -1, -1, -1, -1, -1, -1, -1, -1, -1, -1, -1, -1, -1, -1, -1, -1, -1, -1, -1, -1, -1, -1, -1, -1, -1, -1, -1, -1, -1, -1, -1, -1, -1, -1, -1, -1, -1, -1, -1, -1, -1, -1, -1, -1, -1, -1]"
150,11,18,0.5,None,1,237,"[{'cluster_no': -1, 'count': 237}]","[-1, -1, -1, -1, -1, -1, -1, -1, -1, -1, -1, -1, -1, -1, -1, -1, -1, -1, -1, -1, -1, -1, -1, -1, -1, -1, -1, -1, -1, -1, -1, -1, -1, -1, -1, -1, -1, -1, -1, -1, -1, -1, -1, -1, -1, -1, -1, -1, -1, -1, -1, -1, -1, -1, -1, -1, -1, -1, -1, -1, -1, -1, -1, -1, -1, -1, -1, -1, -1, -1, -1, -1, -1, -1, -1, -1, -1, -1, -1, -1, -1, -1, -1, -1, -1, -1, -1, -1, -1, -1, -1, -1, -1, -1, -1, -1, -1, -1, -1, -1, -1, -1, -1, -1, -1, -1, -1, -1, -1, -1, -1, -1, -1, -1, -1, -1, -1, -1, -1, -1, -1, -1, -1, -1, -1, -1, -1, -1, -1, -1, -1, -1, -1, -1, -1, -1, -1, -1, -1, -1, -1, -1, -1, -1, -1, -1, -1, -1, -1, -1, -1, -1, -1, -1, -1, -1, -1, -1, -1, -1, -1, -1, -1, -1, -1, -1, -1, -1, -1, -1, -1, -1, -1, -1, -1, -1, -1, -1, -1, -1, -1, -1, -1, -1, -1, -1, -1, -1, -1, -1, -1, -1, -1, -1, -1, -1, -1, -1, -1, -1, -1, -1, -1, -1, -1, -1, -1, -1, -1, -1, -1, -1, -1, -1, -1, -1, -1, -1, -1, -1, -1, -1, -1, -1, -1, -1, -1, -1, -1, -1, -1, -1, -1, -1, -1, -1, -1]"
150,11,18,1.0,None,1,237,"[{'cluster_no': -1, 'count': 237}]","[-1, -1, -1, -1, -1, -1, -1, -1, -1, -1, -1, -1, -1, -1, -1, -1, -1, -1, -1, -1, -1, -1, -1, -1, -1, -1, -1, -1, -1, -1, -1, -1, -1, -1, -1, -1, -1, -1, -1, -1, -1, -1, -1, -1, -1, -1, -1, -1, -1, -1, -1, -1, -1, -1, -1, -1, -1, -1, -1, -1, -1, -1, -1, -1, -1, -1, -1, -1, -1, -1, -1, -1, -1, -1, -1, -1, -1, -1, -1, -1, -1, -1, -1, -1, -1, -1, -1, -1, -1, -1, -1, -1, -1, -1, -1, -1, -1, -1, -1, -1, -1, -1, -1, -1, -1, -1, -1, -1, -1, -1, -1, -1, -1, -1, -1, -1, -1, -1, -1, -1, -1, -1, -1, -1, -1, -1, -1, -1, -1, -1, -1, -1, -1, -1, -1, -1, -1, -1, -1, -1, -1, -1, -1, -1, -1, -1, -1, -1, -1, -1, -1, -1, -1, -1, -1, -1, -1, -1, -1, -1, -1, -1, -1, -1, -1, -1, -1, -1, -1, -1, -1, -1, -1, -1, -1, -1, -1, -1, -1, -1, -1, -1, -1, -1, -1, -1, -1, -1, -1, -1, -1, -1, -1, -1, -1, -1, -1, -1, -1, -1, -1, -1, -1, -1, -1, -1, -1, -1, -1, -1, -1, -1, -1, -1, -1, -1, -1, -1, -1, -1, -1, -1, -1, -1, -1, -1, -1, -1, -1, -1, -1, -1, -1, -1, -1, -1, -1]"
150,11,19,0.0,None,1,237,"[{'cluster_no': -1, 'count': 237}]","[-1, -1, -1, -1, -1, -1, -1, -1, -1, -1, -1, -1, -1, -1, -1, -1, -1, -1, -1, -1, -1, -1, -1, -1, -1, -1, -1, -1, -1, -1, -1, -1, -1, -1, -1, -1, -1, -1, -1, -1, -1, -1, -1, -1, -1, -1, -1, -1, -1, -1, -1, -1, -1, -1, -1, -1, -1, -1, -1, -1, -1, -1, -1, -1, -1, -1, -1, -1, -1, -1, -1, -1, -1, -1, -1, -1, -1, -1, -1, -1, -1, -1, -1, -1, -1, -1, -1, -1, -1, -1, -1, -1, -1, -1, -1, -1, -1, -1, -1, -1, -1, -1, -1, -1, -1, -1, -1, -1, -1, -1, -1, -1, -1, -1, -1, -1, -1, -1, -1, -1, -1, -1, -1, -1, -1, -1, -1, -1, -1, -1, -1, -1, -1, -1, -1, -1, -1, -1, -1, -1, -1, -1, -1, -1, -1, -1, -1, -1, -1, -1, -1, -1, -1, -1, -1, -1, -1, -1, -1, -1, -1, -1, -1, -1, -1, -1, -1, -1, -1, -1, -1, -1, -1, -1, -1, -1, -1, -1, -1, -1, -1, -1, -1, -1, -1, -1, -1, -1, -1, -1, -1, -1, -1, -1, -1, -1, -1, -1, -1, -1, -1, -1, -1, -1, -1, -1, -1, -1, -1, -1, -1, -1, -1, -1, -1, -1, -1, -1, -1, -1, -1, -1, -1, -1, -1, -1, -1, -1, -1, -1, -1, -1, -1, -1, -1, -1, -1]"
150,11,19,0.5,None,1,237,"[{'cluster_no': -1, 'count': 237}]","[-1, -1, -1, -1, -1, -1, -1, -1, -1, -1, -1, -1, -1, -1, -1, -1, -1, -1, -1, -1, -1, -1, -1, -1, -1, -1, -1, -1, -1, -1, -1, -1, -1, -1, -1, -1, -1, -1, -1, -1, -1, -1, -1, -1, -1, -1, -1, -1, -1, -1, -1, -1, -1, -1, -1, -1, -1, -1, -1, -1, -1, -1, -1, -1, -1, -1, -1, -1, -1, -1, -1, -1, -1, -1, -1, -1, -1, -1, -1, -1, -1, -1, -1, -1, -1, -1, -1, -1, -1, -1, -1, -1, -1, -1, -1, -1, -1, -1, -1, -1, -1, -1, -1, -1, -1, -1, -1, -1, -1, -1, -1, -1, -1, -1, -1, -1, -1, -1, -1, -1, -1, -1, -1, -1, -1, -1, -1, -1, -1, -1, -1, -1, -1, -1, -1, -1, -1, -1, -1, -1, -1, -1, -1, -1, -1, -1, -1, -1, -1, -1, -1, -1, -1, -1, -1, -1, -1, -1, -1, -1, -1, -1, -1, -1, -1, -1, -1, -1, -1, -1, -1, -1, -1, -1, -1, -1, -1, -1, -1, -1, -1, -1, -1, -1, -1, -1, -1, -1, -1, -1, -1, -1, -1, -1, -1, -1, -1, -1, -1, -1, -1, -1, -1, -1, -1, -1, -1, -1, -1, -1, -1, -1, -1, -1, -1, -1, -1, -1, -1, -1, -1, -1, -1, -1, -1, -1, -1, -1, -1, -1, -1, -1, -1, -1, -1, -1, -1]"
150,11,19,1.0,None,1,237,"[{'cluster_no': -1, 'count': 237}]","[-1, -1, -1, -1, -1, -1, -1, -1, -1, -1, -1, -1, -1, -1, -1, -1, -1, -1, -1, -1, -1, -1, -1, -1, -1, -1, -1, -1, -1, -1, -1, -1, -1, -1, -1, -1, -1, -1, -1, -1, -1, -1, -1, -1, -1, -1, -1, -1, -1, -1, -1, -1, -1, -1, -1, -1, -1, -1, -1, -1, -1, -1, -1, -1, -1, -1, -1, -1, -1, -1, -1, -1, -1, -1, -1, -1, -1, -1, -1, -1, -1, -1, -1, -1, -1, -1, -1, -1, -1, -1, -1, -1, -1, -1, -1, -1, -1, -1, -1, -1, -1, -1, -1, -1, -1, -1, -1, -1, -1, -1, -1, -1, -1, -1, -1, -1, -1, -1, -1, -1, -1, -1, -1, -1, -1, -1, -1, -1, -1, -1, -1, -1, -1, -1, -1, -1, -1, -1, -1, -1, -1, -1, -1, -1, -1, -1, -1, -1, -1, -1, -1, -1, -1, -1, -1, -1, -1, -1, -1, -1, -1, -1, -1, -1, -1, -1, -1, -1, -1, -1, -1, -1, -1, -1, -1, -1, -1, -1, -1, -1, -1, -1, -1, -1, -1, -1, -1, -1, -1, -1, -1, -1, -1, -1, -1, -1, -1, -1, -1, -1, -1, -1, -1, -1, -1, -1, -1, -1, -1, -1, -1, -1, -1, -1, -1, -1, -1, -1, -1, -1, -1, -1, -1, -1, -1, -1, -1, -1, -1, -1, -1, -1, -1, -1, -1, -1, -1]"
150,11,20,0.0,None,1,237,"[{'cluster_no': -1, 'count': 237}]","[-1, -1, -1, -1, -1, -1, -1, -1, -1, -1, -1, -1, -1, -1, -1, -1, -1, -1, -1, -1, -1, -1, -1, -1, -1, -1, -1, -1, -1, -1, -1, -1, -1, -1, -1, -1, -1, -1, -1, -1, -1, -1, -1, -1, -1, -1, -1, -1, -1, -1, -1, -1, -1, -1, -1, -1, -1, -1, -1, -1, -1, -1, -1, -1, -1, -1, -1, -1, -1, -1, -1, -1, -1, -1, -1, -1, -1, -1, -1, -1, -1, -1, -1, -1, -1, -1, -1, -1, -1, -1, -1, -1, -1, -1, -1, -1, -1, -1, -1, -1, -1, -1, -1, -1, -1, -1, -1, -1, -1, -1, -1, -1, -1, -1, -1, -1, -1, -1, -1, -1, -1, -1, -1, -1, -1, -1, -1, -1, -1, -1, -1, -1, -1, -1, -1, -1, -1, -1, -1, -1, -1, -1, -1, -1, -1, -1, -1, -1, -1, -1, -1, -1, -1, -1, -1, -1, -1, -1, -1, -1, -1, -1, -1, -1, -1, -1, -1, -1, -1, -1, -1, -1, -1, -1, -1, -1, -1, -1, -1, -1, -1, -1, -1, -1, -1, -1, -1, -1, -1, -1, -1, -1, -1, -1, -1, -1, -1, -1, -1, -1, -1, -1, -1, -1, -1, -1, -1, -1, -1, -1, -1, -1, -1, -1, -1, -1, -1, -1, -1, -1, -1, -1, -1, -1, -1, -1, -1, -1, -1, -1, -1, -1, -1, -1, -1, -1, -1]"
150,11,20,0.5,None,1,237,"[{'cluster_no': -1, 'count': 237}]","[-1, -1, -1, -1, -1, -1, -1, -1, -1, -1, -1, -1, -1, -1, -1, -1, -1, -1, -1, -1, -1, -1, -1, -1, -1, -1, -1, -1, -1, -1, -1, -1, -1, -1, -1, -1, -1, -1, -1, -1, -1, -1, -1, -1, -1, -1, -1, -1, -1, -1, -1, -1, -1, -1, -1, -1, -1, -1, -1, -1, -1, -1, -1, -1, -1, -1, -1, -1, -1, -1, -1, -1, -1, -1, -1, -1, -1, -1, -1, -1, -1, -1, -1, -1, -1, -1, -1, -1, -1, -1, -1, -1, -1, -1, -1, -1, -1, -1, -1, -1, -1, -1, -1, -1, -1, -1, -1, -1, -1, -1, -1, -1, -1, -1, -1, -1, -1, -1, -1, -1, -1, -1, -1, -1, -1, -1, -1, -1, -1, -1, -1, -1, -1, -1, -1, -1, -1, -1, -1, -1, -1, -1, -1, -1, -1, -1, -1, -1, -1, -1, -1, -1, -1, -1, -1, -1, -1, -1, -1, -1, -1, -1, -1, -1, -1, -1, -1, -1, -1, -1, -1, -1, -1, -1, -1, -1, -1, -1, -1, -1, -1, -1, -1, -1, -1, -1, -1, -1, -1, -1, -1, -1, -1, -1, -1, -1, -1, -1, -1, -1, -1, -1, -1, -1, -1, -1, -1, -1, -1, -1, -1, -1, -1, -1, -1, -1, -1, -1, -1, -1, -1, -1, -1, -1, -1, -1, -1, -1, -1, -1, -1, -1, -1, -1, -1, -1, -1]"
150,11,20,1.0,None,1,237,"[{'cluster_no': -1, 'count': 237}]","[-1, -1, -1, -1, -1, -1, -1, -1, -1, -1, -1, -1, -1, -1, -1, -1, -1, -1, -1, -1, -1, -1, -1, -1, -1, -1, -1, -1, -1, -1, -1, -1, -1, -1, -1, -1, -1, -1, -1, -1, -1, -1, -1, -1, -1, -1, -1, -1, -1, -1, -1, -1, -1, -1, -1, -1, -1, -1, -1, -1, -1, -1, -1, -1, -1, -1, -1, -1, -1, -1, -1, -1, -1, -1, -1, -1, -1, -1, -1, -1, -1, -1, -1, -1, -1, -1, -1, -1, -1, -1, -1, -1, -1, -1, -1, -1, -1, -1, -1, -1, -1, -1, -1, -1, -1, -1, -1, -1, -1, -1, -1, -1, -1, -1, -1, -1, -1, -1, -1, -1, -1, -1, -1, -1, -1, -1, -1, -1, -1, -1, -1, -1, -1, -1, -1, -1, -1, -1, -1, -1, -1, -1, -1, -1, -1, -1, -1, -1, -1, -1, -1, -1, -1, -1, -1, -1, -1, -1, -1, -1, -1, -1, -1, -1, -1, -1, -1, -1, -1, -1, -1, -1, -1, -1, -1, -1, -1, -1, -1, -1, -1, -1, -1, -1, -1, -1, -1, -1, -1, -1, -1, -1, -1, -1, -1, -1, -1, -1, -1, -1, -1, -1, -1, -1, -1, -1, -1, -1, -1, -1, -1, -1, -1, -1, -1, -1, -1, -1, -1, -1, -1, -1, -1, -1, -1, -1, -1, -1, -1, -1, -1, -1, -1, -1, -1, -1, -1]"
150,11,21,0.0,None,1,237,"[{'cluster_no': -1, 'count': 237}]","[-1, -1, -1, -1, -1, -1, -1, -1, -1, -1, -1, -1, -1, -1, -1, -1, -1, -1, -1, -1, -1, -1, -1, -1, -1, -1, -1, -1, -1, -1, -1, -1, -1, -1, -1, -1, -1, -1, -1, -1, -1, -1, -1, -1, -1, -1, -1, -1, -1, -1, -1, -1, -1, -1, -1, -1, -1, -1, -1, -1, -1, -1, -1, -1, -1, -1, -1, -1, -1, -1, -1, -1, -1, -1, -1, -1, -1, -1, -1, -1, -1, -1, -1, -1, -1, -1, -1, -1, -1, -1, -1, -1, -1, -1, -1, -1, -1, -1, -1, -1, -1, -1, -1, -1, -1, -1, -1, -1, -1, -1, -1, -1, -1, -1, -1, -1, -1, -1, -1, -1, -1, -1, -1, -1, -1, -1, -1, -1, -1, -1, -1, -1, -1, -1, -1, -1, -1, -1, -1, -1, -1, -1, -1, -1, -1, -1, -1, -1, -1, -1, -1, -1, -1, -1, -1, -1, -1, -1, -1, -1, -1, -1, -1, -1, -1, -1, -1, -1, -1, -1, -1, -1, -1, -1, -1, -1, -1, -1, -1, -1, -1, -1, -1, -1, -1, -1, -1, -1, -1, -1, -1, -1, -1, -1, -1, -1, -1, -1, -1, -1, -1, -1, -1, -1, -1, -1, -1, -1, -1, -1, -1, -1, -1, -1, -1, -1, -1, -1, -1, -1, -1, -1, -1, -1, -1, -1, -1, -1, -1, -1, -1, -1, -1, -1, -1, -1, -1]"
150,11,21,0.5,None,1,237,"[{'cluster_no': -1, 'count': 237}]","[-1, -1, -1, -1, -1, -1, -1, -1, -1, -1, -1, -1, -1, -1, -1, -1, -1, -1, -1, -1, -1, -1, -1, -1, -1, -1, -1, -1, -1, -1, -1, -1, -1, -1, -1, -1, -1, -1, -1, -1, -1, -1, -1, -1, -1, -1, -1, -1, -1, -1, -1, -1, -1, -1, -1, -1, -1, -1, -1, -1, -1, -1, -1, -1, -1, -1, -1, -1, -1, -1, -1, -1, -1, -1, -1, -1, -1, -1, -1, -1, -1, -1, -1, -1, -1, -1, -1, -1, -1, -1, -1, -1, -1, -1, -1, -1, -1, -1, -1, -1, -1, -1, -1, -1, -1, -1, -1, -1, -1, -1, -1, -1, -1, -1, -1, -1, -1, -1, -1, -1, -1, -1, -1, -1, -1, -1, -1, -1, -1, -1, -1, -1, -1, -1, -1, -1, -1, -1, -1, -1, -1, -1, -1, -1, -1, -1, -1, -1, -1, -1, -1, -1, -1, -1, -1, -1, -1, -1, -1, -1, -1, -1, -1, -1, -1, -1, -1, -1, -1, -1, -1, -1, -1, -1, -1, -1, -1, -1, -1, -1, -1, -1, -1, -1, -1, -1, -1, -1, -1, -1, -1, -1, -1, -1, -1, -1, -1, -1, -1, -1, -1, -1, -1, -1, -1, -1, -1, -1, -1, -1, -1, -1, -1, -1, -1, -1, -1, -1, -1, -1, -1, -1, -1, -1, -1, -1, -1, -1, -1, -1, -1, -1, -1, -1, -1, -1, -1]"
150,11,21,1.0,None,1,237,"[{'cluster_no': -1, 'count': 237}]","[-1, -1, -1, -1, -1, -1, -1, -1, -1, -1, -1, -1, -1, -1, -1, -1, -1, -1, -1, -1, -1, -1, -1, -1, -1, -1, -1, -1, -1, -1, -1, -1, -1, -1, -1, -1, -1, -1, -1, -1, -1, -1, -1, -1, -1, -1, -1, -1, -1, -1, -1, -1, -1, -1, -1, -1, -1, -1, -1, -1, -1, -1, -1, -1, -1, -1, -1, -1, -1, -1, -1, -1, -1, -1, -1, -1, -1, -1, -1, -1, -1, -1, -1, -1, -1, -1, -1, -1, -1, -1, -1, -1, -1, -1, -1, -1, -1, -1, -1, -1, -1, -1, -1, -1, -1, -1, -1, -1, -1, -1, -1, -1, -1, -1, -1, -1, -1, -1, -1, -1, -1, -1, -1, -1, -1, -1, -1, -1, -1, -1, -1, -1, -1, -1, -1, -1, -1, -1, -1, -1, -1, -1, -1, -1, -1, -1, -1, -1, -1, -1, -1, -1, -1, -1, -1, -1, -1, -1, -1, -1, -1, -1, -1, -1, -1, -1, -1, -1, -1, -1, -1, -1, -1, -1, -1, -1, -1, -1, -1, -1, -1, -1, -1, -1, -1, -1, -1, -1, -1, -1, -1, -1, -1, -1, -1, -1, -1, -1, -1, -1, -1, -1, -1, -1, -1, -1, -1, -1, -1, -1, -1, -1, -1, -1, -1, -1, -1, -1, -1, -1, -1, -1, -1, -1, -1, -1, -1, -1, -1, -1, -1, -1, -1, -1, -1, -1, -1]"
150,11,22,0.0,None,1,237,"[{'cluster_no': -1, 'count': 237}]","[-1, -1, -1, -1, -1, -1, -1, -1, -1, -1, -1, -1, -1, -1, -1, -1, -1, -1, -1, -1, -1, -1, -1, -1, -1, -1, -1, -1, -1, -1, -1, -1, -1, -1, -1, -1, -1, -1, -1, -1, -1, -1, -1, -1, -1, -1, -1, -1, -1, -1, -1, -1, -1, -1, -1, -1, -1, -1, -1, -1, -1, -1, -1, -1, -1, -1, -1, -1, -1, -1, -1, -1, -1, -1, -1, -1, -1, -1, -1, -1, -1, -1, -1, -1, -1, -1, -1, -1, -1, -1, -1, -1, -1, -1, -1, -1, -1, -1, -1, -1, -1, -1, -1, -1, -1, -1, -1, -1, -1, -1, -1, -1, -1, -1, -1, -1, -1, -1, -1, -1, -1, -1, -1, -1, -1, -1, -1, -1, -1, -1, -1, -1, -1, -1, -1, -1, -1, -1, -1, -1, -1, -1, -1, -1, -1, -1, -1, -1, -1, -1, -1, -1, -1, -1, -1, -1, -1, -1, -1, -1, -1, -1, -1, -1, -1, -1, -1, -1, -1, -1, -1, -1, -1, -1, -1, -1, -1, -1, -1, -1, -1, -1, -1, -1, -1, -1, -1, -1, -1, -1, -1, -1, -1, -1, -1, -1, -1, -1, -1, -1, -1, -1, -1, -1, -1, -1, -1, -1, -1, -1, -1, -1, -1, -1, -1, -1, -1, -1, -1, -1, -1, -1, -1, -1, -1, -1, -1, -1, -1, -1, -1, -1, -1, -1, -1, -1, -1]"
150,11,22,0.5,None,1,237,"[{'cluster_no': -1, 'count': 237}]","[-1, -1, -1, -1, -1, -1, -1, -1, -1, -1, -1, -1, -1, -1, -1, -1, -1, -1, -1, -1, -1, -1, -1, -1, -1, -1, -1, -1, -1, -1, -1, -1, -1, -1, -1, -1, -1, -1, -1, -1, -1, -1, -1, -1, -1, -1, -1, -1, -1, -1, -1, -1, -1, -1, -1, -1, -1, -1, -1, -1, -1, -1, -1, -1, -1, -1, -1, -1, -1, -1, -1, -1, -1, -1, -1, -1, -1, -1, -1, -1, -1, -1, -1, -1, -1, -1, -1, -1, -1, -1, -1, -1, -1, -1, -1, -1, -1, -1, -1, -1, -1, -1, -1, -1, -1, -1, -1, -1, -1, -1, -1, -1, -1, -1, -1, -1, -1, -1, -1, -1, -1, -1, -1, -1, -1, -1, -1, -1, -1, -1, -1, -1, -1, -1, -1, -1, -1, -1, -1, -1, -1, -1, -1, -1, -1, -1, -1, -1, -1, -1, -1, -1, -1, -1, -1, -1, -1, -1, -1, -1, -1, -1, -1, -1, -1, -1, -1, -1, -1, -1, -1, -1, -1, -1, -1, -1, -1, -1, -1, -1, -1, -1, -1, -1, -1, -1, -1, -1, -1, -1, -1, -1, -1, -1, -1, -1, -1, -1, -1, -1, -1, -1, -1, -1, -1, -1, -1, -1, -1, -1, -1, -1, -1, -1, -1, -1, -1, -1, -1, -1, -1, -1, -1, -1, -1, -1, -1, -1, -1, -1, -1, -1, -1, -1, -1, -1, -1]"
150,11,22,1.0,None,1,237,"[{'cluster_no': -1, 'count': 237}]","[-1, -1, -1, -1, -1, -1, -1, -1, -1, -1, -1, -1, -1, -1, -1, -1, -1, -1, -1, -1, -1, -1, -1, -1, -1, -1, -1, -1, -1, -1, -1, -1, -1, -1, -1, -1, -1, -1, -1, -1, -1, -1, -1, -1, -1, -1, -1, -1, -1, -1, -1, -1, -1, -1, -1, -1, -1, -1, -1, -1, -1, -1, -1, -1, -1, -1, -1, -1, -1, -1, -1, -1, -1, -1, -1, -1, -1, -1, -1, -1, -1, -1, -1, -1, -1, -1, -1, -1, -1, -1, -1, -1, -1, -1, -1, -1, -1, -1, -1, -1, -1, -1, -1, -1, -1, -1, -1, -1, -1, -1, -1, -1, -1, -1, -1, -1, -1, -1, -1, -1, -1, -1, -1, -1, -1, -1, -1, -1, -1, -1, -1, -1, -1, -1, -1, -1, -1, -1, -1, -1, -1, -1, -1, -1, -1, -1, -1, -1, -1, -1, -1, -1, -1, -1, -1, -1, -1, -1, -1, -1, -1, -1, -1, -1, -1, -1, -1, -1, -1, -1, -1, -1, -1, -1, -1, -1, -1, -1, -1, -1, -1, -1, -1, -1, -1, -1, -1, -1, -1, -1, -1, -1, -1, -1, -1, -1, -1, -1, -1, -1, -1, -1, -1, -1, -1, -1, -1, -1, -1, -1, -1, -1, -1, -1, -1, -1, -1, -1, -1, -1, -1, -1, -1, -1, -1, -1, -1, -1, -1, -1, -1, -1, -1, -1, -1, -1, -1]"
150,11,23,0.0,None,1,237,"[{'cluster_no': -1, 'count': 237}]","[-1, -1, -1, -1, -1, -1, -1, -1, -1, -1, -1, -1, -1, -1, -1, -1, -1, -1, -1, -1, -1, -1, -1, -1, -1, -1, -1, -1, -1, -1, -1, -1, -1, -1, -1, -1, -1, -1, -1, -1, -1, -1, -1, -1, -1, -1, -1, -1, -1, -1, -1, -1, -1, -1, -1, -1, -1, -1, -1, -1, -1, -1, -1, -1, -1, -1, -1, -1, -1, -1, -1, -1, -1, -1, -1, -1, -1, -1, -1, -1, -1, -1, -1, -1, -1, -1, -1, -1, -1, -1, -1, -1, -1, -1, -1, -1, -1, -1, -1, -1, -1, -1, -1, -1, -1, -1, -1, -1, -1, -1, -1, -1, -1, -1, -1, -1, -1, -1, -1, -1, -1, -1, -1, -1, -1, -1, -1, -1, -1, -1, -1, -1, -1, -1, -1, -1, -1, -1, -1, -1, -1, -1, -1, -1, -1, -1, -1, -1, -1, -1, -1, -1, -1, -1, -1, -1, -1, -1, -1, -1, -1, -1, -1, -1, -1, -1, -1, -1, -1, -1, -1, -1, -1, -1, -1, -1, -1, -1, -1, -1, -1, -1, -1, -1, -1, -1, -1, -1, -1, -1, -1, -1, -1, -1, -1, -1, -1, -1, -1, -1, -1, -1, -1, -1, -1, -1, -1, -1, -1, -1, -1, -1, -1, -1, -1, -1, -1, -1, -1, -1, -1, -1, -1, -1, -1, -1, -1, -1, -1, -1, -1, -1, -1, -1, -1, -1, -1]"
150,11,23,0.5,None,1,237,"[{'cluster_no': -1, 'count': 237}]","[-1, -1, -1, -1, -1, -1, -1, -1, -1, -1, -1, -1, -1, -1, -1, -1, -1, -1, -1, -1, -1, -1, -1, -1, -1, -1, -1, -1, -1, -1, -1, -1, -1, -1, -1, -1, -1, -1, -1, -1, -1, -1, -1, -1, -1, -1, -1, -1, -1, -1, -1, -1, -1, -1, -1, -1, -1, -1, -1, -1, -1, -1, -1, -1, -1, -1, -1, -1, -1, -1, -1, -1, -1, -1, -1, -1, -1, -1, -1, -1, -1, -1, -1, -1, -1, -1, -1, -1, -1, -1, -1, -1, -1, -1, -1, -1, -1, -1, -1, -1, -1, -1, -1, -1, -1, -1, -1, -1, -1, -1, -1, -1, -1, -1, -1, -1, -1, -1, -1, -1, -1, -1, -1, -1, -1, -1, -1, -1, -1, -1, -1, -1, -1, -1, -1, -1, -1, -1, -1, -1, -1, -1, -1, -1, -1, -1, -1, -1, -1, -1, -1, -1, -1, -1, -1, -1, -1, -1, -1, -1, -1, -1, -1, -1, -1, -1, -1, -1, -1, -1, -1, -1, -1, -1, -1, -1, -1, -1, -1, -1, -1, -1, -1, -1, -1, -1, -1, -1, -1, -1, -1, -1, -1, -1, -1, -1, -1, -1, -1, -1, -1, -1, -1, -1, -1, -1, -1, -1, -1, -1, -1, -1, -1, -1, -1, -1, -1, -1, -1, -1, -1, -1, -1, -1, -1, -1, -1, -1, -1, -1, -1, -1, -1, -1, -1, -1, -1]"
150,11,23,1.0,None,1,237,"[{'cluster_no': -1, 'count': 237}]","[-1, -1, -1, -1, -1, -1, -1, -1, -1, -1, -1, -1, -1, -1, -1, -1, -1, -1, -1, -1, -1, -1, -1, -1, -1, -1, -1, -1, -1, -1, -1, -1, -1, -1, -1, -1, -1, -1, -1, -1, -1, -1, -1, -1, -1, -1, -1, -1, -1, -1, -1, -1, -1, -1, -1, -1, -1, -1, -1, -1, -1, -1, -1, -1, -1, -1, -1, -1, -1, -1, -1, -1, -1, -1, -1, -1, -1, -1, -1, -1, -1, -1, -1, -1, -1, -1, -1, -1, -1, -1, -1, -1, -1, -1, -1, -1, -1, -1, -1, -1, -1, -1, -1, -1, -1, -1, -1, -1, -1, -1, -1, -1, -1, -1, -1, -1, -1, -1, -1, -1, -1, -1, -1, -1, -1, -1, -1, -1, -1, -1, -1, -1, -1, -1, -1, -1, -1, -1, -1, -1, -1, -1, -1, -1, -1, -1, -1, -1, -1, -1, -1, -1, -1, -1, -1, -1, -1, -1, -1, -1, -1, -1, -1, -1, -1, -1, -1, -1, -1, -1, -1, -1, -1, -1, -1, -1, -1, -1, -1, -1, -1, -1, -1, -1, -1, -1, -1, -1, -1, -1, -1, -1, -1, -1, -1, -1, -1, -1, -1, -1, -1, -1, -1, -1, -1, -1, -1, -1, -1, -1, -1, -1, -1, -1, -1, -1, -1, -1, -1, -1, -1, -1, -1, -1, -1, -1, -1, -1, -1, -1, -1, -1, -1, -1, -1, -1, -1]"
150,11,24,0.0,None,1,237,"[{'cluster_no': -1, 'count': 237}]","[-1, -1, -1, -1, -1, -1, -1, -1, -1, -1, -1, -1, -1, -1, -1, -1, -1, -1, -1, -1, -1, -1, -1, -1, -1, -1, -1, -1, -1, -1, -1, -1, -1, -1, -1, -1, -1, -1, -1, -1, -1, -1, -1, -1, -1, -1, -1, -1, -1, -1, -1, -1, -1, -1, -1, -1, -1, -1, -1, -1, -1, -1, -1, -1, -1, -1, -1, -1, -1, -1, -1, -1, -1, -1, -1, -1, -1, -1, -1, -1, -1, -1, -1, -1, -1, -1, -1, -1, -1, -1, -1, -1, -1, -1, -1, -1, -1, -1, -1, -1, -1, -1, -1, -1, -1, -1, -1, -1, -1, -1, -1, -1, -1, -1, -1, -1, -1, -1, -1, -1, -1, -1, -1, -1, -1, -1, -1, -1, -1, -1, -1, -1, -1, -1, -1, -1, -1, -1, -1, -1, -1, -1, -1, -1, -1, -1, -1, -1, -1, -1, -1, -1, -1, -1, -1, -1, -1, -1, -1, -1, -1, -1, -1, -1, -1, -1, -1, -1, -1, -1, -1, -1, -1, -1, -1, -1, -1, -1, -1, -1, -1, -1, -1, -1, -1, -1, -1, -1, -1, -1, -1, -1, -1, -1, -1, -1, -1, -1, -1, -1, -1, -1, -1, -1, -1, -1, -1, -1, -1, -1, -1, -1, -1, -1, -1, -1, -1, -1, -1, -1, -1, -1, -1, -1, -1, -1, -1, -1, -1, -1, -1, -1, -1, -1, -1, -1, -1]"
150,11,24,0.5,None,1,237,"[{'cluster_no': -1, 'count': 237}]","[-1, -1, -1, -1, -1, -1, -1, -1, -1, -1, -1, -1, -1, -1, -1, -1, -1, -1, -1, -1, -1, -1, -1, -1, -1, -1, -1, -1, -1, -1, -1, -1, -1, -1, -1, -1, -1, -1, -1, -1, -1, -1, -1, -1, -1, -1, -1, -1, -1, -1, -1, -1, -1, -1, -1, -1, -1, -1, -1, -1, -1, -1, -1, -1, -1, -1, -1, -1, -1, -1, -1, -1, -1, -1, -1, -1, -1, -1, -1, -1, -1, -1, -1, -1, -1, -1, -1, -1, -1, -1, -1, -1, -1, -1, -1, -1, -1, -1, -1, -1, -1, -1, -1, -1, -1, -1, -1, -1, -1, -1, -1, -1, -1, -1, -1, -1, -1, -1, -1, -1, -1, -1, -1, -1, -1, -1, -1, -1, -1, -1, -1, -1, -1, -1, -1, -1, -1, -1, -1, -1, -1, -1, -1, -1, -1, -1, -1, -1, -1, -1, -1, -1, -1, -1, -1, -1, -1, -1, -1, -1, -1, -1, -1, -1, -1, -1, -1, -1, -1, -1, -1, -1, -1, -1, -1, -1, -1, -1, -1, -1, -1, -1, -1, -1, -1, -1, -1, -1, -1, -1, -1, -1, -1, -1, -1, -1, -1, -1, -1, -1, -1, -1, -1, -1, -1, -1, -1, -1, -1, -1, -1, -1, -1, -1, -1, -1, -1, -1, -1, -1, -1, -1, -1, -1, -1, -1, -1, -1, -1, -1, -1, -1, -1, -1, -1, -1, -1]"
150,11,24,1.0,None,1,237,"[{'cluster_no': -1, 'count': 237}]","[-1, -1, -1, -1, -1, -1, -1, -1, -1, -1, -1, -1, -1, -1, -1, -1, -1, -1, -1, -1, -1, -1, -1, -1, -1, -1, -1, -1, -1, -1, -1, -1, -1, -1, -1, -1, -1, -1, -1, -1, -1, -1, -1, -1, -1, -1, -1, -1, -1, -1, -1, -1, -1, -1, -1, -1, -1, -1, -1, -1, -1, -1, -1, -1, -1, -1, -1, -1, -1, -1, -1, -1, -1, -1, -1, -1, -1, -1, -1, -1, -1, -1, -1, -1, -1, -1, -1, -1, -1, -1, -1, -1, -1, -1, -1, -1, -1, -1, -1, -1, -1, -1, -1, -1, -1, -1, -1, -1, -1, -1, -1, -1, -1, -1, -1, -1, -1, -1, -1, -1, -1, -1, -1, -1, -1, -1, -1, -1, -1, -1, -1, -1, -1, -1, -1, -1, -1, -1, -1, -1, -1, -1, -1, -1, -1, -1, -1, -1, -1, -1, -1, -1, -1, -1, -1, -1, -1, -1, -1, -1, -1, -1, -1, -1, -1, -1, -1, -1, -1, -1, -1, -1, -1, -1, -1, -1, -1, -1, -1, -1, -1, -1, -1, -1, -1, -1, -1, -1, -1, -1, -1, -1, -1, -1, -1, -1, -1, -1, -1, -1, -1, -1, -1, -1, -1, -1, -1, -1, -1, -1, -1, -1, -1, -1, -1, -1, -1, -1, -1, -1, -1, -1, -1, -1, -1, -1, -1, -1, -1, -1, -1, -1, -1, -1, -1, -1, -1]"
150,11,25,0.0,None,1,237,"[{'cluster_no': -1, 'count': 237}]","[-1, -1, -1, -1, -1, -1, -1, -1, -1, -1, -1, -1, -1, -1, -1, -1, -1, -1, -1, -1, -1, -1, -1, -1, -1, -1, -1, -1, -1, -1, -1, -1, -1, -1, -1, -1, -1, -1, -1, -1, -1, -1, -1, -1, -1, -1, -1, -1, -1, -1, -1, -1, -1, -1, -1, -1, -1, -1, -1, -1, -1, -1, -1, -1, -1, -1, -1, -1, -1, -1, -1, -1, -1, -1, -1, -1, -1, -1, -1, -1, -1, -1, -1, -1, -1, -1, -1, -1, -1, -1, -1, -1, -1, -1, -1, -1, -1, -1, -1, -1, -1, -1, -1, -1, -1, -1, -1, -1, -1, -1, -1, -1, -1, -1, -1, -1, -1, -1, -1, -1, -1, -1, -1, -1, -1, -1, -1, -1, -1, -1, -1, -1, -1, -1, -1, -1, -1, -1, -1, -1, -1, -1, -1, -1, -1, -1, -1, -1, -1, -1, -1, -1, -1, -1, -1, -1, -1, -1, -1, -1, -1, -1, -1, -1, -1, -1, -1, -1, -1, -1, -1, -1, -1, -1, -1, -1, -1, -1, -1, -1, -1, -1, -1, -1, -1, -1, -1, -1, -1, -1, -1, -1, -1, -1, -1, -1, -1, -1, -1, -1, -1, -1, -1, -1, -1, -1, -1, -1, -1, -1, -1, -1, -1, -1, -1, -1, -1, -1, -1, -1, -1, -1, -1, -1, -1, -1, -1, -1, -1, -1, -1, -1, -1, -1, -1, -1, -1]"
150,11,25,0.5,None,1,237,"[{'cluster_no': -1, 'count': 237}]","[-1, -1, -1, -1, -1, -1, -1, -1, -1, -1, -1, -1, -1, -1, -1, -1, -1, -1, -1, -1, -1, -1, -1, -1, -1, -1, -1, -1, -1, -1, -1, -1, -1, -1, -1, -1, -1, -1, -1, -1, -1, -1, -1, -1, -1, -1, -1, -1, -1, -1, -1, -1, -1, -1, -1, -1, -1, -1, -1, -1, -1, -1, -1, -1, -1, -1, -1, -1, -1, -1, -1, -1, -1, -1, -1, -1, -1, -1, -1, -1, -1, -1, -1, -1, -1, -1, -1, -1, -1, -1, -1, -1, -1, -1, -1, -1, -1, -1, -1, -1, -1, -1, -1, -1, -1, -1, -1, -1, -1, -1, -1, -1, -1, -1, -1, -1, -1, -1, -1, -1, -1, -1, -1, -1, -1, -1, -1, -1, -1, -1, -1, -1, -1, -1, -1, -1, -1, -1, -1, -1, -1, -1, -1, -1, -1, -1, -1, -1, -1, -1, -1, -1, -1, -1, -1, -1, -1, -1, -1, -1, -1, -1, -1, -1, -1, -1, -1, -1, -1, -1, -1, -1, -1, -1, -1, -1, -1, -1, -1, -1, -1, -1, -1, -1, -1, -1, -1, -1, -1, -1, -1, -1, -1, -1, -1, -1, -1, -1, -1, -1, -1, -1, -1, -1, -1, -1, -1, -1, -1, -1, -1, -1, -1, -1, -1, -1, -1, -1, -1, -1, -1, -1, -1, -1, -1, -1, -1, -1, -1, -1, -1, -1, -1, -1, -1, -1, -1]"
150,11,25,1.0,None,1,237,"[{'cluster_no': -1, 'count': 237}]","[-1, -1, -1, -1, -1, -1, -1, -1, -1, -1, -1, -1, -1, -1, -1, -1, -1, -1, -1, -1, -1, -1, -1, -1, -1, -1, -1, -1, -1, -1, -1, -1, -1, -1, -1, -1, -1, -1, -1, -1, -1, -1, -1, -1, -1, -1, -1, -1, -1, -1, -1, -1, -1, -1, -1, -1, -1, -1, -1, -1, -1, -1, -1, -1, -1, -1, -1, -1, -1, -1, -1, -1, -1, -1, -1, -1, -1, -1, -1, -1, -1, -1, -1, -1, -1, -1, -1, -1, -1, -1, -1, -1, -1, -1, -1, -1, -1, -1, -1, -1, -1, -1, -1, -1, -1, -1, -1, -1, -1, -1, -1, -1, -1, -1, -1, -1, -1, -1, -1, -1, -1, -1, -1, -1, -1, -1, -1, -1, -1, -1, -1, -1, -1, -1, -1, -1, -1, -1, -1, -1, -1, -1, -1, -1, -1, -1, -1, -1, -1, -1, -1, -1, -1, -1, -1, -1, -1, -1, -1, -1, -1, -1, -1, -1, -1, -1, -1, -1, -1, -1, -1, -1, -1, -1, -1, -1, -1, -1, -1, -1, -1, -1, -1, -1, -1, -1, -1, -1, -1, -1, -1, -1, -1, -1, -1, -1, -1, -1, -1, -1, -1, -1, -1, -1, -1, -1, -1, -1, -1, -1, -1, -1, -1, -1, -1, -1, -1, -1, -1, -1, -1, -1, -1, -1, -1, -1, -1, -1, -1, -1, -1, -1, -1, -1, -1, -1, -1]"
150,11,26,0.0,None,1,237,"[{'cluster_no': -1, 'count': 237}]","[-1, -1, -1, -1, -1, -1, -1, -1, -1, -1, -1, -1, -1, -1, -1, -1, -1, -1, -1, -1, -1, -1, -1, -1, -1, -1, -1, -1, -1, -1, -1, -1, -1, -1, -1, -1, -1, -1, -1, -1, -1, -1, -1, -1, -1, -1, -1, -1, -1, -1, -1, -1, -1, -1, -1, -1, -1, -1, -1, -1, -1, -1, -1, -1, -1, -1, -1, -1, -1, -1, -1, -1, -1, -1, -1, -1, -1, -1, -1, -1, -1, -1, -1, -1, -1, -1, -1, -1, -1, -1, -1, -1, -1, -1, -1, -1, -1, -1, -1, -1, -1, -1, -1, -1, -1, -1, -1, -1, -1, -1, -1, -1, -1, -1, -1, -1, -1, -1, -1, -1, -1, -1, -1, -1, -1, -1, -1, -1, -1, -1, -1, -1, -1, -1, -1, -1, -1, -1, -1, -1, -1, -1, -1, -1, -1, -1, -1, -1, -1, -1, -1, -1, -1, -1, -1, -1, -1, -1, -1, -1, -1, -1, -1, -1, -1, -1, -1, -1, -1, -1, -1, -1, -1, -1, -1, -1, -1, -1, -1, -1, -1, -1, -1, -1, -1, -1, -1, -1, -1, -1, -1, -1, -1, -1, -1, -1, -1, -1, -1, -1, -1, -1, -1, -1, -1, -1, -1, -1, -1, -1, -1, -1, -1, -1, -1, -1, -1, -1, -1, -1, -1, -1, -1, -1, -1, -1, -1, -1, -1, -1, -1, -1, -1, -1, -1, -1, -1]"
150,11,26,0.5,None,1,237,"[{'cluster_no': -1, 'count': 237}]","[-1, -1, -1, -1, -1, -1, -1, -1, -1, -1, -1, -1, -1, -1, -1, -1, -1, -1, -1, -1, -1, -1, -1, -1, -1, -1, -1, -1, -1, -1, -1, -1, -1, -1, -1, -1, -1, -1, -1, -1, -1, -1, -1, -1, -1, -1, -1, -1, -1, -1, -1, -1, -1, -1, -1, -1, -1, -1, -1, -1, -1, -1, -1, -1, -1, -1, -1, -1, -1, -1, -1, -1, -1, -1, -1, -1, -1, -1, -1, -1, -1, -1, -1, -1, -1, -1, -1, -1, -1, -1, -1, -1, -1, -1, -1, -1, -1, -1, -1, -1, -1, -1, -1, -1, -1, -1, -1, -1, -1, -1, -1, -1, -1, -1, -1, -1, -1, -1, -1, -1, -1, -1, -1, -1, -1, -1, -1, -1, -1, -1, -1, -1, -1, -1, -1, -1, -1, -1, -1, -1, -1, -1, -1, -1, -1, -1, -1, -1, -1, -1, -1, -1, -1, -1, -1, -1, -1, -1, -1, -1, -1, -1, -1, -1, -1, -1, -1, -1, -1, -1, -1, -1, -1, -1, -1, -1, -1, -1, -1, -1, -1, -1, -1, -1, -1, -1, -1, -1, -1, -1, -1, -1, -1, -1, -1, -1, -1, -1, -1, -1, -1, -1, -1, -1, -1, -1, -1, -1, -1, -1, -1, -1, -1, -1, -1, -1, -1, -1, -1, -1, -1, -1, -1, -1, -1, -1, -1, -1, -1, -1, -1, -1, -1, -1, -1, -1, -1]"
150,11,26,1.0,None,1,237,"[{'cluster_no': -1, 'count': 237}]","[-1, -1, -1, -1, -1, -1, -1, -1, -1, -1, -1, -1, -1, -1, -1, -1, -1, -1, -1, -1, -1, -1, -1, -1, -1, -1, -1, -1, -1, -1, -1, -1, -1, -1, -1, -1, -1, -1, -1, -1, -1, -1, -1, -1, -1, -1, -1, -1, -1, -1, -1, -1, -1, -1, -1, -1, -1, -1, -1, -1, -1, -1, -1, -1, -1, -1, -1, -1, -1, -1, -1, -1, -1, -1, -1, -1, -1, -1, -1, -1, -1, -1, -1, -1, -1, -1, -1, -1, -1, -1, -1, -1, -1, -1, -1, -1, -1, -1, -1, -1, -1, -1, -1, -1, -1, -1, -1, -1, -1, -1, -1, -1, -1, -1, -1, -1, -1, -1, -1, -1, -1, -1, -1, -1, -1, -1, -1, -1, -1, -1, -1, -1, -1, -1, -1, -1, -1, -1, -1, -1, -1, -1, -1, -1, -1, -1, -1, -1, -1, -1, -1, -1, -1, -1, -1, -1, -1, -1, -1, -1, -1, -1, -1, -1, -1, -1, -1, -1, -1, -1, -1, -1, -1, -1, -1, -1, -1, -1, -1, -1, -1, -1, -1, -1, -1, -1, -1, -1, -1, -1, -1, -1, -1, -1, -1, -1, -1, -1, -1, -1, -1, -1, -1, -1, -1, -1, -1, -1, -1, -1, -1, -1, -1, -1, -1, -1, -1, -1, -1, -1, -1, -1, -1, -1, -1, -1, -1, -1, -1, -1, -1, -1, -1, -1, -1, -1, -1]"
150,11,27,0.0,None,1,237,"[{'cluster_no': -1, 'count': 237}]","[-1, -1, -1, -1, -1, -1, -1, -1, -1, -1, -1, -1, -1, -1, -1, -1, -1, -1, -1, -1, -1, -1, -1, -1, -1, -1, -1, -1, -1, -1, -1, -1, -1, -1, -1, -1, -1, -1, -1, -1, -1, -1, -1, -1, -1, -1, -1, -1, -1, -1, -1, -1, -1, -1, -1, -1, -1, -1, -1, -1, -1, -1, -1, -1, -1, -1, -1, -1, -1, -1, -1, -1, -1, -1, -1, -1, -1, -1, -1, -1, -1, -1, -1, -1, -1, -1, -1, -1, -1, -1, -1, -1, -1, -1, -1, -1, -1, -1, -1, -1, -1, -1, -1, -1, -1, -1, -1, -1, -1, -1, -1, -1, -1, -1, -1, -1, -1, -1, -1, -1, -1, -1, -1, -1, -1, -1, -1, -1, -1, -1, -1, -1, -1, -1, -1, -1, -1, -1, -1, -1, -1, -1, -1, -1, -1, -1, -1, -1, -1, -1, -1, -1, -1, -1, -1, -1, -1, -1, -1, -1, -1, -1, -1, -1, -1, -1, -1, -1, -1, -1, -1, -1, -1, -1, -1, -1, -1, -1, -1, -1, -1, -1, -1, -1, -1, -1, -1, -1, -1, -1, -1, -1, -1, -1, -1, -1, -1, -1, -1, -1, -1, -1, -1, -1, -1, -1, -1, -1, -1, -1, -1, -1, -1, -1, -1, -1, -1, -1, -1, -1, -1, -1, -1, -1, -1, -1, -1, -1, -1, -1, -1, -1, -1, -1, -1, -1, -1]"
150,11,27,0.5,None,1,237,"[{'cluster_no': -1, 'count': 237}]","[-1, -1, -1, -1, -1, -1, -1, -1, -1, -1, -1, -1, -1, -1, -1, -1, -1, -1, -1, -1, -1, -1, -1, -1, -1, -1, -1, -1, -1, -1, -1, -1, -1, -1, -1, -1, -1, -1, -1, -1, -1, -1, -1, -1, -1, -1, -1, -1, -1, -1, -1, -1, -1, -1, -1, -1, -1, -1, -1, -1, -1, -1, -1, -1, -1, -1, -1, -1, -1, -1, -1, -1, -1, -1, -1, -1, -1, -1, -1, -1, -1, -1, -1, -1, -1, -1, -1, -1, -1, -1, -1, -1, -1, -1, -1, -1, -1, -1, -1, -1, -1, -1, -1, -1, -1, -1, -1, -1, -1, -1, -1, -1, -1, -1, -1, -1, -1, -1, -1, -1, -1, -1, -1, -1, -1, -1, -1, -1, -1, -1, -1, -1, -1, -1, -1, -1, -1, -1, -1, -1, -1, -1, -1, -1, -1, -1, -1, -1, -1, -1, -1, -1, -1, -1, -1, -1, -1, -1, -1, -1, -1, -1, -1, -1, -1, -1, -1, -1, -1, -1, -1, -1, -1, -1, -1, -1, -1, -1, -1, -1, -1, -1, -1, -1, -1, -1, -1, -1, -1, -1, -1, -1, -1, -1, -1, -1, -1, -1, -1, -1, -1, -1, -1, -1, -1, -1, -1, -1, -1, -1, -1, -1, -1, -1, -1, -1, -1, -1, -1, -1, -1, -1, -1, -1, -1, -1, -1, -1, -1, -1, -1, -1, -1, -1, -1, -1, -1]"
150,11,27,1.0,None,1,237,"[{'cluster_no': -1, 'count': 237}]","[-1, -1, -1, -1, -1, -1, -1, -1, -1, -1, -1, -1, -1, -1, -1, -1, -1, -1, -1, -1, -1, -1, -1, -1, -1, -1, -1, -1, -1, -1, -1, -1, -1, -1, -1, -1, -1, -1, -1, -1, -1, -1, -1, -1, -1, -1, -1, -1, -1, -1, -1, -1, -1, -1, -1, -1, -1, -1, -1, -1, -1, -1, -1, -1, -1, -1, -1, -1, -1, -1, -1, -1, -1, -1, -1, -1, -1, -1, -1, -1, -1, -1, -1, -1, -1, -1, -1, -1, -1, -1, -1, -1, -1, -1, -1, -1, -1, -1, -1, -1, -1, -1, -1, -1, -1, -1, -1, -1, -1, -1, -1, -1, -1, -1, -1, -1, -1, -1, -1, -1, -1, -1, -1, -1, -1, -1, -1, -1, -1, -1, -1, -1, -1, -1, -1, -1, -1, -1, -1, -1, -1, -1, -1, -1, -1, -1, -1, -1, -1, -1, -1, -1, -1, -1, -1, -1, -1, -1, -1, -1, -1, -1, -1, -1, -1, -1, -1, -1, -1, -1, -1, -1, -1, -1, -1, -1, -1, -1, -1, -1, -1, -1, -1, -1, -1, -1, -1, -1, -1, -1, -1, -1, -1, -1, -1, -1, -1, -1, -1, -1, -1, -1, -1, -1, -1, -1, -1, -1, -1, -1, -1, -1, -1, -1, -1, -1, -1, -1, -1, -1, -1, -1, -1, -1, -1, -1, -1, -1, -1, -1, -1, -1, -1, -1, -1, -1, -1]"
150,11,28,0.0,None,1,237,"[{'cluster_no': -1, 'count': 237}]","[-1, -1, -1, -1, -1, -1, -1, -1, -1, -1, -1, -1, -1, -1, -1, -1, -1, -1, -1, -1, -1, -1, -1, -1, -1, -1, -1, -1, -1, -1, -1, -1, -1, -1, -1, -1, -1, -1, -1, -1, -1, -1, -1, -1, -1, -1, -1, -1, -1, -1, -1, -1, -1, -1, -1, -1, -1, -1, -1, -1, -1, -1, -1, -1, -1, -1, -1, -1, -1, -1, -1, -1, -1, -1, -1, -1, -1, -1, -1, -1, -1, -1, -1, -1, -1, -1, -1, -1, -1, -1, -1, -1, -1, -1, -1, -1, -1, -1, -1, -1, -1, -1, -1, -1, -1, -1, -1, -1, -1, -1, -1, -1, -1, -1, -1, -1, -1, -1, -1, -1, -1, -1, -1, -1, -1, -1, -1, -1, -1, -1, -1, -1, -1, -1, -1, -1, -1, -1, -1, -1, -1, -1, -1, -1, -1, -1, -1, -1, -1, -1, -1, -1, -1, -1, -1, -1, -1, -1, -1, -1, -1, -1, -1, -1, -1, -1, -1, -1, -1, -1, -1, -1, -1, -1, -1, -1, -1, -1, -1, -1, -1, -1, -1, -1, -1, -1, -1, -1, -1, -1, -1, -1, -1, -1, -1, -1, -1, -1, -1, -1, -1, -1, -1, -1, -1, -1, -1, -1, -1, -1, -1, -1, -1, -1, -1, -1, -1, -1, -1, -1, -1, -1, -1, -1, -1, -1, -1, -1, -1, -1, -1, -1, -1, -1, -1, -1, -1]"
150,11,28,0.5,None,1,237,"[{'cluster_no': -1, 'count': 237}]","[-1, -1, -1, -1, -1, -1, -1, -1, -1, -1, -1, -1, -1, -1, -1, -1, -1, -1, -1, -1, -1, -1, -1, -1, -1, -1, -1, -1, -1, -1, -1, -1, -1, -1, -1, -1, -1, -1, -1, -1, -1, -1, -1, -1, -1, -1, -1, -1, -1, -1, -1, -1, -1, -1, -1, -1, -1, -1, -1, -1, -1, -1, -1, -1, -1, -1, -1, -1, -1, -1, -1, -1, -1, -1, -1, -1, -1, -1, -1, -1, -1, -1, -1, -1, -1, -1, -1, -1, -1, -1, -1, -1, -1, -1, -1, -1, -1, -1, -1, -1, -1, -1, -1, -1, -1, -1, -1, -1, -1, -1, -1, -1, -1, -1, -1, -1, -1, -1, -1, -1, -1, -1, -1, -1, -1, -1, -1, -1, -1, -1, -1, -1, -1, -1, -1, -1, -1, -1, -1, -1, -1, -1, -1, -1, -1, -1, -1, -1, -1, -1, -1, -1, -1, -1, -1, -1, -1, -1, -1, -1, -1, -1, -1, -1, -1, -1, -1, -1, -1, -1, -1, -1, -1, -1, -1, -1, -1, -1, -1, -1, -1, -1, -1, -1, -1, -1, -1, -1, -1, -1, -1, -1, -1, -1, -1, -1, -1, -1, -1, -1, -1, -1, -1, -1, -1, -1, -1, -1, -1, -1, -1, -1, -1, -1, -1, -1, -1, -1, -1, -1, -1, -1, -1, -1, -1, -1, -1, -1, -1, -1, -1, -1, -1, -1, -1, -1, -1]"
150,11,28,1.0,None,1,237,"[{'cluster_no': -1, 'count': 237}]","[-1, -1, -1, -1, -1, -1, -1, -1, -1, -1, -1, -1, -1, -1, -1, -1, -1, -1, -1, -1, -1, -1, -1, -1, -1, -1, -1, -1, -1, -1, -1, -1, -1, -1, -1, -1, -1, -1, -1, -1, -1, -1, -1, -1, -1, -1, -1, -1, -1, -1, -1, -1, -1, -1, -1, -1, -1, -1, -1, -1, -1, -1, -1, -1, -1, -1, -1, -1, -1, -1, -1, -1, -1, -1, -1, -1, -1, -1, -1, -1, -1, -1, -1, -1, -1, -1, -1, -1, -1, -1, -1, -1, -1, -1, -1, -1, -1, -1, -1, -1, -1, -1, -1, -1, -1, -1, -1, -1, -1, -1, -1, -1, -1, -1, -1, -1, -1, -1, -1, -1, -1, -1, -1, -1, -1, -1, -1, -1, -1, -1, -1, -1, -1, -1, -1, -1, -1, -1, -1, -1, -1, -1, -1, -1, -1, -1, -1, -1, -1, -1, -1, -1, -1, -1, -1, -1, -1, -1, -1, -1, -1, -1, -1, -1, -1, -1, -1, -1, -1, -1, -1, -1, -1, -1, -1, -1, -1, -1, -1, -1, -1, -1, -1, -1, -1, -1, -1, -1, -1, -1, -1, -1, -1, -1, -1, -1, -1, -1, -1, -1, -1, -1, -1, -1, -1, -1, -1, -1, -1, -1, -1, -1, -1, -1, -1, -1, -1, -1, -1, -1, -1, -1, -1, -1, -1, -1, -1, -1, -1, -1, -1, -1, -1, -1, -1, -1, -1]"
150,11,29,0.0,None,1,237,"[{'cluster_no': -1, 'count': 237}]","[-1, -1, -1, -1, -1, -1, -1, -1, -1, -1, -1, -1, -1, -1, -1, -1, -1, -1, -1, -1, -1, -1, -1, -1, -1, -1, -1, -1, -1, -1, -1, -1, -1, -1, -1, -1, -1, -1, -1, -1, -1, -1, -1, -1, -1, -1, -1, -1, -1, -1, -1, -1, -1, -1, -1, -1, -1, -1, -1, -1, -1, -1, -1, -1, -1, -1, -1, -1, -1, -1, -1, -1, -1, -1, -1, -1, -1, -1, -1, -1, -1, -1, -1, -1, -1, -1, -1, -1, -1, -1, -1, -1, -1, -1, -1, -1, -1, -1, -1, -1, -1, -1, -1, -1, -1, -1, -1, -1, -1, -1, -1, -1, -1, -1, -1, -1, -1, -1, -1, -1, -1, -1, -1, -1, -1, -1, -1, -1, -1, -1, -1, -1, -1, -1, -1, -1, -1, -1, -1, -1, -1, -1, -1, -1, -1, -1, -1, -1, -1, -1, -1, -1, -1, -1, -1, -1, -1, -1, -1, -1, -1, -1, -1, -1, -1, -1, -1, -1, -1, -1, -1, -1, -1, -1, -1, -1, -1, -1, -1, -1, -1, -1, -1, -1, -1, -1, -1, -1, -1, -1, -1, -1, -1, -1, -1, -1, -1, -1, -1, -1, -1, -1, -1, -1, -1, -1, -1, -1, -1, -1, -1, -1, -1, -1, -1, -1, -1, -1, -1, -1, -1, -1, -1, -1, -1, -1, -1, -1, -1, -1, -1, -1, -1, -1, -1, -1, -1]"
150,11,29,0.5,None,1,237,"[{'cluster_no': -1, 'count': 237}]","[-1, -1, -1, -1, -1, -1, -1, -1, -1, -1, -1, -1, -1, -1, -1, -1, -1, -1, -1, -1, -1, -1, -1, -1, -1, -1, -1, -1, -1, -1, -1, -1, -1, -1, -1, -1, -1, -1, -1, -1, -1, -1, -1, -1, -1, -1, -1, -1, -1, -1, -1, -1, -1, -1, -1, -1, -1, -1, -1, -1, -1, -1, -1, -1, -1, -1, -1, -1, -1, -1, -1, -1, -1, -1, -1, -1, -1, -1, -1, -1, -1, -1, -1, -1, -1, -1, -1, -1, -1, -1, -1, -1, -1, -1, -1, -1, -1, -1, -1, -1, -1, -1, -1, -1, -1, -1, -1, -1, -1, -1, -1, -1, -1, -1, -1, -1, -1, -1, -1, -1, -1, -1, -1, -1, -1, -1, -1, -1, -1, -1, -1, -1, -1, -1, -1, -1, -1, -1, -1, -1, -1, -1, -1, -1, -1, -1, -1, -1, -1, -1, -1, -1, -1, -1, -1, -1, -1, -1, -1, -1, -1, -1, -1, -1, -1, -1, -1, -1, -1, -1, -1, -1, -1, -1, -1, -1, -1, -1, -1, -1, -1, -1, -1, -1, -1, -1, -1, -1, -1, -1, -1, -1, -1, -1, -1, -1, -1, -1, -1, -1, -1, -1, -1, -1, -1, -1, -1, -1, -1, -1, -1, -1, -1, -1, -1, -1, -1, -1, -1, -1, -1, -1, -1, -1, -1, -1, -1, -1, -1, -1, -1, -1, -1, -1, -1, -1, -1]"
150,11,29,1.0,None,1,237,"[{'cluster_no': -1, 'count': 237}]","[-1, -1, -1, -1, -1, -1, -1, -1, -1, -1, -1, -1, -1, -1, -1, -1, -1, -1, -1, -1, -1, -1, -1, -1, -1, -1, -1, -1, -1, -1, -1, -1, -1, -1, -1, -1, -1, -1, -1, -1, -1, -1, -1, -1, -1, -1, -1, -1, -1, -1, -1, -1, -1, -1, -1, -1, -1, -1, -1, -1, -1, -1, -1, -1, -1, -1, -1, -1, -1, -1, -1, -1, -1, -1, -1, -1, -1, -1, -1, -1, -1, -1, -1, -1, -1, -1, -1, -1, -1, -1, -1, -1, -1, -1, -1, -1, -1, -1, -1, -1, -1, -1, -1, -1, -1, -1, -1, -1, -1, -1, -1, -1, -1, -1, -1, -1, -1, -1, -1, -1, -1, -1, -1, -1, -1, -1, -1, -1, -1, -1, -1, -1, -1, -1, -1, -1, -1, -1, -1, -1, -1, -1, -1, -1, -1, -1, -1, -1, -1, -1, -1, -1, -1, -1, -1, -1, -1, -1, -1, -1, -1, -1, -1, -1, -1, -1, -1, -1, -1, -1, -1, -1, -1, -1, -1, -1, -1, -1, -1, -1, -1, -1, -1, -1, -1, -1, -1, -1, -1, -1, -1, -1, -1, -1, -1, -1, -1, -1, -1, -1, -1, -1, -1, -1, -1, -1, -1, -1, -1, -1, -1, -1, -1, -1, -1, -1, -1, -1, -1, -1, -1, -1, -1, -1, -1, -1, -1, -1, -1, -1, -1, -1, -1, -1, -1, -1, -1]"
150,11,30,0.0,None,1,237,"[{'cluster_no': -1, 'count': 237}]","[-1, -1, -1, -1, -1, -1, -1, -1, -1, -1, -1, -1, -1, -1, -1, -1, -1, -1, -1, -1, -1, -1, -1, -1, -1, -1, -1, -1, -1, -1, -1, -1, -1, -1, -1, -1, -1, -1, -1, -1, -1, -1, -1, -1, -1, -1, -1, -1, -1, -1, -1, -1, -1, -1, -1, -1, -1, -1, -1, -1, -1, -1, -1, -1, -1, -1, -1, -1, -1, -1, -1, -1, -1, -1, -1, -1, -1, -1, -1, -1, -1, -1, -1, -1, -1, -1, -1, -1, -1, -1, -1, -1, -1, -1, -1, -1, -1, -1, -1, -1, -1, -1, -1, -1, -1, -1, -1, -1, -1, -1, -1, -1, -1, -1, -1, -1, -1, -1, -1, -1, -1, -1, -1, -1, -1, -1, -1, -1, -1, -1, -1, -1, -1, -1, -1, -1, -1, -1, -1, -1, -1, -1, -1, -1, -1, -1, -1, -1, -1, -1, -1, -1, -1, -1, -1, -1, -1, -1, -1, -1, -1, -1, -1, -1, -1, -1, -1, -1, -1, -1, -1, -1, -1, -1, -1, -1, -1, -1, -1, -1, -1, -1, -1, -1, -1, -1, -1, -1, -1, -1, -1, -1, -1, -1, -1, -1, -1, -1, -1, -1, -1, -1, -1, -1, -1, -1, -1, -1, -1, -1, -1, -1, -1, -1, -1, -1, -1, -1, -1, -1, -1, -1, -1, -1, -1, -1, -1, -1, -1, -1, -1, -1, -1, -1, -1, -1, -1]"
150,11,30,0.5,None,1,237,"[{'cluster_no': -1, 'count': 237}]","[-1, -1, -1, -1, -1, -1, -1, -1, -1, -1, -1, -1, -1, -1, -1, -1, -1, -1, -1, -1, -1, -1, -1, -1, -1, -1, -1, -1, -1, -1, -1, -1, -1, -1, -1, -1, -1, -1, -1, -1, -1, -1, -1, -1, -1, -1, -1, -1, -1, -1, -1, -1, -1, -1, -1, -1, -1, -1, -1, -1, -1, -1, -1, -1, -1, -1, -1, -1, -1, -1, -1, -1, -1, -1, -1, -1, -1, -1, -1, -1, -1, -1, -1, -1, -1, -1, -1, -1, -1, -1, -1, -1, -1, -1, -1, -1, -1, -1, -1, -1, -1, -1, -1, -1, -1, -1, -1, -1, -1, -1, -1, -1, -1, -1, -1, -1, -1, -1, -1, -1, -1, -1, -1, -1, -1, -1, -1, -1, -1, -1, -1, -1, -1, -1, -1, -1, -1, -1, -1, -1, -1, -1, -1, -1, -1, -1, -1, -1, -1, -1, -1, -1, -1, -1, -1, -1, -1, -1, -1, -1, -1, -1, -1, -1, -1, -1, -1, -1, -1, -1, -1, -1, -1, -1, -1, -1, -1, -1, -1, -1, -1, -1, -1, -1, -1, -1, -1, -1, -1, -1, -1, -1, -1, -1, -1, -1, -1, -1, -1, -1, -1, -1, -1, -1, -1, -1, -1, -1, -1, -1, -1, -1, -1, -1, -1, -1, -1, -1, -1, -1, -1, -1, -1, -1, -1, -1, -1, -1, -1, -1, -1, -1, -1, -1, -1, -1, -1]"
150,11,30,1.0,None,1,237,"[{'cluster_no': -1, 'count': 237}]","[-1, -1, -1, -1, -1, -1, -1, -1, -1, -1, -1, -1, -1, -1, -1, -1, -1, -1, -1, -1, -1, -1, -1, -1, -1, -1, -1, -1, -1, -1, -1, -1, -1, -1, -1, -1, -1, -1, -1, -1, -1, -1, -1, -1, -1, -1, -1, -1, -1, -1, -1, -1, -1, -1, -1, -1, -1, -1, -1, -1, -1, -1, -1, -1, -1, -1, -1, -1, -1, -1, -1, -1, -1, -1, -1, -1, -1, -1, -1, -1, -1, -1, -1, -1, -1, -1, -1, -1, -1, -1, -1, -1, -1, -1, -1, -1, -1, -1, -1, -1, -1, -1, -1, -1, -1, -1, -1, -1, -1, -1, -1, -1, -1, -1, -1, -1, -1, -1, -1, -1, -1, -1, -1, -1, -1, -1, -1, -1, -1, -1, -1, -1, -1, -1, -1, -1, -1, -1, -1, -1, -1, -1, -1, -1, -1, -1, -1, -1, -1, -1, -1, -1, -1, -1, -1, -1, -1, -1, -1, -1, -1, -1, -1, -1, -1, -1, -1, -1, -1, -1, -1, -1, -1, -1, -1, -1, -1, -1, -1, -1, -1, -1, -1, -1, -1, -1, -1, -1, -1, -1, -1, -1, -1, -1, -1, -1, -1, -1, -1, -1, -1, -1, -1, -1, -1, -1, -1, -1, -1, -1, -1, -1, -1, -1, -1, -1, -1, -1, -1, -1, -1, -1, -1, -1, -1, -1, -1, -1, -1, -1, -1, -1, -1, -1, -1, -1, -1]"
150,12,5,0.0,0.664283102602552,4,173,"[{'cluster_no': -1, 'count': 173}, {'cluster_no': 0, 'count': 41}, {'cluster_no': 1, 'count': 9}, {'cluster_no': 2, 'count': 14}]","[-1, 2, 2, -1, -1, -1, -1, 2, 2, -1, -1, 2, -1, -1, -1, -1, 2, 1, 0, -1, -1, -1, -1, -1, -1, 1, -1, 0, -1, 0, 0, -1, -1, 2, -1, -1, -1, -1, -1, -1, -1, -1, -1, -1, 2, 0, -1, -1, 2, -1, -1, -1, 2, -1, -1, -1, -1, 0, -1, -1, 1, -1, -1, -1, -1, 0, -1, -1, -1, -1, -1, -1, 2, -1, -1, -1, -1, -1, 0, -1, 0, -1, -1, 0, -1, -1, -1, -1, 0, 0, -1, 1, -1, -1, -1, 1, -1, -1, -1, -1, -1, -1, -1, -1, 0, -1, -1, 0, -1, -1, -1, -1, -1, -1, -1, -1, 0, -1, 1, -1, -1, -1, -1, -1, -1, 0, 2, -1, -1, -1, 1, -1, -1, -1, -1, -1, 0, -1, -1, -1, -1, 2, 0, 0, 0, -1, -1, -1, -1, -1, -1, -1, 1, -1, -1, -1, -1, -1, 0, 0, 0, -1, -1, -1, 0, -1, 0, 0, 0, -1, -1, 2, 0, -1, 0, -1, -1, -1, -1, -1, -1, 0, -1, -1, -1, -1, 0, -1, -1, -1, -1, -1, -1, -1, -1, -1, -1, -1, -1, -1, -1, -1, 0, -1, 1, -1, 0, 0, 0, 0, 0, 0, 0, -1, -1, -1, -1, -1, 0, -1, -1, -1, -1, -1, -1, -1, -1, -1, -1, -1, -1, -1, -1, -1, 0, -1, -1]"
150,12,5,0.5,0.6848680578399517,3,166,"[{'cluster_no': -1, 'count': 166}, {'cluster_no': 0, 'count': 41}, {'cluster_no': 1, 'count': 30}]","[-1, 1, 1, -1, -1, -1, -1, 1, 1, -1, -1, 1, -1, -1, -1, -1, 1, 1, 0, -1, -1, -1, -1, -1, -1, 1, -1, 0, -1, 0, 0, -1, -1, 1, -1, -1, -1, -1, -1, -1, -1, 1, -1, -1, 1, 0, -1, 1, 1, -1, -1, -1, 1, -1, -1, -1, -1, 0, -1, -1, 1, -1, -1, -1, -1, 0, -1, -1, -1, -1, -1, -1, 1, -1, 1, -1, -1, -1, 0, -1, 0, -1, -1, 0, -1, -1, -1, -1, 0, 0, -1, 1, -1, -1, -1, 1, -1, -1, -1, -1, -1, -1, -1, -1, 0, -1, -1, 0, -1, -1, -1, -1, -1, -1, -1, -1, 0, -1, 1, -1, -1, -1, -1, -1, -1, 0, 1, -1, -1, -1, 1, -1, -1, -1, 1, -1, 0, -1, -1, -1, -1, 1, 0, 0, 0, -1, -1, -1, 1, -1, -1, -1, 1, -1, -1, -1, -1, -1, 0, 0, 0, -1, -1, -1, 0, 1, 0, 0, 0, -1, -1, 1, 0, -1, 0, -1, -1, -1, -1, -1, -1, 0, -1, -1, -1, -1, 0, -1, -1, -1, -1, -1, -1, -1, -1, -1, -1, 1, -1, -1, -1, -1, 0, -1, 1, -1, 0, 0, 0, 0, 0, 0, 0, -1, -1, -1, -1, -1, 0, -1, -1, -1, -1, -1, -1, -1, -1, -1, -1, -1, -1, -1, -1, -1, 0, -1, -1]"
150,12,5,1.0,0.6848680578399517,3,166,"[{'cluster_no': -1, 'count': 166}, {'cluster_no': 0, 'count': 41}, {'cluster_no': 1, 'count': 30}]","[-1, 1, 1, -1, -1, -1, -1, 1, 1, -1, -1, 1, -1, -1, -1, -1, 1, 1, 0, -1, -1, -1, -1, -1, -1, 1, -1, 0, -1, 0, 0, -1, -1, 1, -1, -1, -1, -1, -1, -1, -1, 1, -1, -1, 1, 0, -1, 1, 1, -1, -1, -1, 1, -1, -1, -1, -1, 0, -1, -1, 1, -1, -1, -1, -1, 0, -1, -1, -1, -1, -1, -1, 1, -1, 1, -1, -1, -1, 0, -1, 0, -1, -1, 0, -1, -1, -1, -1, 0, 0, -1, 1, -1, -1, -1, 1, -1, -1, -1, -1, -1, -1, -1, -1, 0, -1, -1, 0, -1, -1, -1, -1, -1, -1, -1, -1, 0, -1, 1, -1, -1, -1, -1, -1, -1, 0, 1, -1, -1, -1, 1, -1, -1, -1, 1, -1, 0, -1, -1, -1, -1, 1, 0, 0, 0, -1, -1, -1, 1, -1, -1, -1, 1, -1, -1, -1, -1, -1, 0, 0, 0, -1, -1, -1, 0, 1, 0, 0, 0, -1, -1, 1, 0, -1, 0, -1, -1, -1, -1, -1, -1, 0, -1, -1, -1, -1, 0, -1, -1, -1, -1, -1, -1, -1, -1, -1, -1, 1, -1, -1, -1, -1, 0, -1, 1, -1, 0, 0, 0, 0, 0, 0, 0, -1, -1, -1, -1, -1, 0, -1, -1, -1, -1, -1, -1, -1, -1, -1, -1, -1, -1, -1, -1, -1, 0, -1, -1]"
150,12,6,0.0,0.664283102602552,4,173,"[{'cluster_no': -1, 'count': 173}, {'cluster_no': 0, 'count': 41}, {'cluster_no': 1, 'count': 9}, {'cluster_no': 2, 'count': 14}]","[-1, 2, 2, -1, -1, -1, -1, 2, 2, -1, -1, 2, -1, -1, -1, -1, 2, 1, 0, -1, -1, -1, -1, -1, -1, 1, -1, 0, -1, 0, 0, -1, -1, 2, -1, -1, -1, -1, -1, -1, -1, -1, -1, -1, 2, 0, -1, -1, 2, -1, -1, -1, 2, -1, -1, -1, -1, 0, -1, -1, 1, -1, -1, -1, -1, 0, -1, -1, -1, -1, -1, -1, 2, -1, -1, -1, -1, -1, 0, -1, 0, -1, -1, 0, -1, -1, -1, -1, 0, 0, -1, 1, -1, -1, -1, 1, -1, -1, -1, -1, -1, -1, -1, -1, 0, -1, -1, 0, -1, -1, -1, -1, -1, -1, -1, -1, 0, -1, 1, -1, -1, -1, -1, -1, -1, 0, 2, -1, -1, -1, 1, -1, -1, -1, -1, -1, 0, -1, -1, -1, -1, 2, 0, 0, 0, -1, -1, -1, -1, -1, -1, -1, 1, -1, -1, -1, -1, -1, 0, 0, 0, -1, -1, -1, 0, -1, 0, 0, 0, -1, -1, 2, 0, -1, 0, -1, -1, -1, -1, -1, -1, 0, -1, -1, -1, -1, 0, -1, -1, -1, -1, -1, -1, -1, -1, -1, -1, -1, -1, -1, -1, -1, 0, -1, 1, -1, 0, 0, 0, 0, 0, 0, 0, -1, -1, -1, -1, -1, 0, -1, -1, -1, -1, -1, -1, -1, -1, -1, -1, -1, -1, -1, -1, -1, 0, -1, -1]"
150,12,6,0.5,0.6848680578399517,3,166,"[{'cluster_no': -1, 'count': 166}, {'cluster_no': 0, 'count': 41}, {'cluster_no': 1, 'count': 30}]","[-1, 1, 1, -1, -1, -1, -1, 1, 1, -1, -1, 1, -1, -1, -1, -1, 1, 1, 0, -1, -1, -1, -1, -1, -1, 1, -1, 0, -1, 0, 0, -1, -1, 1, -1, -1, -1, -1, -1, -1, -1, 1, -1, -1, 1, 0, -1, 1, 1, -1, -1, -1, 1, -1, -1, -1, -1, 0, -1, -1, 1, -1, -1, -1, -1, 0, -1, -1, -1, -1, -1, -1, 1, -1, 1, -1, -1, -1, 0, -1, 0, -1, -1, 0, -1, -1, -1, -1, 0, 0, -1, 1, -1, -1, -1, 1, -1, -1, -1, -1, -1, -1, -1, -1, 0, -1, -1, 0, -1, -1, -1, -1, -1, -1, -1, -1, 0, -1, 1, -1, -1, -1, -1, -1, -1, 0, 1, -1, -1, -1, 1, -1, -1, -1, 1, -1, 0, -1, -1, -1, -1, 1, 0, 0, 0, -1, -1, -1, 1, -1, -1, -1, 1, -1, -1, -1, -1, -1, 0, 0, 0, -1, -1, -1, 0, 1, 0, 0, 0, -1, -1, 1, 0, -1, 0, -1, -1, -1, -1, -1, -1, 0, -1, -1, -1, -1, 0, -1, -1, -1, -1, -1, -1, -1, -1, -1, -1, 1, -1, -1, -1, -1, 0, -1, 1, -1, 0, 0, 0, 0, 0, 0, 0, -1, -1, -1, -1, -1, 0, -1, -1, -1, -1, -1, -1, -1, -1, -1, -1, -1, -1, -1, -1, -1, 0, -1, -1]"
150,12,6,1.0,0.6848680578399517,3,166,"[{'cluster_no': -1, 'count': 166}, {'cluster_no': 0, 'count': 41}, {'cluster_no': 1, 'count': 30}]","[-1, 1, 1, -1, -1, -1, -1, 1, 1, -1, -1, 1, -1, -1, -1, -1, 1, 1, 0, -1, -1, -1, -1, -1, -1, 1, -1, 0, -1, 0, 0, -1, -1, 1, -1, -1, -1, -1, -1, -1, -1, 1, -1, -1, 1, 0, -1, 1, 1, -1, -1, -1, 1, -1, -1, -1, -1, 0, -1, -1, 1, -1, -1, -1, -1, 0, -1, -1, -1, -1, -1, -1, 1, -1, 1, -1, -1, -1, 0, -1, 0, -1, -1, 0, -1, -1, -1, -1, 0, 0, -1, 1, -1, -1, -1, 1, -1, -1, -1, -1, -1, -1, -1, -1, 0, -1, -1, 0, -1, -1, -1, -1, -1, -1, -1, -1, 0, -1, 1, -1, -1, -1, -1, -1, -1, 0, 1, -1, -1, -1, 1, -1, -1, -1, 1, -1, 0, -1, -1, -1, -1, 1, 0, 0, 0, -1, -1, -1, 1, -1, -1, -1, 1, -1, -1, -1, -1, -1, 0, 0, 0, -1, -1, -1, 0, 1, 0, 0, 0, -1, -1, 1, 0, -1, 0, -1, -1, -1, -1, -1, -1, 0, -1, -1, -1, -1, 0, -1, -1, -1, -1, -1, -1, -1, -1, -1, -1, 1, -1, -1, -1, -1, 0, -1, 1, -1, 0, 0, 0, 0, 0, 0, 0, -1, -1, -1, -1, -1, 0, -1, -1, -1, -1, -1, -1, -1, -1, -1, -1, -1, -1, -1, -1, -1, 0, -1, -1]"
150,12,7,0.0,0.664283102602552,4,173,"[{'cluster_no': -1, 'count': 173}, {'cluster_no': 0, 'count': 41}, {'cluster_no': 1, 'count': 9}, {'cluster_no': 2, 'count': 14}]","[-1, 2, 2, -1, -1, -1, -1, 2, 2, -1, -1, 2, -1, -1, -1, -1, 2, 1, 0, -1, -1, -1, -1, -1, -1, 1, -1, 0, -1, 0, 0, -1, -1, 2, -1, -1, -1, -1, -1, -1, -1, -1, -1, -1, 2, 0, -1, -1, 2, -1, -1, -1, 2, -1, -1, -1, -1, 0, -1, -1, 1, -1, -1, -1, -1, 0, -1, -1, -1, -1, -1, -1, 2, -1, -1, -1, -1, -1, 0, -1, 0, -1, -1, 0, -1, -1, -1, -1, 0, 0, -1, 1, -1, -1, -1, 1, -1, -1, -1, -1, -1, -1, -1, -1, 0, -1, -1, 0, -1, -1, -1, -1, -1, -1, -1, -1, 0, -1, 1, -1, -1, -1, -1, -1, -1, 0, 2, -1, -1, -1, 1, -1, -1, -1, -1, -1, 0, -1, -1, -1, -1, 2, 0, 0, 0, -1, -1, -1, -1, -1, -1, -1, 1, -1, -1, -1, -1, -1, 0, 0, 0, -1, -1, -1, 0, -1, 0, 0, 0, -1, -1, 2, 0, -1, 0, -1, -1, -1, -1, -1, -1, 0, -1, -1, -1, -1, 0, -1, -1, -1, -1, -1, -1, -1, -1, -1, -1, -1, -1, -1, -1, -1, 0, -1, 1, -1, 0, 0, 0, 0, 0, 0, 0, -1, -1, -1, -1, -1, 0, -1, -1, -1, -1, -1, -1, -1, -1, -1, -1, -1, -1, -1, -1, -1, 0, -1, -1]"
150,12,7,0.5,0.6848680578399517,3,166,"[{'cluster_no': -1, 'count': 166}, {'cluster_no': 0, 'count': 41}, {'cluster_no': 1, 'count': 30}]","[-1, 1, 1, -1, -1, -1, -1, 1, 1, -1, -1, 1, -1, -1, -1, -1, 1, 1, 0, -1, -1, -1, -1, -1, -1, 1, -1, 0, -1, 0, 0, -1, -1, 1, -1, -1, -1, -1, -1, -1, -1, 1, -1, -1, 1, 0, -1, 1, 1, -1, -1, -1, 1, -1, -1, -1, -1, 0, -1, -1, 1, -1, -1, -1, -1, 0, -1, -1, -1, -1, -1, -1, 1, -1, 1, -1, -1, -1, 0, -1, 0, -1, -1, 0, -1, -1, -1, -1, 0, 0, -1, 1, -1, -1, -1, 1, -1, -1, -1, -1, -1, -1, -1, -1, 0, -1, -1, 0, -1, -1, -1, -1, -1, -1, -1, -1, 0, -1, 1, -1, -1, -1, -1, -1, -1, 0, 1, -1, -1, -1, 1, -1, -1, -1, 1, -1, 0, -1, -1, -1, -1, 1, 0, 0, 0, -1, -1, -1, 1, -1, -1, -1, 1, -1, -1, -1, -1, -1, 0, 0, 0, -1, -1, -1, 0, 1, 0, 0, 0, -1, -1, 1, 0, -1, 0, -1, -1, -1, -1, -1, -1, 0, -1, -1, -1, -1, 0, -1, -1, -1, -1, -1, -1, -1, -1, -1, -1, 1, -1, -1, -1, -1, 0, -1, 1, -1, 0, 0, 0, 0, 0, 0, 0, -1, -1, -1, -1, -1, 0, -1, -1, -1, -1, -1, -1, -1, -1, -1, -1, -1, -1, -1, -1, -1, 0, -1, -1]"
150,12,7,1.0,0.6848680578399517,3,166,"[{'cluster_no': -1, 'count': 166}, {'cluster_no': 0, 'count': 41}, {'cluster_no': 1, 'count': 30}]","[-1, 1, 1, -1, -1, -1, -1, 1, 1, -1, -1, 1, -1, -1, -1, -1, 1, 1, 0, -1, -1, -1, -1, -1, -1, 1, -1, 0, -1, 0, 0, -1, -1, 1, -1, -1, -1, -1, -1, -1, -1, 1, -1, -1, 1, 0, -1, 1, 1, -1, -1, -1, 1, -1, -1, -1, -1, 0, -1, -1, 1, -1, -1, -1, -1, 0, -1, -1, -1, -1, -1, -1, 1, -1, 1, -1, -1, -1, 0, -1, 0, -1, -1, 0, -1, -1, -1, -1, 0, 0, -1, 1, -1, -1, -1, 1, -1, -1, -1, -1, -1, -1, -1, -1, 0, -1, -1, 0, -1, -1, -1, -1, -1, -1, -1, -1, 0, -1, 1, -1, -1, -1, -1, -1, -1, 0, 1, -1, -1, -1, 1, -1, -1, -1, 1, -1, 0, -1, -1, -1, -1, 1, 0, 0, 0, -1, -1, -1, 1, -1, -1, -1, 1, -1, -1, -1, -1, -1, 0, 0, 0, -1, -1, -1, 0, 1, 0, 0, 0, -1, -1, 1, 0, -1, 0, -1, -1, -1, -1, -1, -1, 0, -1, -1, -1, -1, 0, -1, -1, -1, -1, -1, -1, -1, -1, -1, -1, 1, -1, -1, -1, -1, 0, -1, 1, -1, 0, 0, 0, 0, 0, 0, 0, -1, -1, -1, -1, -1, 0, -1, -1, -1, -1, -1, -1, -1, -1, -1, -1, -1, -1, -1, -1, -1, 0, -1, -1]"
150,12,8,0.0,0.664283102602552,4,173,"[{'cluster_no': -1, 'count': 173}, {'cluster_no': 0, 'count': 41}, {'cluster_no': 1, 'count': 9}, {'cluster_no': 2, 'count': 14}]","[-1, 2, 2, -1, -1, -1, -1, 2, 2, -1, -1, 2, -1, -1, -1, -1, 2, 1, 0, -1, -1, -1, -1, -1, -1, 1, -1, 0, -1, 0, 0, -1, -1, 2, -1, -1, -1, -1, -1, -1, -1, -1, -1, -1, 2, 0, -1, -1, 2, -1, -1, -1, 2, -1, -1, -1, -1, 0, -1, -1, 1, -1, -1, -1, -1, 0, -1, -1, -1, -1, -1, -1, 2, -1, -1, -1, -1, -1, 0, -1, 0, -1, -1, 0, -1, -1, -1, -1, 0, 0, -1, 1, -1, -1, -1, 1, -1, -1, -1, -1, -1, -1, -1, -1, 0, -1, -1, 0, -1, -1, -1, -1, -1, -1, -1, -1, 0, -1, 1, -1, -1, -1, -1, -1, -1, 0, 2, -1, -1, -1, 1, -1, -1, -1, -1, -1, 0, -1, -1, -1, -1, 2, 0, 0, 0, -1, -1, -1, -1, -1, -1, -1, 1, -1, -1, -1, -1, -1, 0, 0, 0, -1, -1, -1, 0, -1, 0, 0, 0, -1, -1, 2, 0, -1, 0, -1, -1, -1, -1, -1, -1, 0, -1, -1, -1, -1, 0, -1, -1, -1, -1, -1, -1, -1, -1, -1, -1, -1, -1, -1, -1, -1, 0, -1, 1, -1, 0, 0, 0, 0, 0, 0, 0, -1, -1, -1, -1, -1, 0, -1, -1, -1, -1, -1, -1, -1, -1, -1, -1, -1, -1, -1, -1, -1, 0, -1, -1]"
150,12,8,0.5,0.6848680578399517,3,166,"[{'cluster_no': -1, 'count': 166}, {'cluster_no': 0, 'count': 41}, {'cluster_no': 1, 'count': 30}]","[-1, 1, 1, -1, -1, -1, -1, 1, 1, -1, -1, 1, -1, -1, -1, -1, 1, 1, 0, -1, -1, -1, -1, -1, -1, 1, -1, 0, -1, 0, 0, -1, -1, 1, -1, -1, -1, -1, -1, -1, -1, 1, -1, -1, 1, 0, -1, 1, 1, -1, -1, -1, 1, -1, -1, -1, -1, 0, -1, -1, 1, -1, -1, -1, -1, 0, -1, -1, -1, -1, -1, -1, 1, -1, 1, -1, -1, -1, 0, -1, 0, -1, -1, 0, -1, -1, -1, -1, 0, 0, -1, 1, -1, -1, -1, 1, -1, -1, -1, -1, -1, -1, -1, -1, 0, -1, -1, 0, -1, -1, -1, -1, -1, -1, -1, -1, 0, -1, 1, -1, -1, -1, -1, -1, -1, 0, 1, -1, -1, -1, 1, -1, -1, -1, 1, -1, 0, -1, -1, -1, -1, 1, 0, 0, 0, -1, -1, -1, 1, -1, -1, -1, 1, -1, -1, -1, -1, -1, 0, 0, 0, -1, -1, -1, 0, 1, 0, 0, 0, -1, -1, 1, 0, -1, 0, -1, -1, -1, -1, -1, -1, 0, -1, -1, -1, -1, 0, -1, -1, -1, -1, -1, -1, -1, -1, -1, -1, 1, -1, -1, -1, -1, 0, -1, 1, -1, 0, 0, 0, 0, 0, 0, 0, -1, -1, -1, -1, -1, 0, -1, -1, -1, -1, -1, -1, -1, -1, -1, -1, -1, -1, -1, -1, -1, 0, -1, -1]"
150,12,8,1.0,0.6848680578399517,3,166,"[{'cluster_no': -1, 'count': 166}, {'cluster_no': 0, 'count': 41}, {'cluster_no': 1, 'count': 30}]","[-1, 1, 1, -1, -1, -1, -1, 1, 1, -1, -1, 1, -1, -1, -1, -1, 1, 1, 0, -1, -1, -1, -1, -1, -1, 1, -1, 0, -1, 0, 0, -1, -1, 1, -1, -1, -1, -1, -1, -1, -1, 1, -1, -1, 1, 0, -1, 1, 1, -1, -1, -1, 1, -1, -1, -1, -1, 0, -1, -1, 1, -1, -1, -1, -1, 0, -1, -1, -1, -1, -1, -1, 1, -1, 1, -1, -1, -1, 0, -1, 0, -1, -1, 0, -1, -1, -1, -1, 0, 0, -1, 1, -1, -1, -1, 1, -1, -1, -1, -1, -1, -1, -1, -1, 0, -1, -1, 0, -1, -1, -1, -1, -1, -1, -1, -1, 0, -1, 1, -1, -1, -1, -1, -1, -1, 0, 1, -1, -1, -1, 1, -1, -1, -1, 1, -1, 0, -1, -1, -1, -1, 1, 0, 0, 0, -1, -1, -1, 1, -1, -1, -1, 1, -1, -1, -1, -1, -1, 0, 0, 0, -1, -1, -1, 0, 1, 0, 0, 0, -1, -1, 1, 0, -1, 0, -1, -1, -1, -1, -1, -1, 0, -1, -1, -1, -1, 0, -1, -1, -1, -1, -1, -1, -1, -1, -1, -1, 1, -1, -1, -1, -1, 0, -1, 1, -1, 0, 0, 0, 0, 0, 0, 0, -1, -1, -1, -1, -1, 0, -1, -1, -1, -1, -1, -1, -1, -1, -1, -1, -1, -1, -1, -1, -1, 0, -1, -1]"
150,12,9,0.0,0.664283102602552,4,173,"[{'cluster_no': -1, 'count': 173}, {'cluster_no': 0, 'count': 41}, {'cluster_no': 1, 'count': 9}, {'cluster_no': 2, 'count': 14}]","[-1, 2, 2, -1, -1, -1, -1, 2, 2, -1, -1, 2, -1, -1, -1, -1, 2, 1, 0, -1, -1, -1, -1, -1, -1, 1, -1, 0, -1, 0, 0, -1, -1, 2, -1, -1, -1, -1, -1, -1, -1, -1, -1, -1, 2, 0, -1, -1, 2, -1, -1, -1, 2, -1, -1, -1, -1, 0, -1, -1, 1, -1, -1, -1, -1, 0, -1, -1, -1, -1, -1, -1, 2, -1, -1, -1, -1, -1, 0, -1, 0, -1, -1, 0, -1, -1, -1, -1, 0, 0, -1, 1, -1, -1, -1, 1, -1, -1, -1, -1, -1, -1, -1, -1, 0, -1, -1, 0, -1, -1, -1, -1, -1, -1, -1, -1, 0, -1, 1, -1, -1, -1, -1, -1, -1, 0, 2, -1, -1, -1, 1, -1, -1, -1, -1, -1, 0, -1, -1, -1, -1, 2, 0, 0, 0, -1, -1, -1, -1, -1, -1, -1, 1, -1, -1, -1, -1, -1, 0, 0, 0, -1, -1, -1, 0, -1, 0, 0, 0, -1, -1, 2, 0, -1, 0, -1, -1, -1, -1, -1, -1, 0, -1, -1, -1, -1, 0, -1, -1, -1, -1, -1, -1, -1, -1, -1, -1, -1, -1, -1, -1, -1, 0, -1, 1, -1, 0, 0, 0, 0, 0, 0, 0, -1, -1, -1, -1, -1, 0, -1, -1, -1, -1, -1, -1, -1, -1, -1, -1, -1, -1, -1, -1, -1, 0, -1, -1]"
150,12,9,0.5,0.6848680578399517,3,166,"[{'cluster_no': -1, 'count': 166}, {'cluster_no': 0, 'count': 41}, {'cluster_no': 1, 'count': 30}]","[-1, 1, 1, -1, -1, -1, -1, 1, 1, -1, -1, 1, -1, -1, -1, -1, 1, 1, 0, -1, -1, -1, -1, -1, -1, 1, -1, 0, -1, 0, 0, -1, -1, 1, -1, -1, -1, -1, -1, -1, -1, 1, -1, -1, 1, 0, -1, 1, 1, -1, -1, -1, 1, -1, -1, -1, -1, 0, -1, -1, 1, -1, -1, -1, -1, 0, -1, -1, -1, -1, -1, -1, 1, -1, 1, -1, -1, -1, 0, -1, 0, -1, -1, 0, -1, -1, -1, -1, 0, 0, -1, 1, -1, -1, -1, 1, -1, -1, -1, -1, -1, -1, -1, -1, 0, -1, -1, 0, -1, -1, -1, -1, -1, -1, -1, -1, 0, -1, 1, -1, -1, -1, -1, -1, -1, 0, 1, -1, -1, -1, 1, -1, -1, -1, 1, -1, 0, -1, -1, -1, -1, 1, 0, 0, 0, -1, -1, -1, 1, -1, -1, -1, 1, -1, -1, -1, -1, -1, 0, 0, 0, -1, -1, -1, 0, 1, 0, 0, 0, -1, -1, 1, 0, -1, 0, -1, -1, -1, -1, -1, -1, 0, -1, -1, -1, -1, 0, -1, -1, -1, -1, -1, -1, -1, -1, -1, -1, 1, -1, -1, -1, -1, 0, -1, 1, -1, 0, 0, 0, 0, 0, 0, 0, -1, -1, -1, -1, -1, 0, -1, -1, -1, -1, -1, -1, -1, -1, -1, -1, -1, -1, -1, -1, -1, 0, -1, -1]"
150,12,9,1.0,0.6848680578399517,3,166,"[{'cluster_no': -1, 'count': 166}, {'cluster_no': 0, 'count': 41}, {'cluster_no': 1, 'count': 30}]","[-1, 1, 1, -1, -1, -1, -1, 1, 1, -1, -1, 1, -1, -1, -1, -1, 1, 1, 0, -1, -1, -1, -1, -1, -1, 1, -1, 0, -1, 0, 0, -1, -1, 1, -1, -1, -1, -1, -1, -1, -1, 1, -1, -1, 1, 0, -1, 1, 1, -1, -1, -1, 1, -1, -1, -1, -1, 0, -1, -1, 1, -1, -1, -1, -1, 0, -1, -1, -1, -1, -1, -1, 1, -1, 1, -1, -1, -1, 0, -1, 0, -1, -1, 0, -1, -1, -1, -1, 0, 0, -1, 1, -1, -1, -1, 1, -1, -1, -1, -1, -1, -1, -1, -1, 0, -1, -1, 0, -1, -1, -1, -1, -1, -1, -1, -1, 0, -1, 1, -1, -1, -1, -1, -1, -1, 0, 1, -1, -1, -1, 1, -1, -1, -1, 1, -1, 0, -1, -1, -1, -1, 1, 0, 0, 0, -1, -1, -1, 1, -1, -1, -1, 1, -1, -1, -1, -1, -1, 0, 0, 0, -1, -1, -1, 0, 1, 0, 0, 0, -1, -1, 1, 0, -1, 0, -1, -1, -1, -1, -1, -1, 0, -1, -1, -1, -1, 0, -1, -1, -1, -1, -1, -1, -1, -1, -1, -1, 1, -1, -1, -1, -1, 0, -1, 1, -1, 0, 0, 0, 0, 0, 0, 0, -1, -1, -1, -1, -1, 0, -1, -1, -1, -1, -1, -1, -1, -1, -1, -1, -1, -1, -1, -1, -1, 0, -1, -1]"
150,12,10,0.0,0.6848680578399517,3,166,"[{'cluster_no': -1, 'count': 166}, {'cluster_no': 0, 'count': 41}, {'cluster_no': 1, 'count': 30}]","[-1, 1, 1, -1, -1, -1, -1, 1, 1, -1, -1, 1, -1, -1, -1, -1, 1, 1, 0, -1, -1, -1, -1, -1, -1, 1, -1, 0, -1, 0, 0, -1, -1, 1, -1, -1, -1, -1, -1, -1, -1, 1, -1, -1, 1, 0, -1, 1, 1, -1, -1, -1, 1, -1, -1, -1, -1, 0, -1, -1, 1, -1, -1, -1, -1, 0, -1, -1, -1, -1, -1, -1, 1, -1, 1, -1, -1, -1, 0, -1, 0, -1, -1, 0, -1, -1, -1, -1, 0, 0, -1, 1, -1, -1, -1, 1, -1, -1, -1, -1, -1, -1, -1, -1, 0, -1, -1, 0, -1, -1, -1, -1, -1, -1, -1, -1, 0, -1, 1, -1, -1, -1, -1, -1, -1, 0, 1, -1, -1, -1, 1, -1, -1, -1, 1, -1, 0, -1, -1, -1, -1, 1, 0, 0, 0, -1, -1, -1, 1, -1, -1, -1, 1, -1, -1, -1, -1, -1, 0, 0, 0, -1, -1, -1, 0, 1, 0, 0, 0, -1, -1, 1, 0, -1, 0, -1, -1, -1, -1, -1, -1, 0, -1, -1, -1, -1, 0, -1, -1, -1, -1, -1, -1, -1, -1, -1, -1, 1, -1, -1, -1, -1, 0, -1, 1, -1, 0, 0, 0, 0, 0, 0, 0, -1, -1, -1, -1, -1, 0, -1, -1, -1, -1, -1, -1, -1, -1, -1, -1, -1, -1, -1, -1, -1, 0, -1, -1]"
150,12,10,0.5,0.6848680578399517,3,166,"[{'cluster_no': -1, 'count': 166}, {'cluster_no': 0, 'count': 41}, {'cluster_no': 1, 'count': 30}]","[-1, 1, 1, -1, -1, -1, -1, 1, 1, -1, -1, 1, -1, -1, -1, -1, 1, 1, 0, -1, -1, -1, -1, -1, -1, 1, -1, 0, -1, 0, 0, -1, -1, 1, -1, -1, -1, -1, -1, -1, -1, 1, -1, -1, 1, 0, -1, 1, 1, -1, -1, -1, 1, -1, -1, -1, -1, 0, -1, -1, 1, -1, -1, -1, -1, 0, -1, -1, -1, -1, -1, -1, 1, -1, 1, -1, -1, -1, 0, -1, 0, -1, -1, 0, -1, -1, -1, -1, 0, 0, -1, 1, -1, -1, -1, 1, -1, -1, -1, -1, -1, -1, -1, -1, 0, -1, -1, 0, -1, -1, -1, -1, -1, -1, -1, -1, 0, -1, 1, -1, -1, -1, -1, -1, -1, 0, 1, -1, -1, -1, 1, -1, -1, -1, 1, -1, 0, -1, -1, -1, -1, 1, 0, 0, 0, -1, -1, -1, 1, -1, -1, -1, 1, -1, -1, -1, -1, -1, 0, 0, 0, -1, -1, -1, 0, 1, 0, 0, 0, -1, -1, 1, 0, -1, 0, -1, -1, -1, -1, -1, -1, 0, -1, -1, -1, -1, 0, -1, -1, -1, -1, -1, -1, -1, -1, -1, -1, 1, -1, -1, -1, -1, 0, -1, 1, -1, 0, 0, 0, 0, 0, 0, 0, -1, -1, -1, -1, -1, 0, -1, -1, -1, -1, -1, -1, -1, -1, -1, -1, -1, -1, -1, -1, -1, 0, -1, -1]"
150,12,10,1.0,0.6848680578399517,3,166,"[{'cluster_no': -1, 'count': 166}, {'cluster_no': 0, 'count': 41}, {'cluster_no': 1, 'count': 30}]","[-1, 1, 1, -1, -1, -1, -1, 1, 1, -1, -1, 1, -1, -1, -1, -1, 1, 1, 0, -1, -1, -1, -1, -1, -1, 1, -1, 0, -1, 0, 0, -1, -1, 1, -1, -1, -1, -1, -1, -1, -1, 1, -1, -1, 1, 0, -1, 1, 1, -1, -1, -1, 1, -1, -1, -1, -1, 0, -1, -1, 1, -1, -1, -1, -1, 0, -1, -1, -1, -1, -1, -1, 1, -1, 1, -1, -1, -1, 0, -1, 0, -1, -1, 0, -1, -1, -1, -1, 0, 0, -1, 1, -1, -1, -1, 1, -1, -1, -1, -1, -1, -1, -1, -1, 0, -1, -1, 0, -1, -1, -1, -1, -1, -1, -1, -1, 0, -1, 1, -1, -1, -1, -1, -1, -1, 0, 1, -1, -1, -1, 1, -1, -1, -1, 1, -1, 0, -1, -1, -1, -1, 1, 0, 0, 0, -1, -1, -1, 1, -1, -1, -1, 1, -1, -1, -1, -1, -1, 0, 0, 0, -1, -1, -1, 0, 1, 0, 0, 0, -1, -1, 1, 0, -1, 0, -1, -1, -1, -1, -1, -1, 0, -1, -1, -1, -1, 0, -1, -1, -1, -1, -1, -1, -1, -1, -1, -1, 1, -1, -1, -1, -1, 0, -1, 1, -1, 0, 0, 0, 0, 0, 0, 0, -1, -1, -1, -1, -1, 0, -1, -1, -1, -1, -1, -1, -1, -1, -1, -1, -1, -1, -1, -1, -1, 0, -1, -1]"
150,12,11,0.0,0.6848680578399517,3,166,"[{'cluster_no': -1, 'count': 166}, {'cluster_no': 0, 'count': 41}, {'cluster_no': 1, 'count': 30}]","[-1, 1, 1, -1, -1, -1, -1, 1, 1, -1, -1, 1, -1, -1, -1, -1, 1, 1, 0, -1, -1, -1, -1, -1, -1, 1, -1, 0, -1, 0, 0, -1, -1, 1, -1, -1, -1, -1, -1, -1, -1, 1, -1, -1, 1, 0, -1, 1, 1, -1, -1, -1, 1, -1, -1, -1, -1, 0, -1, -1, 1, -1, -1, -1, -1, 0, -1, -1, -1, -1, -1, -1, 1, -1, 1, -1, -1, -1, 0, -1, 0, -1, -1, 0, -1, -1, -1, -1, 0, 0, -1, 1, -1, -1, -1, 1, -1, -1, -1, -1, -1, -1, -1, -1, 0, -1, -1, 0, -1, -1, -1, -1, -1, -1, -1, -1, 0, -1, 1, -1, -1, -1, -1, -1, -1, 0, 1, -1, -1, -1, 1, -1, -1, -1, 1, -1, 0, -1, -1, -1, -1, 1, 0, 0, 0, -1, -1, -1, 1, -1, -1, -1, 1, -1, -1, -1, -1, -1, 0, 0, 0, -1, -1, -1, 0, 1, 0, 0, 0, -1, -1, 1, 0, -1, 0, -1, -1, -1, -1, -1, -1, 0, -1, -1, -1, -1, 0, -1, -1, -1, -1, -1, -1, -1, -1, -1, -1, 1, -1, -1, -1, -1, 0, -1, 1, -1, 0, 0, 0, 0, 0, 0, 0, -1, -1, -1, -1, -1, 0, -1, -1, -1, -1, -1, -1, -1, -1, -1, -1, -1, -1, -1, -1, -1, 0, -1, -1]"
150,12,11,0.5,0.6848680578399517,3,166,"[{'cluster_no': -1, 'count': 166}, {'cluster_no': 0, 'count': 41}, {'cluster_no': 1, 'count': 30}]","[-1, 1, 1, -1, -1, -1, -1, 1, 1, -1, -1, 1, -1, -1, -1, -1, 1, 1, 0, -1, -1, -1, -1, -1, -1, 1, -1, 0, -1, 0, 0, -1, -1, 1, -1, -1, -1, -1, -1, -1, -1, 1, -1, -1, 1, 0, -1, 1, 1, -1, -1, -1, 1, -1, -1, -1, -1, 0, -1, -1, 1, -1, -1, -1, -1, 0, -1, -1, -1, -1, -1, -1, 1, -1, 1, -1, -1, -1, 0, -1, 0, -1, -1, 0, -1, -1, -1, -1, 0, 0, -1, 1, -1, -1, -1, 1, -1, -1, -1, -1, -1, -1, -1, -1, 0, -1, -1, 0, -1, -1, -1, -1, -1, -1, -1, -1, 0, -1, 1, -1, -1, -1, -1, -1, -1, 0, 1, -1, -1, -1, 1, -1, -1, -1, 1, -1, 0, -1, -1, -1, -1, 1, 0, 0, 0, -1, -1, -1, 1, -1, -1, -1, 1, -1, -1, -1, -1, -1, 0, 0, 0, -1, -1, -1, 0, 1, 0, 0, 0, -1, -1, 1, 0, -1, 0, -1, -1, -1, -1, -1, -1, 0, -1, -1, -1, -1, 0, -1, -1, -1, -1, -1, -1, -1, -1, -1, -1, 1, -1, -1, -1, -1, 0, -1, 1, -1, 0, 0, 0, 0, 0, 0, 0, -1, -1, -1, -1, -1, 0, -1, -1, -1, -1, -1, -1, -1, -1, -1, -1, -1, -1, -1, -1, -1, 0, -1, -1]"
150,12,11,1.0,0.6848680578399517,3,166,"[{'cluster_no': -1, 'count': 166}, {'cluster_no': 0, 'count': 41}, {'cluster_no': 1, 'count': 30}]","[-1, 1, 1, -1, -1, -1, -1, 1, 1, -1, -1, 1, -1, -1, -1, -1, 1, 1, 0, -1, -1, -1, -1, -1, -1, 1, -1, 0, -1, 0, 0, -1, -1, 1, -1, -1, -1, -1, -1, -1, -1, 1, -1, -1, 1, 0, -1, 1, 1, -1, -1, -1, 1, -1, -1, -1, -1, 0, -1, -1, 1, -1, -1, -1, -1, 0, -1, -1, -1, -1, -1, -1, 1, -1, 1, -1, -1, -1, 0, -1, 0, -1, -1, 0, -1, -1, -1, -1, 0, 0, -1, 1, -1, -1, -1, 1, -1, -1, -1, -1, -1, -1, -1, -1, 0, -1, -1, 0, -1, -1, -1, -1, -1, -1, -1, -1, 0, -1, 1, -1, -1, -1, -1, -1, -1, 0, 1, -1, -1, -1, 1, -1, -1, -1, 1, -1, 0, -1, -1, -1, -1, 1, 0, 0, 0, -1, -1, -1, 1, -1, -1, -1, 1, -1, -1, -1, -1, -1, 0, 0, 0, -1, -1, -1, 0, 1, 0, 0, 0, -1, -1, 1, 0, -1, 0, -1, -1, -1, -1, -1, -1, 0, -1, -1, -1, -1, 0, -1, -1, -1, -1, -1, -1, -1, -1, -1, -1, 1, -1, -1, -1, -1, 0, -1, 1, -1, 0, 0, 0, 0, 0, 0, 0, -1, -1, -1, -1, -1, 0, -1, -1, -1, -1, -1, -1, -1, -1, -1, -1, -1, -1, -1, -1, -1, 0, -1, -1]"
150,12,12,0.0,0.6848680578399517,3,166,"[{'cluster_no': -1, 'count': 166}, {'cluster_no': 0, 'count': 41}, {'cluster_no': 1, 'count': 30}]","[-1, 1, 1, -1, -1, -1, -1, 1, 1, -1, -1, 1, -1, -1, -1, -1, 1, 1, 0, -1, -1, -1, -1, -1, -1, 1, -1, 0, -1, 0, 0, -1, -1, 1, -1, -1, -1, -1, -1, -1, -1, 1, -1, -1, 1, 0, -1, 1, 1, -1, -1, -1, 1, -1, -1, -1, -1, 0, -1, -1, 1, -1, -1, -1, -1, 0, -1, -1, -1, -1, -1, -1, 1, -1, 1, -1, -1, -1, 0, -1, 0, -1, -1, 0, -1, -1, -1, -1, 0, 0, -1, 1, -1, -1, -1, 1, -1, -1, -1, -1, -1, -1, -1, -1, 0, -1, -1, 0, -1, -1, -1, -1, -1, -1, -1, -1, 0, -1, 1, -1, -1, -1, -1, -1, -1, 0, 1, -1, -1, -1, 1, -1, -1, -1, 1, -1, 0, -1, -1, -1, -1, 1, 0, 0, 0, -1, -1, -1, 1, -1, -1, -1, 1, -1, -1, -1, -1, -1, 0, 0, 0, -1, -1, -1, 0, 1, 0, 0, 0, -1, -1, 1, 0, -1, 0, -1, -1, -1, -1, -1, -1, 0, -1, -1, -1, -1, 0, -1, -1, -1, -1, -1, -1, -1, -1, -1, -1, 1, -1, -1, -1, -1, 0, -1, 1, -1, 0, 0, 0, 0, 0, 0, 0, -1, -1, -1, -1, -1, 0, -1, -1, -1, -1, -1, -1, -1, -1, -1, -1, -1, -1, -1, -1, -1, 0, -1, -1]"
150,12,12,0.5,0.6848680578399517,3,166,"[{'cluster_no': -1, 'count': 166}, {'cluster_no': 0, 'count': 41}, {'cluster_no': 1, 'count': 30}]","[-1, 1, 1, -1, -1, -1, -1, 1, 1, -1, -1, 1, -1, -1, -1, -1, 1, 1, 0, -1, -1, -1, -1, -1, -1, 1, -1, 0, -1, 0, 0, -1, -1, 1, -1, -1, -1, -1, -1, -1, -1, 1, -1, -1, 1, 0, -1, 1, 1, -1, -1, -1, 1, -1, -1, -1, -1, 0, -1, -1, 1, -1, -1, -1, -1, 0, -1, -1, -1, -1, -1, -1, 1, -1, 1, -1, -1, -1, 0, -1, 0, -1, -1, 0, -1, -1, -1, -1, 0, 0, -1, 1, -1, -1, -1, 1, -1, -1, -1, -1, -1, -1, -1, -1, 0, -1, -1, 0, -1, -1, -1, -1, -1, -1, -1, -1, 0, -1, 1, -1, -1, -1, -1, -1, -1, 0, 1, -1, -1, -1, 1, -1, -1, -1, 1, -1, 0, -1, -1, -1, -1, 1, 0, 0, 0, -1, -1, -1, 1, -1, -1, -1, 1, -1, -1, -1, -1, -1, 0, 0, 0, -1, -1, -1, 0, 1, 0, 0, 0, -1, -1, 1, 0, -1, 0, -1, -1, -1, -1, -1, -1, 0, -1, -1, -1, -1, 0, -1, -1, -1, -1, -1, -1, -1, -1, -1, -1, 1, -1, -1, -1, -1, 0, -1, 1, -1, 0, 0, 0, 0, 0, 0, 0, -1, -1, -1, -1, -1, 0, -1, -1, -1, -1, -1, -1, -1, -1, -1, -1, -1, -1, -1, -1, -1, 0, -1, -1]"
150,12,12,1.0,0.6848680578399517,3,166,"[{'cluster_no': -1, 'count': 166}, {'cluster_no': 0, 'count': 41}, {'cluster_no': 1, 'count': 30}]","[-1, 1, 1, -1, -1, -1, -1, 1, 1, -1, -1, 1, -1, -1, -1, -1, 1, 1, 0, -1, -1, -1, -1, -1, -1, 1, -1, 0, -1, 0, 0, -1, -1, 1, -1, -1, -1, -1, -1, -1, -1, 1, -1, -1, 1, 0, -1, 1, 1, -1, -1, -1, 1, -1, -1, -1, -1, 0, -1, -1, 1, -1, -1, -1, -1, 0, -1, -1, -1, -1, -1, -1, 1, -1, 1, -1, -1, -1, 0, -1, 0, -1, -1, 0, -1, -1, -1, -1, 0, 0, -1, 1, -1, -1, -1, 1, -1, -1, -1, -1, -1, -1, -1, -1, 0, -1, -1, 0, -1, -1, -1, -1, -1, -1, -1, -1, 0, -1, 1, -1, -1, -1, -1, -1, -1, 0, 1, -1, -1, -1, 1, -1, -1, -1, 1, -1, 0, -1, -1, -1, -1, 1, 0, 0, 0, -1, -1, -1, 1, -1, -1, -1, 1, -1, -1, -1, -1, -1, 0, 0, 0, -1, -1, -1, 0, 1, 0, 0, 0, -1, -1, 1, 0, -1, 0, -1, -1, -1, -1, -1, -1, 0, -1, -1, -1, -1, 0, -1, -1, -1, -1, -1, -1, -1, -1, -1, -1, 1, -1, -1, -1, -1, 0, -1, 1, -1, 0, 0, 0, 0, 0, 0, 0, -1, -1, -1, -1, -1, 0, -1, -1, -1, -1, -1, -1, -1, -1, -1, -1, -1, -1, -1, -1, -1, 0, -1, -1]"
150,12,13,0.0,0.6848680578399517,3,166,"[{'cluster_no': -1, 'count': 166}, {'cluster_no': 0, 'count': 41}, {'cluster_no': 1, 'count': 30}]","[-1, 1, 1, -1, -1, -1, -1, 1, 1, -1, -1, 1, -1, -1, -1, -1, 1, 1, 0, -1, -1, -1, -1, -1, -1, 1, -1, 0, -1, 0, 0, -1, -1, 1, -1, -1, -1, -1, -1, -1, -1, 1, -1, -1, 1, 0, -1, 1, 1, -1, -1, -1, 1, -1, -1, -1, -1, 0, -1, -1, 1, -1, -1, -1, -1, 0, -1, -1, -1, -1, -1, -1, 1, -1, 1, -1, -1, -1, 0, -1, 0, -1, -1, 0, -1, -1, -1, -1, 0, 0, -1, 1, -1, -1, -1, 1, -1, -1, -1, -1, -1, -1, -1, -1, 0, -1, -1, 0, -1, -1, -1, -1, -1, -1, -1, -1, 0, -1, 1, -1, -1, -1, -1, -1, -1, 0, 1, -1, -1, -1, 1, -1, -1, -1, 1, -1, 0, -1, -1, -1, -1, 1, 0, 0, 0, -1, -1, -1, 1, -1, -1, -1, 1, -1, -1, -1, -1, -1, 0, 0, 0, -1, -1, -1, 0, 1, 0, 0, 0, -1, -1, 1, 0, -1, 0, -1, -1, -1, -1, -1, -1, 0, -1, -1, -1, -1, 0, -1, -1, -1, -1, -1, -1, -1, -1, -1, -1, 1, -1, -1, -1, -1, 0, -1, 1, -1, 0, 0, 0, 0, 0, 0, 0, -1, -1, -1, -1, -1, 0, -1, -1, -1, -1, -1, -1, -1, -1, -1, -1, -1, -1, -1, -1, -1, 0, -1, -1]"
150,12,13,0.5,0.6848680578399517,3,166,"[{'cluster_no': -1, 'count': 166}, {'cluster_no': 0, 'count': 41}, {'cluster_no': 1, 'count': 30}]","[-1, 1, 1, -1, -1, -1, -1, 1, 1, -1, -1, 1, -1, -1, -1, -1, 1, 1, 0, -1, -1, -1, -1, -1, -1, 1, -1, 0, -1, 0, 0, -1, -1, 1, -1, -1, -1, -1, -1, -1, -1, 1, -1, -1, 1, 0, -1, 1, 1, -1, -1, -1, 1, -1, -1, -1, -1, 0, -1, -1, 1, -1, -1, -1, -1, 0, -1, -1, -1, -1, -1, -1, 1, -1, 1, -1, -1, -1, 0, -1, 0, -1, -1, 0, -1, -1, -1, -1, 0, 0, -1, 1, -1, -1, -1, 1, -1, -1, -1, -1, -1, -1, -1, -1, 0, -1, -1, 0, -1, -1, -1, -1, -1, -1, -1, -1, 0, -1, 1, -1, -1, -1, -1, -1, -1, 0, 1, -1, -1, -1, 1, -1, -1, -1, 1, -1, 0, -1, -1, -1, -1, 1, 0, 0, 0, -1, -1, -1, 1, -1, -1, -1, 1, -1, -1, -1, -1, -1, 0, 0, 0, -1, -1, -1, 0, 1, 0, 0, 0, -1, -1, 1, 0, -1, 0, -1, -1, -1, -1, -1, -1, 0, -1, -1, -1, -1, 0, -1, -1, -1, -1, -1, -1, -1, -1, -1, -1, 1, -1, -1, -1, -1, 0, -1, 1, -1, 0, 0, 0, 0, 0, 0, 0, -1, -1, -1, -1, -1, 0, -1, -1, -1, -1, -1, -1, -1, -1, -1, -1, -1, -1, -1, -1, -1, 0, -1, -1]"
150,12,13,1.0,0.6848680578399517,3,166,"[{'cluster_no': -1, 'count': 166}, {'cluster_no': 0, 'count': 41}, {'cluster_no': 1, 'count': 30}]","[-1, 1, 1, -1, -1, -1, -1, 1, 1, -1, -1, 1, -1, -1, -1, -1, 1, 1, 0, -1, -1, -1, -1, -1, -1, 1, -1, 0, -1, 0, 0, -1, -1, 1, -1, -1, -1, -1, -1, -1, -1, 1, -1, -1, 1, 0, -1, 1, 1, -1, -1, -1, 1, -1, -1, -1, -1, 0, -1, -1, 1, -1, -1, -1, -1, 0, -1, -1, -1, -1, -1, -1, 1, -1, 1, -1, -1, -1, 0, -1, 0, -1, -1, 0, -1, -1, -1, -1, 0, 0, -1, 1, -1, -1, -1, 1, -1, -1, -1, -1, -1, -1, -1, -1, 0, -1, -1, 0, -1, -1, -1, -1, -1, -1, -1, -1, 0, -1, 1, -1, -1, -1, -1, -1, -1, 0, 1, -1, -1, -1, 1, -1, -1, -1, 1, -1, 0, -1, -1, -1, -1, 1, 0, 0, 0, -1, -1, -1, 1, -1, -1, -1, 1, -1, -1, -1, -1, -1, 0, 0, 0, -1, -1, -1, 0, 1, 0, 0, 0, -1, -1, 1, 0, -1, 0, -1, -1, -1, -1, -1, -1, 0, -1, -1, -1, -1, 0, -1, -1, -1, -1, -1, -1, -1, -1, -1, -1, 1, -1, -1, -1, -1, 0, -1, 1, -1, 0, 0, 0, 0, 0, 0, 0, -1, -1, -1, -1, -1, 0, -1, -1, -1, -1, -1, -1, -1, -1, -1, -1, -1, -1, -1, -1, -1, 0, -1, -1]"
150,12,14,0.0,0.6848680578399517,3,166,"[{'cluster_no': -1, 'count': 166}, {'cluster_no': 0, 'count': 41}, {'cluster_no': 1, 'count': 30}]","[-1, 1, 1, -1, -1, -1, -1, 1, 1, -1, -1, 1, -1, -1, -1, -1, 1, 1, 0, -1, -1, -1, -1, -1, -1, 1, -1, 0, -1, 0, 0, -1, -1, 1, -1, -1, -1, -1, -1, -1, -1, 1, -1, -1, 1, 0, -1, 1, 1, -1, -1, -1, 1, -1, -1, -1, -1, 0, -1, -1, 1, -1, -1, -1, -1, 0, -1, -1, -1, -1, -1, -1, 1, -1, 1, -1, -1, -1, 0, -1, 0, -1, -1, 0, -1, -1, -1, -1, 0, 0, -1, 1, -1, -1, -1, 1, -1, -1, -1, -1, -1, -1, -1, -1, 0, -1, -1, 0, -1, -1, -1, -1, -1, -1, -1, -1, 0, -1, 1, -1, -1, -1, -1, -1, -1, 0, 1, -1, -1, -1, 1, -1, -1, -1, 1, -1, 0, -1, -1, -1, -1, 1, 0, 0, 0, -1, -1, -1, 1, -1, -1, -1, 1, -1, -1, -1, -1, -1, 0, 0, 0, -1, -1, -1, 0, 1, 0, 0, 0, -1, -1, 1, 0, -1, 0, -1, -1, -1, -1, -1, -1, 0, -1, -1, -1, -1, 0, -1, -1, -1, -1, -1, -1, -1, -1, -1, -1, 1, -1, -1, -1, -1, 0, -1, 1, -1, 0, 0, 0, 0, 0, 0, 0, -1, -1, -1, -1, -1, 0, -1, -1, -1, -1, -1, -1, -1, -1, -1, -1, -1, -1, -1, -1, -1, 0, -1, -1]"
150,12,14,0.5,0.6848680578399517,3,166,"[{'cluster_no': -1, 'count': 166}, {'cluster_no': 0, 'count': 41}, {'cluster_no': 1, 'count': 30}]","[-1, 1, 1, -1, -1, -1, -1, 1, 1, -1, -1, 1, -1, -1, -1, -1, 1, 1, 0, -1, -1, -1, -1, -1, -1, 1, -1, 0, -1, 0, 0, -1, -1, 1, -1, -1, -1, -1, -1, -1, -1, 1, -1, -1, 1, 0, -1, 1, 1, -1, -1, -1, 1, -1, -1, -1, -1, 0, -1, -1, 1, -1, -1, -1, -1, 0, -1, -1, -1, -1, -1, -1, 1, -1, 1, -1, -1, -1, 0, -1, 0, -1, -1, 0, -1, -1, -1, -1, 0, 0, -1, 1, -1, -1, -1, 1, -1, -1, -1, -1, -1, -1, -1, -1, 0, -1, -1, 0, -1, -1, -1, -1, -1, -1, -1, -1, 0, -1, 1, -1, -1, -1, -1, -1, -1, 0, 1, -1, -1, -1, 1, -1, -1, -1, 1, -1, 0, -1, -1, -1, -1, 1, 0, 0, 0, -1, -1, -1, 1, -1, -1, -1, 1, -1, -1, -1, -1, -1, 0, 0, 0, -1, -1, -1, 0, 1, 0, 0, 0, -1, -1, 1, 0, -1, 0, -1, -1, -1, -1, -1, -1, 0, -1, -1, -1, -1, 0, -1, -1, -1, -1, -1, -1, -1, -1, -1, -1, 1, -1, -1, -1, -1, 0, -1, 1, -1, 0, 0, 0, 0, 0, 0, 0, -1, -1, -1, -1, -1, 0, -1, -1, -1, -1, -1, -1, -1, -1, -1, -1, -1, -1, -1, -1, -1, 0, -1, -1]"
150,12,14,1.0,0.6848680578399517,3,166,"[{'cluster_no': -1, 'count': 166}, {'cluster_no': 0, 'count': 41}, {'cluster_no': 1, 'count': 30}]","[-1, 1, 1, -1, -1, -1, -1, 1, 1, -1, -1, 1, -1, -1, -1, -1, 1, 1, 0, -1, -1, -1, -1, -1, -1, 1, -1, 0, -1, 0, 0, -1, -1, 1, -1, -1, -1, -1, -1, -1, -1, 1, -1, -1, 1, 0, -1, 1, 1, -1, -1, -1, 1, -1, -1, -1, -1, 0, -1, -1, 1, -1, -1, -1, -1, 0, -1, -1, -1, -1, -1, -1, 1, -1, 1, -1, -1, -1, 0, -1, 0, -1, -1, 0, -1, -1, -1, -1, 0, 0, -1, 1, -1, -1, -1, 1, -1, -1, -1, -1, -1, -1, -1, -1, 0, -1, -1, 0, -1, -1, -1, -1, -1, -1, -1, -1, 0, -1, 1, -1, -1, -1, -1, -1, -1, 0, 1, -1, -1, -1, 1, -1, -1, -1, 1, -1, 0, -1, -1, -1, -1, 1, 0, 0, 0, -1, -1, -1, 1, -1, -1, -1, 1, -1, -1, -1, -1, -1, 0, 0, 0, -1, -1, -1, 0, 1, 0, 0, 0, -1, -1, 1, 0, -1, 0, -1, -1, -1, -1, -1, -1, 0, -1, -1, -1, -1, 0, -1, -1, -1, -1, -1, -1, -1, -1, -1, -1, 1, -1, -1, -1, -1, 0, -1, 1, -1, 0, 0, 0, 0, 0, 0, 0, -1, -1, -1, -1, -1, 0, -1, -1, -1, -1, -1, -1, -1, -1, -1, -1, -1, -1, -1, -1, -1, 0, -1, -1]"
150,12,15,0.0,0.6848680578399517,3,166,"[{'cluster_no': -1, 'count': 166}, {'cluster_no': 0, 'count': 41}, {'cluster_no': 1, 'count': 30}]","[-1, 1, 1, -1, -1, -1, -1, 1, 1, -1, -1, 1, -1, -1, -1, -1, 1, 1, 0, -1, -1, -1, -1, -1, -1, 1, -1, 0, -1, 0, 0, -1, -1, 1, -1, -1, -1, -1, -1, -1, -1, 1, -1, -1, 1, 0, -1, 1, 1, -1, -1, -1, 1, -1, -1, -1, -1, 0, -1, -1, 1, -1, -1, -1, -1, 0, -1, -1, -1, -1, -1, -1, 1, -1, 1, -1, -1, -1, 0, -1, 0, -1, -1, 0, -1, -1, -1, -1, 0, 0, -1, 1, -1, -1, -1, 1, -1, -1, -1, -1, -1, -1, -1, -1, 0, -1, -1, 0, -1, -1, -1, -1, -1, -1, -1, -1, 0, -1, 1, -1, -1, -1, -1, -1, -1, 0, 1, -1, -1, -1, 1, -1, -1, -1, 1, -1, 0, -1, -1, -1, -1, 1, 0, 0, 0, -1, -1, -1, 1, -1, -1, -1, 1, -1, -1, -1, -1, -1, 0, 0, 0, -1, -1, -1, 0, 1, 0, 0, 0, -1, -1, 1, 0, -1, 0, -1, -1, -1, -1, -1, -1, 0, -1, -1, -1, -1, 0, -1, -1, -1, -1, -1, -1, -1, -1, -1, -1, 1, -1, -1, -1, -1, 0, -1, 1, -1, 0, 0, 0, 0, 0, 0, 0, -1, -1, -1, -1, -1, 0, -1, -1, -1, -1, -1, -1, -1, -1, -1, -1, -1, -1, -1, -1, -1, 0, -1, -1]"
150,12,15,0.5,0.6848680578399517,3,166,"[{'cluster_no': -1, 'count': 166}, {'cluster_no': 0, 'count': 41}, {'cluster_no': 1, 'count': 30}]","[-1, 1, 1, -1, -1, -1, -1, 1, 1, -1, -1, 1, -1, -1, -1, -1, 1, 1, 0, -1, -1, -1, -1, -1, -1, 1, -1, 0, -1, 0, 0, -1, -1, 1, -1, -1, -1, -1, -1, -1, -1, 1, -1, -1, 1, 0, -1, 1, 1, -1, -1, -1, 1, -1, -1, -1, -1, 0, -1, -1, 1, -1, -1, -1, -1, 0, -1, -1, -1, -1, -1, -1, 1, -1, 1, -1, -1, -1, 0, -1, 0, -1, -1, 0, -1, -1, -1, -1, 0, 0, -1, 1, -1, -1, -1, 1, -1, -1, -1, -1, -1, -1, -1, -1, 0, -1, -1, 0, -1, -1, -1, -1, -1, -1, -1, -1, 0, -1, 1, -1, -1, -1, -1, -1, -1, 0, 1, -1, -1, -1, 1, -1, -1, -1, 1, -1, 0, -1, -1, -1, -1, 1, 0, 0, 0, -1, -1, -1, 1, -1, -1, -1, 1, -1, -1, -1, -1, -1, 0, 0, 0, -1, -1, -1, 0, 1, 0, 0, 0, -1, -1, 1, 0, -1, 0, -1, -1, -1, -1, -1, -1, 0, -1, -1, -1, -1, 0, -1, -1, -1, -1, -1, -1, -1, -1, -1, -1, 1, -1, -1, -1, -1, 0, -1, 1, -1, 0, 0, 0, 0, 0, 0, 0, -1, -1, -1, -1, -1, 0, -1, -1, -1, -1, -1, -1, -1, -1, -1, -1, -1, -1, -1, -1, -1, 0, -1, -1]"
150,12,15,1.0,0.6848680578399517,3,166,"[{'cluster_no': -1, 'count': 166}, {'cluster_no': 0, 'count': 41}, {'cluster_no': 1, 'count': 30}]","[-1, 1, 1, -1, -1, -1, -1, 1, 1, -1, -1, 1, -1, -1, -1, -1, 1, 1, 0, -1, -1, -1, -1, -1, -1, 1, -1, 0, -1, 0, 0, -1, -1, 1, -1, -1, -1, -1, -1, -1, -1, 1, -1, -1, 1, 0, -1, 1, 1, -1, -1, -1, 1, -1, -1, -1, -1, 0, -1, -1, 1, -1, -1, -1, -1, 0, -1, -1, -1, -1, -1, -1, 1, -1, 1, -1, -1, -1, 0, -1, 0, -1, -1, 0, -1, -1, -1, -1, 0, 0, -1, 1, -1, -1, -1, 1, -1, -1, -1, -1, -1, -1, -1, -1, 0, -1, -1, 0, -1, -1, -1, -1, -1, -1, -1, -1, 0, -1, 1, -1, -1, -1, -1, -1, -1, 0, 1, -1, -1, -1, 1, -1, -1, -1, 1, -1, 0, -1, -1, -1, -1, 1, 0, 0, 0, -1, -1, -1, 1, -1, -1, -1, 1, -1, -1, -1, -1, -1, 0, 0, 0, -1, -1, -1, 0, 1, 0, 0, 0, -1, -1, 1, 0, -1, 0, -1, -1, -1, -1, -1, -1, 0, -1, -1, -1, -1, 0, -1, -1, -1, -1, -1, -1, -1, -1, -1, -1, 1, -1, -1, -1, -1, 0, -1, 1, -1, 0, 0, 0, 0, 0, 0, 0, -1, -1, -1, -1, -1, 0, -1, -1, -1, -1, -1, -1, -1, -1, -1, -1, -1, -1, -1, -1, -1, 0, -1, -1]"
150,12,16,0.0,0.6848680578399517,3,166,"[{'cluster_no': -1, 'count': 166}, {'cluster_no': 0, 'count': 41}, {'cluster_no': 1, 'count': 30}]","[-1, 1, 1, -1, -1, -1, -1, 1, 1, -1, -1, 1, -1, -1, -1, -1, 1, 1, 0, -1, -1, -1, -1, -1, -1, 1, -1, 0, -1, 0, 0, -1, -1, 1, -1, -1, -1, -1, -1, -1, -1, 1, -1, -1, 1, 0, -1, 1, 1, -1, -1, -1, 1, -1, -1, -1, -1, 0, -1, -1, 1, -1, -1, -1, -1, 0, -1, -1, -1, -1, -1, -1, 1, -1, 1, -1, -1, -1, 0, -1, 0, -1, -1, 0, -1, -1, -1, -1, 0, 0, -1, 1, -1, -1, -1, 1, -1, -1, -1, -1, -1, -1, -1, -1, 0, -1, -1, 0, -1, -1, -1, -1, -1, -1, -1, -1, 0, -1, 1, -1, -1, -1, -1, -1, -1, 0, 1, -1, -1, -1, 1, -1, -1, -1, 1, -1, 0, -1, -1, -1, -1, 1, 0, 0, 0, -1, -1, -1, 1, -1, -1, -1, 1, -1, -1, -1, -1, -1, 0, 0, 0, -1, -1, -1, 0, 1, 0, 0, 0, -1, -1, 1, 0, -1, 0, -1, -1, -1, -1, -1, -1, 0, -1, -1, -1, -1, 0, -1, -1, -1, -1, -1, -1, -1, -1, -1, -1, 1, -1, -1, -1, -1, 0, -1, 1, -1, 0, 0, 0, 0, 0, 0, 0, -1, -1, -1, -1, -1, 0, -1, -1, -1, -1, -1, -1, -1, -1, -1, -1, -1, -1, -1, -1, -1, 0, -1, -1]"
150,12,16,0.5,0.6848680578399517,3,166,"[{'cluster_no': -1, 'count': 166}, {'cluster_no': 0, 'count': 41}, {'cluster_no': 1, 'count': 30}]","[-1, 1, 1, -1, -1, -1, -1, 1, 1, -1, -1, 1, -1, -1, -1, -1, 1, 1, 0, -1, -1, -1, -1, -1, -1, 1, -1, 0, -1, 0, 0, -1, -1, 1, -1, -1, -1, -1, -1, -1, -1, 1, -1, -1, 1, 0, -1, 1, 1, -1, -1, -1, 1, -1, -1, -1, -1, 0, -1, -1, 1, -1, -1, -1, -1, 0, -1, -1, -1, -1, -1, -1, 1, -1, 1, -1, -1, -1, 0, -1, 0, -1, -1, 0, -1, -1, -1, -1, 0, 0, -1, 1, -1, -1, -1, 1, -1, -1, -1, -1, -1, -1, -1, -1, 0, -1, -1, 0, -1, -1, -1, -1, -1, -1, -1, -1, 0, -1, 1, -1, -1, -1, -1, -1, -1, 0, 1, -1, -1, -1, 1, -1, -1, -1, 1, -1, 0, -1, -1, -1, -1, 1, 0, 0, 0, -1, -1, -1, 1, -1, -1, -1, 1, -1, -1, -1, -1, -1, 0, 0, 0, -1, -1, -1, 0, 1, 0, 0, 0, -1, -1, 1, 0, -1, 0, -1, -1, -1, -1, -1, -1, 0, -1, -1, -1, -1, 0, -1, -1, -1, -1, -1, -1, -1, -1, -1, -1, 1, -1, -1, -1, -1, 0, -1, 1, -1, 0, 0, 0, 0, 0, 0, 0, -1, -1, -1, -1, -1, 0, -1, -1, -1, -1, -1, -1, -1, -1, -1, -1, -1, -1, -1, -1, -1, 0, -1, -1]"
150,12,16,1.0,0.6848680578399517,3,166,"[{'cluster_no': -1, 'count': 166}, {'cluster_no': 0, 'count': 41}, {'cluster_no': 1, 'count': 30}]","[-1, 1, 1, -1, -1, -1, -1, 1, 1, -1, -1, 1, -1, -1, -1, -1, 1, 1, 0, -1, -1, -1, -1, -1, -1, 1, -1, 0, -1, 0, 0, -1, -1, 1, -1, -1, -1, -1, -1, -1, -1, 1, -1, -1, 1, 0, -1, 1, 1, -1, -1, -1, 1, -1, -1, -1, -1, 0, -1, -1, 1, -1, -1, -1, -1, 0, -1, -1, -1, -1, -1, -1, 1, -1, 1, -1, -1, -1, 0, -1, 0, -1, -1, 0, -1, -1, -1, -1, 0, 0, -1, 1, -1, -1, -1, 1, -1, -1, -1, -1, -1, -1, -1, -1, 0, -1, -1, 0, -1, -1, -1, -1, -1, -1, -1, -1, 0, -1, 1, -1, -1, -1, -1, -1, -1, 0, 1, -1, -1, -1, 1, -1, -1, -1, 1, -1, 0, -1, -1, -1, -1, 1, 0, 0, 0, -1, -1, -1, 1, -1, -1, -1, 1, -1, -1, -1, -1, -1, 0, 0, 0, -1, -1, -1, 0, 1, 0, 0, 0, -1, -1, 1, 0, -1, 0, -1, -1, -1, -1, -1, -1, 0, -1, -1, -1, -1, 0, -1, -1, -1, -1, -1, -1, -1, -1, -1, -1, 1, -1, -1, -1, -1, 0, -1, 1, -1, 0, 0, 0, 0, 0, 0, 0, -1, -1, -1, -1, -1, 0, -1, -1, -1, -1, -1, -1, -1, -1, -1, -1, -1, -1, -1, -1, -1, 0, -1, -1]"
150,12,17,0.0,0.6848680578399517,3,166,"[{'cluster_no': -1, 'count': 166}, {'cluster_no': 0, 'count': 41}, {'cluster_no': 1, 'count': 30}]","[-1, 1, 1, -1, -1, -1, -1, 1, 1, -1, -1, 1, -1, -1, -1, -1, 1, 1, 0, -1, -1, -1, -1, -1, -1, 1, -1, 0, -1, 0, 0, -1, -1, 1, -1, -1, -1, -1, -1, -1, -1, 1, -1, -1, 1, 0, -1, 1, 1, -1, -1, -1, 1, -1, -1, -1, -1, 0, -1, -1, 1, -1, -1, -1, -1, 0, -1, -1, -1, -1, -1, -1, 1, -1, 1, -1, -1, -1, 0, -1, 0, -1, -1, 0, -1, -1, -1, -1, 0, 0, -1, 1, -1, -1, -1, 1, -1, -1, -1, -1, -1, -1, -1, -1, 0, -1, -1, 0, -1, -1, -1, -1, -1, -1, -1, -1, 0, -1, 1, -1, -1, -1, -1, -1, -1, 0, 1, -1, -1, -1, 1, -1, -1, -1, 1, -1, 0, -1, -1, -1, -1, 1, 0, 0, 0, -1, -1, -1, 1, -1, -1, -1, 1, -1, -1, -1, -1, -1, 0, 0, 0, -1, -1, -1, 0, 1, 0, 0, 0, -1, -1, 1, 0, -1, 0, -1, -1, -1, -1, -1, -1, 0, -1, -1, -1, -1, 0, -1, -1, -1, -1, -1, -1, -1, -1, -1, -1, 1, -1, -1, -1, -1, 0, -1, 1, -1, 0, 0, 0, 0, 0, 0, 0, -1, -1, -1, -1, -1, 0, -1, -1, -1, -1, -1, -1, -1, -1, -1, -1, -1, -1, -1, -1, -1, 0, -1, -1]"
150,12,17,0.5,0.6848680578399517,3,166,"[{'cluster_no': -1, 'count': 166}, {'cluster_no': 0, 'count': 41}, {'cluster_no': 1, 'count': 30}]","[-1, 1, 1, -1, -1, -1, -1, 1, 1, -1, -1, 1, -1, -1, -1, -1, 1, 1, 0, -1, -1, -1, -1, -1, -1, 1, -1, 0, -1, 0, 0, -1, -1, 1, -1, -1, -1, -1, -1, -1, -1, 1, -1, -1, 1, 0, -1, 1, 1, -1, -1, -1, 1, -1, -1, -1, -1, 0, -1, -1, 1, -1, -1, -1, -1, 0, -1, -1, -1, -1, -1, -1, 1, -1, 1, -1, -1, -1, 0, -1, 0, -1, -1, 0, -1, -1, -1, -1, 0, 0, -1, 1, -1, -1, -1, 1, -1, -1, -1, -1, -1, -1, -1, -1, 0, -1, -1, 0, -1, -1, -1, -1, -1, -1, -1, -1, 0, -1, 1, -1, -1, -1, -1, -1, -1, 0, 1, -1, -1, -1, 1, -1, -1, -1, 1, -1, 0, -1, -1, -1, -1, 1, 0, 0, 0, -1, -1, -1, 1, -1, -1, -1, 1, -1, -1, -1, -1, -1, 0, 0, 0, -1, -1, -1, 0, 1, 0, 0, 0, -1, -1, 1, 0, -1, 0, -1, -1, -1, -1, -1, -1, 0, -1, -1, -1, -1, 0, -1, -1, -1, -1, -1, -1, -1, -1, -1, -1, 1, -1, -1, -1, -1, 0, -1, 1, -1, 0, 0, 0, 0, 0, 0, 0, -1, -1, -1, -1, -1, 0, -1, -1, -1, -1, -1, -1, -1, -1, -1, -1, -1, -1, -1, -1, -1, 0, -1, -1]"
150,12,17,1.0,0.6848680578399517,3,166,"[{'cluster_no': -1, 'count': 166}, {'cluster_no': 0, 'count': 41}, {'cluster_no': 1, 'count': 30}]","[-1, 1, 1, -1, -1, -1, -1, 1, 1, -1, -1, 1, -1, -1, -1, -1, 1, 1, 0, -1, -1, -1, -1, -1, -1, 1, -1, 0, -1, 0, 0, -1, -1, 1, -1, -1, -1, -1, -1, -1, -1, 1, -1, -1, 1, 0, -1, 1, 1, -1, -1, -1, 1, -1, -1, -1, -1, 0, -1, -1, 1, -1, -1, -1, -1, 0, -1, -1, -1, -1, -1, -1, 1, -1, 1, -1, -1, -1, 0, -1, 0, -1, -1, 0, -1, -1, -1, -1, 0, 0, -1, 1, -1, -1, -1, 1, -1, -1, -1, -1, -1, -1, -1, -1, 0, -1, -1, 0, -1, -1, -1, -1, -1, -1, -1, -1, 0, -1, 1, -1, -1, -1, -1, -1, -1, 0, 1, -1, -1, -1, 1, -1, -1, -1, 1, -1, 0, -1, -1, -1, -1, 1, 0, 0, 0, -1, -1, -1, 1, -1, -1, -1, 1, -1, -1, -1, -1, -1, 0, 0, 0, -1, -1, -1, 0, 1, 0, 0, 0, -1, -1, 1, 0, -1, 0, -1, -1, -1, -1, -1, -1, 0, -1, -1, -1, -1, 0, -1, -1, -1, -1, -1, -1, -1, -1, -1, -1, 1, -1, -1, -1, -1, 0, -1, 1, -1, 0, 0, 0, 0, 0, 0, 0, -1, -1, -1, -1, -1, 0, -1, -1, -1, -1, -1, -1, -1, -1, -1, -1, -1, -1, -1, -1, -1, 0, -1, -1]"
150,12,18,0.0,0.6848680578399517,3,166,"[{'cluster_no': -1, 'count': 166}, {'cluster_no': 0, 'count': 41}, {'cluster_no': 1, 'count': 30}]","[-1, 1, 1, -1, -1, -1, -1, 1, 1, -1, -1, 1, -1, -1, -1, -1, 1, 1, 0, -1, -1, -1, -1, -1, -1, 1, -1, 0, -1, 0, 0, -1, -1, 1, -1, -1, -1, -1, -1, -1, -1, 1, -1, -1, 1, 0, -1, 1, 1, -1, -1, -1, 1, -1, -1, -1, -1, 0, -1, -1, 1, -1, -1, -1, -1, 0, -1, -1, -1, -1, -1, -1, 1, -1, 1, -1, -1, -1, 0, -1, 0, -1, -1, 0, -1, -1, -1, -1, 0, 0, -1, 1, -1, -1, -1, 1, -1, -1, -1, -1, -1, -1, -1, -1, 0, -1, -1, 0, -1, -1, -1, -1, -1, -1, -1, -1, 0, -1, 1, -1, -1, -1, -1, -1, -1, 0, 1, -1, -1, -1, 1, -1, -1, -1, 1, -1, 0, -1, -1, -1, -1, 1, 0, 0, 0, -1, -1, -1, 1, -1, -1, -1, 1, -1, -1, -1, -1, -1, 0, 0, 0, -1, -1, -1, 0, 1, 0, 0, 0, -1, -1, 1, 0, -1, 0, -1, -1, -1, -1, -1, -1, 0, -1, -1, -1, -1, 0, -1, -1, -1, -1, -1, -1, -1, -1, -1, -1, 1, -1, -1, -1, -1, 0, -1, 1, -1, 0, 0, 0, 0, 0, 0, 0, -1, -1, -1, -1, -1, 0, -1, -1, -1, -1, -1, -1, -1, -1, -1, -1, -1, -1, -1, -1, -1, 0, -1, -1]"
150,12,18,0.5,0.6848680578399517,3,166,"[{'cluster_no': -1, 'count': 166}, {'cluster_no': 0, 'count': 41}, {'cluster_no': 1, 'count': 30}]","[-1, 1, 1, -1, -1, -1, -1, 1, 1, -1, -1, 1, -1, -1, -1, -1, 1, 1, 0, -1, -1, -1, -1, -1, -1, 1, -1, 0, -1, 0, 0, -1, -1, 1, -1, -1, -1, -1, -1, -1, -1, 1, -1, -1, 1, 0, -1, 1, 1, -1, -1, -1, 1, -1, -1, -1, -1, 0, -1, -1, 1, -1, -1, -1, -1, 0, -1, -1, -1, -1, -1, -1, 1, -1, 1, -1, -1, -1, 0, -1, 0, -1, -1, 0, -1, -1, -1, -1, 0, 0, -1, 1, -1, -1, -1, 1, -1, -1, -1, -1, -1, -1, -1, -1, 0, -1, -1, 0, -1, -1, -1, -1, -1, -1, -1, -1, 0, -1, 1, -1, -1, -1, -1, -1, -1, 0, 1, -1, -1, -1, 1, -1, -1, -1, 1, -1, 0, -1, -1, -1, -1, 1, 0, 0, 0, -1, -1, -1, 1, -1, -1, -1, 1, -1, -1, -1, -1, -1, 0, 0, 0, -1, -1, -1, 0, 1, 0, 0, 0, -1, -1, 1, 0, -1, 0, -1, -1, -1, -1, -1, -1, 0, -1, -1, -1, -1, 0, -1, -1, -1, -1, -1, -1, -1, -1, -1, -1, 1, -1, -1, -1, -1, 0, -1, 1, -1, 0, 0, 0, 0, 0, 0, 0, -1, -1, -1, -1, -1, 0, -1, -1, -1, -1, -1, -1, -1, -1, -1, -1, -1, -1, -1, -1, -1, 0, -1, -1]"
150,12,18,1.0,0.6848680578399517,3,166,"[{'cluster_no': -1, 'count': 166}, {'cluster_no': 0, 'count': 41}, {'cluster_no': 1, 'count': 30}]","[-1, 1, 1, -1, -1, -1, -1, 1, 1, -1, -1, 1, -1, -1, -1, -1, 1, 1, 0, -1, -1, -1, -1, -1, -1, 1, -1, 0, -1, 0, 0, -1, -1, 1, -1, -1, -1, -1, -1, -1, -1, 1, -1, -1, 1, 0, -1, 1, 1, -1, -1, -1, 1, -1, -1, -1, -1, 0, -1, -1, 1, -1, -1, -1, -1, 0, -1, -1, -1, -1, -1, -1, 1, -1, 1, -1, -1, -1, 0, -1, 0, -1, -1, 0, -1, -1, -1, -1, 0, 0, -1, 1, -1, -1, -1, 1, -1, -1, -1, -1, -1, -1, -1, -1, 0, -1, -1, 0, -1, -1, -1, -1, -1, -1, -1, -1, 0, -1, 1, -1, -1, -1, -1, -1, -1, 0, 1, -1, -1, -1, 1, -1, -1, -1, 1, -1, 0, -1, -1, -1, -1, 1, 0, 0, 0, -1, -1, -1, 1, -1, -1, -1, 1, -1, -1, -1, -1, -1, 0, 0, 0, -1, -1, -1, 0, 1, 0, 0, 0, -1, -1, 1, 0, -1, 0, -1, -1, -1, -1, -1, -1, 0, -1, -1, -1, -1, 0, -1, -1, -1, -1, -1, -1, -1, -1, -1, -1, 1, -1, -1, -1, -1, 0, -1, 1, -1, 0, 0, 0, 0, 0, 0, 0, -1, -1, -1, -1, -1, 0, -1, -1, -1, -1, -1, -1, -1, -1, -1, -1, -1, -1, -1, -1, -1, 0, -1, -1]"
150,12,19,0.0,0.6848680578399517,3,166,"[{'cluster_no': -1, 'count': 166}, {'cluster_no': 0, 'count': 41}, {'cluster_no': 1, 'count': 30}]","[-1, 1, 1, -1, -1, -1, -1, 1, 1, -1, -1, 1, -1, -1, -1, -1, 1, 1, 0, -1, -1, -1, -1, -1, -1, 1, -1, 0, -1, 0, 0, -1, -1, 1, -1, -1, -1, -1, -1, -1, -1, 1, -1, -1, 1, 0, -1, 1, 1, -1, -1, -1, 1, -1, -1, -1, -1, 0, -1, -1, 1, -1, -1, -1, -1, 0, -1, -1, -1, -1, -1, -1, 1, -1, 1, -1, -1, -1, 0, -1, 0, -1, -1, 0, -1, -1, -1, -1, 0, 0, -1, 1, -1, -1, -1, 1, -1, -1, -1, -1, -1, -1, -1, -1, 0, -1, -1, 0, -1, -1, -1, -1, -1, -1, -1, -1, 0, -1, 1, -1, -1, -1, -1, -1, -1, 0, 1, -1, -1, -1, 1, -1, -1, -1, 1, -1, 0, -1, -1, -1, -1, 1, 0, 0, 0, -1, -1, -1, 1, -1, -1, -1, 1, -1, -1, -1, -1, -1, 0, 0, 0, -1, -1, -1, 0, 1, 0, 0, 0, -1, -1, 1, 0, -1, 0, -1, -1, -1, -1, -1, -1, 0, -1, -1, -1, -1, 0, -1, -1, -1, -1, -1, -1, -1, -1, -1, -1, 1, -1, -1, -1, -1, 0, -1, 1, -1, 0, 0, 0, 0, 0, 0, 0, -1, -1, -1, -1, -1, 0, -1, -1, -1, -1, -1, -1, -1, -1, -1, -1, -1, -1, -1, -1, -1, 0, -1, -1]"
150,12,19,0.5,0.6848680578399517,3,166,"[{'cluster_no': -1, 'count': 166}, {'cluster_no': 0, 'count': 41}, {'cluster_no': 1, 'count': 30}]","[-1, 1, 1, -1, -1, -1, -1, 1, 1, -1, -1, 1, -1, -1, -1, -1, 1, 1, 0, -1, -1, -1, -1, -1, -1, 1, -1, 0, -1, 0, 0, -1, -1, 1, -1, -1, -1, -1, -1, -1, -1, 1, -1, -1, 1, 0, -1, 1, 1, -1, -1, -1, 1, -1, -1, -1, -1, 0, -1, -1, 1, -1, -1, -1, -1, 0, -1, -1, -1, -1, -1, -1, 1, -1, 1, -1, -1, -1, 0, -1, 0, -1, -1, 0, -1, -1, -1, -1, 0, 0, -1, 1, -1, -1, -1, 1, -1, -1, -1, -1, -1, -1, -1, -1, 0, -1, -1, 0, -1, -1, -1, -1, -1, -1, -1, -1, 0, -1, 1, -1, -1, -1, -1, -1, -1, 0, 1, -1, -1, -1, 1, -1, -1, -1, 1, -1, 0, -1, -1, -1, -1, 1, 0, 0, 0, -1, -1, -1, 1, -1, -1, -1, 1, -1, -1, -1, -1, -1, 0, 0, 0, -1, -1, -1, 0, 1, 0, 0, 0, -1, -1, 1, 0, -1, 0, -1, -1, -1, -1, -1, -1, 0, -1, -1, -1, -1, 0, -1, -1, -1, -1, -1, -1, -1, -1, -1, -1, 1, -1, -1, -1, -1, 0, -1, 1, -1, 0, 0, 0, 0, 0, 0, 0, -1, -1, -1, -1, -1, 0, -1, -1, -1, -1, -1, -1, -1, -1, -1, -1, -1, -1, -1, -1, -1, 0, -1, -1]"
150,12,19,1.0,0.6848680578399517,3,166,"[{'cluster_no': -1, 'count': 166}, {'cluster_no': 0, 'count': 41}, {'cluster_no': 1, 'count': 30}]","[-1, 1, 1, -1, -1, -1, -1, 1, 1, -1, -1, 1, -1, -1, -1, -1, 1, 1, 0, -1, -1, -1, -1, -1, -1, 1, -1, 0, -1, 0, 0, -1, -1, 1, -1, -1, -1, -1, -1, -1, -1, 1, -1, -1, 1, 0, -1, 1, 1, -1, -1, -1, 1, -1, -1, -1, -1, 0, -1, -1, 1, -1, -1, -1, -1, 0, -1, -1, -1, -1, -1, -1, 1, -1, 1, -1, -1, -1, 0, -1, 0, -1, -1, 0, -1, -1, -1, -1, 0, 0, -1, 1, -1, -1, -1, 1, -1, -1, -1, -1, -1, -1, -1, -1, 0, -1, -1, 0, -1, -1, -1, -1, -1, -1, -1, -1, 0, -1, 1, -1, -1, -1, -1, -1, -1, 0, 1, -1, -1, -1, 1, -1, -1, -1, 1, -1, 0, -1, -1, -1, -1, 1, 0, 0, 0, -1, -1, -1, 1, -1, -1, -1, 1, -1, -1, -1, -1, -1, 0, 0, 0, -1, -1, -1, 0, 1, 0, 0, 0, -1, -1, 1, 0, -1, 0, -1, -1, -1, -1, -1, -1, 0, -1, -1, -1, -1, 0, -1, -1, -1, -1, -1, -1, -1, -1, -1, -1, 1, -1, -1, -1, -1, 0, -1, 1, -1, 0, 0, 0, 0, 0, 0, 0, -1, -1, -1, -1, -1, 0, -1, -1, -1, -1, -1, -1, -1, -1, -1, -1, -1, -1, -1, -1, -1, 0, -1, -1]"
150,12,20,0.0,0.6848680578399517,3,166,"[{'cluster_no': -1, 'count': 166}, {'cluster_no': 0, 'count': 41}, {'cluster_no': 1, 'count': 30}]","[-1, 1, 1, -1, -1, -1, -1, 1, 1, -1, -1, 1, -1, -1, -1, -1, 1, 1, 0, -1, -1, -1, -1, -1, -1, 1, -1, 0, -1, 0, 0, -1, -1, 1, -1, -1, -1, -1, -1, -1, -1, 1, -1, -1, 1, 0, -1, 1, 1, -1, -1, -1, 1, -1, -1, -1, -1, 0, -1, -1, 1, -1, -1, -1, -1, 0, -1, -1, -1, -1, -1, -1, 1, -1, 1, -1, -1, -1, 0, -1, 0, -1, -1, 0, -1, -1, -1, -1, 0, 0, -1, 1, -1, -1, -1, 1, -1, -1, -1, -1, -1, -1, -1, -1, 0, -1, -1, 0, -1, -1, -1, -1, -1, -1, -1, -1, 0, -1, 1, -1, -1, -1, -1, -1, -1, 0, 1, -1, -1, -1, 1, -1, -1, -1, 1, -1, 0, -1, -1, -1, -1, 1, 0, 0, 0, -1, -1, -1, 1, -1, -1, -1, 1, -1, -1, -1, -1, -1, 0, 0, 0, -1, -1, -1, 0, 1, 0, 0, 0, -1, -1, 1, 0, -1, 0, -1, -1, -1, -1, -1, -1, 0, -1, -1, -1, -1, 0, -1, -1, -1, -1, -1, -1, -1, -1, -1, -1, 1, -1, -1, -1, -1, 0, -1, 1, -1, 0, 0, 0, 0, 0, 0, 0, -1, -1, -1, -1, -1, 0, -1, -1, -1, -1, -1, -1, -1, -1, -1, -1, -1, -1, -1, -1, -1, 0, -1, -1]"
150,12,20,0.5,0.6848680578399517,3,166,"[{'cluster_no': -1, 'count': 166}, {'cluster_no': 0, 'count': 41}, {'cluster_no': 1, 'count': 30}]","[-1, 1, 1, -1, -1, -1, -1, 1, 1, -1, -1, 1, -1, -1, -1, -1, 1, 1, 0, -1, -1, -1, -1, -1, -1, 1, -1, 0, -1, 0, 0, -1, -1, 1, -1, -1, -1, -1, -1, -1, -1, 1, -1, -1, 1, 0, -1, 1, 1, -1, -1, -1, 1, -1, -1, -1, -1, 0, -1, -1, 1, -1, -1, -1, -1, 0, -1, -1, -1, -1, -1, -1, 1, -1, 1, -1, -1, -1, 0, -1, 0, -1, -1, 0, -1, -1, -1, -1, 0, 0, -1, 1, -1, -1, -1, 1, -1, -1, -1, -1, -1, -1, -1, -1, 0, -1, -1, 0, -1, -1, -1, -1, -1, -1, -1, -1, 0, -1, 1, -1, -1, -1, -1, -1, -1, 0, 1, -1, -1, -1, 1, -1, -1, -1, 1, -1, 0, -1, -1, -1, -1, 1, 0, 0, 0, -1, -1, -1, 1, -1, -1, -1, 1, -1, -1, -1, -1, -1, 0, 0, 0, -1, -1, -1, 0, 1, 0, 0, 0, -1, -1, 1, 0, -1, 0, -1, -1, -1, -1, -1, -1, 0, -1, -1, -1, -1, 0, -1, -1, -1, -1, -1, -1, -1, -1, -1, -1, 1, -1, -1, -1, -1, 0, -1, 1, -1, 0, 0, 0, 0, 0, 0, 0, -1, -1, -1, -1, -1, 0, -1, -1, -1, -1, -1, -1, -1, -1, -1, -1, -1, -1, -1, -1, -1, 0, -1, -1]"
150,12,20,1.0,0.6848680578399517,3,166,"[{'cluster_no': -1, 'count': 166}, {'cluster_no': 0, 'count': 41}, {'cluster_no': 1, 'count': 30}]","[-1, 1, 1, -1, -1, -1, -1, 1, 1, -1, -1, 1, -1, -1, -1, -1, 1, 1, 0, -1, -1, -1, -1, -1, -1, 1, -1, 0, -1, 0, 0, -1, -1, 1, -1, -1, -1, -1, -1, -1, -1, 1, -1, -1, 1, 0, -1, 1, 1, -1, -1, -1, 1, -1, -1, -1, -1, 0, -1, -1, 1, -1, -1, -1, -1, 0, -1, -1, -1, -1, -1, -1, 1, -1, 1, -1, -1, -1, 0, -1, 0, -1, -1, 0, -1, -1, -1, -1, 0, 0, -1, 1, -1, -1, -1, 1, -1, -1, -1, -1, -1, -1, -1, -1, 0, -1, -1, 0, -1, -1, -1, -1, -1, -1, -1, -1, 0, -1, 1, -1, -1, -1, -1, -1, -1, 0, 1, -1, -1, -1, 1, -1, -1, -1, 1, -1, 0, -1, -1, -1, -1, 1, 0, 0, 0, -1, -1, -1, 1, -1, -1, -1, 1, -1, -1, -1, -1, -1, 0, 0, 0, -1, -1, -1, 0, 1, 0, 0, 0, -1, -1, 1, 0, -1, 0, -1, -1, -1, -1, -1, -1, 0, -1, -1, -1, -1, 0, -1, -1, -1, -1, -1, -1, -1, -1, -1, -1, 1, -1, -1, -1, -1, 0, -1, 1, -1, 0, 0, 0, 0, 0, 0, 0, -1, -1, -1, -1, -1, 0, -1, -1, -1, -1, -1, -1, -1, -1, -1, -1, -1, -1, -1, -1, -1, 0, -1, -1]"
150,12,21,0.0,0.6848680578399517,3,166,"[{'cluster_no': -1, 'count': 166}, {'cluster_no': 0, 'count': 41}, {'cluster_no': 1, 'count': 30}]","[-1, 1, 1, -1, -1, -1, -1, 1, 1, -1, -1, 1, -1, -1, -1, -1, 1, 1, 0, -1, -1, -1, -1, -1, -1, 1, -1, 0, -1, 0, 0, -1, -1, 1, -1, -1, -1, -1, -1, -1, -1, 1, -1, -1, 1, 0, -1, 1, 1, -1, -1, -1, 1, -1, -1, -1, -1, 0, -1, -1, 1, -1, -1, -1, -1, 0, -1, -1, -1, -1, -1, -1, 1, -1, 1, -1, -1, -1, 0, -1, 0, -1, -1, 0, -1, -1, -1, -1, 0, 0, -1, 1, -1, -1, -1, 1, -1, -1, -1, -1, -1, -1, -1, -1, 0, -1, -1, 0, -1, -1, -1, -1, -1, -1, -1, -1, 0, -1, 1, -1, -1, -1, -1, -1, -1, 0, 1, -1, -1, -1, 1, -1, -1, -1, 1, -1, 0, -1, -1, -1, -1, 1, 0, 0, 0, -1, -1, -1, 1, -1, -1, -1, 1, -1, -1, -1, -1, -1, 0, 0, 0, -1, -1, -1, 0, 1, 0, 0, 0, -1, -1, 1, 0, -1, 0, -1, -1, -1, -1, -1, -1, 0, -1, -1, -1, -1, 0, -1, -1, -1, -1, -1, -1, -1, -1, -1, -1, 1, -1, -1, -1, -1, 0, -1, 1, -1, 0, 0, 0, 0, 0, 0, 0, -1, -1, -1, -1, -1, 0, -1, -1, -1, -1, -1, -1, -1, -1, -1, -1, -1, -1, -1, -1, -1, 0, -1, -1]"
150,12,21,0.5,0.6848680578399517,3,166,"[{'cluster_no': -1, 'count': 166}, {'cluster_no': 0, 'count': 41}, {'cluster_no': 1, 'count': 30}]","[-1, 1, 1, -1, -1, -1, -1, 1, 1, -1, -1, 1, -1, -1, -1, -1, 1, 1, 0, -1, -1, -1, -1, -1, -1, 1, -1, 0, -1, 0, 0, -1, -1, 1, -1, -1, -1, -1, -1, -1, -1, 1, -1, -1, 1, 0, -1, 1, 1, -1, -1, -1, 1, -1, -1, -1, -1, 0, -1, -1, 1, -1, -1, -1, -1, 0, -1, -1, -1, -1, -1, -1, 1, -1, 1, -1, -1, -1, 0, -1, 0, -1, -1, 0, -1, -1, -1, -1, 0, 0, -1, 1, -1, -1, -1, 1, -1, -1, -1, -1, -1, -1, -1, -1, 0, -1, -1, 0, -1, -1, -1, -1, -1, -1, -1, -1, 0, -1, 1, -1, -1, -1, -1, -1, -1, 0, 1, -1, -1, -1, 1, -1, -1, -1, 1, -1, 0, -1, -1, -1, -1, 1, 0, 0, 0, -1, -1, -1, 1, -1, -1, -1, 1, -1, -1, -1, -1, -1, 0, 0, 0, -1, -1, -1, 0, 1, 0, 0, 0, -1, -1, 1, 0, -1, 0, -1, -1, -1, -1, -1, -1, 0, -1, -1, -1, -1, 0, -1, -1, -1, -1, -1, -1, -1, -1, -1, -1, 1, -1, -1, -1, -1, 0, -1, 1, -1, 0, 0, 0, 0, 0, 0, 0, -1, -1, -1, -1, -1, 0, -1, -1, -1, -1, -1, -1, -1, -1, -1, -1, -1, -1, -1, -1, -1, 0, -1, -1]"
150,12,21,1.0,0.6848680578399517,3,166,"[{'cluster_no': -1, 'count': 166}, {'cluster_no': 0, 'count': 41}, {'cluster_no': 1, 'count': 30}]","[-1, 1, 1, -1, -1, -1, -1, 1, 1, -1, -1, 1, -1, -1, -1, -1, 1, 1, 0, -1, -1, -1, -1, -1, -1, 1, -1, 0, -1, 0, 0, -1, -1, 1, -1, -1, -1, -1, -1, -1, -1, 1, -1, -1, 1, 0, -1, 1, 1, -1, -1, -1, 1, -1, -1, -1, -1, 0, -1, -1, 1, -1, -1, -1, -1, 0, -1, -1, -1, -1, -1, -1, 1, -1, 1, -1, -1, -1, 0, -1, 0, -1, -1, 0, -1, -1, -1, -1, 0, 0, -1, 1, -1, -1, -1, 1, -1, -1, -1, -1, -1, -1, -1, -1, 0, -1, -1, 0, -1, -1, -1, -1, -1, -1, -1, -1, 0, -1, 1, -1, -1, -1, -1, -1, -1, 0, 1, -1, -1, -1, 1, -1, -1, -1, 1, -1, 0, -1, -1, -1, -1, 1, 0, 0, 0, -1, -1, -1, 1, -1, -1, -1, 1, -1, -1, -1, -1, -1, 0, 0, 0, -1, -1, -1, 0, 1, 0, 0, 0, -1, -1, 1, 0, -1, 0, -1, -1, -1, -1, -1, -1, 0, -1, -1, -1, -1, 0, -1, -1, -1, -1, -1, -1, -1, -1, -1, -1, 1, -1, -1, -1, -1, 0, -1, 1, -1, 0, 0, 0, 0, 0, 0, 0, -1, -1, -1, -1, -1, 0, -1, -1, -1, -1, -1, -1, -1, -1, -1, -1, -1, -1, -1, -1, -1, 0, -1, -1]"
150,12,22,0.0,0.6848680578399517,3,166,"[{'cluster_no': -1, 'count': 166}, {'cluster_no': 0, 'count': 41}, {'cluster_no': 1, 'count': 30}]","[-1, 1, 1, -1, -1, -1, -1, 1, 1, -1, -1, 1, -1, -1, -1, -1, 1, 1, 0, -1, -1, -1, -1, -1, -1, 1, -1, 0, -1, 0, 0, -1, -1, 1, -1, -1, -1, -1, -1, -1, -1, 1, -1, -1, 1, 0, -1, 1, 1, -1, -1, -1, 1, -1, -1, -1, -1, 0, -1, -1, 1, -1, -1, -1, -1, 0, -1, -1, -1, -1, -1, -1, 1, -1, 1, -1, -1, -1, 0, -1, 0, -1, -1, 0, -1, -1, -1, -1, 0, 0, -1, 1, -1, -1, -1, 1, -1, -1, -1, -1, -1, -1, -1, -1, 0, -1, -1, 0, -1, -1, -1, -1, -1, -1, -1, -1, 0, -1, 1, -1, -1, -1, -1, -1, -1, 0, 1, -1, -1, -1, 1, -1, -1, -1, 1, -1, 0, -1, -1, -1, -1, 1, 0, 0, 0, -1, -1, -1, 1, -1, -1, -1, 1, -1, -1, -1, -1, -1, 0, 0, 0, -1, -1, -1, 0, 1, 0, 0, 0, -1, -1, 1, 0, -1, 0, -1, -1, -1, -1, -1, -1, 0, -1, -1, -1, -1, 0, -1, -1, -1, -1, -1, -1, -1, -1, -1, -1, 1, -1, -1, -1, -1, 0, -1, 1, -1, 0, 0, 0, 0, 0, 0, 0, -1, -1, -1, -1, -1, 0, -1, -1, -1, -1, -1, -1, -1, -1, -1, -1, -1, -1, -1, -1, -1, 0, -1, -1]"
150,12,22,0.5,0.6848680578399517,3,166,"[{'cluster_no': -1, 'count': 166}, {'cluster_no': 0, 'count': 41}, {'cluster_no': 1, 'count': 30}]","[-1, 1, 1, -1, -1, -1, -1, 1, 1, -1, -1, 1, -1, -1, -1, -1, 1, 1, 0, -1, -1, -1, -1, -1, -1, 1, -1, 0, -1, 0, 0, -1, -1, 1, -1, -1, -1, -1, -1, -1, -1, 1, -1, -1, 1, 0, -1, 1, 1, -1, -1, -1, 1, -1, -1, -1, -1, 0, -1, -1, 1, -1, -1, -1, -1, 0, -1, -1, -1, -1, -1, -1, 1, -1, 1, -1, -1, -1, 0, -1, 0, -1, -1, 0, -1, -1, -1, -1, 0, 0, -1, 1, -1, -1, -1, 1, -1, -1, -1, -1, -1, -1, -1, -1, 0, -1, -1, 0, -1, -1, -1, -1, -1, -1, -1, -1, 0, -1, 1, -1, -1, -1, -1, -1, -1, 0, 1, -1, -1, -1, 1, -1, -1, -1, 1, -1, 0, -1, -1, -1, -1, 1, 0, 0, 0, -1, -1, -1, 1, -1, -1, -1, 1, -1, -1, -1, -1, -1, 0, 0, 0, -1, -1, -1, 0, 1, 0, 0, 0, -1, -1, 1, 0, -1, 0, -1, -1, -1, -1, -1, -1, 0, -1, -1, -1, -1, 0, -1, -1, -1, -1, -1, -1, -1, -1, -1, -1, 1, -1, -1, -1, -1, 0, -1, 1, -1, 0, 0, 0, 0, 0, 0, 0, -1, -1, -1, -1, -1, 0, -1, -1, -1, -1, -1, -1, -1, -1, -1, -1, -1, -1, -1, -1, -1, 0, -1, -1]"
150,12,22,1.0,0.6848680578399517,3,166,"[{'cluster_no': -1, 'count': 166}, {'cluster_no': 0, 'count': 41}, {'cluster_no': 1, 'count': 30}]","[-1, 1, 1, -1, -1, -1, -1, 1, 1, -1, -1, 1, -1, -1, -1, -1, 1, 1, 0, -1, -1, -1, -1, -1, -1, 1, -1, 0, -1, 0, 0, -1, -1, 1, -1, -1, -1, -1, -1, -1, -1, 1, -1, -1, 1, 0, -1, 1, 1, -1, -1, -1, 1, -1, -1, -1, -1, 0, -1, -1, 1, -1, -1, -1, -1, 0, -1, -1, -1, -1, -1, -1, 1, -1, 1, -1, -1, -1, 0, -1, 0, -1, -1, 0, -1, -1, -1, -1, 0, 0, -1, 1, -1, -1, -1, 1, -1, -1, -1, -1, -1, -1, -1, -1, 0, -1, -1, 0, -1, -1, -1, -1, -1, -1, -1, -1, 0, -1, 1, -1, -1, -1, -1, -1, -1, 0, 1, -1, -1, -1, 1, -1, -1, -1, 1, -1, 0, -1, -1, -1, -1, 1, 0, 0, 0, -1, -1, -1, 1, -1, -1, -1, 1, -1, -1, -1, -1, -1, 0, 0, 0, -1, -1, -1, 0, 1, 0, 0, 0, -1, -1, 1, 0, -1, 0, -1, -1, -1, -1, -1, -1, 0, -1, -1, -1, -1, 0, -1, -1, -1, -1, -1, -1, -1, -1, -1, -1, 1, -1, -1, -1, -1, 0, -1, 1, -1, 0, 0, 0, 0, 0, 0, 0, -1, -1, -1, -1, -1, 0, -1, -1, -1, -1, -1, -1, -1, -1, -1, -1, -1, -1, -1, -1, -1, 0, -1, -1]"
150,12,23,0.0,0.6848680578399517,3,166,"[{'cluster_no': -1, 'count': 166}, {'cluster_no': 0, 'count': 41}, {'cluster_no': 1, 'count': 30}]","[-1, 1, 1, -1, -1, -1, -1, 1, 1, -1, -1, 1, -1, -1, -1, -1, 1, 1, 0, -1, -1, -1, -1, -1, -1, 1, -1, 0, -1, 0, 0, -1, -1, 1, -1, -1, -1, -1, -1, -1, -1, 1, -1, -1, 1, 0, -1, 1, 1, -1, -1, -1, 1, -1, -1, -1, -1, 0, -1, -1, 1, -1, -1, -1, -1, 0, -1, -1, -1, -1, -1, -1, 1, -1, 1, -1, -1, -1, 0, -1, 0, -1, -1, 0, -1, -1, -1, -1, 0, 0, -1, 1, -1, -1, -1, 1, -1, -1, -1, -1, -1, -1, -1, -1, 0, -1, -1, 0, -1, -1, -1, -1, -1, -1, -1, -1, 0, -1, 1, -1, -1, -1, -1, -1, -1, 0, 1, -1, -1, -1, 1, -1, -1, -1, 1, -1, 0, -1, -1, -1, -1, 1, 0, 0, 0, -1, -1, -1, 1, -1, -1, -1, 1, -1, -1, -1, -1, -1, 0, 0, 0, -1, -1, -1, 0, 1, 0, 0, 0, -1, -1, 1, 0, -1, 0, -1, -1, -1, -1, -1, -1, 0, -1, -1, -1, -1, 0, -1, -1, -1, -1, -1, -1, -1, -1, -1, -1, 1, -1, -1, -1, -1, 0, -1, 1, -1, 0, 0, 0, 0, 0, 0, 0, -1, -1, -1, -1, -1, 0, -1, -1, -1, -1, -1, -1, -1, -1, -1, -1, -1, -1, -1, -1, -1, 0, -1, -1]"
150,12,23,0.5,0.6848680578399517,3,166,"[{'cluster_no': -1, 'count': 166}, {'cluster_no': 0, 'count': 41}, {'cluster_no': 1, 'count': 30}]","[-1, 1, 1, -1, -1, -1, -1, 1, 1, -1, -1, 1, -1, -1, -1, -1, 1, 1, 0, -1, -1, -1, -1, -1, -1, 1, -1, 0, -1, 0, 0, -1, -1, 1, -1, -1, -1, -1, -1, -1, -1, 1, -1, -1, 1, 0, -1, 1, 1, -1, -1, -1, 1, -1, -1, -1, -1, 0, -1, -1, 1, -1, -1, -1, -1, 0, -1, -1, -1, -1, -1, -1, 1, -1, 1, -1, -1, -1, 0, -1, 0, -1, -1, 0, -1, -1, -1, -1, 0, 0, -1, 1, -1, -1, -1, 1, -1, -1, -1, -1, -1, -1, -1, -1, 0, -1, -1, 0, -1, -1, -1, -1, -1, -1, -1, -1, 0, -1, 1, -1, -1, -1, -1, -1, -1, 0, 1, -1, -1, -1, 1, -1, -1, -1, 1, -1, 0, -1, -1, -1, -1, 1, 0, 0, 0, -1, -1, -1, 1, -1, -1, -1, 1, -1, -1, -1, -1, -1, 0, 0, 0, -1, -1, -1, 0, 1, 0, 0, 0, -1, -1, 1, 0, -1, 0, -1, -1, -1, -1, -1, -1, 0, -1, -1, -1, -1, 0, -1, -1, -1, -1, -1, -1, -1, -1, -1, -1, 1, -1, -1, -1, -1, 0, -1, 1, -1, 0, 0, 0, 0, 0, 0, 0, -1, -1, -1, -1, -1, 0, -1, -1, -1, -1, -1, -1, -1, -1, -1, -1, -1, -1, -1, -1, -1, 0, -1, -1]"
150,12,23,1.0,0.6848680578399517,3,166,"[{'cluster_no': -1, 'count': 166}, {'cluster_no': 0, 'count': 41}, {'cluster_no': 1, 'count': 30}]","[-1, 1, 1, -1, -1, -1, -1, 1, 1, -1, -1, 1, -1, -1, -1, -1, 1, 1, 0, -1, -1, -1, -1, -1, -1, 1, -1, 0, -1, 0, 0, -1, -1, 1, -1, -1, -1, -1, -1, -1, -1, 1, -1, -1, 1, 0, -1, 1, 1, -1, -1, -1, 1, -1, -1, -1, -1, 0, -1, -1, 1, -1, -1, -1, -1, 0, -1, -1, -1, -1, -1, -1, 1, -1, 1, -1, -1, -1, 0, -1, 0, -1, -1, 0, -1, -1, -1, -1, 0, 0, -1, 1, -1, -1, -1, 1, -1, -1, -1, -1, -1, -1, -1, -1, 0, -1, -1, 0, -1, -1, -1, -1, -1, -1, -1, -1, 0, -1, 1, -1, -1, -1, -1, -1, -1, 0, 1, -1, -1, -1, 1, -1, -1, -1, 1, -1, 0, -1, -1, -1, -1, 1, 0, 0, 0, -1, -1, -1, 1, -1, -1, -1, 1, -1, -1, -1, -1, -1, 0, 0, 0, -1, -1, -1, 0, 1, 0, 0, 0, -1, -1, 1, 0, -1, 0, -1, -1, -1, -1, -1, -1, 0, -1, -1, -1, -1, 0, -1, -1, -1, -1, -1, -1, -1, -1, -1, -1, 1, -1, -1, -1, -1, 0, -1, 1, -1, 0, 0, 0, 0, 0, 0, 0, -1, -1, -1, -1, -1, 0, -1, -1, -1, -1, -1, -1, -1, -1, -1, -1, -1, -1, -1, -1, -1, 0, -1, -1]"
150,12,24,0.0,0.6848680578399517,3,166,"[{'cluster_no': -1, 'count': 166}, {'cluster_no': 0, 'count': 41}, {'cluster_no': 1, 'count': 30}]","[-1, 1, 1, -1, -1, -1, -1, 1, 1, -1, -1, 1, -1, -1, -1, -1, 1, 1, 0, -1, -1, -1, -1, -1, -1, 1, -1, 0, -1, 0, 0, -1, -1, 1, -1, -1, -1, -1, -1, -1, -1, 1, -1, -1, 1, 0, -1, 1, 1, -1, -1, -1, 1, -1, -1, -1, -1, 0, -1, -1, 1, -1, -1, -1, -1, 0, -1, -1, -1, -1, -1, -1, 1, -1, 1, -1, -1, -1, 0, -1, 0, -1, -1, 0, -1, -1, -1, -1, 0, 0, -1, 1, -1, -1, -1, 1, -1, -1, -1, -1, -1, -1, -1, -1, 0, -1, -1, 0, -1, -1, -1, -1, -1, -1, -1, -1, 0, -1, 1, -1, -1, -1, -1, -1, -1, 0, 1, -1, -1, -1, 1, -1, -1, -1, 1, -1, 0, -1, -1, -1, -1, 1, 0, 0, 0, -1, -1, -1, 1, -1, -1, -1, 1, -1, -1, -1, -1, -1, 0, 0, 0, -1, -1, -1, 0, 1, 0, 0, 0, -1, -1, 1, 0, -1, 0, -1, -1, -1, -1, -1, -1, 0, -1, -1, -1, -1, 0, -1, -1, -1, -1, -1, -1, -1, -1, -1, -1, 1, -1, -1, -1, -1, 0, -1, 1, -1, 0, 0, 0, 0, 0, 0, 0, -1, -1, -1, -1, -1, 0, -1, -1, -1, -1, -1, -1, -1, -1, -1, -1, -1, -1, -1, -1, -1, 0, -1, -1]"
150,12,24,0.5,0.6848680578399517,3,166,"[{'cluster_no': -1, 'count': 166}, {'cluster_no': 0, 'count': 41}, {'cluster_no': 1, 'count': 30}]","[-1, 1, 1, -1, -1, -1, -1, 1, 1, -1, -1, 1, -1, -1, -1, -1, 1, 1, 0, -1, -1, -1, -1, -1, -1, 1, -1, 0, -1, 0, 0, -1, -1, 1, -1, -1, -1, -1, -1, -1, -1, 1, -1, -1, 1, 0, -1, 1, 1, -1, -1, -1, 1, -1, -1, -1, -1, 0, -1, -1, 1, -1, -1, -1, -1, 0, -1, -1, -1, -1, -1, -1, 1, -1, 1, -1, -1, -1, 0, -1, 0, -1, -1, 0, -1, -1, -1, -1, 0, 0, -1, 1, -1, -1, -1, 1, -1, -1, -1, -1, -1, -1, -1, -1, 0, -1, -1, 0, -1, -1, -1, -1, -1, -1, -1, -1, 0, -1, 1, -1, -1, -1, -1, -1, -1, 0, 1, -1, -1, -1, 1, -1, -1, -1, 1, -1, 0, -1, -1, -1, -1, 1, 0, 0, 0, -1, -1, -1, 1, -1, -1, -1, 1, -1, -1, -1, -1, -1, 0, 0, 0, -1, -1, -1, 0, 1, 0, 0, 0, -1, -1, 1, 0, -1, 0, -1, -1, -1, -1, -1, -1, 0, -1, -1, -1, -1, 0, -1, -1, -1, -1, -1, -1, -1, -1, -1, -1, 1, -1, -1, -1, -1, 0, -1, 1, -1, 0, 0, 0, 0, 0, 0, 0, -1, -1, -1, -1, -1, 0, -1, -1, -1, -1, -1, -1, -1, -1, -1, -1, -1, -1, -1, -1, -1, 0, -1, -1]"
150,12,24,1.0,0.6848680578399517,3,166,"[{'cluster_no': -1, 'count': 166}, {'cluster_no': 0, 'count': 41}, {'cluster_no': 1, 'count': 30}]","[-1, 1, 1, -1, -1, -1, -1, 1, 1, -1, -1, 1, -1, -1, -1, -1, 1, 1, 0, -1, -1, -1, -1, -1, -1, 1, -1, 0, -1, 0, 0, -1, -1, 1, -1, -1, -1, -1, -1, -1, -1, 1, -1, -1, 1, 0, -1, 1, 1, -1, -1, -1, 1, -1, -1, -1, -1, 0, -1, -1, 1, -1, -1, -1, -1, 0, -1, -1, -1, -1, -1, -1, 1, -1, 1, -1, -1, -1, 0, -1, 0, -1, -1, 0, -1, -1, -1, -1, 0, 0, -1, 1, -1, -1, -1, 1, -1, -1, -1, -1, -1, -1, -1, -1, 0, -1, -1, 0, -1, -1, -1, -1, -1, -1, -1, -1, 0, -1, 1, -1, -1, -1, -1, -1, -1, 0, 1, -1, -1, -1, 1, -1, -1, -1, 1, -1, 0, -1, -1, -1, -1, 1, 0, 0, 0, -1, -1, -1, 1, -1, -1, -1, 1, -1, -1, -1, -1, -1, 0, 0, 0, -1, -1, -1, 0, 1, 0, 0, 0, -1, -1, 1, 0, -1, 0, -1, -1, -1, -1, -1, -1, 0, -1, -1, -1, -1, 0, -1, -1, -1, -1, -1, -1, -1, -1, -1, -1, 1, -1, -1, -1, -1, 0, -1, 1, -1, 0, 0, 0, 0, 0, 0, 0, -1, -1, -1, -1, -1, 0, -1, -1, -1, -1, -1, -1, -1, -1, -1, -1, -1, -1, -1, -1, -1, 0, -1, -1]"
150,12,25,0.0,0.6848680578399517,3,166,"[{'cluster_no': -1, 'count': 166}, {'cluster_no': 0, 'count': 41}, {'cluster_no': 1, 'count': 30}]","[-1, 1, 1, -1, -1, -1, -1, 1, 1, -1, -1, 1, -1, -1, -1, -1, 1, 1, 0, -1, -1, -1, -1, -1, -1, 1, -1, 0, -1, 0, 0, -1, -1, 1, -1, -1, -1, -1, -1, -1, -1, 1, -1, -1, 1, 0, -1, 1, 1, -1, -1, -1, 1, -1, -1, -1, -1, 0, -1, -1, 1, -1, -1, -1, -1, 0, -1, -1, -1, -1, -1, -1, 1, -1, 1, -1, -1, -1, 0, -1, 0, -1, -1, 0, -1, -1, -1, -1, 0, 0, -1, 1, -1, -1, -1, 1, -1, -1, -1, -1, -1, -1, -1, -1, 0, -1, -1, 0, -1, -1, -1, -1, -1, -1, -1, -1, 0, -1, 1, -1, -1, -1, -1, -1, -1, 0, 1, -1, -1, -1, 1, -1, -1, -1, 1, -1, 0, -1, -1, -1, -1, 1, 0, 0, 0, -1, -1, -1, 1, -1, -1, -1, 1, -1, -1, -1, -1, -1, 0, 0, 0, -1, -1, -1, 0, 1, 0, 0, 0, -1, -1, 1, 0, -1, 0, -1, -1, -1, -1, -1, -1, 0, -1, -1, -1, -1, 0, -1, -1, -1, -1, -1, -1, -1, -1, -1, -1, 1, -1, -1, -1, -1, 0, -1, 1, -1, 0, 0, 0, 0, 0, 0, 0, -1, -1, -1, -1, -1, 0, -1, -1, -1, -1, -1, -1, -1, -1, -1, -1, -1, -1, -1, -1, -1, 0, -1, -1]"
150,12,25,0.5,0.6848680578399517,3,166,"[{'cluster_no': -1, 'count': 166}, {'cluster_no': 0, 'count': 41}, {'cluster_no': 1, 'count': 30}]","[-1, 1, 1, -1, -1, -1, -1, 1, 1, -1, -1, 1, -1, -1, -1, -1, 1, 1, 0, -1, -1, -1, -1, -1, -1, 1, -1, 0, -1, 0, 0, -1, -1, 1, -1, -1, -1, -1, -1, -1, -1, 1, -1, -1, 1, 0, -1, 1, 1, -1, -1, -1, 1, -1, -1, -1, -1, 0, -1, -1, 1, -1, -1, -1, -1, 0, -1, -1, -1, -1, -1, -1, 1, -1, 1, -1, -1, -1, 0, -1, 0, -1, -1, 0, -1, -1, -1, -1, 0, 0, -1, 1, -1, -1, -1, 1, -1, -1, -1, -1, -1, -1, -1, -1, 0, -1, -1, 0, -1, -1, -1, -1, -1, -1, -1, -1, 0, -1, 1, -1, -1, -1, -1, -1, -1, 0, 1, -1, -1, -1, 1, -1, -1, -1, 1, -1, 0, -1, -1, -1, -1, 1, 0, 0, 0, -1, -1, -1, 1, -1, -1, -1, 1, -1, -1, -1, -1, -1, 0, 0, 0, -1, -1, -1, 0, 1, 0, 0, 0, -1, -1, 1, 0, -1, 0, -1, -1, -1, -1, -1, -1, 0, -1, -1, -1, -1, 0, -1, -1, -1, -1, -1, -1, -1, -1, -1, -1, 1, -1, -1, -1, -1, 0, -1, 1, -1, 0, 0, 0, 0, 0, 0, 0, -1, -1, -1, -1, -1, 0, -1, -1, -1, -1, -1, -1, -1, -1, -1, -1, -1, -1, -1, -1, -1, 0, -1, -1]"
150,12,25,1.0,0.6848680578399517,3,166,"[{'cluster_no': -1, 'count': 166}, {'cluster_no': 0, 'count': 41}, {'cluster_no': 1, 'count': 30}]","[-1, 1, 1, -1, -1, -1, -1, 1, 1, -1, -1, 1, -1, -1, -1, -1, 1, 1, 0, -1, -1, -1, -1, -1, -1, 1, -1, 0, -1, 0, 0, -1, -1, 1, -1, -1, -1, -1, -1, -1, -1, 1, -1, -1, 1, 0, -1, 1, 1, -1, -1, -1, 1, -1, -1, -1, -1, 0, -1, -1, 1, -1, -1, -1, -1, 0, -1, -1, -1, -1, -1, -1, 1, -1, 1, -1, -1, -1, 0, -1, 0, -1, -1, 0, -1, -1, -1, -1, 0, 0, -1, 1, -1, -1, -1, 1, -1, -1, -1, -1, -1, -1, -1, -1, 0, -1, -1, 0, -1, -1, -1, -1, -1, -1, -1, -1, 0, -1, 1, -1, -1, -1, -1, -1, -1, 0, 1, -1, -1, -1, 1, -1, -1, -1, 1, -1, 0, -1, -1, -1, -1, 1, 0, 0, 0, -1, -1, -1, 1, -1, -1, -1, 1, -1, -1, -1, -1, -1, 0, 0, 0, -1, -1, -1, 0, 1, 0, 0, 0, -1, -1, 1, 0, -1, 0, -1, -1, -1, -1, -1, -1, 0, -1, -1, -1, -1, 0, -1, -1, -1, -1, -1, -1, -1, -1, -1, -1, 1, -1, -1, -1, -1, 0, -1, 1, -1, 0, 0, 0, 0, 0, 0, 0, -1, -1, -1, -1, -1, 0, -1, -1, -1, -1, -1, -1, -1, -1, -1, -1, -1, -1, -1, -1, -1, 0, -1, -1]"
150,12,26,0.0,0.6848680578399517,3,166,"[{'cluster_no': -1, 'count': 166}, {'cluster_no': 0, 'count': 41}, {'cluster_no': 1, 'count': 30}]","[-1, 1, 1, -1, -1, -1, -1, 1, 1, -1, -1, 1, -1, -1, -1, -1, 1, 1, 0, -1, -1, -1, -1, -1, -1, 1, -1, 0, -1, 0, 0, -1, -1, 1, -1, -1, -1, -1, -1, -1, -1, 1, -1, -1, 1, 0, -1, 1, 1, -1, -1, -1, 1, -1, -1, -1, -1, 0, -1, -1, 1, -1, -1, -1, -1, 0, -1, -1, -1, -1, -1, -1, 1, -1, 1, -1, -1, -1, 0, -1, 0, -1, -1, 0, -1, -1, -1, -1, 0, 0, -1, 1, -1, -1, -1, 1, -1, -1, -1, -1, -1, -1, -1, -1, 0, -1, -1, 0, -1, -1, -1, -1, -1, -1, -1, -1, 0, -1, 1, -1, -1, -1, -1, -1, -1, 0, 1, -1, -1, -1, 1, -1, -1, -1, 1, -1, 0, -1, -1, -1, -1, 1, 0, 0, 0, -1, -1, -1, 1, -1, -1, -1, 1, -1, -1, -1, -1, -1, 0, 0, 0, -1, -1, -1, 0, 1, 0, 0, 0, -1, -1, 1, 0, -1, 0, -1, -1, -1, -1, -1, -1, 0, -1, -1, -1, -1, 0, -1, -1, -1, -1, -1, -1, -1, -1, -1, -1, 1, -1, -1, -1, -1, 0, -1, 1, -1, 0, 0, 0, 0, 0, 0, 0, -1, -1, -1, -1, -1, 0, -1, -1, -1, -1, -1, -1, -1, -1, -1, -1, -1, -1, -1, -1, -1, 0, -1, -1]"
150,12,26,0.5,0.6848680578399517,3,166,"[{'cluster_no': -1, 'count': 166}, {'cluster_no': 0, 'count': 41}, {'cluster_no': 1, 'count': 30}]","[-1, 1, 1, -1, -1, -1, -1, 1, 1, -1, -1, 1, -1, -1, -1, -1, 1, 1, 0, -1, -1, -1, -1, -1, -1, 1, -1, 0, -1, 0, 0, -1, -1, 1, -1, -1, -1, -1, -1, -1, -1, 1, -1, -1, 1, 0, -1, 1, 1, -1, -1, -1, 1, -1, -1, -1, -1, 0, -1, -1, 1, -1, -1, -1, -1, 0, -1, -1, -1, -1, -1, -1, 1, -1, 1, -1, -1, -1, 0, -1, 0, -1, -1, 0, -1, -1, -1, -1, 0, 0, -1, 1, -1, -1, -1, 1, -1, -1, -1, -1, -1, -1, -1, -1, 0, -1, -1, 0, -1, -1, -1, -1, -1, -1, -1, -1, 0, -1, 1, -1, -1, -1, -1, -1, -1, 0, 1, -1, -1, -1, 1, -1, -1, -1, 1, -1, 0, -1, -1, -1, -1, 1, 0, 0, 0, -1, -1, -1, 1, -1, -1, -1, 1, -1, -1, -1, -1, -1, 0, 0, 0, -1, -1, -1, 0, 1, 0, 0, 0, -1, -1, 1, 0, -1, 0, -1, -1, -1, -1, -1, -1, 0, -1, -1, -1, -1, 0, -1, -1, -1, -1, -1, -1, -1, -1, -1, -1, 1, -1, -1, -1, -1, 0, -1, 1, -1, 0, 0, 0, 0, 0, 0, 0, -1, -1, -1, -1, -1, 0, -1, -1, -1, -1, -1, -1, -1, -1, -1, -1, -1, -1, -1, -1, -1, 0, -1, -1]"
150,12,26,1.0,0.6848680578399517,3,166,"[{'cluster_no': -1, 'count': 166}, {'cluster_no': 0, 'count': 41}, {'cluster_no': 1, 'count': 30}]","[-1, 1, 1, -1, -1, -1, -1, 1, 1, -1, -1, 1, -1, -1, -1, -1, 1, 1, 0, -1, -1, -1, -1, -1, -1, 1, -1, 0, -1, 0, 0, -1, -1, 1, -1, -1, -1, -1, -1, -1, -1, 1, -1, -1, 1, 0, -1, 1, 1, -1, -1, -1, 1, -1, -1, -1, -1, 0, -1, -1, 1, -1, -1, -1, -1, 0, -1, -1, -1, -1, -1, -1, 1, -1, 1, -1, -1, -1, 0, -1, 0, -1, -1, 0, -1, -1, -1, -1, 0, 0, -1, 1, -1, -1, -1, 1, -1, -1, -1, -1, -1, -1, -1, -1, 0, -1, -1, 0, -1, -1, -1, -1, -1, -1, -1, -1, 0, -1, 1, -1, -1, -1, -1, -1, -1, 0, 1, -1, -1, -1, 1, -1, -1, -1, 1, -1, 0, -1, -1, -1, -1, 1, 0, 0, 0, -1, -1, -1, 1, -1, -1, -1, 1, -1, -1, -1, -1, -1, 0, 0, 0, -1, -1, -1, 0, 1, 0, 0, 0, -1, -1, 1, 0, -1, 0, -1, -1, -1, -1, -1, -1, 0, -1, -1, -1, -1, 0, -1, -1, -1, -1, -1, -1, -1, -1, -1, -1, 1, -1, -1, -1, -1, 0, -1, 1, -1, 0, 0, 0, 0, 0, 0, 0, -1, -1, -1, -1, -1, 0, -1, -1, -1, -1, -1, -1, -1, -1, -1, -1, -1, -1, -1, -1, -1, 0, -1, -1]"
150,12,27,0.0,0.6848680578399517,3,166,"[{'cluster_no': -1, 'count': 166}, {'cluster_no': 0, 'count': 41}, {'cluster_no': 1, 'count': 30}]","[-1, 1, 1, -1, -1, -1, -1, 1, 1, -1, -1, 1, -1, -1, -1, -1, 1, 1, 0, -1, -1, -1, -1, -1, -1, 1, -1, 0, -1, 0, 0, -1, -1, 1, -1, -1, -1, -1, -1, -1, -1, 1, -1, -1, 1, 0, -1, 1, 1, -1, -1, -1, 1, -1, -1, -1, -1, 0, -1, -1, 1, -1, -1, -1, -1, 0, -1, -1, -1, -1, -1, -1, 1, -1, 1, -1, -1, -1, 0, -1, 0, -1, -1, 0, -1, -1, -1, -1, 0, 0, -1, 1, -1, -1, -1, 1, -1, -1, -1, -1, -1, -1, -1, -1, 0, -1, -1, 0, -1, -1, -1, -1, -1, -1, -1, -1, 0, -1, 1, -1, -1, -1, -1, -1, -1, 0, 1, -1, -1, -1, 1, -1, -1, -1, 1, -1, 0, -1, -1, -1, -1, 1, 0, 0, 0, -1, -1, -1, 1, -1, -1, -1, 1, -1, -1, -1, -1, -1, 0, 0, 0, -1, -1, -1, 0, 1, 0, 0, 0, -1, -1, 1, 0, -1, 0, -1, -1, -1, -1, -1, -1, 0, -1, -1, -1, -1, 0, -1, -1, -1, -1, -1, -1, -1, -1, -1, -1, 1, -1, -1, -1, -1, 0, -1, 1, -1, 0, 0, 0, 0, 0, 0, 0, -1, -1, -1, -1, -1, 0, -1, -1, -1, -1, -1, -1, -1, -1, -1, -1, -1, -1, -1, -1, -1, 0, -1, -1]"
150,12,27,0.5,0.6848680578399517,3,166,"[{'cluster_no': -1, 'count': 166}, {'cluster_no': 0, 'count': 41}, {'cluster_no': 1, 'count': 30}]","[-1, 1, 1, -1, -1, -1, -1, 1, 1, -1, -1, 1, -1, -1, -1, -1, 1, 1, 0, -1, -1, -1, -1, -1, -1, 1, -1, 0, -1, 0, 0, -1, -1, 1, -1, -1, -1, -1, -1, -1, -1, 1, -1, -1, 1, 0, -1, 1, 1, -1, -1, -1, 1, -1, -1, -1, -1, 0, -1, -1, 1, -1, -1, -1, -1, 0, -1, -1, -1, -1, -1, -1, 1, -1, 1, -1, -1, -1, 0, -1, 0, -1, -1, 0, -1, -1, -1, -1, 0, 0, -1, 1, -1, -1, -1, 1, -1, -1, -1, -1, -1, -1, -1, -1, 0, -1, -1, 0, -1, -1, -1, -1, -1, -1, -1, -1, 0, -1, 1, -1, -1, -1, -1, -1, -1, 0, 1, -1, -1, -1, 1, -1, -1, -1, 1, -1, 0, -1, -1, -1, -1, 1, 0, 0, 0, -1, -1, -1, 1, -1, -1, -1, 1, -1, -1, -1, -1, -1, 0, 0, 0, -1, -1, -1, 0, 1, 0, 0, 0, -1, -1, 1, 0, -1, 0, -1, -1, -1, -1, -1, -1, 0, -1, -1, -1, -1, 0, -1, -1, -1, -1, -1, -1, -1, -1, -1, -1, 1, -1, -1, -1, -1, 0, -1, 1, -1, 0, 0, 0, 0, 0, 0, 0, -1, -1, -1, -1, -1, 0, -1, -1, -1, -1, -1, -1, -1, -1, -1, -1, -1, -1, -1, -1, -1, 0, -1, -1]"
150,12,27,1.0,0.6848680578399517,3,166,"[{'cluster_no': -1, 'count': 166}, {'cluster_no': 0, 'count': 41}, {'cluster_no': 1, 'count': 30}]","[-1, 1, 1, -1, -1, -1, -1, 1, 1, -1, -1, 1, -1, -1, -1, -1, 1, 1, 0, -1, -1, -1, -1, -1, -1, 1, -1, 0, -1, 0, 0, -1, -1, 1, -1, -1, -1, -1, -1, -1, -1, 1, -1, -1, 1, 0, -1, 1, 1, -1, -1, -1, 1, -1, -1, -1, -1, 0, -1, -1, 1, -1, -1, -1, -1, 0, -1, -1, -1, -1, -1, -1, 1, -1, 1, -1, -1, -1, 0, -1, 0, -1, -1, 0, -1, -1, -1, -1, 0, 0, -1, 1, -1, -1, -1, 1, -1, -1, -1, -1, -1, -1, -1, -1, 0, -1, -1, 0, -1, -1, -1, -1, -1, -1, -1, -1, 0, -1, 1, -1, -1, -1, -1, -1, -1, 0, 1, -1, -1, -1, 1, -1, -1, -1, 1, -1, 0, -1, -1, -1, -1, 1, 0, 0, 0, -1, -1, -1, 1, -1, -1, -1, 1, -1, -1, -1, -1, -1, 0, 0, 0, -1, -1, -1, 0, 1, 0, 0, 0, -1, -1, 1, 0, -1, 0, -1, -1, -1, -1, -1, -1, 0, -1, -1, -1, -1, 0, -1, -1, -1, -1, -1, -1, -1, -1, -1, -1, 1, -1, -1, -1, -1, 0, -1, 1, -1, 0, 0, 0, 0, 0, 0, 0, -1, -1, -1, -1, -1, 0, -1, -1, -1, -1, -1, -1, -1, -1, -1, -1, -1, -1, -1, -1, -1, 0, -1, -1]"
150,12,28,0.0,0.6848680578399517,3,166,"[{'cluster_no': -1, 'count': 166}, {'cluster_no': 0, 'count': 41}, {'cluster_no': 1, 'count': 30}]","[-1, 1, 1, -1, -1, -1, -1, 1, 1, -1, -1, 1, -1, -1, -1, -1, 1, 1, 0, -1, -1, -1, -1, -1, -1, 1, -1, 0, -1, 0, 0, -1, -1, 1, -1, -1, -1, -1, -1, -1, -1, 1, -1, -1, 1, 0, -1, 1, 1, -1, -1, -1, 1, -1, -1, -1, -1, 0, -1, -1, 1, -1, -1, -1, -1, 0, -1, -1, -1, -1, -1, -1, 1, -1, 1, -1, -1, -1, 0, -1, 0, -1, -1, 0, -1, -1, -1, -1, 0, 0, -1, 1, -1, -1, -1, 1, -1, -1, -1, -1, -1, -1, -1, -1, 0, -1, -1, 0, -1, -1, -1, -1, -1, -1, -1, -1, 0, -1, 1, -1, -1, -1, -1, -1, -1, 0, 1, -1, -1, -1, 1, -1, -1, -1, 1, -1, 0, -1, -1, -1, -1, 1, 0, 0, 0, -1, -1, -1, 1, -1, -1, -1, 1, -1, -1, -1, -1, -1, 0, 0, 0, -1, -1, -1, 0, 1, 0, 0, 0, -1, -1, 1, 0, -1, 0, -1, -1, -1, -1, -1, -1, 0, -1, -1, -1, -1, 0, -1, -1, -1, -1, -1, -1, -1, -1, -1, -1, 1, -1, -1, -1, -1, 0, -1, 1, -1, 0, 0, 0, 0, 0, 0, 0, -1, -1, -1, -1, -1, 0, -1, -1, -1, -1, -1, -1, -1, -1, -1, -1, -1, -1, -1, -1, -1, 0, -1, -1]"
150,12,28,0.5,0.6848680578399517,3,166,"[{'cluster_no': -1, 'count': 166}, {'cluster_no': 0, 'count': 41}, {'cluster_no': 1, 'count': 30}]","[-1, 1, 1, -1, -1, -1, -1, 1, 1, -1, -1, 1, -1, -1, -1, -1, 1, 1, 0, -1, -1, -1, -1, -1, -1, 1, -1, 0, -1, 0, 0, -1, -1, 1, -1, -1, -1, -1, -1, -1, -1, 1, -1, -1, 1, 0, -1, 1, 1, -1, -1, -1, 1, -1, -1, -1, -1, 0, -1, -1, 1, -1, -1, -1, -1, 0, -1, -1, -1, -1, -1, -1, 1, -1, 1, -1, -1, -1, 0, -1, 0, -1, -1, 0, -1, -1, -1, -1, 0, 0, -1, 1, -1, -1, -1, 1, -1, -1, -1, -1, -1, -1, -1, -1, 0, -1, -1, 0, -1, -1, -1, -1, -1, -1, -1, -1, 0, -1, 1, -1, -1, -1, -1, -1, -1, 0, 1, -1, -1, -1, 1, -1, -1, -1, 1, -1, 0, -1, -1, -1, -1, 1, 0, 0, 0, -1, -1, -1, 1, -1, -1, -1, 1, -1, -1, -1, -1, -1, 0, 0, 0, -1, -1, -1, 0, 1, 0, 0, 0, -1, -1, 1, 0, -1, 0, -1, -1, -1, -1, -1, -1, 0, -1, -1, -1, -1, 0, -1, -1, -1, -1, -1, -1, -1, -1, -1, -1, 1, -1, -1, -1, -1, 0, -1, 1, -1, 0, 0, 0, 0, 0, 0, 0, -1, -1, -1, -1, -1, 0, -1, -1, -1, -1, -1, -1, -1, -1, -1, -1, -1, -1, -1, -1, -1, 0, -1, -1]"
150,12,28,1.0,0.6848680578399517,3,166,"[{'cluster_no': -1, 'count': 166}, {'cluster_no': 0, 'count': 41}, {'cluster_no': 1, 'count': 30}]","[-1, 1, 1, -1, -1, -1, -1, 1, 1, -1, -1, 1, -1, -1, -1, -1, 1, 1, 0, -1, -1, -1, -1, -1, -1, 1, -1, 0, -1, 0, 0, -1, -1, 1, -1, -1, -1, -1, -1, -1, -1, 1, -1, -1, 1, 0, -1, 1, 1, -1, -1, -1, 1, -1, -1, -1, -1, 0, -1, -1, 1, -1, -1, -1, -1, 0, -1, -1, -1, -1, -1, -1, 1, -1, 1, -1, -1, -1, 0, -1, 0, -1, -1, 0, -1, -1, -1, -1, 0, 0, -1, 1, -1, -1, -1, 1, -1, -1, -1, -1, -1, -1, -1, -1, 0, -1, -1, 0, -1, -1, -1, -1, -1, -1, -1, -1, 0, -1, 1, -1, -1, -1, -1, -1, -1, 0, 1, -1, -1, -1, 1, -1, -1, -1, 1, -1, 0, -1, -1, -1, -1, 1, 0, 0, 0, -1, -1, -1, 1, -1, -1, -1, 1, -1, -1, -1, -1, -1, 0, 0, 0, -1, -1, -1, 0, 1, 0, 0, 0, -1, -1, 1, 0, -1, 0, -1, -1, -1, -1, -1, -1, 0, -1, -1, -1, -1, 0, -1, -1, -1, -1, -1, -1, -1, -1, -1, -1, 1, -1, -1, -1, -1, 0, -1, 1, -1, 0, 0, 0, 0, 0, 0, 0, -1, -1, -1, -1, -1, 0, -1, -1, -1, -1, -1, -1, -1, -1, -1, -1, -1, -1, -1, -1, -1, 0, -1, -1]"
150,12,29,0.0,0.6848680578399517,3,166,"[{'cluster_no': -1, 'count': 166}, {'cluster_no': 0, 'count': 41}, {'cluster_no': 1, 'count': 30}]","[-1, 1, 1, -1, -1, -1, -1, 1, 1, -1, -1, 1, -1, -1, -1, -1, 1, 1, 0, -1, -1, -1, -1, -1, -1, 1, -1, 0, -1, 0, 0, -1, -1, 1, -1, -1, -1, -1, -1, -1, -1, 1, -1, -1, 1, 0, -1, 1, 1, -1, -1, -1, 1, -1, -1, -1, -1, 0, -1, -1, 1, -1, -1, -1, -1, 0, -1, -1, -1, -1, -1, -1, 1, -1, 1, -1, -1, -1, 0, -1, 0, -1, -1, 0, -1, -1, -1, -1, 0, 0, -1, 1, -1, -1, -1, 1, -1, -1, -1, -1, -1, -1, -1, -1, 0, -1, -1, 0, -1, -1, -1, -1, -1, -1, -1, -1, 0, -1, 1, -1, -1, -1, -1, -1, -1, 0, 1, -1, -1, -1, 1, -1, -1, -1, 1, -1, 0, -1, -1, -1, -1, 1, 0, 0, 0, -1, -1, -1, 1, -1, -1, -1, 1, -1, -1, -1, -1, -1, 0, 0, 0, -1, -1, -1, 0, 1, 0, 0, 0, -1, -1, 1, 0, -1, 0, -1, -1, -1, -1, -1, -1, 0, -1, -1, -1, -1, 0, -1, -1, -1, -1, -1, -1, -1, -1, -1, -1, 1, -1, -1, -1, -1, 0, -1, 1, -1, 0, 0, 0, 0, 0, 0, 0, -1, -1, -1, -1, -1, 0, -1, -1, -1, -1, -1, -1, -1, -1, -1, -1, -1, -1, -1, -1, -1, 0, -1, -1]"
150,12,29,0.5,0.6848680578399517,3,166,"[{'cluster_no': -1, 'count': 166}, {'cluster_no': 0, 'count': 41}, {'cluster_no': 1, 'count': 30}]","[-1, 1, 1, -1, -1, -1, -1, 1, 1, -1, -1, 1, -1, -1, -1, -1, 1, 1, 0, -1, -1, -1, -1, -1, -1, 1, -1, 0, -1, 0, 0, -1, -1, 1, -1, -1, -1, -1, -1, -1, -1, 1, -1, -1, 1, 0, -1, 1, 1, -1, -1, -1, 1, -1, -1, -1, -1, 0, -1, -1, 1, -1, -1, -1, -1, 0, -1, -1, -1, -1, -1, -1, 1, -1, 1, -1, -1, -1, 0, -1, 0, -1, -1, 0, -1, -1, -1, -1, 0, 0, -1, 1, -1, -1, -1, 1, -1, -1, -1, -1, -1, -1, -1, -1, 0, -1, -1, 0, -1, -1, -1, -1, -1, -1, -1, -1, 0, -1, 1, -1, -1, -1, -1, -1, -1, 0, 1, -1, -1, -1, 1, -1, -1, -1, 1, -1, 0, -1, -1, -1, -1, 1, 0, 0, 0, -1, -1, -1, 1, -1, -1, -1, 1, -1, -1, -1, -1, -1, 0, 0, 0, -1, -1, -1, 0, 1, 0, 0, 0, -1, -1, 1, 0, -1, 0, -1, -1, -1, -1, -1, -1, 0, -1, -1, -1, -1, 0, -1, -1, -1, -1, -1, -1, -1, -1, -1, -1, 1, -1, -1, -1, -1, 0, -1, 1, -1, 0, 0, 0, 0, 0, 0, 0, -1, -1, -1, -1, -1, 0, -1, -1, -1, -1, -1, -1, -1, -1, -1, -1, -1, -1, -1, -1, -1, 0, -1, -1]"
150,12,29,1.0,0.6848680578399517,3,166,"[{'cluster_no': -1, 'count': 166}, {'cluster_no': 0, 'count': 41}, {'cluster_no': 1, 'count': 30}]","[-1, 1, 1, -1, -1, -1, -1, 1, 1, -1, -1, 1, -1, -1, -1, -1, 1, 1, 0, -1, -1, -1, -1, -1, -1, 1, -1, 0, -1, 0, 0, -1, -1, 1, -1, -1, -1, -1, -1, -1, -1, 1, -1, -1, 1, 0, -1, 1, 1, -1, -1, -1, 1, -1, -1, -1, -1, 0, -1, -1, 1, -1, -1, -1, -1, 0, -1, -1, -1, -1, -1, -1, 1, -1, 1, -1, -1, -1, 0, -1, 0, -1, -1, 0, -1, -1, -1, -1, 0, 0, -1, 1, -1, -1, -1, 1, -1, -1, -1, -1, -1, -1, -1, -1, 0, -1, -1, 0, -1, -1, -1, -1, -1, -1, -1, -1, 0, -1, 1, -1, -1, -1, -1, -1, -1, 0, 1, -1, -1, -1, 1, -1, -1, -1, 1, -1, 0, -1, -1, -1, -1, 1, 0, 0, 0, -1, -1, -1, 1, -1, -1, -1, 1, -1, -1, -1, -1, -1, 0, 0, 0, -1, -1, -1, 0, 1, 0, 0, 0, -1, -1, 1, 0, -1, 0, -1, -1, -1, -1, -1, -1, 0, -1, -1, -1, -1, 0, -1, -1, -1, -1, -1, -1, -1, -1, -1, -1, 1, -1, -1, -1, -1, 0, -1, 1, -1, 0, 0, 0, 0, 0, 0, 0, -1, -1, -1, -1, -1, 0, -1, -1, -1, -1, -1, -1, -1, -1, -1, -1, -1, -1, -1, -1, -1, 0, -1, -1]"
150,12,30,0.0,0.6848680578399517,3,166,"[{'cluster_no': -1, 'count': 166}, {'cluster_no': 0, 'count': 41}, {'cluster_no': 1, 'count': 30}]","[-1, 1, 1, -1, -1, -1, -1, 1, 1, -1, -1, 1, -1, -1, -1, -1, 1, 1, 0, -1, -1, -1, -1, -1, -1, 1, -1, 0, -1, 0, 0, -1, -1, 1, -1, -1, -1, -1, -1, -1, -1, 1, -1, -1, 1, 0, -1, 1, 1, -1, -1, -1, 1, -1, -1, -1, -1, 0, -1, -1, 1, -1, -1, -1, -1, 0, -1, -1, -1, -1, -1, -1, 1, -1, 1, -1, -1, -1, 0, -1, 0, -1, -1, 0, -1, -1, -1, -1, 0, 0, -1, 1, -1, -1, -1, 1, -1, -1, -1, -1, -1, -1, -1, -1, 0, -1, -1, 0, -1, -1, -1, -1, -1, -1, -1, -1, 0, -1, 1, -1, -1, -1, -1, -1, -1, 0, 1, -1, -1, -1, 1, -1, -1, -1, 1, -1, 0, -1, -1, -1, -1, 1, 0, 0, 0, -1, -1, -1, 1, -1, -1, -1, 1, -1, -1, -1, -1, -1, 0, 0, 0, -1, -1, -1, 0, 1, 0, 0, 0, -1, -1, 1, 0, -1, 0, -1, -1, -1, -1, -1, -1, 0, -1, -1, -1, -1, 0, -1, -1, -1, -1, -1, -1, -1, -1, -1, -1, 1, -1, -1, -1, -1, 0, -1, 1, -1, 0, 0, 0, 0, 0, 0, 0, -1, -1, -1, -1, -1, 0, -1, -1, -1, -1, -1, -1, -1, -1, -1, -1, -1, -1, -1, -1, -1, 0, -1, -1]"
150,12,30,0.5,0.6848680578399517,3,166,"[{'cluster_no': -1, 'count': 166}, {'cluster_no': 0, 'count': 41}, {'cluster_no': 1, 'count': 30}]","[-1, 1, 1, -1, -1, -1, -1, 1, 1, -1, -1, 1, -1, -1, -1, -1, 1, 1, 0, -1, -1, -1, -1, -1, -1, 1, -1, 0, -1, 0, 0, -1, -1, 1, -1, -1, -1, -1, -1, -1, -1, 1, -1, -1, 1, 0, -1, 1, 1, -1, -1, -1, 1, -1, -1, -1, -1, 0, -1, -1, 1, -1, -1, -1, -1, 0, -1, -1, -1, -1, -1, -1, 1, -1, 1, -1, -1, -1, 0, -1, 0, -1, -1, 0, -1, -1, -1, -1, 0, 0, -1, 1, -1, -1, -1, 1, -1, -1, -1, -1, -1, -1, -1, -1, 0, -1, -1, 0, -1, -1, -1, -1, -1, -1, -1, -1, 0, -1, 1, -1, -1, -1, -1, -1, -1, 0, 1, -1, -1, -1, 1, -1, -1, -1, 1, -1, 0, -1, -1, -1, -1, 1, 0, 0, 0, -1, -1, -1, 1, -1, -1, -1, 1, -1, -1, -1, -1, -1, 0, 0, 0, -1, -1, -1, 0, 1, 0, 0, 0, -1, -1, 1, 0, -1, 0, -1, -1, -1, -1, -1, -1, 0, -1, -1, -1, -1, 0, -1, -1, -1, -1, -1, -1, -1, -1, -1, -1, 1, -1, -1, -1, -1, 0, -1, 1, -1, 0, 0, 0, 0, 0, 0, 0, -1, -1, -1, -1, -1, 0, -1, -1, -1, -1, -1, -1, -1, -1, -1, -1, -1, -1, -1, -1, -1, 0, -1, -1]"
150,12,30,1.0,0.6848680578399517,3,166,"[{'cluster_no': -1, 'count': 166}, {'cluster_no': 0, 'count': 41}, {'cluster_no': 1, 'count': 30}]","[-1, 1, 1, -1, -1, -1, -1, 1, 1, -1, -1, 1, -1, -1, -1, -1, 1, 1, 0, -1, -1, -1, -1, -1, -1, 1, -1, 0, -1, 0, 0, -1, -1, 1, -1, -1, -1, -1, -1, -1, -1, 1, -1, -1, 1, 0, -1, 1, 1, -1, -1, -1, 1, -1, -1, -1, -1, 0, -1, -1, 1, -1, -1, -1, -1, 0, -1, -1, -1, -1, -1, -1, 1, -1, 1, -1, -1, -1, 0, -1, 0, -1, -1, 0, -1, -1, -1, -1, 0, 0, -1, 1, -1, -1, -1, 1, -1, -1, -1, -1, -1, -1, -1, -1, 0, -1, -1, 0, -1, -1, -1, -1, -1, -1, -1, -1, 0, -1, 1, -1, -1, -1, -1, -1, -1, 0, 1, -1, -1, -1, 1, -1, -1, -1, 1, -1, 0, -1, -1, -1, -1, 1, 0, 0, 0, -1, -1, -1, 1, -1, -1, -1, 1, -1, -1, -1, -1, -1, 0, 0, 0, -1, -1, -1, 0, 1, 0, 0, 0, -1, -1, 1, 0, -1, 0, -1, -1, -1, -1, -1, -1, 0, -1, -1, -1, -1, 0, -1, -1, -1, -1, -1, -1, -1, -1, -1, -1, 1, -1, -1, -1, -1, 0, -1, 1, -1, 0, 0, 0, 0, 0, 0, 0, -1, -1, -1, -1, -1, 0, -1, -1, -1, -1, -1, -1, -1, -1, -1, -1, -1, -1, -1, -1, -1, 0, -1, -1]"
150,13,5,0.0,0.744208434152177,4,183,"[{'cluster_no': -1, 'count': 183}, {'cluster_no': 0, 'count': 32}, {'cluster_no': 1, 'count': 9}, {'cluster_no': 2, 'count': 13}]","[-1, 2, 2, -1, -1, -1, -1, 2, 2, -1, -1, -1, -1, -1, -1, -1, -1, 2, -1, -1, -1, -1, -1, -1, -1, 1, -1, -1, -1, 0, -1, -1, -1, 2, -1, -1, -1, -1, -1, -1, -1, -1, -1, -1, 2, 0, -1, 1, 2, -1, -1, -1, 2, -1, -1, -1, -1, 0, -1, -1, 1, -1, -1, -1, -1, 0, -1, -1, -1, -1, -1, -1, 2, -1, 1, -1, -1, -1, 0, -1, 0, -1, -1, 0, -1, -1, -1, -1, 0, -1, -1, 1, -1, -1, -1, 1, -1, -1, -1, -1, -1, -1, -1, -1, 0, -1, -1, -1, -1, -1, -1, -1, -1, -1, -1, -1, -1, -1, -1, -1, -1, -1, -1, -1, -1, 0, 2, -1, -1, -1, 1, -1, -1, -1, -1, -1, 0, -1, -1, -1, -1, 2, 0, 0, 0, -1, -1, -1, 1, -1, -1, -1, -1, -1, -1, -1, -1, -1, 0, 0, 0, -1, -1, -1, 0, -1, 0, -1, 0, -1, -1, 2, 0, -1, 0, -1, -1, -1, -1, -1, -1, 0, -1, -1, -1, -1, 0, -1, -1, -1, -1, -1, -1, -1, -1, -1, -1, -1, -1, -1, -1, -1, -1, -1, 1, -1, 0, 0, 0, 0, 0, 0, -1, -1, -1, -1, -1, -1, 0, -1, -1, -1, -1, -1, -1, -1, -1, -1, -1, -1, -1, -1, -1, -1, 0, -1, -1]"
150,13,5,0.5,0.7332809084898235,3,179,"[{'cluster_no': -1, 'count': 179}, {'cluster_no': 0, 'count': 32}, {'cluster_no': 1, 'count': 26}]","[-1, 1, 1, -1, -1, -1, -1, 1, 1, -1, -1, -1, -1, -1, -1, -1, -1, 1, -1, -1, -1, -1, -1, -1, -1, 1, -1, -1, -1, 0, -1, -1, -1, 1, -1, -1, -1, -1, -1, -1, -1, 1, -1, -1, 1, 0, -1, 1, 1, -1, -1, -1, 1, -1, -1, -1, -1, 0, -1, -1, 1, -1, -1, -1, -1, 0, -1, -1, -1, -1, -1, -1, 1, -1, 1, -1, -1, -1, 0, -1, 0, -1, -1, 0, -1, -1, -1, -1, 0, -1, -1, 1, -1, -1, -1, 1, -1, -1, -1, -1, -1, -1, -1, -1, 0, -1, -1, -1, -1, -1, -1, -1, -1, -1, -1, -1, -1, -1, 1, -1, -1, -1, -1, -1, -1, 0, 1, -1, -1, -1, 1, -1, -1, -1, 1, -1, 0, -1, -1, -1, -1, 1, 0, 0, 0, -1, -1, -1, 1, -1, -1, -1, -1, -1, -1, -1, -1, -1, 0, 0, 0, -1, -1, -1, 0, 1, 0, -1, 0, -1, -1, 1, 0, -1, 0, -1, -1, -1, -1, -1, -1, 0, -1, -1, -1, -1, 0, -1, -1, -1, -1, -1, -1, -1, -1, -1, -1, -1, -1, -1, -1, -1, -1, -1, 1, -1, 0, 0, 0, 0, 0, 0, -1, -1, -1, -1, -1, -1, 0, -1, -1, -1, -1, -1, -1, -1, -1, -1, -1, -1, -1, -1, -1, -1, 0, -1, -1]"
150,13,5,1.0,0.7332809084898235,3,179,"[{'cluster_no': -1, 'count': 179}, {'cluster_no': 0, 'count': 32}, {'cluster_no': 1, 'count': 26}]","[-1, 1, 1, -1, -1, -1, -1, 1, 1, -1, -1, -1, -1, -1, -1, -1, -1, 1, -1, -1, -1, -1, -1, -1, -1, 1, -1, -1, -1, 0, -1, -1, -1, 1, -1, -1, -1, -1, -1, -1, -1, 1, -1, -1, 1, 0, -1, 1, 1, -1, -1, -1, 1, -1, -1, -1, -1, 0, -1, -1, 1, -1, -1, -1, -1, 0, -1, -1, -1, -1, -1, -1, 1, -1, 1, -1, -1, -1, 0, -1, 0, -1, -1, 0, -1, -1, -1, -1, 0, -1, -1, 1, -1, -1, -1, 1, -1, -1, -1, -1, -1, -1, -1, -1, 0, -1, -1, -1, -1, -1, -1, -1, -1, -1, -1, -1, -1, -1, 1, -1, -1, -1, -1, -1, -1, 0, 1, -1, -1, -1, 1, -1, -1, -1, 1, -1, 0, -1, -1, -1, -1, 1, 0, 0, 0, -1, -1, -1, 1, -1, -1, -1, -1, -1, -1, -1, -1, -1, 0, 0, 0, -1, -1, -1, 0, 1, 0, -1, 0, -1, -1, 1, 0, -1, 0, -1, -1, -1, -1, -1, -1, 0, -1, -1, -1, -1, 0, -1, -1, -1, -1, -1, -1, -1, -1, -1, -1, -1, -1, -1, -1, -1, -1, -1, 1, -1, 0, 0, 0, 0, 0, 0, -1, -1, -1, -1, -1, -1, 0, -1, -1, -1, -1, -1, -1, -1, -1, -1, -1, -1, -1, -1, -1, -1, 0, -1, -1]"
150,13,6,0.0,0.744208434152177,4,183,"[{'cluster_no': -1, 'count': 183}, {'cluster_no': 0, 'count': 32}, {'cluster_no': 1, 'count': 9}, {'cluster_no': 2, 'count': 13}]","[-1, 2, 2, -1, -1, -1, -1, 2, 2, -1, -1, -1, -1, -1, -1, -1, -1, 2, -1, -1, -1, -1, -1, -1, -1, 1, -1, -1, -1, 0, -1, -1, -1, 2, -1, -1, -1, -1, -1, -1, -1, -1, -1, -1, 2, 0, -1, 1, 2, -1, -1, -1, 2, -1, -1, -1, -1, 0, -1, -1, 1, -1, -1, -1, -1, 0, -1, -1, -1, -1, -1, -1, 2, -1, 1, -1, -1, -1, 0, -1, 0, -1, -1, 0, -1, -1, -1, -1, 0, -1, -1, 1, -1, -1, -1, 1, -1, -1, -1, -1, -1, -1, -1, -1, 0, -1, -1, -1, -1, -1, -1, -1, -1, -1, -1, -1, -1, -1, -1, -1, -1, -1, -1, -1, -1, 0, 2, -1, -1, -1, 1, -1, -1, -1, -1, -1, 0, -1, -1, -1, -1, 2, 0, 0, 0, -1, -1, -1, 1, -1, -1, -1, -1, -1, -1, -1, -1, -1, 0, 0, 0, -1, -1, -1, 0, -1, 0, -1, 0, -1, -1, 2, 0, -1, 0, -1, -1, -1, -1, -1, -1, 0, -1, -1, -1, -1, 0, -1, -1, -1, -1, -1, -1, -1, -1, -1, -1, -1, -1, -1, -1, -1, -1, -1, 1, -1, 0, 0, 0, 0, 0, 0, -1, -1, -1, -1, -1, -1, 0, -1, -1, -1, -1, -1, -1, -1, -1, -1, -1, -1, -1, -1, -1, -1, 0, -1, -1]"
150,13,6,0.5,0.7332809084898235,3,179,"[{'cluster_no': -1, 'count': 179}, {'cluster_no': 0, 'count': 32}, {'cluster_no': 1, 'count': 26}]","[-1, 1, 1, -1, -1, -1, -1, 1, 1, -1, -1, -1, -1, -1, -1, -1, -1, 1, -1, -1, -1, -1, -1, -1, -1, 1, -1, -1, -1, 0, -1, -1, -1, 1, -1, -1, -1, -1, -1, -1, -1, 1, -1, -1, 1, 0, -1, 1, 1, -1, -1, -1, 1, -1, -1, -1, -1, 0, -1, -1, 1, -1, -1, -1, -1, 0, -1, -1, -1, -1, -1, -1, 1, -1, 1, -1, -1, -1, 0, -1, 0, -1, -1, 0, -1, -1, -1, -1, 0, -1, -1, 1, -1, -1, -1, 1, -1, -1, -1, -1, -1, -1, -1, -1, 0, -1, -1, -1, -1, -1, -1, -1, -1, -1, -1, -1, -1, -1, 1, -1, -1, -1, -1, -1, -1, 0, 1, -1, -1, -1, 1, -1, -1, -1, 1, -1, 0, -1, -1, -1, -1, 1, 0, 0, 0, -1, -1, -1, 1, -1, -1, -1, -1, -1, -1, -1, -1, -1, 0, 0, 0, -1, -1, -1, 0, 1, 0, -1, 0, -1, -1, 1, 0, -1, 0, -1, -1, -1, -1, -1, -1, 0, -1, -1, -1, -1, 0, -1, -1, -1, -1, -1, -1, -1, -1, -1, -1, -1, -1, -1, -1, -1, -1, -1, 1, -1, 0, 0, 0, 0, 0, 0, -1, -1, -1, -1, -1, -1, 0, -1, -1, -1, -1, -1, -1, -1, -1, -1, -1, -1, -1, -1, -1, -1, 0, -1, -1]"
150,13,6,1.0,0.7332809084898235,3,179,"[{'cluster_no': -1, 'count': 179}, {'cluster_no': 0, 'count': 32}, {'cluster_no': 1, 'count': 26}]","[-1, 1, 1, -1, -1, -1, -1, 1, 1, -1, -1, -1, -1, -1, -1, -1, -1, 1, -1, -1, -1, -1, -1, -1, -1, 1, -1, -1, -1, 0, -1, -1, -1, 1, -1, -1, -1, -1, -1, -1, -1, 1, -1, -1, 1, 0, -1, 1, 1, -1, -1, -1, 1, -1, -1, -1, -1, 0, -1, -1, 1, -1, -1, -1, -1, 0, -1, -1, -1, -1, -1, -1, 1, -1, 1, -1, -1, -1, 0, -1, 0, -1, -1, 0, -1, -1, -1, -1, 0, -1, -1, 1, -1, -1, -1, 1, -1, -1, -1, -1, -1, -1, -1, -1, 0, -1, -1, -1, -1, -1, -1, -1, -1, -1, -1, -1, -1, -1, 1, -1, -1, -1, -1, -1, -1, 0, 1, -1, -1, -1, 1, -1, -1, -1, 1, -1, 0, -1, -1, -1, -1, 1, 0, 0, 0, -1, -1, -1, 1, -1, -1, -1, -1, -1, -1, -1, -1, -1, 0, 0, 0, -1, -1, -1, 0, 1, 0, -1, 0, -1, -1, 1, 0, -1, 0, -1, -1, -1, -1, -1, -1, 0, -1, -1, -1, -1, 0, -1, -1, -1, -1, -1, -1, -1, -1, -1, -1, -1, -1, -1, -1, -1, -1, -1, 1, -1, 0, 0, 0, 0, 0, 0, -1, -1, -1, -1, -1, -1, 0, -1, -1, -1, -1, -1, -1, -1, -1, -1, -1, -1, -1, -1, -1, -1, 0, -1, -1]"
150,13,7,0.0,0.744208434152177,4,183,"[{'cluster_no': -1, 'count': 183}, {'cluster_no': 0, 'count': 32}, {'cluster_no': 1, 'count': 9}, {'cluster_no': 2, 'count': 13}]","[-1, 2, 2, -1, -1, -1, -1, 2, 2, -1, -1, -1, -1, -1, -1, -1, -1, 2, -1, -1, -1, -1, -1, -1, -1, 1, -1, -1, -1, 0, -1, -1, -1, 2, -1, -1, -1, -1, -1, -1, -1, -1, -1, -1, 2, 0, -1, 1, 2, -1, -1, -1, 2, -1, -1, -1, -1, 0, -1, -1, 1, -1, -1, -1, -1, 0, -1, -1, -1, -1, -1, -1, 2, -1, 1, -1, -1, -1, 0, -1, 0, -1, -1, 0, -1, -1, -1, -1, 0, -1, -1, 1, -1, -1, -1, 1, -1, -1, -1, -1, -1, -1, -1, -1, 0, -1, -1, -1, -1, -1, -1, -1, -1, -1, -1, -1, -1, -1, -1, -1, -1, -1, -1, -1, -1, 0, 2, -1, -1, -1, 1, -1, -1, -1, -1, -1, 0, -1, -1, -1, -1, 2, 0, 0, 0, -1, -1, -1, 1, -1, -1, -1, -1, -1, -1, -1, -1, -1, 0, 0, 0, -1, -1, -1, 0, -1, 0, -1, 0, -1, -1, 2, 0, -1, 0, -1, -1, -1, -1, -1, -1, 0, -1, -1, -1, -1, 0, -1, -1, -1, -1, -1, -1, -1, -1, -1, -1, -1, -1, -1, -1, -1, -1, -1, 1, -1, 0, 0, 0, 0, 0, 0, -1, -1, -1, -1, -1, -1, 0, -1, -1, -1, -1, -1, -1, -1, -1, -1, -1, -1, -1, -1, -1, -1, 0, -1, -1]"
150,13,7,0.5,0.7332809084898235,3,179,"[{'cluster_no': -1, 'count': 179}, {'cluster_no': 0, 'count': 32}, {'cluster_no': 1, 'count': 26}]","[-1, 1, 1, -1, -1, -1, -1, 1, 1, -1, -1, -1, -1, -1, -1, -1, -1, 1, -1, -1, -1, -1, -1, -1, -1, 1, -1, -1, -1, 0, -1, -1, -1, 1, -1, -1, -1, -1, -1, -1, -1, 1, -1, -1, 1, 0, -1, 1, 1, -1, -1, -1, 1, -1, -1, -1, -1, 0, -1, -1, 1, -1, -1, -1, -1, 0, -1, -1, -1, -1, -1, -1, 1, -1, 1, -1, -1, -1, 0, -1, 0, -1, -1, 0, -1, -1, -1, -1, 0, -1, -1, 1, -1, -1, -1, 1, -1, -1, -1, -1, -1, -1, -1, -1, 0, -1, -1, -1, -1, -1, -1, -1, -1, -1, -1, -1, -1, -1, 1, -1, -1, -1, -1, -1, -1, 0, 1, -1, -1, -1, 1, -1, -1, -1, 1, -1, 0, -1, -1, -1, -1, 1, 0, 0, 0, -1, -1, -1, 1, -1, -1, -1, -1, -1, -1, -1, -1, -1, 0, 0, 0, -1, -1, -1, 0, 1, 0, -1, 0, -1, -1, 1, 0, -1, 0, -1, -1, -1, -1, -1, -1, 0, -1, -1, -1, -1, 0, -1, -1, -1, -1, -1, -1, -1, -1, -1, -1, -1, -1, -1, -1, -1, -1, -1, 1, -1, 0, 0, 0, 0, 0, 0, -1, -1, -1, -1, -1, -1, 0, -1, -1, -1, -1, -1, -1, -1, -1, -1, -1, -1, -1, -1, -1, -1, 0, -1, -1]"
150,13,7,1.0,0.7332809084898235,3,179,"[{'cluster_no': -1, 'count': 179}, {'cluster_no': 0, 'count': 32}, {'cluster_no': 1, 'count': 26}]","[-1, 1, 1, -1, -1, -1, -1, 1, 1, -1, -1, -1, -1, -1, -1, -1, -1, 1, -1, -1, -1, -1, -1, -1, -1, 1, -1, -1, -1, 0, -1, -1, -1, 1, -1, -1, -1, -1, -1, -1, -1, 1, -1, -1, 1, 0, -1, 1, 1, -1, -1, -1, 1, -1, -1, -1, -1, 0, -1, -1, 1, -1, -1, -1, -1, 0, -1, -1, -1, -1, -1, -1, 1, -1, 1, -1, -1, -1, 0, -1, 0, -1, -1, 0, -1, -1, -1, -1, 0, -1, -1, 1, -1, -1, -1, 1, -1, -1, -1, -1, -1, -1, -1, -1, 0, -1, -1, -1, -1, -1, -1, -1, -1, -1, -1, -1, -1, -1, 1, -1, -1, -1, -1, -1, -1, 0, 1, -1, -1, -1, 1, -1, -1, -1, 1, -1, 0, -1, -1, -1, -1, 1, 0, 0, 0, -1, -1, -1, 1, -1, -1, -1, -1, -1, -1, -1, -1, -1, 0, 0, 0, -1, -1, -1, 0, 1, 0, -1, 0, -1, -1, 1, 0, -1, 0, -1, -1, -1, -1, -1, -1, 0, -1, -1, -1, -1, 0, -1, -1, -1, -1, -1, -1, -1, -1, -1, -1, -1, -1, -1, -1, -1, -1, -1, 1, -1, 0, 0, 0, 0, 0, 0, -1, -1, -1, -1, -1, -1, 0, -1, -1, -1, -1, -1, -1, -1, -1, -1, -1, -1, -1, -1, -1, -1, 0, -1, -1]"
150,13,8,0.0,0.744208434152177,4,183,"[{'cluster_no': -1, 'count': 183}, {'cluster_no': 0, 'count': 32}, {'cluster_no': 1, 'count': 9}, {'cluster_no': 2, 'count': 13}]","[-1, 2, 2, -1, -1, -1, -1, 2, 2, -1, -1, -1, -1, -1, -1, -1, -1, 2, -1, -1, -1, -1, -1, -1, -1, 1, -1, -1, -1, 0, -1, -1, -1, 2, -1, -1, -1, -1, -1, -1, -1, -1, -1, -1, 2, 0, -1, 1, 2, -1, -1, -1, 2, -1, -1, -1, -1, 0, -1, -1, 1, -1, -1, -1, -1, 0, -1, -1, -1, -1, -1, -1, 2, -1, 1, -1, -1, -1, 0, -1, 0, -1, -1, 0, -1, -1, -1, -1, 0, -1, -1, 1, -1, -1, -1, 1, -1, -1, -1, -1, -1, -1, -1, -1, 0, -1, -1, -1, -1, -1, -1, -1, -1, -1, -1, -1, -1, -1, -1, -1, -1, -1, -1, -1, -1, 0, 2, -1, -1, -1, 1, -1, -1, -1, -1, -1, 0, -1, -1, -1, -1, 2, 0, 0, 0, -1, -1, -1, 1, -1, -1, -1, -1, -1, -1, -1, -1, -1, 0, 0, 0, -1, -1, -1, 0, -1, 0, -1, 0, -1, -1, 2, 0, -1, 0, -1, -1, -1, -1, -1, -1, 0, -1, -1, -1, -1, 0, -1, -1, -1, -1, -1, -1, -1, -1, -1, -1, -1, -1, -1, -1, -1, -1, -1, 1, -1, 0, 0, 0, 0, 0, 0, -1, -1, -1, -1, -1, -1, 0, -1, -1, -1, -1, -1, -1, -1, -1, -1, -1, -1, -1, -1, -1, -1, 0, -1, -1]"
150,13,8,0.5,0.7332809084898235,3,179,"[{'cluster_no': -1, 'count': 179}, {'cluster_no': 0, 'count': 32}, {'cluster_no': 1, 'count': 26}]","[-1, 1, 1, -1, -1, -1, -1, 1, 1, -1, -1, -1, -1, -1, -1, -1, -1, 1, -1, -1, -1, -1, -1, -1, -1, 1, -1, -1, -1, 0, -1, -1, -1, 1, -1, -1, -1, -1, -1, -1, -1, 1, -1, -1, 1, 0, -1, 1, 1, -1, -1, -1, 1, -1, -1, -1, -1, 0, -1, -1, 1, -1, -1, -1, -1, 0, -1, -1, -1, -1, -1, -1, 1, -1, 1, -1, -1, -1, 0, -1, 0, -1, -1, 0, -1, -1, -1, -1, 0, -1, -1, 1, -1, -1, -1, 1, -1, -1, -1, -1, -1, -1, -1, -1, 0, -1, -1, -1, -1, -1, -1, -1, -1, -1, -1, -1, -1, -1, 1, -1, -1, -1, -1, -1, -1, 0, 1, -1, -1, -1, 1, -1, -1, -1, 1, -1, 0, -1, -1, -1, -1, 1, 0, 0, 0, -1, -1, -1, 1, -1, -1, -1, -1, -1, -1, -1, -1, -1, 0, 0, 0, -1, -1, -1, 0, 1, 0, -1, 0, -1, -1, 1, 0, -1, 0, -1, -1, -1, -1, -1, -1, 0, -1, -1, -1, -1, 0, -1, -1, -1, -1, -1, -1, -1, -1, -1, -1, -1, -1, -1, -1, -1, -1, -1, 1, -1, 0, 0, 0, 0, 0, 0, -1, -1, -1, -1, -1, -1, 0, -1, -1, -1, -1, -1, -1, -1, -1, -1, -1, -1, -1, -1, -1, -1, 0, -1, -1]"
150,13,8,1.0,0.7332809084898235,3,179,"[{'cluster_no': -1, 'count': 179}, {'cluster_no': 0, 'count': 32}, {'cluster_no': 1, 'count': 26}]","[-1, 1, 1, -1, -1, -1, -1, 1, 1, -1, -1, -1, -1, -1, -1, -1, -1, 1, -1, -1, -1, -1, -1, -1, -1, 1, -1, -1, -1, 0, -1, -1, -1, 1, -1, -1, -1, -1, -1, -1, -1, 1, -1, -1, 1, 0, -1, 1, 1, -1, -1, -1, 1, -1, -1, -1, -1, 0, -1, -1, 1, -1, -1, -1, -1, 0, -1, -1, -1, -1, -1, -1, 1, -1, 1, -1, -1, -1, 0, -1, 0, -1, -1, 0, -1, -1, -1, -1, 0, -1, -1, 1, -1, -1, -1, 1, -1, -1, -1, -1, -1, -1, -1, -1, 0, -1, -1, -1, -1, -1, -1, -1, -1, -1, -1, -1, -1, -1, 1, -1, -1, -1, -1, -1, -1, 0, 1, -1, -1, -1, 1, -1, -1, -1, 1, -1, 0, -1, -1, -1, -1, 1, 0, 0, 0, -1, -1, -1, 1, -1, -1, -1, -1, -1, -1, -1, -1, -1, 0, 0, 0, -1, -1, -1, 0, 1, 0, -1, 0, -1, -1, 1, 0, -1, 0, -1, -1, -1, -1, -1, -1, 0, -1, -1, -1, -1, 0, -1, -1, -1, -1, -1, -1, -1, -1, -1, -1, -1, -1, -1, -1, -1, -1, -1, 1, -1, 0, 0, 0, 0, 0, 0, -1, -1, -1, -1, -1, -1, 0, -1, -1, -1, -1, -1, -1, -1, -1, -1, -1, -1, -1, -1, -1, -1, 0, -1, -1]"
150,13,9,0.0,0.744208434152177,4,183,"[{'cluster_no': -1, 'count': 183}, {'cluster_no': 0, 'count': 32}, {'cluster_no': 1, 'count': 9}, {'cluster_no': 2, 'count': 13}]","[-1, 2, 2, -1, -1, -1, -1, 2, 2, -1, -1, -1, -1, -1, -1, -1, -1, 2, -1, -1, -1, -1, -1, -1, -1, 1, -1, -1, -1, 0, -1, -1, -1, 2, -1, -1, -1, -1, -1, -1, -1, -1, -1, -1, 2, 0, -1, 1, 2, -1, -1, -1, 2, -1, -1, -1, -1, 0, -1, -1, 1, -1, -1, -1, -1, 0, -1, -1, -1, -1, -1, -1, 2, -1, 1, -1, -1, -1, 0, -1, 0, -1, -1, 0, -1, -1, -1, -1, 0, -1, -1, 1, -1, -1, -1, 1, -1, -1, -1, -1, -1, -1, -1, -1, 0, -1, -1, -1, -1, -1, -1, -1, -1, -1, -1, -1, -1, -1, -1, -1, -1, -1, -1, -1, -1, 0, 2, -1, -1, -1, 1, -1, -1, -1, -1, -1, 0, -1, -1, -1, -1, 2, 0, 0, 0, -1, -1, -1, 1, -1, -1, -1, -1, -1, -1, -1, -1, -1, 0, 0, 0, -1, -1, -1, 0, -1, 0, -1, 0, -1, -1, 2, 0, -1, 0, -1, -1, -1, -1, -1, -1, 0, -1, -1, -1, -1, 0, -1, -1, -1, -1, -1, -1, -1, -1, -1, -1, -1, -1, -1, -1, -1, -1, -1, 1, -1, 0, 0, 0, 0, 0, 0, -1, -1, -1, -1, -1, -1, 0, -1, -1, -1, -1, -1, -1, -1, -1, -1, -1, -1, -1, -1, -1, -1, 0, -1, -1]"
150,13,9,0.5,0.7332809084898235,3,179,"[{'cluster_no': -1, 'count': 179}, {'cluster_no': 0, 'count': 32}, {'cluster_no': 1, 'count': 26}]","[-1, 1, 1, -1, -1, -1, -1, 1, 1, -1, -1, -1, -1, -1, -1, -1, -1, 1, -1, -1, -1, -1, -1, -1, -1, 1, -1, -1, -1, 0, -1, -1, -1, 1, -1, -1, -1, -1, -1, -1, -1, 1, -1, -1, 1, 0, -1, 1, 1, -1, -1, -1, 1, -1, -1, -1, -1, 0, -1, -1, 1, -1, -1, -1, -1, 0, -1, -1, -1, -1, -1, -1, 1, -1, 1, -1, -1, -1, 0, -1, 0, -1, -1, 0, -1, -1, -1, -1, 0, -1, -1, 1, -1, -1, -1, 1, -1, -1, -1, -1, -1, -1, -1, -1, 0, -1, -1, -1, -1, -1, -1, -1, -1, -1, -1, -1, -1, -1, 1, -1, -1, -1, -1, -1, -1, 0, 1, -1, -1, -1, 1, -1, -1, -1, 1, -1, 0, -1, -1, -1, -1, 1, 0, 0, 0, -1, -1, -1, 1, -1, -1, -1, -1, -1, -1, -1, -1, -1, 0, 0, 0, -1, -1, -1, 0, 1, 0, -1, 0, -1, -1, 1, 0, -1, 0, -1, -1, -1, -1, -1, -1, 0, -1, -1, -1, -1, 0, -1, -1, -1, -1, -1, -1, -1, -1, -1, -1, -1, -1, -1, -1, -1, -1, -1, 1, -1, 0, 0, 0, 0, 0, 0, -1, -1, -1, -1, -1, -1, 0, -1, -1, -1, -1, -1, -1, -1, -1, -1, -1, -1, -1, -1, -1, -1, 0, -1, -1]"
150,13,9,1.0,0.7332809084898235,3,179,"[{'cluster_no': -1, 'count': 179}, {'cluster_no': 0, 'count': 32}, {'cluster_no': 1, 'count': 26}]","[-1, 1, 1, -1, -1, -1, -1, 1, 1, -1, -1, -1, -1, -1, -1, -1, -1, 1, -1, -1, -1, -1, -1, -1, -1, 1, -1, -1, -1, 0, -1, -1, -1, 1, -1, -1, -1, -1, -1, -1, -1, 1, -1, -1, 1, 0, -1, 1, 1, -1, -1, -1, 1, -1, -1, -1, -1, 0, -1, -1, 1, -1, -1, -1, -1, 0, -1, -1, -1, -1, -1, -1, 1, -1, 1, -1, -1, -1, 0, -1, 0, -1, -1, 0, -1, -1, -1, -1, 0, -1, -1, 1, -1, -1, -1, 1, -1, -1, -1, -1, -1, -1, -1, -1, 0, -1, -1, -1, -1, -1, -1, -1, -1, -1, -1, -1, -1, -1, 1, -1, -1, -1, -1, -1, -1, 0, 1, -1, -1, -1, 1, -1, -1, -1, 1, -1, 0, -1, -1, -1, -1, 1, 0, 0, 0, -1, -1, -1, 1, -1, -1, -1, -1, -1, -1, -1, -1, -1, 0, 0, 0, -1, -1, -1, 0, 1, 0, -1, 0, -1, -1, 1, 0, -1, 0, -1, -1, -1, -1, -1, -1, 0, -1, -1, -1, -1, 0, -1, -1, -1, -1, -1, -1, -1, -1, -1, -1, -1, -1, -1, -1, -1, -1, -1, 1, -1, 0, 0, 0, 0, 0, 0, -1, -1, -1, -1, -1, -1, 0, -1, -1, -1, -1, -1, -1, -1, -1, -1, -1, -1, -1, -1, -1, -1, 0, -1, -1]"
150,13,10,0.0,0.7332809084898235,3,179,"[{'cluster_no': -1, 'count': 179}, {'cluster_no': 0, 'count': 32}, {'cluster_no': 1, 'count': 26}]","[-1, 1, 1, -1, -1, -1, -1, 1, 1, -1, -1, -1, -1, -1, -1, -1, -1, 1, -1, -1, -1, -1, -1, -1, -1, 1, -1, -1, -1, 0, -1, -1, -1, 1, -1, -1, -1, -1, -1, -1, -1, 1, -1, -1, 1, 0, -1, 1, 1, -1, -1, -1, 1, -1, -1, -1, -1, 0, -1, -1, 1, -1, -1, -1, -1, 0, -1, -1, -1, -1, -1, -1, 1, -1, 1, -1, -1, -1, 0, -1, 0, -1, -1, 0, -1, -1, -1, -1, 0, -1, -1, 1, -1, -1, -1, 1, -1, -1, -1, -1, -1, -1, -1, -1, 0, -1, -1, -1, -1, -1, -1, -1, -1, -1, -1, -1, -1, -1, 1, -1, -1, -1, -1, -1, -1, 0, 1, -1, -1, -1, 1, -1, -1, -1, 1, -1, 0, -1, -1, -1, -1, 1, 0, 0, 0, -1, -1, -1, 1, -1, -1, -1, -1, -1, -1, -1, -1, -1, 0, 0, 0, -1, -1, -1, 0, 1, 0, -1, 0, -1, -1, 1, 0, -1, 0, -1, -1, -1, -1, -1, -1, 0, -1, -1, -1, -1, 0, -1, -1, -1, -1, -1, -1, -1, -1, -1, -1, -1, -1, -1, -1, -1, -1, -1, 1, -1, 0, 0, 0, 0, 0, 0, -1, -1, -1, -1, -1, -1, 0, -1, -1, -1, -1, -1, -1, -1, -1, -1, -1, -1, -1, -1, -1, -1, 0, -1, -1]"
150,13,10,0.5,0.7332809084898235,3,179,"[{'cluster_no': -1, 'count': 179}, {'cluster_no': 0, 'count': 32}, {'cluster_no': 1, 'count': 26}]","[-1, 1, 1, -1, -1, -1, -1, 1, 1, -1, -1, -1, -1, -1, -1, -1, -1, 1, -1, -1, -1, -1, -1, -1, -1, 1, -1, -1, -1, 0, -1, -1, -1, 1, -1, -1, -1, -1, -1, -1, -1, 1, -1, -1, 1, 0, -1, 1, 1, -1, -1, -1, 1, -1, -1, -1, -1, 0, -1, -1, 1, -1, -1, -1, -1, 0, -1, -1, -1, -1, -1, -1, 1, -1, 1, -1, -1, -1, 0, -1, 0, -1, -1, 0, -1, -1, -1, -1, 0, -1, -1, 1, -1, -1, -1, 1, -1, -1, -1, -1, -1, -1, -1, -1, 0, -1, -1, -1, -1, -1, -1, -1, -1, -1, -1, -1, -1, -1, 1, -1, -1, -1, -1, -1, -1, 0, 1, -1, -1, -1, 1, -1, -1, -1, 1, -1, 0, -1, -1, -1, -1, 1, 0, 0, 0, -1, -1, -1, 1, -1, -1, -1, -1, -1, -1, -1, -1, -1, 0, 0, 0, -1, -1, -1, 0, 1, 0, -1, 0, -1, -1, 1, 0, -1, 0, -1, -1, -1, -1, -1, -1, 0, -1, -1, -1, -1, 0, -1, -1, -1, -1, -1, -1, -1, -1, -1, -1, -1, -1, -1, -1, -1, -1, -1, 1, -1, 0, 0, 0, 0, 0, 0, -1, -1, -1, -1, -1, -1, 0, -1, -1, -1, -1, -1, -1, -1, -1, -1, -1, -1, -1, -1, -1, -1, 0, -1, -1]"
150,13,10,1.0,0.7332809084898235,3,179,"[{'cluster_no': -1, 'count': 179}, {'cluster_no': 0, 'count': 32}, {'cluster_no': 1, 'count': 26}]","[-1, 1, 1, -1, -1, -1, -1, 1, 1, -1, -1, -1, -1, -1, -1, -1, -1, 1, -1, -1, -1, -1, -1, -1, -1, 1, -1, -1, -1, 0, -1, -1, -1, 1, -1, -1, -1, -1, -1, -1, -1, 1, -1, -1, 1, 0, -1, 1, 1, -1, -1, -1, 1, -1, -1, -1, -1, 0, -1, -1, 1, -1, -1, -1, -1, 0, -1, -1, -1, -1, -1, -1, 1, -1, 1, -1, -1, -1, 0, -1, 0, -1, -1, 0, -1, -1, -1, -1, 0, -1, -1, 1, -1, -1, -1, 1, -1, -1, -1, -1, -1, -1, -1, -1, 0, -1, -1, -1, -1, -1, -1, -1, -1, -1, -1, -1, -1, -1, 1, -1, -1, -1, -1, -1, -1, 0, 1, -1, -1, -1, 1, -1, -1, -1, 1, -1, 0, -1, -1, -1, -1, 1, 0, 0, 0, -1, -1, -1, 1, -1, -1, -1, -1, -1, -1, -1, -1, -1, 0, 0, 0, -1, -1, -1, 0, 1, 0, -1, 0, -1, -1, 1, 0, -1, 0, -1, -1, -1, -1, -1, -1, 0, -1, -1, -1, -1, 0, -1, -1, -1, -1, -1, -1, -1, -1, -1, -1, -1, -1, -1, -1, -1, -1, -1, 1, -1, 0, 0, 0, 0, 0, 0, -1, -1, -1, -1, -1, -1, 0, -1, -1, -1, -1, -1, -1, -1, -1, -1, -1, -1, -1, -1, -1, -1, 0, -1, -1]"
150,13,11,0.0,0.7332809084898235,3,179,"[{'cluster_no': -1, 'count': 179}, {'cluster_no': 0, 'count': 32}, {'cluster_no': 1, 'count': 26}]","[-1, 1, 1, -1, -1, -1, -1, 1, 1, -1, -1, -1, -1, -1, -1, -1, -1, 1, -1, -1, -1, -1, -1, -1, -1, 1, -1, -1, -1, 0, -1, -1, -1, 1, -1, -1, -1, -1, -1, -1, -1, 1, -1, -1, 1, 0, -1, 1, 1, -1, -1, -1, 1, -1, -1, -1, -1, 0, -1, -1, 1, -1, -1, -1, -1, 0, -1, -1, -1, -1, -1, -1, 1, -1, 1, -1, -1, -1, 0, -1, 0, -1, -1, 0, -1, -1, -1, -1, 0, -1, -1, 1, -1, -1, -1, 1, -1, -1, -1, -1, -1, -1, -1, -1, 0, -1, -1, -1, -1, -1, -1, -1, -1, -1, -1, -1, -1, -1, 1, -1, -1, -1, -1, -1, -1, 0, 1, -1, -1, -1, 1, -1, -1, -1, 1, -1, 0, -1, -1, -1, -1, 1, 0, 0, 0, -1, -1, -1, 1, -1, -1, -1, -1, -1, -1, -1, -1, -1, 0, 0, 0, -1, -1, -1, 0, 1, 0, -1, 0, -1, -1, 1, 0, -1, 0, -1, -1, -1, -1, -1, -1, 0, -1, -1, -1, -1, 0, -1, -1, -1, -1, -1, -1, -1, -1, -1, -1, -1, -1, -1, -1, -1, -1, -1, 1, -1, 0, 0, 0, 0, 0, 0, -1, -1, -1, -1, -1, -1, 0, -1, -1, -1, -1, -1, -1, -1, -1, -1, -1, -1, -1, -1, -1, -1, 0, -1, -1]"
150,13,11,0.5,0.7332809084898235,3,179,"[{'cluster_no': -1, 'count': 179}, {'cluster_no': 0, 'count': 32}, {'cluster_no': 1, 'count': 26}]","[-1, 1, 1, -1, -1, -1, -1, 1, 1, -1, -1, -1, -1, -1, -1, -1, -1, 1, -1, -1, -1, -1, -1, -1, -1, 1, -1, -1, -1, 0, -1, -1, -1, 1, -1, -1, -1, -1, -1, -1, -1, 1, -1, -1, 1, 0, -1, 1, 1, -1, -1, -1, 1, -1, -1, -1, -1, 0, -1, -1, 1, -1, -1, -1, -1, 0, -1, -1, -1, -1, -1, -1, 1, -1, 1, -1, -1, -1, 0, -1, 0, -1, -1, 0, -1, -1, -1, -1, 0, -1, -1, 1, -1, -1, -1, 1, -1, -1, -1, -1, -1, -1, -1, -1, 0, -1, -1, -1, -1, -1, -1, -1, -1, -1, -1, -1, -1, -1, 1, -1, -1, -1, -1, -1, -1, 0, 1, -1, -1, -1, 1, -1, -1, -1, 1, -1, 0, -1, -1, -1, -1, 1, 0, 0, 0, -1, -1, -1, 1, -1, -1, -1, -1, -1, -1, -1, -1, -1, 0, 0, 0, -1, -1, -1, 0, 1, 0, -1, 0, -1, -1, 1, 0, -1, 0, -1, -1, -1, -1, -1, -1, 0, -1, -1, -1, -1, 0, -1, -1, -1, -1, -1, -1, -1, -1, -1, -1, -1, -1, -1, -1, -1, -1, -1, 1, -1, 0, 0, 0, 0, 0, 0, -1, -1, -1, -1, -1, -1, 0, -1, -1, -1, -1, -1, -1, -1, -1, -1, -1, -1, -1, -1, -1, -1, 0, -1, -1]"
150,13,11,1.0,0.7332809084898235,3,179,"[{'cluster_no': -1, 'count': 179}, {'cluster_no': 0, 'count': 32}, {'cluster_no': 1, 'count': 26}]","[-1, 1, 1, -1, -1, -1, -1, 1, 1, -1, -1, -1, -1, -1, -1, -1, -1, 1, -1, -1, -1, -1, -1, -1, -1, 1, -1, -1, -1, 0, -1, -1, -1, 1, -1, -1, -1, -1, -1, -1, -1, 1, -1, -1, 1, 0, -1, 1, 1, -1, -1, -1, 1, -1, -1, -1, -1, 0, -1, -1, 1, -1, -1, -1, -1, 0, -1, -1, -1, -1, -1, -1, 1, -1, 1, -1, -1, -1, 0, -1, 0, -1, -1, 0, -1, -1, -1, -1, 0, -1, -1, 1, -1, -1, -1, 1, -1, -1, -1, -1, -1, -1, -1, -1, 0, -1, -1, -1, -1, -1, -1, -1, -1, -1, -1, -1, -1, -1, 1, -1, -1, -1, -1, -1, -1, 0, 1, -1, -1, -1, 1, -1, -1, -1, 1, -1, 0, -1, -1, -1, -1, 1, 0, 0, 0, -1, -1, -1, 1, -1, -1, -1, -1, -1, -1, -1, -1, -1, 0, 0, 0, -1, -1, -1, 0, 1, 0, -1, 0, -1, -1, 1, 0, -1, 0, -1, -1, -1, -1, -1, -1, 0, -1, -1, -1, -1, 0, -1, -1, -1, -1, -1, -1, -1, -1, -1, -1, -1, -1, -1, -1, -1, -1, -1, 1, -1, 0, 0, 0, 0, 0, 0, -1, -1, -1, -1, -1, -1, 0, -1, -1, -1, -1, -1, -1, -1, -1, -1, -1, -1, -1, -1, -1, -1, 0, -1, -1]"
150,13,12,0.0,0.7332809084898235,3,179,"[{'cluster_no': -1, 'count': 179}, {'cluster_no': 0, 'count': 32}, {'cluster_no': 1, 'count': 26}]","[-1, 1, 1, -1, -1, -1, -1, 1, 1, -1, -1, -1, -1, -1, -1, -1, -1, 1, -1, -1, -1, -1, -1, -1, -1, 1, -1, -1, -1, 0, -1, -1, -1, 1, -1, -1, -1, -1, -1, -1, -1, 1, -1, -1, 1, 0, -1, 1, 1, -1, -1, -1, 1, -1, -1, -1, -1, 0, -1, -1, 1, -1, -1, -1, -1, 0, -1, -1, -1, -1, -1, -1, 1, -1, 1, -1, -1, -1, 0, -1, 0, -1, -1, 0, -1, -1, -1, -1, 0, -1, -1, 1, -1, -1, -1, 1, -1, -1, -1, -1, -1, -1, -1, -1, 0, -1, -1, -1, -1, -1, -1, -1, -1, -1, -1, -1, -1, -1, 1, -1, -1, -1, -1, -1, -1, 0, 1, -1, -1, -1, 1, -1, -1, -1, 1, -1, 0, -1, -1, -1, -1, 1, 0, 0, 0, -1, -1, -1, 1, -1, -1, -1, -1, -1, -1, -1, -1, -1, 0, 0, 0, -1, -1, -1, 0, 1, 0, -1, 0, -1, -1, 1, 0, -1, 0, -1, -1, -1, -1, -1, -1, 0, -1, -1, -1, -1, 0, -1, -1, -1, -1, -1, -1, -1, -1, -1, -1, -1, -1, -1, -1, -1, -1, -1, 1, -1, 0, 0, 0, 0, 0, 0, -1, -1, -1, -1, -1, -1, 0, -1, -1, -1, -1, -1, -1, -1, -1, -1, -1, -1, -1, -1, -1, -1, 0, -1, -1]"
150,13,12,0.5,0.7332809084898235,3,179,"[{'cluster_no': -1, 'count': 179}, {'cluster_no': 0, 'count': 32}, {'cluster_no': 1, 'count': 26}]","[-1, 1, 1, -1, -1, -1, -1, 1, 1, -1, -1, -1, -1, -1, -1, -1, -1, 1, -1, -1, -1, -1, -1, -1, -1, 1, -1, -1, -1, 0, -1, -1, -1, 1, -1, -1, -1, -1, -1, -1, -1, 1, -1, -1, 1, 0, -1, 1, 1, -1, -1, -1, 1, -1, -1, -1, -1, 0, -1, -1, 1, -1, -1, -1, -1, 0, -1, -1, -1, -1, -1, -1, 1, -1, 1, -1, -1, -1, 0, -1, 0, -1, -1, 0, -1, -1, -1, -1, 0, -1, -1, 1, -1, -1, -1, 1, -1, -1, -1, -1, -1, -1, -1, -1, 0, -1, -1, -1, -1, -1, -1, -1, -1, -1, -1, -1, -1, -1, 1, -1, -1, -1, -1, -1, -1, 0, 1, -1, -1, -1, 1, -1, -1, -1, 1, -1, 0, -1, -1, -1, -1, 1, 0, 0, 0, -1, -1, -1, 1, -1, -1, -1, -1, -1, -1, -1, -1, -1, 0, 0, 0, -1, -1, -1, 0, 1, 0, -1, 0, -1, -1, 1, 0, -1, 0, -1, -1, -1, -1, -1, -1, 0, -1, -1, -1, -1, 0, -1, -1, -1, -1, -1, -1, -1, -1, -1, -1, -1, -1, -1, -1, -1, -1, -1, 1, -1, 0, 0, 0, 0, 0, 0, -1, -1, -1, -1, -1, -1, 0, -1, -1, -1, -1, -1, -1, -1, -1, -1, -1, -1, -1, -1, -1, -1, 0, -1, -1]"
150,13,12,1.0,0.7332809084898235,3,179,"[{'cluster_no': -1, 'count': 179}, {'cluster_no': 0, 'count': 32}, {'cluster_no': 1, 'count': 26}]","[-1, 1, 1, -1, -1, -1, -1, 1, 1, -1, -1, -1, -1, -1, -1, -1, -1, 1, -1, -1, -1, -1, -1, -1, -1, 1, -1, -1, -1, 0, -1, -1, -1, 1, -1, -1, -1, -1, -1, -1, -1, 1, -1, -1, 1, 0, -1, 1, 1, -1, -1, -1, 1, -1, -1, -1, -1, 0, -1, -1, 1, -1, -1, -1, -1, 0, -1, -1, -1, -1, -1, -1, 1, -1, 1, -1, -1, -1, 0, -1, 0, -1, -1, 0, -1, -1, -1, -1, 0, -1, -1, 1, -1, -1, -1, 1, -1, -1, -1, -1, -1, -1, -1, -1, 0, -1, -1, -1, -1, -1, -1, -1, -1, -1, -1, -1, -1, -1, 1, -1, -1, -1, -1, -1, -1, 0, 1, -1, -1, -1, 1, -1, -1, -1, 1, -1, 0, -1, -1, -1, -1, 1, 0, 0, 0, -1, -1, -1, 1, -1, -1, -1, -1, -1, -1, -1, -1, -1, 0, 0, 0, -1, -1, -1, 0, 1, 0, -1, 0, -1, -1, 1, 0, -1, 0, -1, -1, -1, -1, -1, -1, 0, -1, -1, -1, -1, 0, -1, -1, -1, -1, -1, -1, -1, -1, -1, -1, -1, -1, -1, -1, -1, -1, -1, 1, -1, 0, 0, 0, 0, 0, 0, -1, -1, -1, -1, -1, -1, 0, -1, -1, -1, -1, -1, -1, -1, -1, -1, -1, -1, -1, -1, -1, -1, 0, -1, -1]"
150,13,13,0.0,0.7332809084898235,3,179,"[{'cluster_no': -1, 'count': 179}, {'cluster_no': 0, 'count': 32}, {'cluster_no': 1, 'count': 26}]","[-1, 1, 1, -1, -1, -1, -1, 1, 1, -1, -1, -1, -1, -1, -1, -1, -1, 1, -1, -1, -1, -1, -1, -1, -1, 1, -1, -1, -1, 0, -1, -1, -1, 1, -1, -1, -1, -1, -1, -1, -1, 1, -1, -1, 1, 0, -1, 1, 1, -1, -1, -1, 1, -1, -1, -1, -1, 0, -1, -1, 1, -1, -1, -1, -1, 0, -1, -1, -1, -1, -1, -1, 1, -1, 1, -1, -1, -1, 0, -1, 0, -1, -1, 0, -1, -1, -1, -1, 0, -1, -1, 1, -1, -1, -1, 1, -1, -1, -1, -1, -1, -1, -1, -1, 0, -1, -1, -1, -1, -1, -1, -1, -1, -1, -1, -1, -1, -1, 1, -1, -1, -1, -1, -1, -1, 0, 1, -1, -1, -1, 1, -1, -1, -1, 1, -1, 0, -1, -1, -1, -1, 1, 0, 0, 0, -1, -1, -1, 1, -1, -1, -1, -1, -1, -1, -1, -1, -1, 0, 0, 0, -1, -1, -1, 0, 1, 0, -1, 0, -1, -1, 1, 0, -1, 0, -1, -1, -1, -1, -1, -1, 0, -1, -1, -1, -1, 0, -1, -1, -1, -1, -1, -1, -1, -1, -1, -1, -1, -1, -1, -1, -1, -1, -1, 1, -1, 0, 0, 0, 0, 0, 0, -1, -1, -1, -1, -1, -1, 0, -1, -1, -1, -1, -1, -1, -1, -1, -1, -1, -1, -1, -1, -1, -1, 0, -1, -1]"
150,13,13,0.5,0.7332809084898235,3,179,"[{'cluster_no': -1, 'count': 179}, {'cluster_no': 0, 'count': 32}, {'cluster_no': 1, 'count': 26}]","[-1, 1, 1, -1, -1, -1, -1, 1, 1, -1, -1, -1, -1, -1, -1, -1, -1, 1, -1, -1, -1, -1, -1, -1, -1, 1, -1, -1, -1, 0, -1, -1, -1, 1, -1, -1, -1, -1, -1, -1, -1, 1, -1, -1, 1, 0, -1, 1, 1, -1, -1, -1, 1, -1, -1, -1, -1, 0, -1, -1, 1, -1, -1, -1, -1, 0, -1, -1, -1, -1, -1, -1, 1, -1, 1, -1, -1, -1, 0, -1, 0, -1, -1, 0, -1, -1, -1, -1, 0, -1, -1, 1, -1, -1, -1, 1, -1, -1, -1, -1, -1, -1, -1, -1, 0, -1, -1, -1, -1, -1, -1, -1, -1, -1, -1, -1, -1, -1, 1, -1, -1, -1, -1, -1, -1, 0, 1, -1, -1, -1, 1, -1, -1, -1, 1, -1, 0, -1, -1, -1, -1, 1, 0, 0, 0, -1, -1, -1, 1, -1, -1, -1, -1, -1, -1, -1, -1, -1, 0, 0, 0, -1, -1, -1, 0, 1, 0, -1, 0, -1, -1, 1, 0, -1, 0, -1, -1, -1, -1, -1, -1, 0, -1, -1, -1, -1, 0, -1, -1, -1, -1, -1, -1, -1, -1, -1, -1, -1, -1, -1, -1, -1, -1, -1, 1, -1, 0, 0, 0, 0, 0, 0, -1, -1, -1, -1, -1, -1, 0, -1, -1, -1, -1, -1, -1, -1, -1, -1, -1, -1, -1, -1, -1, -1, 0, -1, -1]"
150,13,13,1.0,0.7332809084898235,3,179,"[{'cluster_no': -1, 'count': 179}, {'cluster_no': 0, 'count': 32}, {'cluster_no': 1, 'count': 26}]","[-1, 1, 1, -1, -1, -1, -1, 1, 1, -1, -1, -1, -1, -1, -1, -1, -1, 1, -1, -1, -1, -1, -1, -1, -1, 1, -1, -1, -1, 0, -1, -1, -1, 1, -1, -1, -1, -1, -1, -1, -1, 1, -1, -1, 1, 0, -1, 1, 1, -1, -1, -1, 1, -1, -1, -1, -1, 0, -1, -1, 1, -1, -1, -1, -1, 0, -1, -1, -1, -1, -1, -1, 1, -1, 1, -1, -1, -1, 0, -1, 0, -1, -1, 0, -1, -1, -1, -1, 0, -1, -1, 1, -1, -1, -1, 1, -1, -1, -1, -1, -1, -1, -1, -1, 0, -1, -1, -1, -1, -1, -1, -1, -1, -1, -1, -1, -1, -1, 1, -1, -1, -1, -1, -1, -1, 0, 1, -1, -1, -1, 1, -1, -1, -1, 1, -1, 0, -1, -1, -1, -1, 1, 0, 0, 0, -1, -1, -1, 1, -1, -1, -1, -1, -1, -1, -1, -1, -1, 0, 0, 0, -1, -1, -1, 0, 1, 0, -1, 0, -1, -1, 1, 0, -1, 0, -1, -1, -1, -1, -1, -1, 0, -1, -1, -1, -1, 0, -1, -1, -1, -1, -1, -1, -1, -1, -1, -1, -1, -1, -1, -1, -1, -1, -1, 1, -1, 0, 0, 0, 0, 0, 0, -1, -1, -1, -1, -1, -1, 0, -1, -1, -1, -1, -1, -1, -1, -1, -1, -1, -1, -1, -1, -1, -1, 0, -1, -1]"
150,13,14,0.0,0.7332809084898235,3,179,"[{'cluster_no': -1, 'count': 179}, {'cluster_no': 0, 'count': 32}, {'cluster_no': 1, 'count': 26}]","[-1, 1, 1, -1, -1, -1, -1, 1, 1, -1, -1, -1, -1, -1, -1, -1, -1, 1, -1, -1, -1, -1, -1, -1, -1, 1, -1, -1, -1, 0, -1, -1, -1, 1, -1, -1, -1, -1, -1, -1, -1, 1, -1, -1, 1, 0, -1, 1, 1, -1, -1, -1, 1, -1, -1, -1, -1, 0, -1, -1, 1, -1, -1, -1, -1, 0, -1, -1, -1, -1, -1, -1, 1, -1, 1, -1, -1, -1, 0, -1, 0, -1, -1, 0, -1, -1, -1, -1, 0, -1, -1, 1, -1, -1, -1, 1, -1, -1, -1, -1, -1, -1, -1, -1, 0, -1, -1, -1, -1, -1, -1, -1, -1, -1, -1, -1, -1, -1, 1, -1, -1, -1, -1, -1, -1, 0, 1, -1, -1, -1, 1, -1, -1, -1, 1, -1, 0, -1, -1, -1, -1, 1, 0, 0, 0, -1, -1, -1, 1, -1, -1, -1, -1, -1, -1, -1, -1, -1, 0, 0, 0, -1, -1, -1, 0, 1, 0, -1, 0, -1, -1, 1, 0, -1, 0, -1, -1, -1, -1, -1, -1, 0, -1, -1, -1, -1, 0, -1, -1, -1, -1, -1, -1, -1, -1, -1, -1, -1, -1, -1, -1, -1, -1, -1, 1, -1, 0, 0, 0, 0, 0, 0, -1, -1, -1, -1, -1, -1, 0, -1, -1, -1, -1, -1, -1, -1, -1, -1, -1, -1, -1, -1, -1, -1, 0, -1, -1]"
150,13,14,0.5,0.7332809084898235,3,179,"[{'cluster_no': -1, 'count': 179}, {'cluster_no': 0, 'count': 32}, {'cluster_no': 1, 'count': 26}]","[-1, 1, 1, -1, -1, -1, -1, 1, 1, -1, -1, -1, -1, -1, -1, -1, -1, 1, -1, -1, -1, -1, -1, -1, -1, 1, -1, -1, -1, 0, -1, -1, -1, 1, -1, -1, -1, -1, -1, -1, -1, 1, -1, -1, 1, 0, -1, 1, 1, -1, -1, -1, 1, -1, -1, -1, -1, 0, -1, -1, 1, -1, -1, -1, -1, 0, -1, -1, -1, -1, -1, -1, 1, -1, 1, -1, -1, -1, 0, -1, 0, -1, -1, 0, -1, -1, -1, -1, 0, -1, -1, 1, -1, -1, -1, 1, -1, -1, -1, -1, -1, -1, -1, -1, 0, -1, -1, -1, -1, -1, -1, -1, -1, -1, -1, -1, -1, -1, 1, -1, -1, -1, -1, -1, -1, 0, 1, -1, -1, -1, 1, -1, -1, -1, 1, -1, 0, -1, -1, -1, -1, 1, 0, 0, 0, -1, -1, -1, 1, -1, -1, -1, -1, -1, -1, -1, -1, -1, 0, 0, 0, -1, -1, -1, 0, 1, 0, -1, 0, -1, -1, 1, 0, -1, 0, -1, -1, -1, -1, -1, -1, 0, -1, -1, -1, -1, 0, -1, -1, -1, -1, -1, -1, -1, -1, -1, -1, -1, -1, -1, -1, -1, -1, -1, 1, -1, 0, 0, 0, 0, 0, 0, -1, -1, -1, -1, -1, -1, 0, -1, -1, -1, -1, -1, -1, -1, -1, -1, -1, -1, -1, -1, -1, -1, 0, -1, -1]"
150,13,14,1.0,0.7332809084898235,3,179,"[{'cluster_no': -1, 'count': 179}, {'cluster_no': 0, 'count': 32}, {'cluster_no': 1, 'count': 26}]","[-1, 1, 1, -1, -1, -1, -1, 1, 1, -1, -1, -1, -1, -1, -1, -1, -1, 1, -1, -1, -1, -1, -1, -1, -1, 1, -1, -1, -1, 0, -1, -1, -1, 1, -1, -1, -1, -1, -1, -1, -1, 1, -1, -1, 1, 0, -1, 1, 1, -1, -1, -1, 1, -1, -1, -1, -1, 0, -1, -1, 1, -1, -1, -1, -1, 0, -1, -1, -1, -1, -1, -1, 1, -1, 1, -1, -1, -1, 0, -1, 0, -1, -1, 0, -1, -1, -1, -1, 0, -1, -1, 1, -1, -1, -1, 1, -1, -1, -1, -1, -1, -1, -1, -1, 0, -1, -1, -1, -1, -1, -1, -1, -1, -1, -1, -1, -1, -1, 1, -1, -1, -1, -1, -1, -1, 0, 1, -1, -1, -1, 1, -1, -1, -1, 1, -1, 0, -1, -1, -1, -1, 1, 0, 0, 0, -1, -1, -1, 1, -1, -1, -1, -1, -1, -1, -1, -1, -1, 0, 0, 0, -1, -1, -1, 0, 1, 0, -1, 0, -1, -1, 1, 0, -1, 0, -1, -1, -1, -1, -1, -1, 0, -1, -1, -1, -1, 0, -1, -1, -1, -1, -1, -1, -1, -1, -1, -1, -1, -1, -1, -1, -1, -1, -1, 1, -1, 0, 0, 0, 0, 0, 0, -1, -1, -1, -1, -1, -1, 0, -1, -1, -1, -1, -1, -1, -1, -1, -1, -1, -1, -1, -1, -1, -1, 0, -1, -1]"
150,13,15,0.0,0.7332809084898235,3,179,"[{'cluster_no': -1, 'count': 179}, {'cluster_no': 0, 'count': 32}, {'cluster_no': 1, 'count': 26}]","[-1, 1, 1, -1, -1, -1, -1, 1, 1, -1, -1, -1, -1, -1, -1, -1, -1, 1, -1, -1, -1, -1, -1, -1, -1, 1, -1, -1, -1, 0, -1, -1, -1, 1, -1, -1, -1, -1, -1, -1, -1, 1, -1, -1, 1, 0, -1, 1, 1, -1, -1, -1, 1, -1, -1, -1, -1, 0, -1, -1, 1, -1, -1, -1, -1, 0, -1, -1, -1, -1, -1, -1, 1, -1, 1, -1, -1, -1, 0, -1, 0, -1, -1, 0, -1, -1, -1, -1, 0, -1, -1, 1, -1, -1, -1, 1, -1, -1, -1, -1, -1, -1, -1, -1, 0, -1, -1, -1, -1, -1, -1, -1, -1, -1, -1, -1, -1, -1, 1, -1, -1, -1, -1, -1, -1, 0, 1, -1, -1, -1, 1, -1, -1, -1, 1, -1, 0, -1, -1, -1, -1, 1, 0, 0, 0, -1, -1, -1, 1, -1, -1, -1, -1, -1, -1, -1, -1, -1, 0, 0, 0, -1, -1, -1, 0, 1, 0, -1, 0, -1, -1, 1, 0, -1, 0, -1, -1, -1, -1, -1, -1, 0, -1, -1, -1, -1, 0, -1, -1, -1, -1, -1, -1, -1, -1, -1, -1, -1, -1, -1, -1, -1, -1, -1, 1, -1, 0, 0, 0, 0, 0, 0, -1, -1, -1, -1, -1, -1, 0, -1, -1, -1, -1, -1, -1, -1, -1, -1, -1, -1, -1, -1, -1, -1, 0, -1, -1]"
150,13,15,0.5,0.7332809084898235,3,179,"[{'cluster_no': -1, 'count': 179}, {'cluster_no': 0, 'count': 32}, {'cluster_no': 1, 'count': 26}]","[-1, 1, 1, -1, -1, -1, -1, 1, 1, -1, -1, -1, -1, -1, -1, -1, -1, 1, -1, -1, -1, -1, -1, -1, -1, 1, -1, -1, -1, 0, -1, -1, -1, 1, -1, -1, -1, -1, -1, -1, -1, 1, -1, -1, 1, 0, -1, 1, 1, -1, -1, -1, 1, -1, -1, -1, -1, 0, -1, -1, 1, -1, -1, -1, -1, 0, -1, -1, -1, -1, -1, -1, 1, -1, 1, -1, -1, -1, 0, -1, 0, -1, -1, 0, -1, -1, -1, -1, 0, -1, -1, 1, -1, -1, -1, 1, -1, -1, -1, -1, -1, -1, -1, -1, 0, -1, -1, -1, -1, -1, -1, -1, -1, -1, -1, -1, -1, -1, 1, -1, -1, -1, -1, -1, -1, 0, 1, -1, -1, -1, 1, -1, -1, -1, 1, -1, 0, -1, -1, -1, -1, 1, 0, 0, 0, -1, -1, -1, 1, -1, -1, -1, -1, -1, -1, -1, -1, -1, 0, 0, 0, -1, -1, -1, 0, 1, 0, -1, 0, -1, -1, 1, 0, -1, 0, -1, -1, -1, -1, -1, -1, 0, -1, -1, -1, -1, 0, -1, -1, -1, -1, -1, -1, -1, -1, -1, -1, -1, -1, -1, -1, -1, -1, -1, 1, -1, 0, 0, 0, 0, 0, 0, -1, -1, -1, -1, -1, -1, 0, -1, -1, -1, -1, -1, -1, -1, -1, -1, -1, -1, -1, -1, -1, -1, 0, -1, -1]"
150,13,15,1.0,0.7332809084898235,3,179,"[{'cluster_no': -1, 'count': 179}, {'cluster_no': 0, 'count': 32}, {'cluster_no': 1, 'count': 26}]","[-1, 1, 1, -1, -1, -1, -1, 1, 1, -1, -1, -1, -1, -1, -1, -1, -1, 1, -1, -1, -1, -1, -1, -1, -1, 1, -1, -1, -1, 0, -1, -1, -1, 1, -1, -1, -1, -1, -1, -1, -1, 1, -1, -1, 1, 0, -1, 1, 1, -1, -1, -1, 1, -1, -1, -1, -1, 0, -1, -1, 1, -1, -1, -1, -1, 0, -1, -1, -1, -1, -1, -1, 1, -1, 1, -1, -1, -1, 0, -1, 0, -1, -1, 0, -1, -1, -1, -1, 0, -1, -1, 1, -1, -1, -1, 1, -1, -1, -1, -1, -1, -1, -1, -1, 0, -1, -1, -1, -1, -1, -1, -1, -1, -1, -1, -1, -1, -1, 1, -1, -1, -1, -1, -1, -1, 0, 1, -1, -1, -1, 1, -1, -1, -1, 1, -1, 0, -1, -1, -1, -1, 1, 0, 0, 0, -1, -1, -1, 1, -1, -1, -1, -1, -1, -1, -1, -1, -1, 0, 0, 0, -1, -1, -1, 0, 1, 0, -1, 0, -1, -1, 1, 0, -1, 0, -1, -1, -1, -1, -1, -1, 0, -1, -1, -1, -1, 0, -1, -1, -1, -1, -1, -1, -1, -1, -1, -1, -1, -1, -1, -1, -1, -1, -1, 1, -1, 0, 0, 0, 0, 0, 0, -1, -1, -1, -1, -1, -1, 0, -1, -1, -1, -1, -1, -1, -1, -1, -1, -1, -1, -1, -1, -1, -1, 0, -1, -1]"
150,13,16,0.0,0.7332809084898235,3,179,"[{'cluster_no': -1, 'count': 179}, {'cluster_no': 0, 'count': 32}, {'cluster_no': 1, 'count': 26}]","[-1, 1, 1, -1, -1, -1, -1, 1, 1, -1, -1, -1, -1, -1, -1, -1, -1, 1, -1, -1, -1, -1, -1, -1, -1, 1, -1, -1, -1, 0, -1, -1, -1, 1, -1, -1, -1, -1, -1, -1, -1, 1, -1, -1, 1, 0, -1, 1, 1, -1, -1, -1, 1, -1, -1, -1, -1, 0, -1, -1, 1, -1, -1, -1, -1, 0, -1, -1, -1, -1, -1, -1, 1, -1, 1, -1, -1, -1, 0, -1, 0, -1, -1, 0, -1, -1, -1, -1, 0, -1, -1, 1, -1, -1, -1, 1, -1, -1, -1, -1, -1, -1, -1, -1, 0, -1, -1, -1, -1, -1, -1, -1, -1, -1, -1, -1, -1, -1, 1, -1, -1, -1, -1, -1, -1, 0, 1, -1, -1, -1, 1, -1, -1, -1, 1, -1, 0, -1, -1, -1, -1, 1, 0, 0, 0, -1, -1, -1, 1, -1, -1, -1, -1, -1, -1, -1, -1, -1, 0, 0, 0, -1, -1, -1, 0, 1, 0, -1, 0, -1, -1, 1, 0, -1, 0, -1, -1, -1, -1, -1, -1, 0, -1, -1, -1, -1, 0, -1, -1, -1, -1, -1, -1, -1, -1, -1, -1, -1, -1, -1, -1, -1, -1, -1, 1, -1, 0, 0, 0, 0, 0, 0, -1, -1, -1, -1, -1, -1, 0, -1, -1, -1, -1, -1, -1, -1, -1, -1, -1, -1, -1, -1, -1, -1, 0, -1, -1]"
150,13,16,0.5,0.7332809084898235,3,179,"[{'cluster_no': -1, 'count': 179}, {'cluster_no': 0, 'count': 32}, {'cluster_no': 1, 'count': 26}]","[-1, 1, 1, -1, -1, -1, -1, 1, 1, -1, -1, -1, -1, -1, -1, -1, -1, 1, -1, -1, -1, -1, -1, -1, -1, 1, -1, -1, -1, 0, -1, -1, -1, 1, -1, -1, -1, -1, -1, -1, -1, 1, -1, -1, 1, 0, -1, 1, 1, -1, -1, -1, 1, -1, -1, -1, -1, 0, -1, -1, 1, -1, -1, -1, -1, 0, -1, -1, -1, -1, -1, -1, 1, -1, 1, -1, -1, -1, 0, -1, 0, -1, -1, 0, -1, -1, -1, -1, 0, -1, -1, 1, -1, -1, -1, 1, -1, -1, -1, -1, -1, -1, -1, -1, 0, -1, -1, -1, -1, -1, -1, -1, -1, -1, -1, -1, -1, -1, 1, -1, -1, -1, -1, -1, -1, 0, 1, -1, -1, -1, 1, -1, -1, -1, 1, -1, 0, -1, -1, -1, -1, 1, 0, 0, 0, -1, -1, -1, 1, -1, -1, -1, -1, -1, -1, -1, -1, -1, 0, 0, 0, -1, -1, -1, 0, 1, 0, -1, 0, -1, -1, 1, 0, -1, 0, -1, -1, -1, -1, -1, -1, 0, -1, -1, -1, -1, 0, -1, -1, -1, -1, -1, -1, -1, -1, -1, -1, -1, -1, -1, -1, -1, -1, -1, 1, -1, 0, 0, 0, 0, 0, 0, -1, -1, -1, -1, -1, -1, 0, -1, -1, -1, -1, -1, -1, -1, -1, -1, -1, -1, -1, -1, -1, -1, 0, -1, -1]"
150,13,16,1.0,0.7332809084898235,3,179,"[{'cluster_no': -1, 'count': 179}, {'cluster_no': 0, 'count': 32}, {'cluster_no': 1, 'count': 26}]","[-1, 1, 1, -1, -1, -1, -1, 1, 1, -1, -1, -1, -1, -1, -1, -1, -1, 1, -1, -1, -1, -1, -1, -1, -1, 1, -1, -1, -1, 0, -1, -1, -1, 1, -1, -1, -1, -1, -1, -1, -1, 1, -1, -1, 1, 0, -1, 1, 1, -1, -1, -1, 1, -1, -1, -1, -1, 0, -1, -1, 1, -1, -1, -1, -1, 0, -1, -1, -1, -1, -1, -1, 1, -1, 1, -1, -1, -1, 0, -1, 0, -1, -1, 0, -1, -1, -1, -1, 0, -1, -1, 1, -1, -1, -1, 1, -1, -1, -1, -1, -1, -1, -1, -1, 0, -1, -1, -1, -1, -1, -1, -1, -1, -1, -1, -1, -1, -1, 1, -1, -1, -1, -1, -1, -1, 0, 1, -1, -1, -1, 1, -1, -1, -1, 1, -1, 0, -1, -1, -1, -1, 1, 0, 0, 0, -1, -1, -1, 1, -1, -1, -1, -1, -1, -1, -1, -1, -1, 0, 0, 0, -1, -1, -1, 0, 1, 0, -1, 0, -1, -1, 1, 0, -1, 0, -1, -1, -1, -1, -1, -1, 0, -1, -1, -1, -1, 0, -1, -1, -1, -1, -1, -1, -1, -1, -1, -1, -1, -1, -1, -1, -1, -1, -1, 1, -1, 0, 0, 0, 0, 0, 0, -1, -1, -1, -1, -1, -1, 0, -1, -1, -1, -1, -1, -1, -1, -1, -1, -1, -1, -1, -1, -1, -1, 0, -1, -1]"
150,13,17,0.0,0.7332809084898235,3,179,"[{'cluster_no': -1, 'count': 179}, {'cluster_no': 0, 'count': 32}, {'cluster_no': 1, 'count': 26}]","[-1, 1, 1, -1, -1, -1, -1, 1, 1, -1, -1, -1, -1, -1, -1, -1, -1, 1, -1, -1, -1, -1, -1, -1, -1, 1, -1, -1, -1, 0, -1, -1, -1, 1, -1, -1, -1, -1, -1, -1, -1, 1, -1, -1, 1, 0, -1, 1, 1, -1, -1, -1, 1, -1, -1, -1, -1, 0, -1, -1, 1, -1, -1, -1, -1, 0, -1, -1, -1, -1, -1, -1, 1, -1, 1, -1, -1, -1, 0, -1, 0, -1, -1, 0, -1, -1, -1, -1, 0, -1, -1, 1, -1, -1, -1, 1, -1, -1, -1, -1, -1, -1, -1, -1, 0, -1, -1, -1, -1, -1, -1, -1, -1, -1, -1, -1, -1, -1, 1, -1, -1, -1, -1, -1, -1, 0, 1, -1, -1, -1, 1, -1, -1, -1, 1, -1, 0, -1, -1, -1, -1, 1, 0, 0, 0, -1, -1, -1, 1, -1, -1, -1, -1, -1, -1, -1, -1, -1, 0, 0, 0, -1, -1, -1, 0, 1, 0, -1, 0, -1, -1, 1, 0, -1, 0, -1, -1, -1, -1, -1, -1, 0, -1, -1, -1, -1, 0, -1, -1, -1, -1, -1, -1, -1, -1, -1, -1, -1, -1, -1, -1, -1, -1, -1, 1, -1, 0, 0, 0, 0, 0, 0, -1, -1, -1, -1, -1, -1, 0, -1, -1, -1, -1, -1, -1, -1, -1, -1, -1, -1, -1, -1, -1, -1, 0, -1, -1]"
150,13,17,0.5,0.7332809084898235,3,179,"[{'cluster_no': -1, 'count': 179}, {'cluster_no': 0, 'count': 32}, {'cluster_no': 1, 'count': 26}]","[-1, 1, 1, -1, -1, -1, -1, 1, 1, -1, -1, -1, -1, -1, -1, -1, -1, 1, -1, -1, -1, -1, -1, -1, -1, 1, -1, -1, -1, 0, -1, -1, -1, 1, -1, -1, -1, -1, -1, -1, -1, 1, -1, -1, 1, 0, -1, 1, 1, -1, -1, -1, 1, -1, -1, -1, -1, 0, -1, -1, 1, -1, -1, -1, -1, 0, -1, -1, -1, -1, -1, -1, 1, -1, 1, -1, -1, -1, 0, -1, 0, -1, -1, 0, -1, -1, -1, -1, 0, -1, -1, 1, -1, -1, -1, 1, -1, -1, -1, -1, -1, -1, -1, -1, 0, -1, -1, -1, -1, -1, -1, -1, -1, -1, -1, -1, -1, -1, 1, -1, -1, -1, -1, -1, -1, 0, 1, -1, -1, -1, 1, -1, -1, -1, 1, -1, 0, -1, -1, -1, -1, 1, 0, 0, 0, -1, -1, -1, 1, -1, -1, -1, -1, -1, -1, -1, -1, -1, 0, 0, 0, -1, -1, -1, 0, 1, 0, -1, 0, -1, -1, 1, 0, -1, 0, -1, -1, -1, -1, -1, -1, 0, -1, -1, -1, -1, 0, -1, -1, -1, -1, -1, -1, -1, -1, -1, -1, -1, -1, -1, -1, -1, -1, -1, 1, -1, 0, 0, 0, 0, 0, 0, -1, -1, -1, -1, -1, -1, 0, -1, -1, -1, -1, -1, -1, -1, -1, -1, -1, -1, -1, -1, -1, -1, 0, -1, -1]"
150,13,17,1.0,0.7332809084898235,3,179,"[{'cluster_no': -1, 'count': 179}, {'cluster_no': 0, 'count': 32}, {'cluster_no': 1, 'count': 26}]","[-1, 1, 1, -1, -1, -1, -1, 1, 1, -1, -1, -1, -1, -1, -1, -1, -1, 1, -1, -1, -1, -1, -1, -1, -1, 1, -1, -1, -1, 0, -1, -1, -1, 1, -1, -1, -1, -1, -1, -1, -1, 1, -1, -1, 1, 0, -1, 1, 1, -1, -1, -1, 1, -1, -1, -1, -1, 0, -1, -1, 1, -1, -1, -1, -1, 0, -1, -1, -1, -1, -1, -1, 1, -1, 1, -1, -1, -1, 0, -1, 0, -1, -1, 0, -1, -1, -1, -1, 0, -1, -1, 1, -1, -1, -1, 1, -1, -1, -1, -1, -1, -1, -1, -1, 0, -1, -1, -1, -1, -1, -1, -1, -1, -1, -1, -1, -1, -1, 1, -1, -1, -1, -1, -1, -1, 0, 1, -1, -1, -1, 1, -1, -1, -1, 1, -1, 0, -1, -1, -1, -1, 1, 0, 0, 0, -1, -1, -1, 1, -1, -1, -1, -1, -1, -1, -1, -1, -1, 0, 0, 0, -1, -1, -1, 0, 1, 0, -1, 0, -1, -1, 1, 0, -1, 0, -1, -1, -1, -1, -1, -1, 0, -1, -1, -1, -1, 0, -1, -1, -1, -1, -1, -1, -1, -1, -1, -1, -1, -1, -1, -1, -1, -1, -1, 1, -1, 0, 0, 0, 0, 0, 0, -1, -1, -1, -1, -1, -1, 0, -1, -1, -1, -1, -1, -1, -1, -1, -1, -1, -1, -1, -1, -1, -1, 0, -1, -1]"
150,13,18,0.0,0.7332809084898235,3,179,"[{'cluster_no': -1, 'count': 179}, {'cluster_no': 0, 'count': 32}, {'cluster_no': 1, 'count': 26}]","[-1, 1, 1, -1, -1, -1, -1, 1, 1, -1, -1, -1, -1, -1, -1, -1, -1, 1, -1, -1, -1, -1, -1, -1, -1, 1, -1, -1, -1, 0, -1, -1, -1, 1, -1, -1, -1, -1, -1, -1, -1, 1, -1, -1, 1, 0, -1, 1, 1, -1, -1, -1, 1, -1, -1, -1, -1, 0, -1, -1, 1, -1, -1, -1, -1, 0, -1, -1, -1, -1, -1, -1, 1, -1, 1, -1, -1, -1, 0, -1, 0, -1, -1, 0, -1, -1, -1, -1, 0, -1, -1, 1, -1, -1, -1, 1, -1, -1, -1, -1, -1, -1, -1, -1, 0, -1, -1, -1, -1, -1, -1, -1, -1, -1, -1, -1, -1, -1, 1, -1, -1, -1, -1, -1, -1, 0, 1, -1, -1, -1, 1, -1, -1, -1, 1, -1, 0, -1, -1, -1, -1, 1, 0, 0, 0, -1, -1, -1, 1, -1, -1, -1, -1, -1, -1, -1, -1, -1, 0, 0, 0, -1, -1, -1, 0, 1, 0, -1, 0, -1, -1, 1, 0, -1, 0, -1, -1, -1, -1, -1, -1, 0, -1, -1, -1, -1, 0, -1, -1, -1, -1, -1, -1, -1, -1, -1, -1, -1, -1, -1, -1, -1, -1, -1, 1, -1, 0, 0, 0, 0, 0, 0, -1, -1, -1, -1, -1, -1, 0, -1, -1, -1, -1, -1, -1, -1, -1, -1, -1, -1, -1, -1, -1, -1, 0, -1, -1]"
150,13,18,0.5,0.7332809084898235,3,179,"[{'cluster_no': -1, 'count': 179}, {'cluster_no': 0, 'count': 32}, {'cluster_no': 1, 'count': 26}]","[-1, 1, 1, -1, -1, -1, -1, 1, 1, -1, -1, -1, -1, -1, -1, -1, -1, 1, -1, -1, -1, -1, -1, -1, -1, 1, -1, -1, -1, 0, -1, -1, -1, 1, -1, -1, -1, -1, -1, -1, -1, 1, -1, -1, 1, 0, -1, 1, 1, -1, -1, -1, 1, -1, -1, -1, -1, 0, -1, -1, 1, -1, -1, -1, -1, 0, -1, -1, -1, -1, -1, -1, 1, -1, 1, -1, -1, -1, 0, -1, 0, -1, -1, 0, -1, -1, -1, -1, 0, -1, -1, 1, -1, -1, -1, 1, -1, -1, -1, -1, -1, -1, -1, -1, 0, -1, -1, -1, -1, -1, -1, -1, -1, -1, -1, -1, -1, -1, 1, -1, -1, -1, -1, -1, -1, 0, 1, -1, -1, -1, 1, -1, -1, -1, 1, -1, 0, -1, -1, -1, -1, 1, 0, 0, 0, -1, -1, -1, 1, -1, -1, -1, -1, -1, -1, -1, -1, -1, 0, 0, 0, -1, -1, -1, 0, 1, 0, -1, 0, -1, -1, 1, 0, -1, 0, -1, -1, -1, -1, -1, -1, 0, -1, -1, -1, -1, 0, -1, -1, -1, -1, -1, -1, -1, -1, -1, -1, -1, -1, -1, -1, -1, -1, -1, 1, -1, 0, 0, 0, 0, 0, 0, -1, -1, -1, -1, -1, -1, 0, -1, -1, -1, -1, -1, -1, -1, -1, -1, -1, -1, -1, -1, -1, -1, 0, -1, -1]"
150,13,18,1.0,0.7332809084898235,3,179,"[{'cluster_no': -1, 'count': 179}, {'cluster_no': 0, 'count': 32}, {'cluster_no': 1, 'count': 26}]","[-1, 1, 1, -1, -1, -1, -1, 1, 1, -1, -1, -1, -1, -1, -1, -1, -1, 1, -1, -1, -1, -1, -1, -1, -1, 1, -1, -1, -1, 0, -1, -1, -1, 1, -1, -1, -1, -1, -1, -1, -1, 1, -1, -1, 1, 0, -1, 1, 1, -1, -1, -1, 1, -1, -1, -1, -1, 0, -1, -1, 1, -1, -1, -1, -1, 0, -1, -1, -1, -1, -1, -1, 1, -1, 1, -1, -1, -1, 0, -1, 0, -1, -1, 0, -1, -1, -1, -1, 0, -1, -1, 1, -1, -1, -1, 1, -1, -1, -1, -1, -1, -1, -1, -1, 0, -1, -1, -1, -1, -1, -1, -1, -1, -1, -1, -1, -1, -1, 1, -1, -1, -1, -1, -1, -1, 0, 1, -1, -1, -1, 1, -1, -1, -1, 1, -1, 0, -1, -1, -1, -1, 1, 0, 0, 0, -1, -1, -1, 1, -1, -1, -1, -1, -1, -1, -1, -1, -1, 0, 0, 0, -1, -1, -1, 0, 1, 0, -1, 0, -1, -1, 1, 0, -1, 0, -1, -1, -1, -1, -1, -1, 0, -1, -1, -1, -1, 0, -1, -1, -1, -1, -1, -1, -1, -1, -1, -1, -1, -1, -1, -1, -1, -1, -1, 1, -1, 0, 0, 0, 0, 0, 0, -1, -1, -1, -1, -1, -1, 0, -1, -1, -1, -1, -1, -1, -1, -1, -1, -1, -1, -1, -1, -1, -1, 0, -1, -1]"
150,13,19,0.0,0.7332809084898235,3,179,"[{'cluster_no': -1, 'count': 179}, {'cluster_no': 0, 'count': 32}, {'cluster_no': 1, 'count': 26}]","[-1, 1, 1, -1, -1, -1, -1, 1, 1, -1, -1, -1, -1, -1, -1, -1, -1, 1, -1, -1, -1, -1, -1, -1, -1, 1, -1, -1, -1, 0, -1, -1, -1, 1, -1, -1, -1, -1, -1, -1, -1, 1, -1, -1, 1, 0, -1, 1, 1, -1, -1, -1, 1, -1, -1, -1, -1, 0, -1, -1, 1, -1, -1, -1, -1, 0, -1, -1, -1, -1, -1, -1, 1, -1, 1, -1, -1, -1, 0, -1, 0, -1, -1, 0, -1, -1, -1, -1, 0, -1, -1, 1, -1, -1, -1, 1, -1, -1, -1, -1, -1, -1, -1, -1, 0, -1, -1, -1, -1, -1, -1, -1, -1, -1, -1, -1, -1, -1, 1, -1, -1, -1, -1, -1, -1, 0, 1, -1, -1, -1, 1, -1, -1, -1, 1, -1, 0, -1, -1, -1, -1, 1, 0, 0, 0, -1, -1, -1, 1, -1, -1, -1, -1, -1, -1, -1, -1, -1, 0, 0, 0, -1, -1, -1, 0, 1, 0, -1, 0, -1, -1, 1, 0, -1, 0, -1, -1, -1, -1, -1, -1, 0, -1, -1, -1, -1, 0, -1, -1, -1, -1, -1, -1, -1, -1, -1, -1, -1, -1, -1, -1, -1, -1, -1, 1, -1, 0, 0, 0, 0, 0, 0, -1, -1, -1, -1, -1, -1, 0, -1, -1, -1, -1, -1, -1, -1, -1, -1, -1, -1, -1, -1, -1, -1, 0, -1, -1]"
150,13,19,0.5,0.7332809084898235,3,179,"[{'cluster_no': -1, 'count': 179}, {'cluster_no': 0, 'count': 32}, {'cluster_no': 1, 'count': 26}]","[-1, 1, 1, -1, -1, -1, -1, 1, 1, -1, -1, -1, -1, -1, -1, -1, -1, 1, -1, -1, -1, -1, -1, -1, -1, 1, -1, -1, -1, 0, -1, -1, -1, 1, -1, -1, -1, -1, -1, -1, -1, 1, -1, -1, 1, 0, -1, 1, 1, -1, -1, -1, 1, -1, -1, -1, -1, 0, -1, -1, 1, -1, -1, -1, -1, 0, -1, -1, -1, -1, -1, -1, 1, -1, 1, -1, -1, -1, 0, -1, 0, -1, -1, 0, -1, -1, -1, -1, 0, -1, -1, 1, -1, -1, -1, 1, -1, -1, -1, -1, -1, -1, -1, -1, 0, -1, -1, -1, -1, -1, -1, -1, -1, -1, -1, -1, -1, -1, 1, -1, -1, -1, -1, -1, -1, 0, 1, -1, -1, -1, 1, -1, -1, -1, 1, -1, 0, -1, -1, -1, -1, 1, 0, 0, 0, -1, -1, -1, 1, -1, -1, -1, -1, -1, -1, -1, -1, -1, 0, 0, 0, -1, -1, -1, 0, 1, 0, -1, 0, -1, -1, 1, 0, -1, 0, -1, -1, -1, -1, -1, -1, 0, -1, -1, -1, -1, 0, -1, -1, -1, -1, -1, -1, -1, -1, -1, -1, -1, -1, -1, -1, -1, -1, -1, 1, -1, 0, 0, 0, 0, 0, 0, -1, -1, -1, -1, -1, -1, 0, -1, -1, -1, -1, -1, -1, -1, -1, -1, -1, -1, -1, -1, -1, -1, 0, -1, -1]"
150,13,19,1.0,0.7332809084898235,3,179,"[{'cluster_no': -1, 'count': 179}, {'cluster_no': 0, 'count': 32}, {'cluster_no': 1, 'count': 26}]","[-1, 1, 1, -1, -1, -1, -1, 1, 1, -1, -1, -1, -1, -1, -1, -1, -1, 1, -1, -1, -1, -1, -1, -1, -1, 1, -1, -1, -1, 0, -1, -1, -1, 1, -1, -1, -1, -1, -1, -1, -1, 1, -1, -1, 1, 0, -1, 1, 1, -1, -1, -1, 1, -1, -1, -1, -1, 0, -1, -1, 1, -1, -1, -1, -1, 0, -1, -1, -1, -1, -1, -1, 1, -1, 1, -1, -1, -1, 0, -1, 0, -1, -1, 0, -1, -1, -1, -1, 0, -1, -1, 1, -1, -1, -1, 1, -1, -1, -1, -1, -1, -1, -1, -1, 0, -1, -1, -1, -1, -1, -1, -1, -1, -1, -1, -1, -1, -1, 1, -1, -1, -1, -1, -1, -1, 0, 1, -1, -1, -1, 1, -1, -1, -1, 1, -1, 0, -1, -1, -1, -1, 1, 0, 0, 0, -1, -1, -1, 1, -1, -1, -1, -1, -1, -1, -1, -1, -1, 0, 0, 0, -1, -1, -1, 0, 1, 0, -1, 0, -1, -1, 1, 0, -1, 0, -1, -1, -1, -1, -1, -1, 0, -1, -1, -1, -1, 0, -1, -1, -1, -1, -1, -1, -1, -1, -1, -1, -1, -1, -1, -1, -1, -1, -1, 1, -1, 0, 0, 0, 0, 0, 0, -1, -1, -1, -1, -1, -1, 0, -1, -1, -1, -1, -1, -1, -1, -1, -1, -1, -1, -1, -1, -1, -1, 0, -1, -1]"
150,13,20,0.0,0.7332809084898235,3,179,"[{'cluster_no': -1, 'count': 179}, {'cluster_no': 0, 'count': 32}, {'cluster_no': 1, 'count': 26}]","[-1, 1, 1, -1, -1, -1, -1, 1, 1, -1, -1, -1, -1, -1, -1, -1, -1, 1, -1, -1, -1, -1, -1, -1, -1, 1, -1, -1, -1, 0, -1, -1, -1, 1, -1, -1, -1, -1, -1, -1, -1, 1, -1, -1, 1, 0, -1, 1, 1, -1, -1, -1, 1, -1, -1, -1, -1, 0, -1, -1, 1, -1, -1, -1, -1, 0, -1, -1, -1, -1, -1, -1, 1, -1, 1, -1, -1, -1, 0, -1, 0, -1, -1, 0, -1, -1, -1, -1, 0, -1, -1, 1, -1, -1, -1, 1, -1, -1, -1, -1, -1, -1, -1, -1, 0, -1, -1, -1, -1, -1, -1, -1, -1, -1, -1, -1, -1, -1, 1, -1, -1, -1, -1, -1, -1, 0, 1, -1, -1, -1, 1, -1, -1, -1, 1, -1, 0, -1, -1, -1, -1, 1, 0, 0, 0, -1, -1, -1, 1, -1, -1, -1, -1, -1, -1, -1, -1, -1, 0, 0, 0, -1, -1, -1, 0, 1, 0, -1, 0, -1, -1, 1, 0, -1, 0, -1, -1, -1, -1, -1, -1, 0, -1, -1, -1, -1, 0, -1, -1, -1, -1, -1, -1, -1, -1, -1, -1, -1, -1, -1, -1, -1, -1, -1, 1, -1, 0, 0, 0, 0, 0, 0, -1, -1, -1, -1, -1, -1, 0, -1, -1, -1, -1, -1, -1, -1, -1, -1, -1, -1, -1, -1, -1, -1, 0, -1, -1]"
150,13,20,0.5,0.7332809084898235,3,179,"[{'cluster_no': -1, 'count': 179}, {'cluster_no': 0, 'count': 32}, {'cluster_no': 1, 'count': 26}]","[-1, 1, 1, -1, -1, -1, -1, 1, 1, -1, -1, -1, -1, -1, -1, -1, -1, 1, -1, -1, -1, -1, -1, -1, -1, 1, -1, -1, -1, 0, -1, -1, -1, 1, -1, -1, -1, -1, -1, -1, -1, 1, -1, -1, 1, 0, -1, 1, 1, -1, -1, -1, 1, -1, -1, -1, -1, 0, -1, -1, 1, -1, -1, -1, -1, 0, -1, -1, -1, -1, -1, -1, 1, -1, 1, -1, -1, -1, 0, -1, 0, -1, -1, 0, -1, -1, -1, -1, 0, -1, -1, 1, -1, -1, -1, 1, -1, -1, -1, -1, -1, -1, -1, -1, 0, -1, -1, -1, -1, -1, -1, -1, -1, -1, -1, -1, -1, -1, 1, -1, -1, -1, -1, -1, -1, 0, 1, -1, -1, -1, 1, -1, -1, -1, 1, -1, 0, -1, -1, -1, -1, 1, 0, 0, 0, -1, -1, -1, 1, -1, -1, -1, -1, -1, -1, -1, -1, -1, 0, 0, 0, -1, -1, -1, 0, 1, 0, -1, 0, -1, -1, 1, 0, -1, 0, -1, -1, -1, -1, -1, -1, 0, -1, -1, -1, -1, 0, -1, -1, -1, -1, -1, -1, -1, -1, -1, -1, -1, -1, -1, -1, -1, -1, -1, 1, -1, 0, 0, 0, 0, 0, 0, -1, -1, -1, -1, -1, -1, 0, -1, -1, -1, -1, -1, -1, -1, -1, -1, -1, -1, -1, -1, -1, -1, 0, -1, -1]"
150,13,20,1.0,0.7332809084898235,3,179,"[{'cluster_no': -1, 'count': 179}, {'cluster_no': 0, 'count': 32}, {'cluster_no': 1, 'count': 26}]","[-1, 1, 1, -1, -1, -1, -1, 1, 1, -1, -1, -1, -1, -1, -1, -1, -1, 1, -1, -1, -1, -1, -1, -1, -1, 1, -1, -1, -1, 0, -1, -1, -1, 1, -1, -1, -1, -1, -1, -1, -1, 1, -1, -1, 1, 0, -1, 1, 1, -1, -1, -1, 1, -1, -1, -1, -1, 0, -1, -1, 1, -1, -1, -1, -1, 0, -1, -1, -1, -1, -1, -1, 1, -1, 1, -1, -1, -1, 0, -1, 0, -1, -1, 0, -1, -1, -1, -1, 0, -1, -1, 1, -1, -1, -1, 1, -1, -1, -1, -1, -1, -1, -1, -1, 0, -1, -1, -1, -1, -1, -1, -1, -1, -1, -1, -1, -1, -1, 1, -1, -1, -1, -1, -1, -1, 0, 1, -1, -1, -1, 1, -1, -1, -1, 1, -1, 0, -1, -1, -1, -1, 1, 0, 0, 0, -1, -1, -1, 1, -1, -1, -1, -1, -1, -1, -1, -1, -1, 0, 0, 0, -1, -1, -1, 0, 1, 0, -1, 0, -1, -1, 1, 0, -1, 0, -1, -1, -1, -1, -1, -1, 0, -1, -1, -1, -1, 0, -1, -1, -1, -1, -1, -1, -1, -1, -1, -1, -1, -1, -1, -1, -1, -1, -1, 1, -1, 0, 0, 0, 0, 0, 0, -1, -1, -1, -1, -1, -1, 0, -1, -1, -1, -1, -1, -1, -1, -1, -1, -1, -1, -1, -1, -1, -1, 0, -1, -1]"
150,13,21,0.0,0.7332809084898235,3,179,"[{'cluster_no': -1, 'count': 179}, {'cluster_no': 0, 'count': 32}, {'cluster_no': 1, 'count': 26}]","[-1, 1, 1, -1, -1, -1, -1, 1, 1, -1, -1, -1, -1, -1, -1, -1, -1, 1, -1, -1, -1, -1, -1, -1, -1, 1, -1, -1, -1, 0, -1, -1, -1, 1, -1, -1, -1, -1, -1, -1, -1, 1, -1, -1, 1, 0, -1, 1, 1, -1, -1, -1, 1, -1, -1, -1, -1, 0, -1, -1, 1, -1, -1, -1, -1, 0, -1, -1, -1, -1, -1, -1, 1, -1, 1, -1, -1, -1, 0, -1, 0, -1, -1, 0, -1, -1, -1, -1, 0, -1, -1, 1, -1, -1, -1, 1, -1, -1, -1, -1, -1, -1, -1, -1, 0, -1, -1, -1, -1, -1, -1, -1, -1, -1, -1, -1, -1, -1, 1, -1, -1, -1, -1, -1, -1, 0, 1, -1, -1, -1, 1, -1, -1, -1, 1, -1, 0, -1, -1, -1, -1, 1, 0, 0, 0, -1, -1, -1, 1, -1, -1, -1, -1, -1, -1, -1, -1, -1, 0, 0, 0, -1, -1, -1, 0, 1, 0, -1, 0, -1, -1, 1, 0, -1, 0, -1, -1, -1, -1, -1, -1, 0, -1, -1, -1, -1, 0, -1, -1, -1, -1, -1, -1, -1, -1, -1, -1, -1, -1, -1, -1, -1, -1, -1, 1, -1, 0, 0, 0, 0, 0, 0, -1, -1, -1, -1, -1, -1, 0, -1, -1, -1, -1, -1, -1, -1, -1, -1, -1, -1, -1, -1, -1, -1, 0, -1, -1]"
150,13,21,0.5,0.7332809084898235,3,179,"[{'cluster_no': -1, 'count': 179}, {'cluster_no': 0, 'count': 32}, {'cluster_no': 1, 'count': 26}]","[-1, 1, 1, -1, -1, -1, -1, 1, 1, -1, -1, -1, -1, -1, -1, -1, -1, 1, -1, -1, -1, -1, -1, -1, -1, 1, -1, -1, -1, 0, -1, -1, -1, 1, -1, -1, -1, -1, -1, -1, -1, 1, -1, -1, 1, 0, -1, 1, 1, -1, -1, -1, 1, -1, -1, -1, -1, 0, -1, -1, 1, -1, -1, -1, -1, 0, -1, -1, -1, -1, -1, -1, 1, -1, 1, -1, -1, -1, 0, -1, 0, -1, -1, 0, -1, -1, -1, -1, 0, -1, -1, 1, -1, -1, -1, 1, -1, -1, -1, -1, -1, -1, -1, -1, 0, -1, -1, -1, -1, -1, -1, -1, -1, -1, -1, -1, -1, -1, 1, -1, -1, -1, -1, -1, -1, 0, 1, -1, -1, -1, 1, -1, -1, -1, 1, -1, 0, -1, -1, -1, -1, 1, 0, 0, 0, -1, -1, -1, 1, -1, -1, -1, -1, -1, -1, -1, -1, -1, 0, 0, 0, -1, -1, -1, 0, 1, 0, -1, 0, -1, -1, 1, 0, -1, 0, -1, -1, -1, -1, -1, -1, 0, -1, -1, -1, -1, 0, -1, -1, -1, -1, -1, -1, -1, -1, -1, -1, -1, -1, -1, -1, -1, -1, -1, 1, -1, 0, 0, 0, 0, 0, 0, -1, -1, -1, -1, -1, -1, 0, -1, -1, -1, -1, -1, -1, -1, -1, -1, -1, -1, -1, -1, -1, -1, 0, -1, -1]"
150,13,21,1.0,0.7332809084898235,3,179,"[{'cluster_no': -1, 'count': 179}, {'cluster_no': 0, 'count': 32}, {'cluster_no': 1, 'count': 26}]","[-1, 1, 1, -1, -1, -1, -1, 1, 1, -1, -1, -1, -1, -1, -1, -1, -1, 1, -1, -1, -1, -1, -1, -1, -1, 1, -1, -1, -1, 0, -1, -1, -1, 1, -1, -1, -1, -1, -1, -1, -1, 1, -1, -1, 1, 0, -1, 1, 1, -1, -1, -1, 1, -1, -1, -1, -1, 0, -1, -1, 1, -1, -1, -1, -1, 0, -1, -1, -1, -1, -1, -1, 1, -1, 1, -1, -1, -1, 0, -1, 0, -1, -1, 0, -1, -1, -1, -1, 0, -1, -1, 1, -1, -1, -1, 1, -1, -1, -1, -1, -1, -1, -1, -1, 0, -1, -1, -1, -1, -1, -1, -1, -1, -1, -1, -1, -1, -1, 1, -1, -1, -1, -1, -1, -1, 0, 1, -1, -1, -1, 1, -1, -1, -1, 1, -1, 0, -1, -1, -1, -1, 1, 0, 0, 0, -1, -1, -1, 1, -1, -1, -1, -1, -1, -1, -1, -1, -1, 0, 0, 0, -1, -1, -1, 0, 1, 0, -1, 0, -1, -1, 1, 0, -1, 0, -1, -1, -1, -1, -1, -1, 0, -1, -1, -1, -1, 0, -1, -1, -1, -1, -1, -1, -1, -1, -1, -1, -1, -1, -1, -1, -1, -1, -1, 1, -1, 0, 0, 0, 0, 0, 0, -1, -1, -1, -1, -1, -1, 0, -1, -1, -1, -1, -1, -1, -1, -1, -1, -1, -1, -1, -1, -1, -1, 0, -1, -1]"
150,13,22,0.0,0.7332809084898235,3,179,"[{'cluster_no': -1, 'count': 179}, {'cluster_no': 0, 'count': 32}, {'cluster_no': 1, 'count': 26}]","[-1, 1, 1, -1, -1, -1, -1, 1, 1, -1, -1, -1, -1, -1, -1, -1, -1, 1, -1, -1, -1, -1, -1, -1, -1, 1, -1, -1, -1, 0, -1, -1, -1, 1, -1, -1, -1, -1, -1, -1, -1, 1, -1, -1, 1, 0, -1, 1, 1, -1, -1, -1, 1, -1, -1, -1, -1, 0, -1, -1, 1, -1, -1, -1, -1, 0, -1, -1, -1, -1, -1, -1, 1, -1, 1, -1, -1, -1, 0, -1, 0, -1, -1, 0, -1, -1, -1, -1, 0, -1, -1, 1, -1, -1, -1, 1, -1, -1, -1, -1, -1, -1, -1, -1, 0, -1, -1, -1, -1, -1, -1, -1, -1, -1, -1, -1, -1, -1, 1, -1, -1, -1, -1, -1, -1, 0, 1, -1, -1, -1, 1, -1, -1, -1, 1, -1, 0, -1, -1, -1, -1, 1, 0, 0, 0, -1, -1, -1, 1, -1, -1, -1, -1, -1, -1, -1, -1, -1, 0, 0, 0, -1, -1, -1, 0, 1, 0, -1, 0, -1, -1, 1, 0, -1, 0, -1, -1, -1, -1, -1, -1, 0, -1, -1, -1, -1, 0, -1, -1, -1, -1, -1, -1, -1, -1, -1, -1, -1, -1, -1, -1, -1, -1, -1, 1, -1, 0, 0, 0, 0, 0, 0, -1, -1, -1, -1, -1, -1, 0, -1, -1, -1, -1, -1, -1, -1, -1, -1, -1, -1, -1, -1, -1, -1, 0, -1, -1]"
150,13,22,0.5,0.7332809084898235,3,179,"[{'cluster_no': -1, 'count': 179}, {'cluster_no': 0, 'count': 32}, {'cluster_no': 1, 'count': 26}]","[-1, 1, 1, -1, -1, -1, -1, 1, 1, -1, -1, -1, -1, -1, -1, -1, -1, 1, -1, -1, -1, -1, -1, -1, -1, 1, -1, -1, -1, 0, -1, -1, -1, 1, -1, -1, -1, -1, -1, -1, -1, 1, -1, -1, 1, 0, -1, 1, 1, -1, -1, -1, 1, -1, -1, -1, -1, 0, -1, -1, 1, -1, -1, -1, -1, 0, -1, -1, -1, -1, -1, -1, 1, -1, 1, -1, -1, -1, 0, -1, 0, -1, -1, 0, -1, -1, -1, -1, 0, -1, -1, 1, -1, -1, -1, 1, -1, -1, -1, -1, -1, -1, -1, -1, 0, -1, -1, -1, -1, -1, -1, -1, -1, -1, -1, -1, -1, -1, 1, -1, -1, -1, -1, -1, -1, 0, 1, -1, -1, -1, 1, -1, -1, -1, 1, -1, 0, -1, -1, -1, -1, 1, 0, 0, 0, -1, -1, -1, 1, -1, -1, -1, -1, -1, -1, -1, -1, -1, 0, 0, 0, -1, -1, -1, 0, 1, 0, -1, 0, -1, -1, 1, 0, -1, 0, -1, -1, -1, -1, -1, -1, 0, -1, -1, -1, -1, 0, -1, -1, -1, -1, -1, -1, -1, -1, -1, -1, -1, -1, -1, -1, -1, -1, -1, 1, -1, 0, 0, 0, 0, 0, 0, -1, -1, -1, -1, -1, -1, 0, -1, -1, -1, -1, -1, -1, -1, -1, -1, -1, -1, -1, -1, -1, -1, 0, -1, -1]"
150,13,22,1.0,0.7332809084898235,3,179,"[{'cluster_no': -1, 'count': 179}, {'cluster_no': 0, 'count': 32}, {'cluster_no': 1, 'count': 26}]","[-1, 1, 1, -1, -1, -1, -1, 1, 1, -1, -1, -1, -1, -1, -1, -1, -1, 1, -1, -1, -1, -1, -1, -1, -1, 1, -1, -1, -1, 0, -1, -1, -1, 1, -1, -1, -1, -1, -1, -1, -1, 1, -1, -1, 1, 0, -1, 1, 1, -1, -1, -1, 1, -1, -1, -1, -1, 0, -1, -1, 1, -1, -1, -1, -1, 0, -1, -1, -1, -1, -1, -1, 1, -1, 1, -1, -1, -1, 0, -1, 0, -1, -1, 0, -1, -1, -1, -1, 0, -1, -1, 1, -1, -1, -1, 1, -1, -1, -1, -1, -1, -1, -1, -1, 0, -1, -1, -1, -1, -1, -1, -1, -1, -1, -1, -1, -1, -1, 1, -1, -1, -1, -1, -1, -1, 0, 1, -1, -1, -1, 1, -1, -1, -1, 1, -1, 0, -1, -1, -1, -1, 1, 0, 0, 0, -1, -1, -1, 1, -1, -1, -1, -1, -1, -1, -1, -1, -1, 0, 0, 0, -1, -1, -1, 0, 1, 0, -1, 0, -1, -1, 1, 0, -1, 0, -1, -1, -1, -1, -1, -1, 0, -1, -1, -1, -1, 0, -1, -1, -1, -1, -1, -1, -1, -1, -1, -1, -1, -1, -1, -1, -1, -1, -1, 1, -1, 0, 0, 0, 0, 0, 0, -1, -1, -1, -1, -1, -1, 0, -1, -1, -1, -1, -1, -1, -1, -1, -1, -1, -1, -1, -1, -1, -1, 0, -1, -1]"
150,13,23,0.0,0.7332809084898235,3,179,"[{'cluster_no': -1, 'count': 179}, {'cluster_no': 0, 'count': 32}, {'cluster_no': 1, 'count': 26}]","[-1, 1, 1, -1, -1, -1, -1, 1, 1, -1, -1, -1, -1, -1, -1, -1, -1, 1, -1, -1, -1, -1, -1, -1, -1, 1, -1, -1, -1, 0, -1, -1, -1, 1, -1, -1, -1, -1, -1, -1, -1, 1, -1, -1, 1, 0, -1, 1, 1, -1, -1, -1, 1, -1, -1, -1, -1, 0, -1, -1, 1, -1, -1, -1, -1, 0, -1, -1, -1, -1, -1, -1, 1, -1, 1, -1, -1, -1, 0, -1, 0, -1, -1, 0, -1, -1, -1, -1, 0, -1, -1, 1, -1, -1, -1, 1, -1, -1, -1, -1, -1, -1, -1, -1, 0, -1, -1, -1, -1, -1, -1, -1, -1, -1, -1, -1, -1, -1, 1, -1, -1, -1, -1, -1, -1, 0, 1, -1, -1, -1, 1, -1, -1, -1, 1, -1, 0, -1, -1, -1, -1, 1, 0, 0, 0, -1, -1, -1, 1, -1, -1, -1, -1, -1, -1, -1, -1, -1, 0, 0, 0, -1, -1, -1, 0, 1, 0, -1, 0, -1, -1, 1, 0, -1, 0, -1, -1, -1, -1, -1, -1, 0, -1, -1, -1, -1, 0, -1, -1, -1, -1, -1, -1, -1, -1, -1, -1, -1, -1, -1, -1, -1, -1, -1, 1, -1, 0, 0, 0, 0, 0, 0, -1, -1, -1, -1, -1, -1, 0, -1, -1, -1, -1, -1, -1, -1, -1, -1, -1, -1, -1, -1, -1, -1, 0, -1, -1]"
150,13,23,0.5,0.7332809084898235,3,179,"[{'cluster_no': -1, 'count': 179}, {'cluster_no': 0, 'count': 32}, {'cluster_no': 1, 'count': 26}]","[-1, 1, 1, -1, -1, -1, -1, 1, 1, -1, -1, -1, -1, -1, -1, -1, -1, 1, -1, -1, -1, -1, -1, -1, -1, 1, -1, -1, -1, 0, -1, -1, -1, 1, -1, -1, -1, -1, -1, -1, -1, 1, -1, -1, 1, 0, -1, 1, 1, -1, -1, -1, 1, -1, -1, -1, -1, 0, -1, -1, 1, -1, -1, -1, -1, 0, -1, -1, -1, -1, -1, -1, 1, -1, 1, -1, -1, -1, 0, -1, 0, -1, -1, 0, -1, -1, -1, -1, 0, -1, -1, 1, -1, -1, -1, 1, -1, -1, -1, -1, -1, -1, -1, -1, 0, -1, -1, -1, -1, -1, -1, -1, -1, -1, -1, -1, -1, -1, 1, -1, -1, -1, -1, -1, -1, 0, 1, -1, -1, -1, 1, -1, -1, -1, 1, -1, 0, -1, -1, -1, -1, 1, 0, 0, 0, -1, -1, -1, 1, -1, -1, -1, -1, -1, -1, -1, -1, -1, 0, 0, 0, -1, -1, -1, 0, 1, 0, -1, 0, -1, -1, 1, 0, -1, 0, -1, -1, -1, -1, -1, -1, 0, -1, -1, -1, -1, 0, -1, -1, -1, -1, -1, -1, -1, -1, -1, -1, -1, -1, -1, -1, -1, -1, -1, 1, -1, 0, 0, 0, 0, 0, 0, -1, -1, -1, -1, -1, -1, 0, -1, -1, -1, -1, -1, -1, -1, -1, -1, -1, -1, -1, -1, -1, -1, 0, -1, -1]"
150,13,23,1.0,0.7332809084898235,3,179,"[{'cluster_no': -1, 'count': 179}, {'cluster_no': 0, 'count': 32}, {'cluster_no': 1, 'count': 26}]","[-1, 1, 1, -1, -1, -1, -1, 1, 1, -1, -1, -1, -1, -1, -1, -1, -1, 1, -1, -1, -1, -1, -1, -1, -1, 1, -1, -1, -1, 0, -1, -1, -1, 1, -1, -1, -1, -1, -1, -1, -1, 1, -1, -1, 1, 0, -1, 1, 1, -1, -1, -1, 1, -1, -1, -1, -1, 0, -1, -1, 1, -1, -1, -1, -1, 0, -1, -1, -1, -1, -1, -1, 1, -1, 1, -1, -1, -1, 0, -1, 0, -1, -1, 0, -1, -1, -1, -1, 0, -1, -1, 1, -1, -1, -1, 1, -1, -1, -1, -1, -1, -1, -1, -1, 0, -1, -1, -1, -1, -1, -1, -1, -1, -1, -1, -1, -1, -1, 1, -1, -1, -1, -1, -1, -1, 0, 1, -1, -1, -1, 1, -1, -1, -1, 1, -1, 0, -1, -1, -1, -1, 1, 0, 0, 0, -1, -1, -1, 1, -1, -1, -1, -1, -1, -1, -1, -1, -1, 0, 0, 0, -1, -1, -1, 0, 1, 0, -1, 0, -1, -1, 1, 0, -1, 0, -1, -1, -1, -1, -1, -1, 0, -1, -1, -1, -1, 0, -1, -1, -1, -1, -1, -1, -1, -1, -1, -1, -1, -1, -1, -1, -1, -1, -1, 1, -1, 0, 0, 0, 0, 0, 0, -1, -1, -1, -1, -1, -1, 0, -1, -1, -1, -1, -1, -1, -1, -1, -1, -1, -1, -1, -1, -1, -1, 0, -1, -1]"
150,13,24,0.0,0.7332809084898235,3,179,"[{'cluster_no': -1, 'count': 179}, {'cluster_no': 0, 'count': 32}, {'cluster_no': 1, 'count': 26}]","[-1, 1, 1, -1, -1, -1, -1, 1, 1, -1, -1, -1, -1, -1, -1, -1, -1, 1, -1, -1, -1, -1, -1, -1, -1, 1, -1, -1, -1, 0, -1, -1, -1, 1, -1, -1, -1, -1, -1, -1, -1, 1, -1, -1, 1, 0, -1, 1, 1, -1, -1, -1, 1, -1, -1, -1, -1, 0, -1, -1, 1, -1, -1, -1, -1, 0, -1, -1, -1, -1, -1, -1, 1, -1, 1, -1, -1, -1, 0, -1, 0, -1, -1, 0, -1, -1, -1, -1, 0, -1, -1, 1, -1, -1, -1, 1, -1, -1, -1, -1, -1, -1, -1, -1, 0, -1, -1, -1, -1, -1, -1, -1, -1, -1, -1, -1, -1, -1, 1, -1, -1, -1, -1, -1, -1, 0, 1, -1, -1, -1, 1, -1, -1, -1, 1, -1, 0, -1, -1, -1, -1, 1, 0, 0, 0, -1, -1, -1, 1, -1, -1, -1, -1, -1, -1, -1, -1, -1, 0, 0, 0, -1, -1, -1, 0, 1, 0, -1, 0, -1, -1, 1, 0, -1, 0, -1, -1, -1, -1, -1, -1, 0, -1, -1, -1, -1, 0, -1, -1, -1, -1, -1, -1, -1, -1, -1, -1, -1, -1, -1, -1, -1, -1, -1, 1, -1, 0, 0, 0, 0, 0, 0, -1, -1, -1, -1, -1, -1, 0, -1, -1, -1, -1, -1, -1, -1, -1, -1, -1, -1, -1, -1, -1, -1, 0, -1, -1]"
150,13,24,0.5,0.7332809084898235,3,179,"[{'cluster_no': -1, 'count': 179}, {'cluster_no': 0, 'count': 32}, {'cluster_no': 1, 'count': 26}]","[-1, 1, 1, -1, -1, -1, -1, 1, 1, -1, -1, -1, -1, -1, -1, -1, -1, 1, -1, -1, -1, -1, -1, -1, -1, 1, -1, -1, -1, 0, -1, -1, -1, 1, -1, -1, -1, -1, -1, -1, -1, 1, -1, -1, 1, 0, -1, 1, 1, -1, -1, -1, 1, -1, -1, -1, -1, 0, -1, -1, 1, -1, -1, -1, -1, 0, -1, -1, -1, -1, -1, -1, 1, -1, 1, -1, -1, -1, 0, -1, 0, -1, -1, 0, -1, -1, -1, -1, 0, -1, -1, 1, -1, -1, -1, 1, -1, -1, -1, -1, -1, -1, -1, -1, 0, -1, -1, -1, -1, -1, -1, -1, -1, -1, -1, -1, -1, -1, 1, -1, -1, -1, -1, -1, -1, 0, 1, -1, -1, -1, 1, -1, -1, -1, 1, -1, 0, -1, -1, -1, -1, 1, 0, 0, 0, -1, -1, -1, 1, -1, -1, -1, -1, -1, -1, -1, -1, -1, 0, 0, 0, -1, -1, -1, 0, 1, 0, -1, 0, -1, -1, 1, 0, -1, 0, -1, -1, -1, -1, -1, -1, 0, -1, -1, -1, -1, 0, -1, -1, -1, -1, -1, -1, -1, -1, -1, -1, -1, -1, -1, -1, -1, -1, -1, 1, -1, 0, 0, 0, 0, 0, 0, -1, -1, -1, -1, -1, -1, 0, -1, -1, -1, -1, -1, -1, -1, -1, -1, -1, -1, -1, -1, -1, -1, 0, -1, -1]"
150,13,24,1.0,0.7332809084898235,3,179,"[{'cluster_no': -1, 'count': 179}, {'cluster_no': 0, 'count': 32}, {'cluster_no': 1, 'count': 26}]","[-1, 1, 1, -1, -1, -1, -1, 1, 1, -1, -1, -1, -1, -1, -1, -1, -1, 1, -1, -1, -1, -1, -1, -1, -1, 1, -1, -1, -1, 0, -1, -1, -1, 1, -1, -1, -1, -1, -1, -1, -1, 1, -1, -1, 1, 0, -1, 1, 1, -1, -1, -1, 1, -1, -1, -1, -1, 0, -1, -1, 1, -1, -1, -1, -1, 0, -1, -1, -1, -1, -1, -1, 1, -1, 1, -1, -1, -1, 0, -1, 0, -1, -1, 0, -1, -1, -1, -1, 0, -1, -1, 1, -1, -1, -1, 1, -1, -1, -1, -1, -1, -1, -1, -1, 0, -1, -1, -1, -1, -1, -1, -1, -1, -1, -1, -1, -1, -1, 1, -1, -1, -1, -1, -1, -1, 0, 1, -1, -1, -1, 1, -1, -1, -1, 1, -1, 0, -1, -1, -1, -1, 1, 0, 0, 0, -1, -1, -1, 1, -1, -1, -1, -1, -1, -1, -1, -1, -1, 0, 0, 0, -1, -1, -1, 0, 1, 0, -1, 0, -1, -1, 1, 0, -1, 0, -1, -1, -1, -1, -1, -1, 0, -1, -1, -1, -1, 0, -1, -1, -1, -1, -1, -1, -1, -1, -1, -1, -1, -1, -1, -1, -1, -1, -1, 1, -1, 0, 0, 0, 0, 0, 0, -1, -1, -1, -1, -1, -1, 0, -1, -1, -1, -1, -1, -1, -1, -1, -1, -1, -1, -1, -1, -1, -1, 0, -1, -1]"
150,13,25,0.0,0.7332809084898235,3,179,"[{'cluster_no': -1, 'count': 179}, {'cluster_no': 0, 'count': 32}, {'cluster_no': 1, 'count': 26}]","[-1, 1, 1, -1, -1, -1, -1, 1, 1, -1, -1, -1, -1, -1, -1, -1, -1, 1, -1, -1, -1, -1, -1, -1, -1, 1, -1, -1, -1, 0, -1, -1, -1, 1, -1, -1, -1, -1, -1, -1, -1, 1, -1, -1, 1, 0, -1, 1, 1, -1, -1, -1, 1, -1, -1, -1, -1, 0, -1, -1, 1, -1, -1, -1, -1, 0, -1, -1, -1, -1, -1, -1, 1, -1, 1, -1, -1, -1, 0, -1, 0, -1, -1, 0, -1, -1, -1, -1, 0, -1, -1, 1, -1, -1, -1, 1, -1, -1, -1, -1, -1, -1, -1, -1, 0, -1, -1, -1, -1, -1, -1, -1, -1, -1, -1, -1, -1, -1, 1, -1, -1, -1, -1, -1, -1, 0, 1, -1, -1, -1, 1, -1, -1, -1, 1, -1, 0, -1, -1, -1, -1, 1, 0, 0, 0, -1, -1, -1, 1, -1, -1, -1, -1, -1, -1, -1, -1, -1, 0, 0, 0, -1, -1, -1, 0, 1, 0, -1, 0, -1, -1, 1, 0, -1, 0, -1, -1, -1, -1, -1, -1, 0, -1, -1, -1, -1, 0, -1, -1, -1, -1, -1, -1, -1, -1, -1, -1, -1, -1, -1, -1, -1, -1, -1, 1, -1, 0, 0, 0, 0, 0, 0, -1, -1, -1, -1, -1, -1, 0, -1, -1, -1, -1, -1, -1, -1, -1, -1, -1, -1, -1, -1, -1, -1, 0, -1, -1]"
150,13,25,0.5,0.7332809084898235,3,179,"[{'cluster_no': -1, 'count': 179}, {'cluster_no': 0, 'count': 32}, {'cluster_no': 1, 'count': 26}]","[-1, 1, 1, -1, -1, -1, -1, 1, 1, -1, -1, -1, -1, -1, -1, -1, -1, 1, -1, -1, -1, -1, -1, -1, -1, 1, -1, -1, -1, 0, -1, -1, -1, 1, -1, -1, -1, -1, -1, -1, -1, 1, -1, -1, 1, 0, -1, 1, 1, -1, -1, -1, 1, -1, -1, -1, -1, 0, -1, -1, 1, -1, -1, -1, -1, 0, -1, -1, -1, -1, -1, -1, 1, -1, 1, -1, -1, -1, 0, -1, 0, -1, -1, 0, -1, -1, -1, -1, 0, -1, -1, 1, -1, -1, -1, 1, -1, -1, -1, -1, -1, -1, -1, -1, 0, -1, -1, -1, -1, -1, -1, -1, -1, -1, -1, -1, -1, -1, 1, -1, -1, -1, -1, -1, -1, 0, 1, -1, -1, -1, 1, -1, -1, -1, 1, -1, 0, -1, -1, -1, -1, 1, 0, 0, 0, -1, -1, -1, 1, -1, -1, -1, -1, -1, -1, -1, -1, -1, 0, 0, 0, -1, -1, -1, 0, 1, 0, -1, 0, -1, -1, 1, 0, -1, 0, -1, -1, -1, -1, -1, -1, 0, -1, -1, -1, -1, 0, -1, -1, -1, -1, -1, -1, -1, -1, -1, -1, -1, -1, -1, -1, -1, -1, -1, 1, -1, 0, 0, 0, 0, 0, 0, -1, -1, -1, -1, -1, -1, 0, -1, -1, -1, -1, -1, -1, -1, -1, -1, -1, -1, -1, -1, -1, -1, 0, -1, -1]"
150,13,25,1.0,0.7332809084898235,3,179,"[{'cluster_no': -1, 'count': 179}, {'cluster_no': 0, 'count': 32}, {'cluster_no': 1, 'count': 26}]","[-1, 1, 1, -1, -1, -1, -1, 1, 1, -1, -1, -1, -1, -1, -1, -1, -1, 1, -1, -1, -1, -1, -1, -1, -1, 1, -1, -1, -1, 0, -1, -1, -1, 1, -1, -1, -1, -1, -1, -1, -1, 1, -1, -1, 1, 0, -1, 1, 1, -1, -1, -1, 1, -1, -1, -1, -1, 0, -1, -1, 1, -1, -1, -1, -1, 0, -1, -1, -1, -1, -1, -1, 1, -1, 1, -1, -1, -1, 0, -1, 0, -1, -1, 0, -1, -1, -1, -1, 0, -1, -1, 1, -1, -1, -1, 1, -1, -1, -1, -1, -1, -1, -1, -1, 0, -1, -1, -1, -1, -1, -1, -1, -1, -1, -1, -1, -1, -1, 1, -1, -1, -1, -1, -1, -1, 0, 1, -1, -1, -1, 1, -1, -1, -1, 1, -1, 0, -1, -1, -1, -1, 1, 0, 0, 0, -1, -1, -1, 1, -1, -1, -1, -1, -1, -1, -1, -1, -1, 0, 0, 0, -1, -1, -1, 0, 1, 0, -1, 0, -1, -1, 1, 0, -1, 0, -1, -1, -1, -1, -1, -1, 0, -1, -1, -1, -1, 0, -1, -1, -1, -1, -1, -1, -1, -1, -1, -1, -1, -1, -1, -1, -1, -1, -1, 1, -1, 0, 0, 0, 0, 0, 0, -1, -1, -1, -1, -1, -1, 0, -1, -1, -1, -1, -1, -1, -1, -1, -1, -1, -1, -1, -1, -1, -1, 0, -1, -1]"
150,13,26,0.0,0.7332809084898235,3,179,"[{'cluster_no': -1, 'count': 179}, {'cluster_no': 0, 'count': 32}, {'cluster_no': 1, 'count': 26}]","[-1, 1, 1, -1, -1, -1, -1, 1, 1, -1, -1, -1, -1, -1, -1, -1, -1, 1, -1, -1, -1, -1, -1, -1, -1, 1, -1, -1, -1, 0, -1, -1, -1, 1, -1, -1, -1, -1, -1, -1, -1, 1, -1, -1, 1, 0, -1, 1, 1, -1, -1, -1, 1, -1, -1, -1, -1, 0, -1, -1, 1, -1, -1, -1, -1, 0, -1, -1, -1, -1, -1, -1, 1, -1, 1, -1, -1, -1, 0, -1, 0, -1, -1, 0, -1, -1, -1, -1, 0, -1, -1, 1, -1, -1, -1, 1, -1, -1, -1, -1, -1, -1, -1, -1, 0, -1, -1, -1, -1, -1, -1, -1, -1, -1, -1, -1, -1, -1, 1, -1, -1, -1, -1, -1, -1, 0, 1, -1, -1, -1, 1, -1, -1, -1, 1, -1, 0, -1, -1, -1, -1, 1, 0, 0, 0, -1, -1, -1, 1, -1, -1, -1, -1, -1, -1, -1, -1, -1, 0, 0, 0, -1, -1, -1, 0, 1, 0, -1, 0, -1, -1, 1, 0, -1, 0, -1, -1, -1, -1, -1, -1, 0, -1, -1, -1, -1, 0, -1, -1, -1, -1, -1, -1, -1, -1, -1, -1, -1, -1, -1, -1, -1, -1, -1, 1, -1, 0, 0, 0, 0, 0, 0, -1, -1, -1, -1, -1, -1, 0, -1, -1, -1, -1, -1, -1, -1, -1, -1, -1, -1, -1, -1, -1, -1, 0, -1, -1]"
150,13,26,0.5,0.7332809084898235,3,179,"[{'cluster_no': -1, 'count': 179}, {'cluster_no': 0, 'count': 32}, {'cluster_no': 1, 'count': 26}]","[-1, 1, 1, -1, -1, -1, -1, 1, 1, -1, -1, -1, -1, -1, -1, -1, -1, 1, -1, -1, -1, -1, -1, -1, -1, 1, -1, -1, -1, 0, -1, -1, -1, 1, -1, -1, -1, -1, -1, -1, -1, 1, -1, -1, 1, 0, -1, 1, 1, -1, -1, -1, 1, -1, -1, -1, -1, 0, -1, -1, 1, -1, -1, -1, -1, 0, -1, -1, -1, -1, -1, -1, 1, -1, 1, -1, -1, -1, 0, -1, 0, -1, -1, 0, -1, -1, -1, -1, 0, -1, -1, 1, -1, -1, -1, 1, -1, -1, -1, -1, -1, -1, -1, -1, 0, -1, -1, -1, -1, -1, -1, -1, -1, -1, -1, -1, -1, -1, 1, -1, -1, -1, -1, -1, -1, 0, 1, -1, -1, -1, 1, -1, -1, -1, 1, -1, 0, -1, -1, -1, -1, 1, 0, 0, 0, -1, -1, -1, 1, -1, -1, -1, -1, -1, -1, -1, -1, -1, 0, 0, 0, -1, -1, -1, 0, 1, 0, -1, 0, -1, -1, 1, 0, -1, 0, -1, -1, -1, -1, -1, -1, 0, -1, -1, -1, -1, 0, -1, -1, -1, -1, -1, -1, -1, -1, -1, -1, -1, -1, -1, -1, -1, -1, -1, 1, -1, 0, 0, 0, 0, 0, 0, -1, -1, -1, -1, -1, -1, 0, -1, -1, -1, -1, -1, -1, -1, -1, -1, -1, -1, -1, -1, -1, -1, 0, -1, -1]"
150,13,26,1.0,0.7332809084898235,3,179,"[{'cluster_no': -1, 'count': 179}, {'cluster_no': 0, 'count': 32}, {'cluster_no': 1, 'count': 26}]","[-1, 1, 1, -1, -1, -1, -1, 1, 1, -1, -1, -1, -1, -1, -1, -1, -1, 1, -1, -1, -1, -1, -1, -1, -1, 1, -1, -1, -1, 0, -1, -1, -1, 1, -1, -1, -1, -1, -1, -1, -1, 1, -1, -1, 1, 0, -1, 1, 1, -1, -1, -1, 1, -1, -1, -1, -1, 0, -1, -1, 1, -1, -1, -1, -1, 0, -1, -1, -1, -1, -1, -1, 1, -1, 1, -1, -1, -1, 0, -1, 0, -1, -1, 0, -1, -1, -1, -1, 0, -1, -1, 1, -1, -1, -1, 1, -1, -1, -1, -1, -1, -1, -1, -1, 0, -1, -1, -1, -1, -1, -1, -1, -1, -1, -1, -1, -1, -1, 1, -1, -1, -1, -1, -1, -1, 0, 1, -1, -1, -1, 1, -1, -1, -1, 1, -1, 0, -1, -1, -1, -1, 1, 0, 0, 0, -1, -1, -1, 1, -1, -1, -1, -1, -1, -1, -1, -1, -1, 0, 0, 0, -1, -1, -1, 0, 1, 0, -1, 0, -1, -1, 1, 0, -1, 0, -1, -1, -1, -1, -1, -1, 0, -1, -1, -1, -1, 0, -1, -1, -1, -1, -1, -1, -1, -1, -1, -1, -1, -1, -1, -1, -1, -1, -1, 1, -1, 0, 0, 0, 0, 0, 0, -1, -1, -1, -1, -1, -1, 0, -1, -1, -1, -1, -1, -1, -1, -1, -1, -1, -1, -1, -1, -1, -1, 0, -1, -1]"
150,13,27,0.0,None,1,237,"[{'cluster_no': -1, 'count': 237}]","[-1, -1, -1, -1, -1, -1, -1, -1, -1, -1, -1, -1, -1, -1, -1, -1, -1, -1, -1, -1, -1, -1, -1, -1, -1, -1, -1, -1, -1, -1, -1, -1, -1, -1, -1, -1, -1, -1, -1, -1, -1, -1, -1, -1, -1, -1, -1, -1, -1, -1, -1, -1, -1, -1, -1, -1, -1, -1, -1, -1, -1, -1, -1, -1, -1, -1, -1, -1, -1, -1, -1, -1, -1, -1, -1, -1, -1, -1, -1, -1, -1, -1, -1, -1, -1, -1, -1, -1, -1, -1, -1, -1, -1, -1, -1, -1, -1, -1, -1, -1, -1, -1, -1, -1, -1, -1, -1, -1, -1, -1, -1, -1, -1, -1, -1, -1, -1, -1, -1, -1, -1, -1, -1, -1, -1, -1, -1, -1, -1, -1, -1, -1, -1, -1, -1, -1, -1, -1, -1, -1, -1, -1, -1, -1, -1, -1, -1, -1, -1, -1, -1, -1, -1, -1, -1, -1, -1, -1, -1, -1, -1, -1, -1, -1, -1, -1, -1, -1, -1, -1, -1, -1, -1, -1, -1, -1, -1, -1, -1, -1, -1, -1, -1, -1, -1, -1, -1, -1, -1, -1, -1, -1, -1, -1, -1, -1, -1, -1, -1, -1, -1, -1, -1, -1, -1, -1, -1, -1, -1, -1, -1, -1, -1, -1, -1, -1, -1, -1, -1, -1, -1, -1, -1, -1, -1, -1, -1, -1, -1, -1, -1, -1, -1, -1, -1, -1, -1]"
150,13,27,0.5,None,1,237,"[{'cluster_no': -1, 'count': 237}]","[-1, -1, -1, -1, -1, -1, -1, -1, -1, -1, -1, -1, -1, -1, -1, -1, -1, -1, -1, -1, -1, -1, -1, -1, -1, -1, -1, -1, -1, -1, -1, -1, -1, -1, -1, -1, -1, -1, -1, -1, -1, -1, -1, -1, -1, -1, -1, -1, -1, -1, -1, -1, -1, -1, -1, -1, -1, -1, -1, -1, -1, -1, -1, -1, -1, -1, -1, -1, -1, -1, -1, -1, -1, -1, -1, -1, -1, -1, -1, -1, -1, -1, -1, -1, -1, -1, -1, -1, -1, -1, -1, -1, -1, -1, -1, -1, -1, -1, -1, -1, -1, -1, -1, -1, -1, -1, -1, -1, -1, -1, -1, -1, -1, -1, -1, -1, -1, -1, -1, -1, -1, -1, -1, -1, -1, -1, -1, -1, -1, -1, -1, -1, -1, -1, -1, -1, -1, -1, -1, -1, -1, -1, -1, -1, -1, -1, -1, -1, -1, -1, -1, -1, -1, -1, -1, -1, -1, -1, -1, -1, -1, -1, -1, -1, -1, -1, -1, -1, -1, -1, -1, -1, -1, -1, -1, -1, -1, -1, -1, -1, -1, -1, -1, -1, -1, -1, -1, -1, -1, -1, -1, -1, -1, -1, -1, -1, -1, -1, -1, -1, -1, -1, -1, -1, -1, -1, -1, -1, -1, -1, -1, -1, -1, -1, -1, -1, -1, -1, -1, -1, -1, -1, -1, -1, -1, -1, -1, -1, -1, -1, -1, -1, -1, -1, -1, -1, -1]"
150,13,27,1.0,None,1,237,"[{'cluster_no': -1, 'count': 237}]","[-1, -1, -1, -1, -1, -1, -1, -1, -1, -1, -1, -1, -1, -1, -1, -1, -1, -1, -1, -1, -1, -1, -1, -1, -1, -1, -1, -1, -1, -1, -1, -1, -1, -1, -1, -1, -1, -1, -1, -1, -1, -1, -1, -1, -1, -1, -1, -1, -1, -1, -1, -1, -1, -1, -1, -1, -1, -1, -1, -1, -1, -1, -1, -1, -1, -1, -1, -1, -1, -1, -1, -1, -1, -1, -1, -1, -1, -1, -1, -1, -1, -1, -1, -1, -1, -1, -1, -1, -1, -1, -1, -1, -1, -1, -1, -1, -1, -1, -1, -1, -1, -1, -1, -1, -1, -1, -1, -1, -1, -1, -1, -1, -1, -1, -1, -1, -1, -1, -1, -1, -1, -1, -1, -1, -1, -1, -1, -1, -1, -1, -1, -1, -1, -1, -1, -1, -1, -1, -1, -1, -1, -1, -1, -1, -1, -1, -1, -1, -1, -1, -1, -1, -1, -1, -1, -1, -1, -1, -1, -1, -1, -1, -1, -1, -1, -1, -1, -1, -1, -1, -1, -1, -1, -1, -1, -1, -1, -1, -1, -1, -1, -1, -1, -1, -1, -1, -1, -1, -1, -1, -1, -1, -1, -1, -1, -1, -1, -1, -1, -1, -1, -1, -1, -1, -1, -1, -1, -1, -1, -1, -1, -1, -1, -1, -1, -1, -1, -1, -1, -1, -1, -1, -1, -1, -1, -1, -1, -1, -1, -1, -1, -1, -1, -1, -1, -1, -1]"
150,13,28,0.0,None,1,237,"[{'cluster_no': -1, 'count': 237}]","[-1, -1, -1, -1, -1, -1, -1, -1, -1, -1, -1, -1, -1, -1, -1, -1, -1, -1, -1, -1, -1, -1, -1, -1, -1, -1, -1, -1, -1, -1, -1, -1, -1, -1, -1, -1, -1, -1, -1, -1, -1, -1, -1, -1, -1, -1, -1, -1, -1, -1, -1, -1, -1, -1, -1, -1, -1, -1, -1, -1, -1, -1, -1, -1, -1, -1, -1, -1, -1, -1, -1, -1, -1, -1, -1, -1, -1, -1, -1, -1, -1, -1, -1, -1, -1, -1, -1, -1, -1, -1, -1, -1, -1, -1, -1, -1, -1, -1, -1, -1, -1, -1, -1, -1, -1, -1, -1, -1, -1, -1, -1, -1, -1, -1, -1, -1, -1, -1, -1, -1, -1, -1, -1, -1, -1, -1, -1, -1, -1, -1, -1, -1, -1, -1, -1, -1, -1, -1, -1, -1, -1, -1, -1, -1, -1, -1, -1, -1, -1, -1, -1, -1, -1, -1, -1, -1, -1, -1, -1, -1, -1, -1, -1, -1, -1, -1, -1, -1, -1, -1, -1, -1, -1, -1, -1, -1, -1, -1, -1, -1, -1, -1, -1, -1, -1, -1, -1, -1, -1, -1, -1, -1, -1, -1, -1, -1, -1, -1, -1, -1, -1, -1, -1, -1, -1, -1, -1, -1, -1, -1, -1, -1, -1, -1, -1, -1, -1, -1, -1, -1, -1, -1, -1, -1, -1, -1, -1, -1, -1, -1, -1, -1, -1, -1, -1, -1, -1]"
150,13,28,0.5,None,1,237,"[{'cluster_no': -1, 'count': 237}]","[-1, -1, -1, -1, -1, -1, -1, -1, -1, -1, -1, -1, -1, -1, -1, -1, -1, -1, -1, -1, -1, -1, -1, -1, -1, -1, -1, -1, -1, -1, -1, -1, -1, -1, -1, -1, -1, -1, -1, -1, -1, -1, -1, -1, -1, -1, -1, -1, -1, -1, -1, -1, -1, -1, -1, -1, -1, -1, -1, -1, -1, -1, -1, -1, -1, -1, -1, -1, -1, -1, -1, -1, -1, -1, -1, -1, -1, -1, -1, -1, -1, -1, -1, -1, -1, -1, -1, -1, -1, -1, -1, -1, -1, -1, -1, -1, -1, -1, -1, -1, -1, -1, -1, -1, -1, -1, -1, -1, -1, -1, -1, -1, -1, -1, -1, -1, -1, -1, -1, -1, -1, -1, -1, -1, -1, -1, -1, -1, -1, -1, -1, -1, -1, -1, -1, -1, -1, -1, -1, -1, -1, -1, -1, -1, -1, -1, -1, -1, -1, -1, -1, -1, -1, -1, -1, -1, -1, -1, -1, -1, -1, -1, -1, -1, -1, -1, -1, -1, -1, -1, -1, -1, -1, -1, -1, -1, -1, -1, -1, -1, -1, -1, -1, -1, -1, -1, -1, -1, -1, -1, -1, -1, -1, -1, -1, -1, -1, -1, -1, -1, -1, -1, -1, -1, -1, -1, -1, -1, -1, -1, -1, -1, -1, -1, -1, -1, -1, -1, -1, -1, -1, -1, -1, -1, -1, -1, -1, -1, -1, -1, -1, -1, -1, -1, -1, -1, -1]"
150,13,28,1.0,None,1,237,"[{'cluster_no': -1, 'count': 237}]","[-1, -1, -1, -1, -1, -1, -1, -1, -1, -1, -1, -1, -1, -1, -1, -1, -1, -1, -1, -1, -1, -1, -1, -1, -1, -1, -1, -1, -1, -1, -1, -1, -1, -1, -1, -1, -1, -1, -1, -1, -1, -1, -1, -1, -1, -1, -1, -1, -1, -1, -1, -1, -1, -1, -1, -1, -1, -1, -1, -1, -1, -1, -1, -1, -1, -1, -1, -1, -1, -1, -1, -1, -1, -1, -1, -1, -1, -1, -1, -1, -1, -1, -1, -1, -1, -1, -1, -1, -1, -1, -1, -1, -1, -1, -1, -1, -1, -1, -1, -1, -1, -1, -1, -1, -1, -1, -1, -1, -1, -1, -1, -1, -1, -1, -1, -1, -1, -1, -1, -1, -1, -1, -1, -1, -1, -1, -1, -1, -1, -1, -1, -1, -1, -1, -1, -1, -1, -1, -1, -1, -1, -1, -1, -1, -1, -1, -1, -1, -1, -1, -1, -1, -1, -1, -1, -1, -1, -1, -1, -1, -1, -1, -1, -1, -1, -1, -1, -1, -1, -1, -1, -1, -1, -1, -1, -1, -1, -1, -1, -1, -1, -1, -1, -1, -1, -1, -1, -1, -1, -1, -1, -1, -1, -1, -1, -1, -1, -1, -1, -1, -1, -1, -1, -1, -1, -1, -1, -1, -1, -1, -1, -1, -1, -1, -1, -1, -1, -1, -1, -1, -1, -1, -1, -1, -1, -1, -1, -1, -1, -1, -1, -1, -1, -1, -1, -1, -1]"
150,13,29,0.0,None,1,237,"[{'cluster_no': -1, 'count': 237}]","[-1, -1, -1, -1, -1, -1, -1, -1, -1, -1, -1, -1, -1, -1, -1, -1, -1, -1, -1, -1, -1, -1, -1, -1, -1, -1, -1, -1, -1, -1, -1, -1, -1, -1, -1, -1, -1, -1, -1, -1, -1, -1, -1, -1, -1, -1, -1, -1, -1, -1, -1, -1, -1, -1, -1, -1, -1, -1, -1, -1, -1, -1, -1, -1, -1, -1, -1, -1, -1, -1, -1, -1, -1, -1, -1, -1, -1, -1, -1, -1, -1, -1, -1, -1, -1, -1, -1, -1, -1, -1, -1, -1, -1, -1, -1, -1, -1, -1, -1, -1, -1, -1, -1, -1, -1, -1, -1, -1, -1, -1, -1, -1, -1, -1, -1, -1, -1, -1, -1, -1, -1, -1, -1, -1, -1, -1, -1, -1, -1, -1, -1, -1, -1, -1, -1, -1, -1, -1, -1, -1, -1, -1, -1, -1, -1, -1, -1, -1, -1, -1, -1, -1, -1, -1, -1, -1, -1, -1, -1, -1, -1, -1, -1, -1, -1, -1, -1, -1, -1, -1, -1, -1, -1, -1, -1, -1, -1, -1, -1, -1, -1, -1, -1, -1, -1, -1, -1, -1, -1, -1, -1, -1, -1, -1, -1, -1, -1, -1, -1, -1, -1, -1, -1, -1, -1, -1, -1, -1, -1, -1, -1, -1, -1, -1, -1, -1, -1, -1, -1, -1, -1, -1, -1, -1, -1, -1, -1, -1, -1, -1, -1, -1, -1, -1, -1, -1, -1]"
150,13,29,0.5,None,1,237,"[{'cluster_no': -1, 'count': 237}]","[-1, -1, -1, -1, -1, -1, -1, -1, -1, -1, -1, -1, -1, -1, -1, -1, -1, -1, -1, -1, -1, -1, -1, -1, -1, -1, -1, -1, -1, -1, -1, -1, -1, -1, -1, -1, -1, -1, -1, -1, -1, -1, -1, -1, -1, -1, -1, -1, -1, -1, -1, -1, -1, -1, -1, -1, -1, -1, -1, -1, -1, -1, -1, -1, -1, -1, -1, -1, -1, -1, -1, -1, -1, -1, -1, -1, -1, -1, -1, -1, -1, -1, -1, -1, -1, -1, -1, -1, -1, -1, -1, -1, -1, -1, -1, -1, -1, -1, -1, -1, -1, -1, -1, -1, -1, -1, -1, -1, -1, -1, -1, -1, -1, -1, -1, -1, -1, -1, -1, -1, -1, -1, -1, -1, -1, -1, -1, -1, -1, -1, -1, -1, -1, -1, -1, -1, -1, -1, -1, -1, -1, -1, -1, -1, -1, -1, -1, -1, -1, -1, -1, -1, -1, -1, -1, -1, -1, -1, -1, -1, -1, -1, -1, -1, -1, -1, -1, -1, -1, -1, -1, -1, -1, -1, -1, -1, -1, -1, -1, -1, -1, -1, -1, -1, -1, -1, -1, -1, -1, -1, -1, -1, -1, -1, -1, -1, -1, -1, -1, -1, -1, -1, -1, -1, -1, -1, -1, -1, -1, -1, -1, -1, -1, -1, -1, -1, -1, -1, -1, -1, -1, -1, -1, -1, -1, -1, -1, -1, -1, -1, -1, -1, -1, -1, -1, -1, -1]"
150,13,29,1.0,None,1,237,"[{'cluster_no': -1, 'count': 237}]","[-1, -1, -1, -1, -1, -1, -1, -1, -1, -1, -1, -1, -1, -1, -1, -1, -1, -1, -1, -1, -1, -1, -1, -1, -1, -1, -1, -1, -1, -1, -1, -1, -1, -1, -1, -1, -1, -1, -1, -1, -1, -1, -1, -1, -1, -1, -1, -1, -1, -1, -1, -1, -1, -1, -1, -1, -1, -1, -1, -1, -1, -1, -1, -1, -1, -1, -1, -1, -1, -1, -1, -1, -1, -1, -1, -1, -1, -1, -1, -1, -1, -1, -1, -1, -1, -1, -1, -1, -1, -1, -1, -1, -1, -1, -1, -1, -1, -1, -1, -1, -1, -1, -1, -1, -1, -1, -1, -1, -1, -1, -1, -1, -1, -1, -1, -1, -1, -1, -1, -1, -1, -1, -1, -1, -1, -1, -1, -1, -1, -1, -1, -1, -1, -1, -1, -1, -1, -1, -1, -1, -1, -1, -1, -1, -1, -1, -1, -1, -1, -1, -1, -1, -1, -1, -1, -1, -1, -1, -1, -1, -1, -1, -1, -1, -1, -1, -1, -1, -1, -1, -1, -1, -1, -1, -1, -1, -1, -1, -1, -1, -1, -1, -1, -1, -1, -1, -1, -1, -1, -1, -1, -1, -1, -1, -1, -1, -1, -1, -1, -1, -1, -1, -1, -1, -1, -1, -1, -1, -1, -1, -1, -1, -1, -1, -1, -1, -1, -1, -1, -1, -1, -1, -1, -1, -1, -1, -1, -1, -1, -1, -1, -1, -1, -1, -1, -1, -1]"
150,13,30,0.0,None,1,237,"[{'cluster_no': -1, 'count': 237}]","[-1, -1, -1, -1, -1, -1, -1, -1, -1, -1, -1, -1, -1, -1, -1, -1, -1, -1, -1, -1, -1, -1, -1, -1, -1, -1, -1, -1, -1, -1, -1, -1, -1, -1, -1, -1, -1, -1, -1, -1, -1, -1, -1, -1, -1, -1, -1, -1, -1, -1, -1, -1, -1, -1, -1, -1, -1, -1, -1, -1, -1, -1, -1, -1, -1, -1, -1, -1, -1, -1, -1, -1, -1, -1, -1, -1, -1, -1, -1, -1, -1, -1, -1, -1, -1, -1, -1, -1, -1, -1, -1, -1, -1, -1, -1, -1, -1, -1, -1, -1, -1, -1, -1, -1, -1, -1, -1, -1, -1, -1, -1, -1, -1, -1, -1, -1, -1, -1, -1, -1, -1, -1, -1, -1, -1, -1, -1, -1, -1, -1, -1, -1, -1, -1, -1, -1, -1, -1, -1, -1, -1, -1, -1, -1, -1, -1, -1, -1, -1, -1, -1, -1, -1, -1, -1, -1, -1, -1, -1, -1, -1, -1, -1, -1, -1, -1, -1, -1, -1, -1, -1, -1, -1, -1, -1, -1, -1, -1, -1, -1, -1, -1, -1, -1, -1, -1, -1, -1, -1, -1, -1, -1, -1, -1, -1, -1, -1, -1, -1, -1, -1, -1, -1, -1, -1, -1, -1, -1, -1, -1, -1, -1, -1, -1, -1, -1, -1, -1, -1, -1, -1, -1, -1, -1, -1, -1, -1, -1, -1, -1, -1, -1, -1, -1, -1, -1, -1]"
150,13,30,0.5,None,1,237,"[{'cluster_no': -1, 'count': 237}]","[-1, -1, -1, -1, -1, -1, -1, -1, -1, -1, -1, -1, -1, -1, -1, -1, -1, -1, -1, -1, -1, -1, -1, -1, -1, -1, -1, -1, -1, -1, -1, -1, -1, -1, -1, -1, -1, -1, -1, -1, -1, -1, -1, -1, -1, -1, -1, -1, -1, -1, -1, -1, -1, -1, -1, -1, -1, -1, -1, -1, -1, -1, -1, -1, -1, -1, -1, -1, -1, -1, -1, -1, -1, -1, -1, -1, -1, -1, -1, -1, -1, -1, -1, -1, -1, -1, -1, -1, -1, -1, -1, -1, -1, -1, -1, -1, -1, -1, -1, -1, -1, -1, -1, -1, -1, -1, -1, -1, -1, -1, -1, -1, -1, -1, -1, -1, -1, -1, -1, -1, -1, -1, -1, -1, -1, -1, -1, -1, -1, -1, -1, -1, -1, -1, -1, -1, -1, -1, -1, -1, -1, -1, -1, -1, -1, -1, -1, -1, -1, -1, -1, -1, -1, -1, -1, -1, -1, -1, -1, -1, -1, -1, -1, -1, -1, -1, -1, -1, -1, -1, -1, -1, -1, -1, -1, -1, -1, -1, -1, -1, -1, -1, -1, -1, -1, -1, -1, -1, -1, -1, -1, -1, -1, -1, -1, -1, -1, -1, -1, -1, -1, -1, -1, -1, -1, -1, -1, -1, -1, -1, -1, -1, -1, -1, -1, -1, -1, -1, -1, -1, -1, -1, -1, -1, -1, -1, -1, -1, -1, -1, -1, -1, -1, -1, -1, -1, -1]"
150,13,30,1.0,None,1,237,"[{'cluster_no': -1, 'count': 237}]","[-1, -1, -1, -1, -1, -1, -1, -1, -1, -1, -1, -1, -1, -1, -1, -1, -1, -1, -1, -1, -1, -1, -1, -1, -1, -1, -1, -1, -1, -1, -1, -1, -1, -1, -1, -1, -1, -1, -1, -1, -1, -1, -1, -1, -1, -1, -1, -1, -1, -1, -1, -1, -1, -1, -1, -1, -1, -1, -1, -1, -1, -1, -1, -1, -1, -1, -1, -1, -1, -1, -1, -1, -1, -1, -1, -1, -1, -1, -1, -1, -1, -1, -1, -1, -1, -1, -1, -1, -1, -1, -1, -1, -1, -1, -1, -1, -1, -1, -1, -1, -1, -1, -1, -1, -1, -1, -1, -1, -1, -1, -1, -1, -1, -1, -1, -1, -1, -1, -1, -1, -1, -1, -1, -1, -1, -1, -1, -1, -1, -1, -1, -1, -1, -1, -1, -1, -1, -1, -1, -1, -1, -1, -1, -1, -1, -1, -1, -1, -1, -1, -1, -1, -1, -1, -1, -1, -1, -1, -1, -1, -1, -1, -1, -1, -1, -1, -1, -1, -1, -1, -1, -1, -1, -1, -1, -1, -1, -1, -1, -1, -1, -1, -1, -1, -1, -1, -1, -1, -1, -1, -1, -1, -1, -1, -1, -1, -1, -1, -1, -1, -1, -1, -1, -1, -1, -1, -1, -1, -1, -1, -1, -1, -1, -1, -1, -1, -1, -1, -1, -1, -1, -1, -1, -1, -1, -1, -1, -1, -1, -1, -1, -1, -1, -1, -1, -1, -1]"
150,14,5,0.0,0.7259751489954374,5,197,"[{'cluster_no': -1, 'count': 197}, {'cluster_no': 0, 'count': 6}, {'cluster_no': 1, 'count': 11}, {'cluster_no': 2, 'count': 5}, {'cluster_no': 3, 'count': 18}]","[-1, 1, 1, -1, -1, -1, -1, 1, -1, -1, -1, -1, -1, -1, -1, -1, -1, 0, -1, -1, -1, -1, -1, -1, -1, -1, -1, -1, -1, 3, -1, -1, -1, 1, -1, -1, -1, -1, -1, -1, -1, -1, -1, -1, 1, 3, -1, 0, 1, -1, -1, -1, 1, -1, -1, -1, -1, 3, -1, -1, -1, -1, -1, -1, -1, -1, -1, -1, -1, -1, -1, -1, 1, -1, 0, -1, -1, -1, -1, -1, 3, -1, -1, -1, -1, -1, -1, -1, 3, -1, -1, 0, -1, -1, -1, -1, -1, -1, -1, -1, -1, -1, -1, -1, 3, -1, -1, -1, -1, -1, -1, -1, -1, -1, -1, -1, -1, -1, -1, -1, -1, -1, -1, -1, -1, -1, 1, -1, -1, -1, 0, -1, -1, -1, -1, -1, -1, -1, -1, -1, -1, 1, -1, 2, -1, -1, -1, -1, -1, -1, -1, -1, -1, -1, -1, -1, -1, -1, 3, 2, 3, -1, -1, -1, 2, -1, 3, -1, 3, -1, -1, 1, -1, -1, 3, -1, -1, -1, -1, -1, -1, 3, -1, -1, -1, -1, 3, -1, -1, -1, -1, -1, -1, -1, -1, -1, 0, -1, -1, -1, -1, -1, -1, -1, -1, -1, 3, 3, 2, 2, -1, 3, -1, -1, -1, -1, -1, -1, 3, -1, -1, -1, -1, -1, -1, -1, -1, -1, -1, -1, -1, -1, -1, -1, 3, -1, -1]"
150,14,5,0.5,0.7319661657265812,3,187,"[{'cluster_no': -1, 'count': 187}, {'cluster_no': 0, 'count': 18}, {'cluster_no': 1, 'count': 32}]","[-1, 0, 0, -1, -1, -1, -1, 0, -1, -1, -1, -1, -1, -1, -1, -1, -1, 0, -1, -1, -1, -1, -1, -1, -1, -1, -1, -1, -1, 1, 1, -1, -1, 0, -1, -1, -1, -1, -1, -1, -1, 0, -1, -1, 0, 1, -1, 0, 0, -1, -1, -1, 0, -1, -1, -1, -1, 1, -1, -1, -1, -1, -1, -1, -1, -1, -1, -1, -1, -1, -1, -1, 0, -1, 0, -1, -1, -1, 1, -1, 1, -1, -1, -1, -1, -1, -1, -1, 1, -1, -1, 0, -1, -1, -1, -1, -1, -1, -1, -1, -1, -1, -1, -1, 1, -1, -1, 1, -1, -1, -1, -1, -1, -1, -1, -1, 1, -1, -1, -1, -1, -1, -1, -1, -1, 1, 0, -1, -1, -1, 0, -1, -1, -1, -1, -1, 1, -1, -1, -1, -1, 0, -1, 1, -1, -1, -1, -1, -1, -1, -1, -1, -1, -1, -1, -1, -1, -1, 1, 1, 1, -1, -1, -1, 1, -1, 1, -1, 1, -1, -1, 0, -1, -1, 1, -1, -1, -1, -1, -1, -1, 1, -1, -1, 1, -1, 1, -1, -1, -1, -1, -1, -1, -1, -1, -1, 0, -1, -1, -1, -1, -1, -1, -1, -1, -1, 1, 1, 1, 1, 1, 1, -1, -1, -1, 1, -1, -1, 1, -1, -1, -1, -1, -1, -1, -1, -1, -1, -1, -1, -1, -1, -1, -1, 1, -1, -1]"
150,14,5,1.0,0.7319661657265812,3,187,"[{'cluster_no': -1, 'count': 187}, {'cluster_no': 0, 'count': 18}, {'cluster_no': 1, 'count': 32}]","[-1, 0, 0, -1, -1, -1, -1, 0, -1, -1, -1, -1, -1, -1, -1, -1, -1, 0, -1, -1, -1, -1, -1, -1, -1, -1, -1, -1, -1, 1, 1, -1, -1, 0, -1, -1, -1, -1, -1, -1, -1, 0, -1, -1, 0, 1, -1, 0, 0, -1, -1, -1, 0, -1, -1, -1, -1, 1, -1, -1, -1, -1, -1, -1, -1, -1, -1, -1, -1, -1, -1, -1, 0, -1, 0, -1, -1, -1, 1, -1, 1, -1, -1, -1, -1, -1, -1, -1, 1, -1, -1, 0, -1, -1, -1, -1, -1, -1, -1, -1, -1, -1, -1, -1, 1, -1, -1, 1, -1, -1, -1, -1, -1, -1, -1, -1, 1, -1, -1, -1, -1, -1, -1, -1, -1, 1, 0, -1, -1, -1, 0, -1, -1, -1, -1, -1, 1, -1, -1, -1, -1, 0, -1, 1, -1, -1, -1, -1, -1, -1, -1, -1, -1, -1, -1, -1, -1, -1, 1, 1, 1, -1, -1, -1, 1, -1, 1, -1, 1, -1, -1, 0, -1, -1, 1, -1, -1, -1, -1, -1, -1, 1, -1, -1, 1, -1, 1, -1, -1, -1, -1, -1, -1, -1, -1, -1, 0, -1, -1, -1, -1, -1, -1, -1, -1, -1, 1, 1, 1, 1, 1, 1, -1, -1, -1, 1, -1, -1, 1, -1, -1, -1, -1, -1, -1, -1, -1, -1, -1, -1, -1, -1, -1, -1, 1, -1, -1]"
150,14,6,0.0,0.7239525404794254,4,188,"[{'cluster_no': -1, 'count': 188}, {'cluster_no': 0, 'count': 32}, {'cluster_no': 1, 'count': 6}, {'cluster_no': 2, 'count': 11}]","[-1, 2, 2, -1, -1, -1, -1, 2, -1, -1, -1, -1, -1, -1, -1, -1, -1, 1, -1, -1, -1, -1, -1, -1, -1, -1, -1, -1, -1, 0, 0, -1, -1, 2, -1, -1, -1, -1, -1, -1, -1, -1, -1, -1, 2, 0, -1, 1, 2, -1, -1, -1, 2, -1, -1, -1, -1, 0, -1, -1, -1, -1, -1, -1, -1, -1, -1, -1, -1, -1, -1, -1, 2, -1, 1, -1, -1, -1, 0, -1, 0, -1, -1, -1, -1, -1, -1, -1, 0, -1, -1, 1, -1, -1, -1, -1, -1, -1, -1, -1, -1, -1, -1, -1, 0, -1, -1, 0, -1, -1, -1, -1, -1, -1, -1, -1, 0, -1, -1, -1, -1, -1, -1, -1, -1, 0, 2, -1, -1, -1, 1, -1, -1, -1, -1, -1, 0, -1, -1, -1, -1, 2, -1, 0, -1, -1, -1, -1, -1, -1, -1, -1, -1, -1, -1, -1, -1, -1, 0, 0, 0, -1, -1, -1, 0, -1, 0, -1, 0, -1, -1, 2, -1, -1, 0, -1, -1, -1, -1, -1, -1, 0, -1, -1, 0, -1, 0, -1, -1, -1, -1, -1, -1, -1, -1, -1, 1, -1, -1, -1, -1, -1, -1, -1, -1, -1, 0, 0, 0, 0, 0, 0, -1, -1, -1, 0, -1, -1, 0, -1, -1, -1, -1, -1, -1, -1, -1, -1, -1, -1, -1, -1, -1, -1, 0, -1, -1]"
150,14,6,0.5,0.7319661657265812,3,187,"[{'cluster_no': -1, 'count': 187}, {'cluster_no': 0, 'count': 18}, {'cluster_no': 1, 'count': 32}]","[-1, 0, 0, -1, -1, -1, -1, 0, -1, -1, -1, -1, -1, -1, -1, -1, -1, 0, -1, -1, -1, -1, -1, -1, -1, -1, -1, -1, -1, 1, 1, -1, -1, 0, -1, -1, -1, -1, -1, -1, -1, 0, -1, -1, 0, 1, -1, 0, 0, -1, -1, -1, 0, -1, -1, -1, -1, 1, -1, -1, -1, -1, -1, -1, -1, -1, -1, -1, -1, -1, -1, -1, 0, -1, 0, -1, -1, -1, 1, -1, 1, -1, -1, -1, -1, -1, -1, -1, 1, -1, -1, 0, -1, -1, -1, -1, -1, -1, -1, -1, -1, -1, -1, -1, 1, -1, -1, 1, -1, -1, -1, -1, -1, -1, -1, -1, 1, -1, -1, -1, -1, -1, -1, -1, -1, 1, 0, -1, -1, -1, 0, -1, -1, -1, -1, -1, 1, -1, -1, -1, -1, 0, -1, 1, -1, -1, -1, -1, -1, -1, -1, -1, -1, -1, -1, -1, -1, -1, 1, 1, 1, -1, -1, -1, 1, -1, 1, -1, 1, -1, -1, 0, -1, -1, 1, -1, -1, -1, -1, -1, -1, 1, -1, -1, 1, -1, 1, -1, -1, -1, -1, -1, -1, -1, -1, -1, 0, -1, -1, -1, -1, -1, -1, -1, -1, -1, 1, 1, 1, 1, 1, 1, -1, -1, -1, 1, -1, -1, 1, -1, -1, -1, -1, -1, -1, -1, -1, -1, -1, -1, -1, -1, -1, -1, 1, -1, -1]"
150,14,6,1.0,0.7319661657265812,3,187,"[{'cluster_no': -1, 'count': 187}, {'cluster_no': 0, 'count': 18}, {'cluster_no': 1, 'count': 32}]","[-1, 0, 0, -1, -1, -1, -1, 0, -1, -1, -1, -1, -1, -1, -1, -1, -1, 0, -1, -1, -1, -1, -1, -1, -1, -1, -1, -1, -1, 1, 1, -1, -1, 0, -1, -1, -1, -1, -1, -1, -1, 0, -1, -1, 0, 1, -1, 0, 0, -1, -1, -1, 0, -1, -1, -1, -1, 1, -1, -1, -1, -1, -1, -1, -1, -1, -1, -1, -1, -1, -1, -1, 0, -1, 0, -1, -1, -1, 1, -1, 1, -1, -1, -1, -1, -1, -1, -1, 1, -1, -1, 0, -1, -1, -1, -1, -1, -1, -1, -1, -1, -1, -1, -1, 1, -1, -1, 1, -1, -1, -1, -1, -1, -1, -1, -1, 1, -1, -1, -1, -1, -1, -1, -1, -1, 1, 0, -1, -1, -1, 0, -1, -1, -1, -1, -1, 1, -1, -1, -1, -1, 0, -1, 1, -1, -1, -1, -1, -1, -1, -1, -1, -1, -1, -1, -1, -1, -1, 1, 1, 1, -1, -1, -1, 1, -1, 1, -1, 1, -1, -1, 0, -1, -1, 1, -1, -1, -1, -1, -1, -1, 1, -1, -1, 1, -1, 1, -1, -1, -1, -1, -1, -1, -1, -1, -1, 0, -1, -1, -1, -1, -1, -1, -1, -1, -1, 1, 1, 1, 1, 1, 1, -1, -1, -1, 1, -1, -1, 1, -1, -1, -1, -1, -1, -1, -1, -1, -1, -1, -1, -1, -1, -1, -1, 1, -1, -1]"
150,14,7,0.0,0.7319661657265812,3,187,"[{'cluster_no': -1, 'count': 187}, {'cluster_no': 0, 'count': 18}, {'cluster_no': 1, 'count': 32}]","[-1, 0, 0, -1, -1, -1, -1, 0, -1, -1, -1, -1, -1, -1, -1, -1, -1, 0, -1, -1, -1, -1, -1, -1, -1, -1, -1, -1, -1, 1, 1, -1, -1, 0, -1, -1, -1, -1, -1, -1, -1, 0, -1, -1, 0, 1, -1, 0, 0, -1, -1, -1, 0, -1, -1, -1, -1, 1, -1, -1, -1, -1, -1, -1, -1, -1, -1, -1, -1, -1, -1, -1, 0, -1, 0, -1, -1, -1, 1, -1, 1, -1, -1, -1, -1, -1, -1, -1, 1, -1, -1, 0, -1, -1, -1, -1, -1, -1, -1, -1, -1, -1, -1, -1, 1, -1, -1, 1, -1, -1, -1, -1, -1, -1, -1, -1, 1, -1, -1, -1, -1, -1, -1, -1, -1, 1, 0, -1, -1, -1, 0, -1, -1, -1, -1, -1, 1, -1, -1, -1, -1, 0, -1, 1, -1, -1, -1, -1, -1, -1, -1, -1, -1, -1, -1, -1, -1, -1, 1, 1, 1, -1, -1, -1, 1, -1, 1, -1, 1, -1, -1, 0, -1, -1, 1, -1, -1, -1, -1, -1, -1, 1, -1, -1, 1, -1, 1, -1, -1, -1, -1, -1, -1, -1, -1, -1, 0, -1, -1, -1, -1, -1, -1, -1, -1, -1, 1, 1, 1, 1, 1, 1, -1, -1, -1, 1, -1, -1, 1, -1, -1, -1, -1, -1, -1, -1, -1, -1, -1, -1, -1, -1, -1, -1, 1, -1, -1]"
150,14,7,0.5,0.7319661657265812,3,187,"[{'cluster_no': -1, 'count': 187}, {'cluster_no': 0, 'count': 18}, {'cluster_no': 1, 'count': 32}]","[-1, 0, 0, -1, -1, -1, -1, 0, -1, -1, -1, -1, -1, -1, -1, -1, -1, 0, -1, -1, -1, -1, -1, -1, -1, -1, -1, -1, -1, 1, 1, -1, -1, 0, -1, -1, -1, -1, -1, -1, -1, 0, -1, -1, 0, 1, -1, 0, 0, -1, -1, -1, 0, -1, -1, -1, -1, 1, -1, -1, -1, -1, -1, -1, -1, -1, -1, -1, -1, -1, -1, -1, 0, -1, 0, -1, -1, -1, 1, -1, 1, -1, -1, -1, -1, -1, -1, -1, 1, -1, -1, 0, -1, -1, -1, -1, -1, -1, -1, -1, -1, -1, -1, -1, 1, -1, -1, 1, -1, -1, -1, -1, -1, -1, -1, -1, 1, -1, -1, -1, -1, -1, -1, -1, -1, 1, 0, -1, -1, -1, 0, -1, -1, -1, -1, -1, 1, -1, -1, -1, -1, 0, -1, 1, -1, -1, -1, -1, -1, -1, -1, -1, -1, -1, -1, -1, -1, -1, 1, 1, 1, -1, -1, -1, 1, -1, 1, -1, 1, -1, -1, 0, -1, -1, 1, -1, -1, -1, -1, -1, -1, 1, -1, -1, 1, -1, 1, -1, -1, -1, -1, -1, -1, -1, -1, -1, 0, -1, -1, -1, -1, -1, -1, -1, -1, -1, 1, 1, 1, 1, 1, 1, -1, -1, -1, 1, -1, -1, 1, -1, -1, -1, -1, -1, -1, -1, -1, -1, -1, -1, -1, -1, -1, -1, 1, -1, -1]"
150,14,7,1.0,0.7319661657265812,3,187,"[{'cluster_no': -1, 'count': 187}, {'cluster_no': 0, 'count': 18}, {'cluster_no': 1, 'count': 32}]","[-1, 0, 0, -1, -1, -1, -1, 0, -1, -1, -1, -1, -1, -1, -1, -1, -1, 0, -1, -1, -1, -1, -1, -1, -1, -1, -1, -1, -1, 1, 1, -1, -1, 0, -1, -1, -1, -1, -1, -1, -1, 0, -1, -1, 0, 1, -1, 0, 0, -1, -1, -1, 0, -1, -1, -1, -1, 1, -1, -1, -1, -1, -1, -1, -1, -1, -1, -1, -1, -1, -1, -1, 0, -1, 0, -1, -1, -1, 1, -1, 1, -1, -1, -1, -1, -1, -1, -1, 1, -1, -1, 0, -1, -1, -1, -1, -1, -1, -1, -1, -1, -1, -1, -1, 1, -1, -1, 1, -1, -1, -1, -1, -1, -1, -1, -1, 1, -1, -1, -1, -1, -1, -1, -1, -1, 1, 0, -1, -1, -1, 0, -1, -1, -1, -1, -1, 1, -1, -1, -1, -1, 0, -1, 1, -1, -1, -1, -1, -1, -1, -1, -1, -1, -1, -1, -1, -1, -1, 1, 1, 1, -1, -1, -1, 1, -1, 1, -1, 1, -1, -1, 0, -1, -1, 1, -1, -1, -1, -1, -1, -1, 1, -1, -1, 1, -1, 1, -1, -1, -1, -1, -1, -1, -1, -1, -1, 0, -1, -1, -1, -1, -1, -1, -1, -1, -1, 1, 1, 1, 1, 1, 1, -1, -1, -1, 1, -1, -1, 1, -1, -1, -1, -1, -1, -1, -1, -1, -1, -1, -1, -1, -1, -1, -1, 1, -1, -1]"
150,14,8,0.0,0.7319661657265812,3,187,"[{'cluster_no': -1, 'count': 187}, {'cluster_no': 0, 'count': 18}, {'cluster_no': 1, 'count': 32}]","[-1, 0, 0, -1, -1, -1, -1, 0, -1, -1, -1, -1, -1, -1, -1, -1, -1, 0, -1, -1, -1, -1, -1, -1, -1, -1, -1, -1, -1, 1, 1, -1, -1, 0, -1, -1, -1, -1, -1, -1, -1, 0, -1, -1, 0, 1, -1, 0, 0, -1, -1, -1, 0, -1, -1, -1, -1, 1, -1, -1, -1, -1, -1, -1, -1, -1, -1, -1, -1, -1, -1, -1, 0, -1, 0, -1, -1, -1, 1, -1, 1, -1, -1, -1, -1, -1, -1, -1, 1, -1, -1, 0, -1, -1, -1, -1, -1, -1, -1, -1, -1, -1, -1, -1, 1, -1, -1, 1, -1, -1, -1, -1, -1, -1, -1, -1, 1, -1, -1, -1, -1, -1, -1, -1, -1, 1, 0, -1, -1, -1, 0, -1, -1, -1, -1, -1, 1, -1, -1, -1, -1, 0, -1, 1, -1, -1, -1, -1, -1, -1, -1, -1, -1, -1, -1, -1, -1, -1, 1, 1, 1, -1, -1, -1, 1, -1, 1, -1, 1, -1, -1, 0, -1, -1, 1, -1, -1, -1, -1, -1, -1, 1, -1, -1, 1, -1, 1, -1, -1, -1, -1, -1, -1, -1, -1, -1, 0, -1, -1, -1, -1, -1, -1, -1, -1, -1, 1, 1, 1, 1, 1, 1, -1, -1, -1, 1, -1, -1, 1, -1, -1, -1, -1, -1, -1, -1, -1, -1, -1, -1, -1, -1, -1, -1, 1, -1, -1]"
150,14,8,0.5,0.7319661657265812,3,187,"[{'cluster_no': -1, 'count': 187}, {'cluster_no': 0, 'count': 18}, {'cluster_no': 1, 'count': 32}]","[-1, 0, 0, -1, -1, -1, -1, 0, -1, -1, -1, -1, -1, -1, -1, -1, -1, 0, -1, -1, -1, -1, -1, -1, -1, -1, -1, -1, -1, 1, 1, -1, -1, 0, -1, -1, -1, -1, -1, -1, -1, 0, -1, -1, 0, 1, -1, 0, 0, -1, -1, -1, 0, -1, -1, -1, -1, 1, -1, -1, -1, -1, -1, -1, -1, -1, -1, -1, -1, -1, -1, -1, 0, -1, 0, -1, -1, -1, 1, -1, 1, -1, -1, -1, -1, -1, -1, -1, 1, -1, -1, 0, -1, -1, -1, -1, -1, -1, -1, -1, -1, -1, -1, -1, 1, -1, -1, 1, -1, -1, -1, -1, -1, -1, -1, -1, 1, -1, -1, -1, -1, -1, -1, -1, -1, 1, 0, -1, -1, -1, 0, -1, -1, -1, -1, -1, 1, -1, -1, -1, -1, 0, -1, 1, -1, -1, -1, -1, -1, -1, -1, -1, -1, -1, -1, -1, -1, -1, 1, 1, 1, -1, -1, -1, 1, -1, 1, -1, 1, -1, -1, 0, -1, -1, 1, -1, -1, -1, -1, -1, -1, 1, -1, -1, 1, -1, 1, -1, -1, -1, -1, -1, -1, -1, -1, -1, 0, -1, -1, -1, -1, -1, -1, -1, -1, -1, 1, 1, 1, 1, 1, 1, -1, -1, -1, 1, -1, -1, 1, -1, -1, -1, -1, -1, -1, -1, -1, -1, -1, -1, -1, -1, -1, -1, 1, -1, -1]"
150,14,8,1.0,0.7319661657265812,3,187,"[{'cluster_no': -1, 'count': 187}, {'cluster_no': 0, 'count': 18}, {'cluster_no': 1, 'count': 32}]","[-1, 0, 0, -1, -1, -1, -1, 0, -1, -1, -1, -1, -1, -1, -1, -1, -1, 0, -1, -1, -1, -1, -1, -1, -1, -1, -1, -1, -1, 1, 1, -1, -1, 0, -1, -1, -1, -1, -1, -1, -1, 0, -1, -1, 0, 1, -1, 0, 0, -1, -1, -1, 0, -1, -1, -1, -1, 1, -1, -1, -1, -1, -1, -1, -1, -1, -1, -1, -1, -1, -1, -1, 0, -1, 0, -1, -1, -1, 1, -1, 1, -1, -1, -1, -1, -1, -1, -1, 1, -1, -1, 0, -1, -1, -1, -1, -1, -1, -1, -1, -1, -1, -1, -1, 1, -1, -1, 1, -1, -1, -1, -1, -1, -1, -1, -1, 1, -1, -1, -1, -1, -1, -1, -1, -1, 1, 0, -1, -1, -1, 0, -1, -1, -1, -1, -1, 1, -1, -1, -1, -1, 0, -1, 1, -1, -1, -1, -1, -1, -1, -1, -1, -1, -1, -1, -1, -1, -1, 1, 1, 1, -1, -1, -1, 1, -1, 1, -1, 1, -1, -1, 0, -1, -1, 1, -1, -1, -1, -1, -1, -1, 1, -1, -1, 1, -1, 1, -1, -1, -1, -1, -1, -1, -1, -1, -1, 0, -1, -1, -1, -1, -1, -1, -1, -1, -1, 1, 1, 1, 1, 1, 1, -1, -1, -1, 1, -1, -1, 1, -1, -1, -1, -1, -1, -1, -1, -1, -1, -1, -1, -1, -1, -1, -1, 1, -1, -1]"
150,14,9,0.0,0.7319661657265812,3,187,"[{'cluster_no': -1, 'count': 187}, {'cluster_no': 0, 'count': 18}, {'cluster_no': 1, 'count': 32}]","[-1, 0, 0, -1, -1, -1, -1, 0, -1, -1, -1, -1, -1, -1, -1, -1, -1, 0, -1, -1, -1, -1, -1, -1, -1, -1, -1, -1, -1, 1, 1, -1, -1, 0, -1, -1, -1, -1, -1, -1, -1, 0, -1, -1, 0, 1, -1, 0, 0, -1, -1, -1, 0, -1, -1, -1, -1, 1, -1, -1, -1, -1, -1, -1, -1, -1, -1, -1, -1, -1, -1, -1, 0, -1, 0, -1, -1, -1, 1, -1, 1, -1, -1, -1, -1, -1, -1, -1, 1, -1, -1, 0, -1, -1, -1, -1, -1, -1, -1, -1, -1, -1, -1, -1, 1, -1, -1, 1, -1, -1, -1, -1, -1, -1, -1, -1, 1, -1, -1, -1, -1, -1, -1, -1, -1, 1, 0, -1, -1, -1, 0, -1, -1, -1, -1, -1, 1, -1, -1, -1, -1, 0, -1, 1, -1, -1, -1, -1, -1, -1, -1, -1, -1, -1, -1, -1, -1, -1, 1, 1, 1, -1, -1, -1, 1, -1, 1, -1, 1, -1, -1, 0, -1, -1, 1, -1, -1, -1, -1, -1, -1, 1, -1, -1, 1, -1, 1, -1, -1, -1, -1, -1, -1, -1, -1, -1, 0, -1, -1, -1, -1, -1, -1, -1, -1, -1, 1, 1, 1, 1, 1, 1, -1, -1, -1, 1, -1, -1, 1, -1, -1, -1, -1, -1, -1, -1, -1, -1, -1, -1, -1, -1, -1, -1, 1, -1, -1]"
150,14,9,0.5,0.7319661657265812,3,187,"[{'cluster_no': -1, 'count': 187}, {'cluster_no': 0, 'count': 18}, {'cluster_no': 1, 'count': 32}]","[-1, 0, 0, -1, -1, -1, -1, 0, -1, -1, -1, -1, -1, -1, -1, -1, -1, 0, -1, -1, -1, -1, -1, -1, -1, -1, -1, -1, -1, 1, 1, -1, -1, 0, -1, -1, -1, -1, -1, -1, -1, 0, -1, -1, 0, 1, -1, 0, 0, -1, -1, -1, 0, -1, -1, -1, -1, 1, -1, -1, -1, -1, -1, -1, -1, -1, -1, -1, -1, -1, -1, -1, 0, -1, 0, -1, -1, -1, 1, -1, 1, -1, -1, -1, -1, -1, -1, -1, 1, -1, -1, 0, -1, -1, -1, -1, -1, -1, -1, -1, -1, -1, -1, -1, 1, -1, -1, 1, -1, -1, -1, -1, -1, -1, -1, -1, 1, -1, -1, -1, -1, -1, -1, -1, -1, 1, 0, -1, -1, -1, 0, -1, -1, -1, -1, -1, 1, -1, -1, -1, -1, 0, -1, 1, -1, -1, -1, -1, -1, -1, -1, -1, -1, -1, -1, -1, -1, -1, 1, 1, 1, -1, -1, -1, 1, -1, 1, -1, 1, -1, -1, 0, -1, -1, 1, -1, -1, -1, -1, -1, -1, 1, -1, -1, 1, -1, 1, -1, -1, -1, -1, -1, -1, -1, -1, -1, 0, -1, -1, -1, -1, -1, -1, -1, -1, -1, 1, 1, 1, 1, 1, 1, -1, -1, -1, 1, -1, -1, 1, -1, -1, -1, -1, -1, -1, -1, -1, -1, -1, -1, -1, -1, -1, -1, 1, -1, -1]"
150,14,9,1.0,0.7319661657265812,3,187,"[{'cluster_no': -1, 'count': 187}, {'cluster_no': 0, 'count': 18}, {'cluster_no': 1, 'count': 32}]","[-1, 0, 0, -1, -1, -1, -1, 0, -1, -1, -1, -1, -1, -1, -1, -1, -1, 0, -1, -1, -1, -1, -1, -1, -1, -1, -1, -1, -1, 1, 1, -1, -1, 0, -1, -1, -1, -1, -1, -1, -1, 0, -1, -1, 0, 1, -1, 0, 0, -1, -1, -1, 0, -1, -1, -1, -1, 1, -1, -1, -1, -1, -1, -1, -1, -1, -1, -1, -1, -1, -1, -1, 0, -1, 0, -1, -1, -1, 1, -1, 1, -1, -1, -1, -1, -1, -1, -1, 1, -1, -1, 0, -1, -1, -1, -1, -1, -1, -1, -1, -1, -1, -1, -1, 1, -1, -1, 1, -1, -1, -1, -1, -1, -1, -1, -1, 1, -1, -1, -1, -1, -1, -1, -1, -1, 1, 0, -1, -1, -1, 0, -1, -1, -1, -1, -1, 1, -1, -1, -1, -1, 0, -1, 1, -1, -1, -1, -1, -1, -1, -1, -1, -1, -1, -1, -1, -1, -1, 1, 1, 1, -1, -1, -1, 1, -1, 1, -1, 1, -1, -1, 0, -1, -1, 1, -1, -1, -1, -1, -1, -1, 1, -1, -1, 1, -1, 1, -1, -1, -1, -1, -1, -1, -1, -1, -1, 0, -1, -1, -1, -1, -1, -1, -1, -1, -1, 1, 1, 1, 1, 1, 1, -1, -1, -1, 1, -1, -1, 1, -1, -1, -1, -1, -1, -1, -1, -1, -1, -1, -1, -1, -1, -1, -1, 1, -1, -1]"
150,14,10,0.0,0.7319661657265812,3,187,"[{'cluster_no': -1, 'count': 187}, {'cluster_no': 0, 'count': 18}, {'cluster_no': 1, 'count': 32}]","[-1, 0, 0, -1, -1, -1, -1, 0, -1, -1, -1, -1, -1, -1, -1, -1, -1, 0, -1, -1, -1, -1, -1, -1, -1, -1, -1, -1, -1, 1, 1, -1, -1, 0, -1, -1, -1, -1, -1, -1, -1, 0, -1, -1, 0, 1, -1, 0, 0, -1, -1, -1, 0, -1, -1, -1, -1, 1, -1, -1, -1, -1, -1, -1, -1, -1, -1, -1, -1, -1, -1, -1, 0, -1, 0, -1, -1, -1, 1, -1, 1, -1, -1, -1, -1, -1, -1, -1, 1, -1, -1, 0, -1, -1, -1, -1, -1, -1, -1, -1, -1, -1, -1, -1, 1, -1, -1, 1, -1, -1, -1, -1, -1, -1, -1, -1, 1, -1, -1, -1, -1, -1, -1, -1, -1, 1, 0, -1, -1, -1, 0, -1, -1, -1, -1, -1, 1, -1, -1, -1, -1, 0, -1, 1, -1, -1, -1, -1, -1, -1, -1, -1, -1, -1, -1, -1, -1, -1, 1, 1, 1, -1, -1, -1, 1, -1, 1, -1, 1, -1, -1, 0, -1, -1, 1, -1, -1, -1, -1, -1, -1, 1, -1, -1, 1, -1, 1, -1, -1, -1, -1, -1, -1, -1, -1, -1, 0, -1, -1, -1, -1, -1, -1, -1, -1, -1, 1, 1, 1, 1, 1, 1, -1, -1, -1, 1, -1, -1, 1, -1, -1, -1, -1, -1, -1, -1, -1, -1, -1, -1, -1, -1, -1, -1, 1, -1, -1]"
150,14,10,0.5,0.7319661657265812,3,187,"[{'cluster_no': -1, 'count': 187}, {'cluster_no': 0, 'count': 18}, {'cluster_no': 1, 'count': 32}]","[-1, 0, 0, -1, -1, -1, -1, 0, -1, -1, -1, -1, -1, -1, -1, -1, -1, 0, -1, -1, -1, -1, -1, -1, -1, -1, -1, -1, -1, 1, 1, -1, -1, 0, -1, -1, -1, -1, -1, -1, -1, 0, -1, -1, 0, 1, -1, 0, 0, -1, -1, -1, 0, -1, -1, -1, -1, 1, -1, -1, -1, -1, -1, -1, -1, -1, -1, -1, -1, -1, -1, -1, 0, -1, 0, -1, -1, -1, 1, -1, 1, -1, -1, -1, -1, -1, -1, -1, 1, -1, -1, 0, -1, -1, -1, -1, -1, -1, -1, -1, -1, -1, -1, -1, 1, -1, -1, 1, -1, -1, -1, -1, -1, -1, -1, -1, 1, -1, -1, -1, -1, -1, -1, -1, -1, 1, 0, -1, -1, -1, 0, -1, -1, -1, -1, -1, 1, -1, -1, -1, -1, 0, -1, 1, -1, -1, -1, -1, -1, -1, -1, -1, -1, -1, -1, -1, -1, -1, 1, 1, 1, -1, -1, -1, 1, -1, 1, -1, 1, -1, -1, 0, -1, -1, 1, -1, -1, -1, -1, -1, -1, 1, -1, -1, 1, -1, 1, -1, -1, -1, -1, -1, -1, -1, -1, -1, 0, -1, -1, -1, -1, -1, -1, -1, -1, -1, 1, 1, 1, 1, 1, 1, -1, -1, -1, 1, -1, -1, 1, -1, -1, -1, -1, -1, -1, -1, -1, -1, -1, -1, -1, -1, -1, -1, 1, -1, -1]"
150,14,10,1.0,0.7319661657265812,3,187,"[{'cluster_no': -1, 'count': 187}, {'cluster_no': 0, 'count': 18}, {'cluster_no': 1, 'count': 32}]","[-1, 0, 0, -1, -1, -1, -1, 0, -1, -1, -1, -1, -1, -1, -1, -1, -1, 0, -1, -1, -1, -1, -1, -1, -1, -1, -1, -1, -1, 1, 1, -1, -1, 0, -1, -1, -1, -1, -1, -1, -1, 0, -1, -1, 0, 1, -1, 0, 0, -1, -1, -1, 0, -1, -1, -1, -1, 1, -1, -1, -1, -1, -1, -1, -1, -1, -1, -1, -1, -1, -1, -1, 0, -1, 0, -1, -1, -1, 1, -1, 1, -1, -1, -1, -1, -1, -1, -1, 1, -1, -1, 0, -1, -1, -1, -1, -1, -1, -1, -1, -1, -1, -1, -1, 1, -1, -1, 1, -1, -1, -1, -1, -1, -1, -1, -1, 1, -1, -1, -1, -1, -1, -1, -1, -1, 1, 0, -1, -1, -1, 0, -1, -1, -1, -1, -1, 1, -1, -1, -1, -1, 0, -1, 1, -1, -1, -1, -1, -1, -1, -1, -1, -1, -1, -1, -1, -1, -1, 1, 1, 1, -1, -1, -1, 1, -1, 1, -1, 1, -1, -1, 0, -1, -1, 1, -1, -1, -1, -1, -1, -1, 1, -1, -1, 1, -1, 1, -1, -1, -1, -1, -1, -1, -1, -1, -1, 0, -1, -1, -1, -1, -1, -1, -1, -1, -1, 1, 1, 1, 1, 1, 1, -1, -1, -1, 1, -1, -1, 1, -1, -1, -1, -1, -1, -1, -1, -1, -1, -1, -1, -1, -1, -1, -1, 1, -1, -1]"
150,14,11,0.0,0.7319661657265812,3,187,"[{'cluster_no': -1, 'count': 187}, {'cluster_no': 0, 'count': 18}, {'cluster_no': 1, 'count': 32}]","[-1, 0, 0, -1, -1, -1, -1, 0, -1, -1, -1, -1, -1, -1, -1, -1, -1, 0, -1, -1, -1, -1, -1, -1, -1, -1, -1, -1, -1, 1, 1, -1, -1, 0, -1, -1, -1, -1, -1, -1, -1, 0, -1, -1, 0, 1, -1, 0, 0, -1, -1, -1, 0, -1, -1, -1, -1, 1, -1, -1, -1, -1, -1, -1, -1, -1, -1, -1, -1, -1, -1, -1, 0, -1, 0, -1, -1, -1, 1, -1, 1, -1, -1, -1, -1, -1, -1, -1, 1, -1, -1, 0, -1, -1, -1, -1, -1, -1, -1, -1, -1, -1, -1, -1, 1, -1, -1, 1, -1, -1, -1, -1, -1, -1, -1, -1, 1, -1, -1, -1, -1, -1, -1, -1, -1, 1, 0, -1, -1, -1, 0, -1, -1, -1, -1, -1, 1, -1, -1, -1, -1, 0, -1, 1, -1, -1, -1, -1, -1, -1, -1, -1, -1, -1, -1, -1, -1, -1, 1, 1, 1, -1, -1, -1, 1, -1, 1, -1, 1, -1, -1, 0, -1, -1, 1, -1, -1, -1, -1, -1, -1, 1, -1, -1, 1, -1, 1, -1, -1, -1, -1, -1, -1, -1, -1, -1, 0, -1, -1, -1, -1, -1, -1, -1, -1, -1, 1, 1, 1, 1, 1, 1, -1, -1, -1, 1, -1, -1, 1, -1, -1, -1, -1, -1, -1, -1, -1, -1, -1, -1, -1, -1, -1, -1, 1, -1, -1]"
150,14,11,0.5,0.7319661657265812,3,187,"[{'cluster_no': -1, 'count': 187}, {'cluster_no': 0, 'count': 18}, {'cluster_no': 1, 'count': 32}]","[-1, 0, 0, -1, -1, -1, -1, 0, -1, -1, -1, -1, -1, -1, -1, -1, -1, 0, -1, -1, -1, -1, -1, -1, -1, -1, -1, -1, -1, 1, 1, -1, -1, 0, -1, -1, -1, -1, -1, -1, -1, 0, -1, -1, 0, 1, -1, 0, 0, -1, -1, -1, 0, -1, -1, -1, -1, 1, -1, -1, -1, -1, -1, -1, -1, -1, -1, -1, -1, -1, -1, -1, 0, -1, 0, -1, -1, -1, 1, -1, 1, -1, -1, -1, -1, -1, -1, -1, 1, -1, -1, 0, -1, -1, -1, -1, -1, -1, -1, -1, -1, -1, -1, -1, 1, -1, -1, 1, -1, -1, -1, -1, -1, -1, -1, -1, 1, -1, -1, -1, -1, -1, -1, -1, -1, 1, 0, -1, -1, -1, 0, -1, -1, -1, -1, -1, 1, -1, -1, -1, -1, 0, -1, 1, -1, -1, -1, -1, -1, -1, -1, -1, -1, -1, -1, -1, -1, -1, 1, 1, 1, -1, -1, -1, 1, -1, 1, -1, 1, -1, -1, 0, -1, -1, 1, -1, -1, -1, -1, -1, -1, 1, -1, -1, 1, -1, 1, -1, -1, -1, -1, -1, -1, -1, -1, -1, 0, -1, -1, -1, -1, -1, -1, -1, -1, -1, 1, 1, 1, 1, 1, 1, -1, -1, -1, 1, -1, -1, 1, -1, -1, -1, -1, -1, -1, -1, -1, -1, -1, -1, -1, -1, -1, -1, 1, -1, -1]"
150,14,11,1.0,0.7319661657265812,3,187,"[{'cluster_no': -1, 'count': 187}, {'cluster_no': 0, 'count': 18}, {'cluster_no': 1, 'count': 32}]","[-1, 0, 0, -1, -1, -1, -1, 0, -1, -1, -1, -1, -1, -1, -1, -1, -1, 0, -1, -1, -1, -1, -1, -1, -1, -1, -1, -1, -1, 1, 1, -1, -1, 0, -1, -1, -1, -1, -1, -1, -1, 0, -1, -1, 0, 1, -1, 0, 0, -1, -1, -1, 0, -1, -1, -1, -1, 1, -1, -1, -1, -1, -1, -1, -1, -1, -1, -1, -1, -1, -1, -1, 0, -1, 0, -1, -1, -1, 1, -1, 1, -1, -1, -1, -1, -1, -1, -1, 1, -1, -1, 0, -1, -1, -1, -1, -1, -1, -1, -1, -1, -1, -1, -1, 1, -1, -1, 1, -1, -1, -1, -1, -1, -1, -1, -1, 1, -1, -1, -1, -1, -1, -1, -1, -1, 1, 0, -1, -1, -1, 0, -1, -1, -1, -1, -1, 1, -1, -1, -1, -1, 0, -1, 1, -1, -1, -1, -1, -1, -1, -1, -1, -1, -1, -1, -1, -1, -1, 1, 1, 1, -1, -1, -1, 1, -1, 1, -1, 1, -1, -1, 0, -1, -1, 1, -1, -1, -1, -1, -1, -1, 1, -1, -1, 1, -1, 1, -1, -1, -1, -1, -1, -1, -1, -1, -1, 0, -1, -1, -1, -1, -1, -1, -1, -1, -1, 1, 1, 1, 1, 1, 1, -1, -1, -1, 1, -1, -1, 1, -1, -1, -1, -1, -1, -1, -1, -1, -1, -1, -1, -1, -1, -1, -1, 1, -1, -1]"
150,14,12,0.0,0.7319661657265812,3,187,"[{'cluster_no': -1, 'count': 187}, {'cluster_no': 0, 'count': 18}, {'cluster_no': 1, 'count': 32}]","[-1, 0, 0, -1, -1, -1, -1, 0, -1, -1, -1, -1, -1, -1, -1, -1, -1, 0, -1, -1, -1, -1, -1, -1, -1, -1, -1, -1, -1, 1, 1, -1, -1, 0, -1, -1, -1, -1, -1, -1, -1, 0, -1, -1, 0, 1, -1, 0, 0, -1, -1, -1, 0, -1, -1, -1, -1, 1, -1, -1, -1, -1, -1, -1, -1, -1, -1, -1, -1, -1, -1, -1, 0, -1, 0, -1, -1, -1, 1, -1, 1, -1, -1, -1, -1, -1, -1, -1, 1, -1, -1, 0, -1, -1, -1, -1, -1, -1, -1, -1, -1, -1, -1, -1, 1, -1, -1, 1, -1, -1, -1, -1, -1, -1, -1, -1, 1, -1, -1, -1, -1, -1, -1, -1, -1, 1, 0, -1, -1, -1, 0, -1, -1, -1, -1, -1, 1, -1, -1, -1, -1, 0, -1, 1, -1, -1, -1, -1, -1, -1, -1, -1, -1, -1, -1, -1, -1, -1, 1, 1, 1, -1, -1, -1, 1, -1, 1, -1, 1, -1, -1, 0, -1, -1, 1, -1, -1, -1, -1, -1, -1, 1, -1, -1, 1, -1, 1, -1, -1, -1, -1, -1, -1, -1, -1, -1, 0, -1, -1, -1, -1, -1, -1, -1, -1, -1, 1, 1, 1, 1, 1, 1, -1, -1, -1, 1, -1, -1, 1, -1, -1, -1, -1, -1, -1, -1, -1, -1, -1, -1, -1, -1, -1, -1, 1, -1, -1]"
150,14,12,0.5,0.7319661657265812,3,187,"[{'cluster_no': -1, 'count': 187}, {'cluster_no': 0, 'count': 18}, {'cluster_no': 1, 'count': 32}]","[-1, 0, 0, -1, -1, -1, -1, 0, -1, -1, -1, -1, -1, -1, -1, -1, -1, 0, -1, -1, -1, -1, -1, -1, -1, -1, -1, -1, -1, 1, 1, -1, -1, 0, -1, -1, -1, -1, -1, -1, -1, 0, -1, -1, 0, 1, -1, 0, 0, -1, -1, -1, 0, -1, -1, -1, -1, 1, -1, -1, -1, -1, -1, -1, -1, -1, -1, -1, -1, -1, -1, -1, 0, -1, 0, -1, -1, -1, 1, -1, 1, -1, -1, -1, -1, -1, -1, -1, 1, -1, -1, 0, -1, -1, -1, -1, -1, -1, -1, -1, -1, -1, -1, -1, 1, -1, -1, 1, -1, -1, -1, -1, -1, -1, -1, -1, 1, -1, -1, -1, -1, -1, -1, -1, -1, 1, 0, -1, -1, -1, 0, -1, -1, -1, -1, -1, 1, -1, -1, -1, -1, 0, -1, 1, -1, -1, -1, -1, -1, -1, -1, -1, -1, -1, -1, -1, -1, -1, 1, 1, 1, -1, -1, -1, 1, -1, 1, -1, 1, -1, -1, 0, -1, -1, 1, -1, -1, -1, -1, -1, -1, 1, -1, -1, 1, -1, 1, -1, -1, -1, -1, -1, -1, -1, -1, -1, 0, -1, -1, -1, -1, -1, -1, -1, -1, -1, 1, 1, 1, 1, 1, 1, -1, -1, -1, 1, -1, -1, 1, -1, -1, -1, -1, -1, -1, -1, -1, -1, -1, -1, -1, -1, -1, -1, 1, -1, -1]"
150,14,12,1.0,0.7319661657265812,3,187,"[{'cluster_no': -1, 'count': 187}, {'cluster_no': 0, 'count': 18}, {'cluster_no': 1, 'count': 32}]","[-1, 0, 0, -1, -1, -1, -1, 0, -1, -1, -1, -1, -1, -1, -1, -1, -1, 0, -1, -1, -1, -1, -1, -1, -1, -1, -1, -1, -1, 1, 1, -1, -1, 0, -1, -1, -1, -1, -1, -1, -1, 0, -1, -1, 0, 1, -1, 0, 0, -1, -1, -1, 0, -1, -1, -1, -1, 1, -1, -1, -1, -1, -1, -1, -1, -1, -1, -1, -1, -1, -1, -1, 0, -1, 0, -1, -1, -1, 1, -1, 1, -1, -1, -1, -1, -1, -1, -1, 1, -1, -1, 0, -1, -1, -1, -1, -1, -1, -1, -1, -1, -1, -1, -1, 1, -1, -1, 1, -1, -1, -1, -1, -1, -1, -1, -1, 1, -1, -1, -1, -1, -1, -1, -1, -1, 1, 0, -1, -1, -1, 0, -1, -1, -1, -1, -1, 1, -1, -1, -1, -1, 0, -1, 1, -1, -1, -1, -1, -1, -1, -1, -1, -1, -1, -1, -1, -1, -1, 1, 1, 1, -1, -1, -1, 1, -1, 1, -1, 1, -1, -1, 0, -1, -1, 1, -1, -1, -1, -1, -1, -1, 1, -1, -1, 1, -1, 1, -1, -1, -1, -1, -1, -1, -1, -1, -1, 0, -1, -1, -1, -1, -1, -1, -1, -1, -1, 1, 1, 1, 1, 1, 1, -1, -1, -1, 1, -1, -1, 1, -1, -1, -1, -1, -1, -1, -1, -1, -1, -1, -1, -1, -1, -1, -1, 1, -1, -1]"
150,14,13,0.0,0.7319661657265812,3,187,"[{'cluster_no': -1, 'count': 187}, {'cluster_no': 0, 'count': 18}, {'cluster_no': 1, 'count': 32}]","[-1, 0, 0, -1, -1, -1, -1, 0, -1, -1, -1, -1, -1, -1, -1, -1, -1, 0, -1, -1, -1, -1, -1, -1, -1, -1, -1, -1, -1, 1, 1, -1, -1, 0, -1, -1, -1, -1, -1, -1, -1, 0, -1, -1, 0, 1, -1, 0, 0, -1, -1, -1, 0, -1, -1, -1, -1, 1, -1, -1, -1, -1, -1, -1, -1, -1, -1, -1, -1, -1, -1, -1, 0, -1, 0, -1, -1, -1, 1, -1, 1, -1, -1, -1, -1, -1, -1, -1, 1, -1, -1, 0, -1, -1, -1, -1, -1, -1, -1, -1, -1, -1, -1, -1, 1, -1, -1, 1, -1, -1, -1, -1, -1, -1, -1, -1, 1, -1, -1, -1, -1, -1, -1, -1, -1, 1, 0, -1, -1, -1, 0, -1, -1, -1, -1, -1, 1, -1, -1, -1, -1, 0, -1, 1, -1, -1, -1, -1, -1, -1, -1, -1, -1, -1, -1, -1, -1, -1, 1, 1, 1, -1, -1, -1, 1, -1, 1, -1, 1, -1, -1, 0, -1, -1, 1, -1, -1, -1, -1, -1, -1, 1, -1, -1, 1, -1, 1, -1, -1, -1, -1, -1, -1, -1, -1, -1, 0, -1, -1, -1, -1, -1, -1, -1, -1, -1, 1, 1, 1, 1, 1, 1, -1, -1, -1, 1, -1, -1, 1, -1, -1, -1, -1, -1, -1, -1, -1, -1, -1, -1, -1, -1, -1, -1, 1, -1, -1]"
150,14,13,0.5,0.7319661657265812,3,187,"[{'cluster_no': -1, 'count': 187}, {'cluster_no': 0, 'count': 18}, {'cluster_no': 1, 'count': 32}]","[-1, 0, 0, -1, -1, -1, -1, 0, -1, -1, -1, -1, -1, -1, -1, -1, -1, 0, -1, -1, -1, -1, -1, -1, -1, -1, -1, -1, -1, 1, 1, -1, -1, 0, -1, -1, -1, -1, -1, -1, -1, 0, -1, -1, 0, 1, -1, 0, 0, -1, -1, -1, 0, -1, -1, -1, -1, 1, -1, -1, -1, -1, -1, -1, -1, -1, -1, -1, -1, -1, -1, -1, 0, -1, 0, -1, -1, -1, 1, -1, 1, -1, -1, -1, -1, -1, -1, -1, 1, -1, -1, 0, -1, -1, -1, -1, -1, -1, -1, -1, -1, -1, -1, -1, 1, -1, -1, 1, -1, -1, -1, -1, -1, -1, -1, -1, 1, -1, -1, -1, -1, -1, -1, -1, -1, 1, 0, -1, -1, -1, 0, -1, -1, -1, -1, -1, 1, -1, -1, -1, -1, 0, -1, 1, -1, -1, -1, -1, -1, -1, -1, -1, -1, -1, -1, -1, -1, -1, 1, 1, 1, -1, -1, -1, 1, -1, 1, -1, 1, -1, -1, 0, -1, -1, 1, -1, -1, -1, -1, -1, -1, 1, -1, -1, 1, -1, 1, -1, -1, -1, -1, -1, -1, -1, -1, -1, 0, -1, -1, -1, -1, -1, -1, -1, -1, -1, 1, 1, 1, 1, 1, 1, -1, -1, -1, 1, -1, -1, 1, -1, -1, -1, -1, -1, -1, -1, -1, -1, -1, -1, -1, -1, -1, -1, 1, -1, -1]"
150,14,13,1.0,0.7319661657265812,3,187,"[{'cluster_no': -1, 'count': 187}, {'cluster_no': 0, 'count': 18}, {'cluster_no': 1, 'count': 32}]","[-1, 0, 0, -1, -1, -1, -1, 0, -1, -1, -1, -1, -1, -1, -1, -1, -1, 0, -1, -1, -1, -1, -1, -1, -1, -1, -1, -1, -1, 1, 1, -1, -1, 0, -1, -1, -1, -1, -1, -1, -1, 0, -1, -1, 0, 1, -1, 0, 0, -1, -1, -1, 0, -1, -1, -1, -1, 1, -1, -1, -1, -1, -1, -1, -1, -1, -1, -1, -1, -1, -1, -1, 0, -1, 0, -1, -1, -1, 1, -1, 1, -1, -1, -1, -1, -1, -1, -1, 1, -1, -1, 0, -1, -1, -1, -1, -1, -1, -1, -1, -1, -1, -1, -1, 1, -1, -1, 1, -1, -1, -1, -1, -1, -1, -1, -1, 1, -1, -1, -1, -1, -1, -1, -1, -1, 1, 0, -1, -1, -1, 0, -1, -1, -1, -1, -1, 1, -1, -1, -1, -1, 0, -1, 1, -1, -1, -1, -1, -1, -1, -1, -1, -1, -1, -1, -1, -1, -1, 1, 1, 1, -1, -1, -1, 1, -1, 1, -1, 1, -1, -1, 0, -1, -1, 1, -1, -1, -1, -1, -1, -1, 1, -1, -1, 1, -1, 1, -1, -1, -1, -1, -1, -1, -1, -1, -1, 0, -1, -1, -1, -1, -1, -1, -1, -1, -1, 1, 1, 1, 1, 1, 1, -1, -1, -1, 1, -1, -1, 1, -1, -1, -1, -1, -1, -1, -1, -1, -1, -1, -1, -1, -1, -1, -1, 1, -1, -1]"
150,14,14,0.0,0.7319661657265812,3,187,"[{'cluster_no': -1, 'count': 187}, {'cluster_no': 0, 'count': 18}, {'cluster_no': 1, 'count': 32}]","[-1, 0, 0, -1, -1, -1, -1, 0, -1, -1, -1, -1, -1, -1, -1, -1, -1, 0, -1, -1, -1, -1, -1, -1, -1, -1, -1, -1, -1, 1, 1, -1, -1, 0, -1, -1, -1, -1, -1, -1, -1, 0, -1, -1, 0, 1, -1, 0, 0, -1, -1, -1, 0, -1, -1, -1, -1, 1, -1, -1, -1, -1, -1, -1, -1, -1, -1, -1, -1, -1, -1, -1, 0, -1, 0, -1, -1, -1, 1, -1, 1, -1, -1, -1, -1, -1, -1, -1, 1, -1, -1, 0, -1, -1, -1, -1, -1, -1, -1, -1, -1, -1, -1, -1, 1, -1, -1, 1, -1, -1, -1, -1, -1, -1, -1, -1, 1, -1, -1, -1, -1, -1, -1, -1, -1, 1, 0, -1, -1, -1, 0, -1, -1, -1, -1, -1, 1, -1, -1, -1, -1, 0, -1, 1, -1, -1, -1, -1, -1, -1, -1, -1, -1, -1, -1, -1, -1, -1, 1, 1, 1, -1, -1, -1, 1, -1, 1, -1, 1, -1, -1, 0, -1, -1, 1, -1, -1, -1, -1, -1, -1, 1, -1, -1, 1, -1, 1, -1, -1, -1, -1, -1, -1, -1, -1, -1, 0, -1, -1, -1, -1, -1, -1, -1, -1, -1, 1, 1, 1, 1, 1, 1, -1, -1, -1, 1, -1, -1, 1, -1, -1, -1, -1, -1, -1, -1, -1, -1, -1, -1, -1, -1, -1, -1, 1, -1, -1]"
150,14,14,0.5,0.7319661657265812,3,187,"[{'cluster_no': -1, 'count': 187}, {'cluster_no': 0, 'count': 18}, {'cluster_no': 1, 'count': 32}]","[-1, 0, 0, -1, -1, -1, -1, 0, -1, -1, -1, -1, -1, -1, -1, -1, -1, 0, -1, -1, -1, -1, -1, -1, -1, -1, -1, -1, -1, 1, 1, -1, -1, 0, -1, -1, -1, -1, -1, -1, -1, 0, -1, -1, 0, 1, -1, 0, 0, -1, -1, -1, 0, -1, -1, -1, -1, 1, -1, -1, -1, -1, -1, -1, -1, -1, -1, -1, -1, -1, -1, -1, 0, -1, 0, -1, -1, -1, 1, -1, 1, -1, -1, -1, -1, -1, -1, -1, 1, -1, -1, 0, -1, -1, -1, -1, -1, -1, -1, -1, -1, -1, -1, -1, 1, -1, -1, 1, -1, -1, -1, -1, -1, -1, -1, -1, 1, -1, -1, -1, -1, -1, -1, -1, -1, 1, 0, -1, -1, -1, 0, -1, -1, -1, -1, -1, 1, -1, -1, -1, -1, 0, -1, 1, -1, -1, -1, -1, -1, -1, -1, -1, -1, -1, -1, -1, -1, -1, 1, 1, 1, -1, -1, -1, 1, -1, 1, -1, 1, -1, -1, 0, -1, -1, 1, -1, -1, -1, -1, -1, -1, 1, -1, -1, 1, -1, 1, -1, -1, -1, -1, -1, -1, -1, -1, -1, 0, -1, -1, -1, -1, -1, -1, -1, -1, -1, 1, 1, 1, 1, 1, 1, -1, -1, -1, 1, -1, -1, 1, -1, -1, -1, -1, -1, -1, -1, -1, -1, -1, -1, -1, -1, -1, -1, 1, -1, -1]"
150,14,14,1.0,0.7319661657265812,3,187,"[{'cluster_no': -1, 'count': 187}, {'cluster_no': 0, 'count': 18}, {'cluster_no': 1, 'count': 32}]","[-1, 0, 0, -1, -1, -1, -1, 0, -1, -1, -1, -1, -1, -1, -1, -1, -1, 0, -1, -1, -1, -1, -1, -1, -1, -1, -1, -1, -1, 1, 1, -1, -1, 0, -1, -1, -1, -1, -1, -1, -1, 0, -1, -1, 0, 1, -1, 0, 0, -1, -1, -1, 0, -1, -1, -1, -1, 1, -1, -1, -1, -1, -1, -1, -1, -1, -1, -1, -1, -1, -1, -1, 0, -1, 0, -1, -1, -1, 1, -1, 1, -1, -1, -1, -1, -1, -1, -1, 1, -1, -1, 0, -1, -1, -1, -1, -1, -1, -1, -1, -1, -1, -1, -1, 1, -1, -1, 1, -1, -1, -1, -1, -1, -1, -1, -1, 1, -1, -1, -1, -1, -1, -1, -1, -1, 1, 0, -1, -1, -1, 0, -1, -1, -1, -1, -1, 1, -1, -1, -1, -1, 0, -1, 1, -1, -1, -1, -1, -1, -1, -1, -1, -1, -1, -1, -1, -1, -1, 1, 1, 1, -1, -1, -1, 1, -1, 1, -1, 1, -1, -1, 0, -1, -1, 1, -1, -1, -1, -1, -1, -1, 1, -1, -1, 1, -1, 1, -1, -1, -1, -1, -1, -1, -1, -1, -1, 0, -1, -1, -1, -1, -1, -1, -1, -1, -1, 1, 1, 1, 1, 1, 1, -1, -1, -1, 1, -1, -1, 1, -1, -1, -1, -1, -1, -1, -1, -1, -1, -1, -1, -1, -1, -1, -1, 1, -1, -1]"
150,14,15,0.0,0.7319661657265812,3,187,"[{'cluster_no': -1, 'count': 187}, {'cluster_no': 0, 'count': 18}, {'cluster_no': 1, 'count': 32}]","[-1, 0, 0, -1, -1, -1, -1, 0, -1, -1, -1, -1, -1, -1, -1, -1, -1, 0, -1, -1, -1, -1, -1, -1, -1, -1, -1, -1, -1, 1, 1, -1, -1, 0, -1, -1, -1, -1, -1, -1, -1, 0, -1, -1, 0, 1, -1, 0, 0, -1, -1, -1, 0, -1, -1, -1, -1, 1, -1, -1, -1, -1, -1, -1, -1, -1, -1, -1, -1, -1, -1, -1, 0, -1, 0, -1, -1, -1, 1, -1, 1, -1, -1, -1, -1, -1, -1, -1, 1, -1, -1, 0, -1, -1, -1, -1, -1, -1, -1, -1, -1, -1, -1, -1, 1, -1, -1, 1, -1, -1, -1, -1, -1, -1, -1, -1, 1, -1, -1, -1, -1, -1, -1, -1, -1, 1, 0, -1, -1, -1, 0, -1, -1, -1, -1, -1, 1, -1, -1, -1, -1, 0, -1, 1, -1, -1, -1, -1, -1, -1, -1, -1, -1, -1, -1, -1, -1, -1, 1, 1, 1, -1, -1, -1, 1, -1, 1, -1, 1, -1, -1, 0, -1, -1, 1, -1, -1, -1, -1, -1, -1, 1, -1, -1, 1, -1, 1, -1, -1, -1, -1, -1, -1, -1, -1, -1, 0, -1, -1, -1, -1, -1, -1, -1, -1, -1, 1, 1, 1, 1, 1, 1, -1, -1, -1, 1, -1, -1, 1, -1, -1, -1, -1, -1, -1, -1, -1, -1, -1, -1, -1, -1, -1, -1, 1, -1, -1]"
150,14,15,0.5,0.7319661657265812,3,187,"[{'cluster_no': -1, 'count': 187}, {'cluster_no': 0, 'count': 18}, {'cluster_no': 1, 'count': 32}]","[-1, 0, 0, -1, -1, -1, -1, 0, -1, -1, -1, -1, -1, -1, -1, -1, -1, 0, -1, -1, -1, -1, -1, -1, -1, -1, -1, -1, -1, 1, 1, -1, -1, 0, -1, -1, -1, -1, -1, -1, -1, 0, -1, -1, 0, 1, -1, 0, 0, -1, -1, -1, 0, -1, -1, -1, -1, 1, -1, -1, -1, -1, -1, -1, -1, -1, -1, -1, -1, -1, -1, -1, 0, -1, 0, -1, -1, -1, 1, -1, 1, -1, -1, -1, -1, -1, -1, -1, 1, -1, -1, 0, -1, -1, -1, -1, -1, -1, -1, -1, -1, -1, -1, -1, 1, -1, -1, 1, -1, -1, -1, -1, -1, -1, -1, -1, 1, -1, -1, -1, -1, -1, -1, -1, -1, 1, 0, -1, -1, -1, 0, -1, -1, -1, -1, -1, 1, -1, -1, -1, -1, 0, -1, 1, -1, -1, -1, -1, -1, -1, -1, -1, -1, -1, -1, -1, -1, -1, 1, 1, 1, -1, -1, -1, 1, -1, 1, -1, 1, -1, -1, 0, -1, -1, 1, -1, -1, -1, -1, -1, -1, 1, -1, -1, 1, -1, 1, -1, -1, -1, -1, -1, -1, -1, -1, -1, 0, -1, -1, -1, -1, -1, -1, -1, -1, -1, 1, 1, 1, 1, 1, 1, -1, -1, -1, 1, -1, -1, 1, -1, -1, -1, -1, -1, -1, -1, -1, -1, -1, -1, -1, -1, -1, -1, 1, -1, -1]"
150,14,15,1.0,0.7319661657265812,3,187,"[{'cluster_no': -1, 'count': 187}, {'cluster_no': 0, 'count': 18}, {'cluster_no': 1, 'count': 32}]","[-1, 0, 0, -1, -1, -1, -1, 0, -1, -1, -1, -1, -1, -1, -1, -1, -1, 0, -1, -1, -1, -1, -1, -1, -1, -1, -1, -1, -1, 1, 1, -1, -1, 0, -1, -1, -1, -1, -1, -1, -1, 0, -1, -1, 0, 1, -1, 0, 0, -1, -1, -1, 0, -1, -1, -1, -1, 1, -1, -1, -1, -1, -1, -1, -1, -1, -1, -1, -1, -1, -1, -1, 0, -1, 0, -1, -1, -1, 1, -1, 1, -1, -1, -1, -1, -1, -1, -1, 1, -1, -1, 0, -1, -1, -1, -1, -1, -1, -1, -1, -1, -1, -1, -1, 1, -1, -1, 1, -1, -1, -1, -1, -1, -1, -1, -1, 1, -1, -1, -1, -1, -1, -1, -1, -1, 1, 0, -1, -1, -1, 0, -1, -1, -1, -1, -1, 1, -1, -1, -1, -1, 0, -1, 1, -1, -1, -1, -1, -1, -1, -1, -1, -1, -1, -1, -1, -1, -1, 1, 1, 1, -1, -1, -1, 1, -1, 1, -1, 1, -1, -1, 0, -1, -1, 1, -1, -1, -1, -1, -1, -1, 1, -1, -1, 1, -1, 1, -1, -1, -1, -1, -1, -1, -1, -1, -1, 0, -1, -1, -1, -1, -1, -1, -1, -1, -1, 1, 1, 1, 1, 1, 1, -1, -1, -1, 1, -1, -1, 1, -1, -1, -1, -1, -1, -1, -1, -1, -1, -1, -1, -1, -1, -1, -1, 1, -1, -1]"
150,14,16,0.0,0.7319661657265812,3,187,"[{'cluster_no': -1, 'count': 187}, {'cluster_no': 0, 'count': 18}, {'cluster_no': 1, 'count': 32}]","[-1, 0, 0, -1, -1, -1, -1, 0, -1, -1, -1, -1, -1, -1, -1, -1, -1, 0, -1, -1, -1, -1, -1, -1, -1, -1, -1, -1, -1, 1, 1, -1, -1, 0, -1, -1, -1, -1, -1, -1, -1, 0, -1, -1, 0, 1, -1, 0, 0, -1, -1, -1, 0, -1, -1, -1, -1, 1, -1, -1, -1, -1, -1, -1, -1, -1, -1, -1, -1, -1, -1, -1, 0, -1, 0, -1, -1, -1, 1, -1, 1, -1, -1, -1, -1, -1, -1, -1, 1, -1, -1, 0, -1, -1, -1, -1, -1, -1, -1, -1, -1, -1, -1, -1, 1, -1, -1, 1, -1, -1, -1, -1, -1, -1, -1, -1, 1, -1, -1, -1, -1, -1, -1, -1, -1, 1, 0, -1, -1, -1, 0, -1, -1, -1, -1, -1, 1, -1, -1, -1, -1, 0, -1, 1, -1, -1, -1, -1, -1, -1, -1, -1, -1, -1, -1, -1, -1, -1, 1, 1, 1, -1, -1, -1, 1, -1, 1, -1, 1, -1, -1, 0, -1, -1, 1, -1, -1, -1, -1, -1, -1, 1, -1, -1, 1, -1, 1, -1, -1, -1, -1, -1, -1, -1, -1, -1, 0, -1, -1, -1, -1, -1, -1, -1, -1, -1, 1, 1, 1, 1, 1, 1, -1, -1, -1, 1, -1, -1, 1, -1, -1, -1, -1, -1, -1, -1, -1, -1, -1, -1, -1, -1, -1, -1, 1, -1, -1]"
150,14,16,0.5,0.7319661657265812,3,187,"[{'cluster_no': -1, 'count': 187}, {'cluster_no': 0, 'count': 18}, {'cluster_no': 1, 'count': 32}]","[-1, 0, 0, -1, -1, -1, -1, 0, -1, -1, -1, -1, -1, -1, -1, -1, -1, 0, -1, -1, -1, -1, -1, -1, -1, -1, -1, -1, -1, 1, 1, -1, -1, 0, -1, -1, -1, -1, -1, -1, -1, 0, -1, -1, 0, 1, -1, 0, 0, -1, -1, -1, 0, -1, -1, -1, -1, 1, -1, -1, -1, -1, -1, -1, -1, -1, -1, -1, -1, -1, -1, -1, 0, -1, 0, -1, -1, -1, 1, -1, 1, -1, -1, -1, -1, -1, -1, -1, 1, -1, -1, 0, -1, -1, -1, -1, -1, -1, -1, -1, -1, -1, -1, -1, 1, -1, -1, 1, -1, -1, -1, -1, -1, -1, -1, -1, 1, -1, -1, -1, -1, -1, -1, -1, -1, 1, 0, -1, -1, -1, 0, -1, -1, -1, -1, -1, 1, -1, -1, -1, -1, 0, -1, 1, -1, -1, -1, -1, -1, -1, -1, -1, -1, -1, -1, -1, -1, -1, 1, 1, 1, -1, -1, -1, 1, -1, 1, -1, 1, -1, -1, 0, -1, -1, 1, -1, -1, -1, -1, -1, -1, 1, -1, -1, 1, -1, 1, -1, -1, -1, -1, -1, -1, -1, -1, -1, 0, -1, -1, -1, -1, -1, -1, -1, -1, -1, 1, 1, 1, 1, 1, 1, -1, -1, -1, 1, -1, -1, 1, -1, -1, -1, -1, -1, -1, -1, -1, -1, -1, -1, -1, -1, -1, -1, 1, -1, -1]"
150,14,16,1.0,0.7319661657265812,3,187,"[{'cluster_no': -1, 'count': 187}, {'cluster_no': 0, 'count': 18}, {'cluster_no': 1, 'count': 32}]","[-1, 0, 0, -1, -1, -1, -1, 0, -1, -1, -1, -1, -1, -1, -1, -1, -1, 0, -1, -1, -1, -1, -1, -1, -1, -1, -1, -1, -1, 1, 1, -1, -1, 0, -1, -1, -1, -1, -1, -1, -1, 0, -1, -1, 0, 1, -1, 0, 0, -1, -1, -1, 0, -1, -1, -1, -1, 1, -1, -1, -1, -1, -1, -1, -1, -1, -1, -1, -1, -1, -1, -1, 0, -1, 0, -1, -1, -1, 1, -1, 1, -1, -1, -1, -1, -1, -1, -1, 1, -1, -1, 0, -1, -1, -1, -1, -1, -1, -1, -1, -1, -1, -1, -1, 1, -1, -1, 1, -1, -1, -1, -1, -1, -1, -1, -1, 1, -1, -1, -1, -1, -1, -1, -1, -1, 1, 0, -1, -1, -1, 0, -1, -1, -1, -1, -1, 1, -1, -1, -1, -1, 0, -1, 1, -1, -1, -1, -1, -1, -1, -1, -1, -1, -1, -1, -1, -1, -1, 1, 1, 1, -1, -1, -1, 1, -1, 1, -1, 1, -1, -1, 0, -1, -1, 1, -1, -1, -1, -1, -1, -1, 1, -1, -1, 1, -1, 1, -1, -1, -1, -1, -1, -1, -1, -1, -1, 0, -1, -1, -1, -1, -1, -1, -1, -1, -1, 1, 1, 1, 1, 1, 1, -1, -1, -1, 1, -1, -1, 1, -1, -1, -1, -1, -1, -1, -1, -1, -1, -1, -1, -1, -1, -1, -1, 1, -1, -1]"
150,14,17,0.0,0.7319661657265812,3,187,"[{'cluster_no': -1, 'count': 187}, {'cluster_no': 0, 'count': 18}, {'cluster_no': 1, 'count': 32}]","[-1, 0, 0, -1, -1, -1, -1, 0, -1, -1, -1, -1, -1, -1, -1, -1, -1, 0, -1, -1, -1, -1, -1, -1, -1, -1, -1, -1, -1, 1, 1, -1, -1, 0, -1, -1, -1, -1, -1, -1, -1, 0, -1, -1, 0, 1, -1, 0, 0, -1, -1, -1, 0, -1, -1, -1, -1, 1, -1, -1, -1, -1, -1, -1, -1, -1, -1, -1, -1, -1, -1, -1, 0, -1, 0, -1, -1, -1, 1, -1, 1, -1, -1, -1, -1, -1, -1, -1, 1, -1, -1, 0, -1, -1, -1, -1, -1, -1, -1, -1, -1, -1, -1, -1, 1, -1, -1, 1, -1, -1, -1, -1, -1, -1, -1, -1, 1, -1, -1, -1, -1, -1, -1, -1, -1, 1, 0, -1, -1, -1, 0, -1, -1, -1, -1, -1, 1, -1, -1, -1, -1, 0, -1, 1, -1, -1, -1, -1, -1, -1, -1, -1, -1, -1, -1, -1, -1, -1, 1, 1, 1, -1, -1, -1, 1, -1, 1, -1, 1, -1, -1, 0, -1, -1, 1, -1, -1, -1, -1, -1, -1, 1, -1, -1, 1, -1, 1, -1, -1, -1, -1, -1, -1, -1, -1, -1, 0, -1, -1, -1, -1, -1, -1, -1, -1, -1, 1, 1, 1, 1, 1, 1, -1, -1, -1, 1, -1, -1, 1, -1, -1, -1, -1, -1, -1, -1, -1, -1, -1, -1, -1, -1, -1, -1, 1, -1, -1]"
150,14,17,0.5,0.7319661657265812,3,187,"[{'cluster_no': -1, 'count': 187}, {'cluster_no': 0, 'count': 18}, {'cluster_no': 1, 'count': 32}]","[-1, 0, 0, -1, -1, -1, -1, 0, -1, -1, -1, -1, -1, -1, -1, -1, -1, 0, -1, -1, -1, -1, -1, -1, -1, -1, -1, -1, -1, 1, 1, -1, -1, 0, -1, -1, -1, -1, -1, -1, -1, 0, -1, -1, 0, 1, -1, 0, 0, -1, -1, -1, 0, -1, -1, -1, -1, 1, -1, -1, -1, -1, -1, -1, -1, -1, -1, -1, -1, -1, -1, -1, 0, -1, 0, -1, -1, -1, 1, -1, 1, -1, -1, -1, -1, -1, -1, -1, 1, -1, -1, 0, -1, -1, -1, -1, -1, -1, -1, -1, -1, -1, -1, -1, 1, -1, -1, 1, -1, -1, -1, -1, -1, -1, -1, -1, 1, -1, -1, -1, -1, -1, -1, -1, -1, 1, 0, -1, -1, -1, 0, -1, -1, -1, -1, -1, 1, -1, -1, -1, -1, 0, -1, 1, -1, -1, -1, -1, -1, -1, -1, -1, -1, -1, -1, -1, -1, -1, 1, 1, 1, -1, -1, -1, 1, -1, 1, -1, 1, -1, -1, 0, -1, -1, 1, -1, -1, -1, -1, -1, -1, 1, -1, -1, 1, -1, 1, -1, -1, -1, -1, -1, -1, -1, -1, -1, 0, -1, -1, -1, -1, -1, -1, -1, -1, -1, 1, 1, 1, 1, 1, 1, -1, -1, -1, 1, -1, -1, 1, -1, -1, -1, -1, -1, -1, -1, -1, -1, -1, -1, -1, -1, -1, -1, 1, -1, -1]"
150,14,17,1.0,0.7319661657265812,3,187,"[{'cluster_no': -1, 'count': 187}, {'cluster_no': 0, 'count': 18}, {'cluster_no': 1, 'count': 32}]","[-1, 0, 0, -1, -1, -1, -1, 0, -1, -1, -1, -1, -1, -1, -1, -1, -1, 0, -1, -1, -1, -1, -1, -1, -1, -1, -1, -1, -1, 1, 1, -1, -1, 0, -1, -1, -1, -1, -1, -1, -1, 0, -1, -1, 0, 1, -1, 0, 0, -1, -1, -1, 0, -1, -1, -1, -1, 1, -1, -1, -1, -1, -1, -1, -1, -1, -1, -1, -1, -1, -1, -1, 0, -1, 0, -1, -1, -1, 1, -1, 1, -1, -1, -1, -1, -1, -1, -1, 1, -1, -1, 0, -1, -1, -1, -1, -1, -1, -1, -1, -1, -1, -1, -1, 1, -1, -1, 1, -1, -1, -1, -1, -1, -1, -1, -1, 1, -1, -1, -1, -1, -1, -1, -1, -1, 1, 0, -1, -1, -1, 0, -1, -1, -1, -1, -1, 1, -1, -1, -1, -1, 0, -1, 1, -1, -1, -1, -1, -1, -1, -1, -1, -1, -1, -1, -1, -1, -1, 1, 1, 1, -1, -1, -1, 1, -1, 1, -1, 1, -1, -1, 0, -1, -1, 1, -1, -1, -1, -1, -1, -1, 1, -1, -1, 1, -1, 1, -1, -1, -1, -1, -1, -1, -1, -1, -1, 0, -1, -1, -1, -1, -1, -1, -1, -1, -1, 1, 1, 1, 1, 1, 1, -1, -1, -1, 1, -1, -1, 1, -1, -1, -1, -1, -1, -1, -1, -1, -1, -1, -1, -1, -1, -1, -1, 1, -1, -1]"
150,14,18,0.0,0.7319661657265812,3,187,"[{'cluster_no': -1, 'count': 187}, {'cluster_no': 0, 'count': 18}, {'cluster_no': 1, 'count': 32}]","[-1, 0, 0, -1, -1, -1, -1, 0, -1, -1, -1, -1, -1, -1, -1, -1, -1, 0, -1, -1, -1, -1, -1, -1, -1, -1, -1, -1, -1, 1, 1, -1, -1, 0, -1, -1, -1, -1, -1, -1, -1, 0, -1, -1, 0, 1, -1, 0, 0, -1, -1, -1, 0, -1, -1, -1, -1, 1, -1, -1, -1, -1, -1, -1, -1, -1, -1, -1, -1, -1, -1, -1, 0, -1, 0, -1, -1, -1, 1, -1, 1, -1, -1, -1, -1, -1, -1, -1, 1, -1, -1, 0, -1, -1, -1, -1, -1, -1, -1, -1, -1, -1, -1, -1, 1, -1, -1, 1, -1, -1, -1, -1, -1, -1, -1, -1, 1, -1, -1, -1, -1, -1, -1, -1, -1, 1, 0, -1, -1, -1, 0, -1, -1, -1, -1, -1, 1, -1, -1, -1, -1, 0, -1, 1, -1, -1, -1, -1, -1, -1, -1, -1, -1, -1, -1, -1, -1, -1, 1, 1, 1, -1, -1, -1, 1, -1, 1, -1, 1, -1, -1, 0, -1, -1, 1, -1, -1, -1, -1, -1, -1, 1, -1, -1, 1, -1, 1, -1, -1, -1, -1, -1, -1, -1, -1, -1, 0, -1, -1, -1, -1, -1, -1, -1, -1, -1, 1, 1, 1, 1, 1, 1, -1, -1, -1, 1, -1, -1, 1, -1, -1, -1, -1, -1, -1, -1, -1, -1, -1, -1, -1, -1, -1, -1, 1, -1, -1]"
150,14,18,0.5,0.7319661657265812,3,187,"[{'cluster_no': -1, 'count': 187}, {'cluster_no': 0, 'count': 18}, {'cluster_no': 1, 'count': 32}]","[-1, 0, 0, -1, -1, -1, -1, 0, -1, -1, -1, -1, -1, -1, -1, -1, -1, 0, -1, -1, -1, -1, -1, -1, -1, -1, -1, -1, -1, 1, 1, -1, -1, 0, -1, -1, -1, -1, -1, -1, -1, 0, -1, -1, 0, 1, -1, 0, 0, -1, -1, -1, 0, -1, -1, -1, -1, 1, -1, -1, -1, -1, -1, -1, -1, -1, -1, -1, -1, -1, -1, -1, 0, -1, 0, -1, -1, -1, 1, -1, 1, -1, -1, -1, -1, -1, -1, -1, 1, -1, -1, 0, -1, -1, -1, -1, -1, -1, -1, -1, -1, -1, -1, -1, 1, -1, -1, 1, -1, -1, -1, -1, -1, -1, -1, -1, 1, -1, -1, -1, -1, -1, -1, -1, -1, 1, 0, -1, -1, -1, 0, -1, -1, -1, -1, -1, 1, -1, -1, -1, -1, 0, -1, 1, -1, -1, -1, -1, -1, -1, -1, -1, -1, -1, -1, -1, -1, -1, 1, 1, 1, -1, -1, -1, 1, -1, 1, -1, 1, -1, -1, 0, -1, -1, 1, -1, -1, -1, -1, -1, -1, 1, -1, -1, 1, -1, 1, -1, -1, -1, -1, -1, -1, -1, -1, -1, 0, -1, -1, -1, -1, -1, -1, -1, -1, -1, 1, 1, 1, 1, 1, 1, -1, -1, -1, 1, -1, -1, 1, -1, -1, -1, -1, -1, -1, -1, -1, -1, -1, -1, -1, -1, -1, -1, 1, -1, -1]"
150,14,18,1.0,0.7319661657265812,3,187,"[{'cluster_no': -1, 'count': 187}, {'cluster_no': 0, 'count': 18}, {'cluster_no': 1, 'count': 32}]","[-1, 0, 0, -1, -1, -1, -1, 0, -1, -1, -1, -1, -1, -1, -1, -1, -1, 0, -1, -1, -1, -1, -1, -1, -1, -1, -1, -1, -1, 1, 1, -1, -1, 0, -1, -1, -1, -1, -1, -1, -1, 0, -1, -1, 0, 1, -1, 0, 0, -1, -1, -1, 0, -1, -1, -1, -1, 1, -1, -1, -1, -1, -1, -1, -1, -1, -1, -1, -1, -1, -1, -1, 0, -1, 0, -1, -1, -1, 1, -1, 1, -1, -1, -1, -1, -1, -1, -1, 1, -1, -1, 0, -1, -1, -1, -1, -1, -1, -1, -1, -1, -1, -1, -1, 1, -1, -1, 1, -1, -1, -1, -1, -1, -1, -1, -1, 1, -1, -1, -1, -1, -1, -1, -1, -1, 1, 0, -1, -1, -1, 0, -1, -1, -1, -1, -1, 1, -1, -1, -1, -1, 0, -1, 1, -1, -1, -1, -1, -1, -1, -1, -1, -1, -1, -1, -1, -1, -1, 1, 1, 1, -1, -1, -1, 1, -1, 1, -1, 1, -1, -1, 0, -1, -1, 1, -1, -1, -1, -1, -1, -1, 1, -1, -1, 1, -1, 1, -1, -1, -1, -1, -1, -1, -1, -1, -1, 0, -1, -1, -1, -1, -1, -1, -1, -1, -1, 1, 1, 1, 1, 1, 1, -1, -1, -1, 1, -1, -1, 1, -1, -1, -1, -1, -1, -1, -1, -1, -1, -1, -1, -1, -1, -1, -1, 1, -1, -1]"
150,14,19,0.0,None,1,237,"[{'cluster_no': -1, 'count': 237}]","[-1, -1, -1, -1, -1, -1, -1, -1, -1, -1, -1, -1, -1, -1, -1, -1, -1, -1, -1, -1, -1, -1, -1, -1, -1, -1, -1, -1, -1, -1, -1, -1, -1, -1, -1, -1, -1, -1, -1, -1, -1, -1, -1, -1, -1, -1, -1, -1, -1, -1, -1, -1, -1, -1, -1, -1, -1, -1, -1, -1, -1, -1, -1, -1, -1, -1, -1, -1, -1, -1, -1, -1, -1, -1, -1, -1, -1, -1, -1, -1, -1, -1, -1, -1, -1, -1, -1, -1, -1, -1, -1, -1, -1, -1, -1, -1, -1, -1, -1, -1, -1, -1, -1, -1, -1, -1, -1, -1, -1, -1, -1, -1, -1, -1, -1, -1, -1, -1, -1, -1, -1, -1, -1, -1, -1, -1, -1, -1, -1, -1, -1, -1, -1, -1, -1, -1, -1, -1, -1, -1, -1, -1, -1, -1, -1, -1, -1, -1, -1, -1, -1, -1, -1, -1, -1, -1, -1, -1, -1, -1, -1, -1, -1, -1, -1, -1, -1, -1, -1, -1, -1, -1, -1, -1, -1, -1, -1, -1, -1, -1, -1, -1, -1, -1, -1, -1, -1, -1, -1, -1, -1, -1, -1, -1, -1, -1, -1, -1, -1, -1, -1, -1, -1, -1, -1, -1, -1, -1, -1, -1, -1, -1, -1, -1, -1, -1, -1, -1, -1, -1, -1, -1, -1, -1, -1, -1, -1, -1, -1, -1, -1, -1, -1, -1, -1, -1, -1]"
150,14,19,0.5,None,1,237,"[{'cluster_no': -1, 'count': 237}]","[-1, -1, -1, -1, -1, -1, -1, -1, -1, -1, -1, -1, -1, -1, -1, -1, -1, -1, -1, -1, -1, -1, -1, -1, -1, -1, -1, -1, -1, -1, -1, -1, -1, -1, -1, -1, -1, -1, -1, -1, -1, -1, -1, -1, -1, -1, -1, -1, -1, -1, -1, -1, -1, -1, -1, -1, -1, -1, -1, -1, -1, -1, -1, -1, -1, -1, -1, -1, -1, -1, -1, -1, -1, -1, -1, -1, -1, -1, -1, -1, -1, -1, -1, -1, -1, -1, -1, -1, -1, -1, -1, -1, -1, -1, -1, -1, -1, -1, -1, -1, -1, -1, -1, -1, -1, -1, -1, -1, -1, -1, -1, -1, -1, -1, -1, -1, -1, -1, -1, -1, -1, -1, -1, -1, -1, -1, -1, -1, -1, -1, -1, -1, -1, -1, -1, -1, -1, -1, -1, -1, -1, -1, -1, -1, -1, -1, -1, -1, -1, -1, -1, -1, -1, -1, -1, -1, -1, -1, -1, -1, -1, -1, -1, -1, -1, -1, -1, -1, -1, -1, -1, -1, -1, -1, -1, -1, -1, -1, -1, -1, -1, -1, -1, -1, -1, -1, -1, -1, -1, -1, -1, -1, -1, -1, -1, -1, -1, -1, -1, -1, -1, -1, -1, -1, -1, -1, -1, -1, -1, -1, -1, -1, -1, -1, -1, -1, -1, -1, -1, -1, -1, -1, -1, -1, -1, -1, -1, -1, -1, -1, -1, -1, -1, -1, -1, -1, -1]"
150,14,19,1.0,None,1,237,"[{'cluster_no': -1, 'count': 237}]","[-1, -1, -1, -1, -1, -1, -1, -1, -1, -1, -1, -1, -1, -1, -1, -1, -1, -1, -1, -1, -1, -1, -1, -1, -1, -1, -1, -1, -1, -1, -1, -1, -1, -1, -1, -1, -1, -1, -1, -1, -1, -1, -1, -1, -1, -1, -1, -1, -1, -1, -1, -1, -1, -1, -1, -1, -1, -1, -1, -1, -1, -1, -1, -1, -1, -1, -1, -1, -1, -1, -1, -1, -1, -1, -1, -1, -1, -1, -1, -1, -1, -1, -1, -1, -1, -1, -1, -1, -1, -1, -1, -1, -1, -1, -1, -1, -1, -1, -1, -1, -1, -1, -1, -1, -1, -1, -1, -1, -1, -1, -1, -1, -1, -1, -1, -1, -1, -1, -1, -1, -1, -1, -1, -1, -1, -1, -1, -1, -1, -1, -1, -1, -1, -1, -1, -1, -1, -1, -1, -1, -1, -1, -1, -1, -1, -1, -1, -1, -1, -1, -1, -1, -1, -1, -1, -1, -1, -1, -1, -1, -1, -1, -1, -1, -1, -1, -1, -1, -1, -1, -1, -1, -1, -1, -1, -1, -1, -1, -1, -1, -1, -1, -1, -1, -1, -1, -1, -1, -1, -1, -1, -1, -1, -1, -1, -1, -1, -1, -1, -1, -1, -1, -1, -1, -1, -1, -1, -1, -1, -1, -1, -1, -1, -1, -1, -1, -1, -1, -1, -1, -1, -1, -1, -1, -1, -1, -1, -1, -1, -1, -1, -1, -1, -1, -1, -1, -1]"
150,14,20,0.0,None,1,237,"[{'cluster_no': -1, 'count': 237}]","[-1, -1, -1, -1, -1, -1, -1, -1, -1, -1, -1, -1, -1, -1, -1, -1, -1, -1, -1, -1, -1, -1, -1, -1, -1, -1, -1, -1, -1, -1, -1, -1, -1, -1, -1, -1, -1, -1, -1, -1, -1, -1, -1, -1, -1, -1, -1, -1, -1, -1, -1, -1, -1, -1, -1, -1, -1, -1, -1, -1, -1, -1, -1, -1, -1, -1, -1, -1, -1, -1, -1, -1, -1, -1, -1, -1, -1, -1, -1, -1, -1, -1, -1, -1, -1, -1, -1, -1, -1, -1, -1, -1, -1, -1, -1, -1, -1, -1, -1, -1, -1, -1, -1, -1, -1, -1, -1, -1, -1, -1, -1, -1, -1, -1, -1, -1, -1, -1, -1, -1, -1, -1, -1, -1, -1, -1, -1, -1, -1, -1, -1, -1, -1, -1, -1, -1, -1, -1, -1, -1, -1, -1, -1, -1, -1, -1, -1, -1, -1, -1, -1, -1, -1, -1, -1, -1, -1, -1, -1, -1, -1, -1, -1, -1, -1, -1, -1, -1, -1, -1, -1, -1, -1, -1, -1, -1, -1, -1, -1, -1, -1, -1, -1, -1, -1, -1, -1, -1, -1, -1, -1, -1, -1, -1, -1, -1, -1, -1, -1, -1, -1, -1, -1, -1, -1, -1, -1, -1, -1, -1, -1, -1, -1, -1, -1, -1, -1, -1, -1, -1, -1, -1, -1, -1, -1, -1, -1, -1, -1, -1, -1, -1, -1, -1, -1, -1, -1]"
150,14,20,0.5,None,1,237,"[{'cluster_no': -1, 'count': 237}]","[-1, -1, -1, -1, -1, -1, -1, -1, -1, -1, -1, -1, -1, -1, -1, -1, -1, -1, -1, -1, -1, -1, -1, -1, -1, -1, -1, -1, -1, -1, -1, -1, -1, -1, -1, -1, -1, -1, -1, -1, -1, -1, -1, -1, -1, -1, -1, -1, -1, -1, -1, -1, -1, -1, -1, -1, -1, -1, -1, -1, -1, -1, -1, -1, -1, -1, -1, -1, -1, -1, -1, -1, -1, -1, -1, -1, -1, -1, -1, -1, -1, -1, -1, -1, -1, -1, -1, -1, -1, -1, -1, -1, -1, -1, -1, -1, -1, -1, -1, -1, -1, -1, -1, -1, -1, -1, -1, -1, -1, -1, -1, -1, -1, -1, -1, -1, -1, -1, -1, -1, -1, -1, -1, -1, -1, -1, -1, -1, -1, -1, -1, -1, -1, -1, -1, -1, -1, -1, -1, -1, -1, -1, -1, -1, -1, -1, -1, -1, -1, -1, -1, -1, -1, -1, -1, -1, -1, -1, -1, -1, -1, -1, -1, -1, -1, -1, -1, -1, -1, -1, -1, -1, -1, -1, -1, -1, -1, -1, -1, -1, -1, -1, -1, -1, -1, -1, -1, -1, -1, -1, -1, -1, -1, -1, -1, -1, -1, -1, -1, -1, -1, -1, -1, -1, -1, -1, -1, -1, -1, -1, -1, -1, -1, -1, -1, -1, -1, -1, -1, -1, -1, -1, -1, -1, -1, -1, -1, -1, -1, -1, -1, -1, -1, -1, -1, -1, -1]"
150,14,20,1.0,None,1,237,"[{'cluster_no': -1, 'count': 237}]","[-1, -1, -1, -1, -1, -1, -1, -1, -1, -1, -1, -1, -1, -1, -1, -1, -1, -1, -1, -1, -1, -1, -1, -1, -1, -1, -1, -1, -1, -1, -1, -1, -1, -1, -1, -1, -1, -1, -1, -1, -1, -1, -1, -1, -1, -1, -1, -1, -1, -1, -1, -1, -1, -1, -1, -1, -1, -1, -1, -1, -1, -1, -1, -1, -1, -1, -1, -1, -1, -1, -1, -1, -1, -1, -1, -1, -1, -1, -1, -1, -1, -1, -1, -1, -1, -1, -1, -1, -1, -1, -1, -1, -1, -1, -1, -1, -1, -1, -1, -1, -1, -1, -1, -1, -1, -1, -1, -1, -1, -1, -1, -1, -1, -1, -1, -1, -1, -1, -1, -1, -1, -1, -1, -1, -1, -1, -1, -1, -1, -1, -1, -1, -1, -1, -1, -1, -1, -1, -1, -1, -1, -1, -1, -1, -1, -1, -1, -1, -1, -1, -1, -1, -1, -1, -1, -1, -1, -1, -1, -1, -1, -1, -1, -1, -1, -1, -1, -1, -1, -1, -1, -1, -1, -1, -1, -1, -1, -1, -1, -1, -1, -1, -1, -1, -1, -1, -1, -1, -1, -1, -1, -1, -1, -1, -1, -1, -1, -1, -1, -1, -1, -1, -1, -1, -1, -1, -1, -1, -1, -1, -1, -1, -1, -1, -1, -1, -1, -1, -1, -1, -1, -1, -1, -1, -1, -1, -1, -1, -1, -1, -1, -1, -1, -1, -1, -1, -1]"
150,14,21,0.0,None,1,237,"[{'cluster_no': -1, 'count': 237}]","[-1, -1, -1, -1, -1, -1, -1, -1, -1, -1, -1, -1, -1, -1, -1, -1, -1, -1, -1, -1, -1, -1, -1, -1, -1, -1, -1, -1, -1, -1, -1, -1, -1, -1, -1, -1, -1, -1, -1, -1, -1, -1, -1, -1, -1, -1, -1, -1, -1, -1, -1, -1, -1, -1, -1, -1, -1, -1, -1, -1, -1, -1, -1, -1, -1, -1, -1, -1, -1, -1, -1, -1, -1, -1, -1, -1, -1, -1, -1, -1, -1, -1, -1, -1, -1, -1, -1, -1, -1, -1, -1, -1, -1, -1, -1, -1, -1, -1, -1, -1, -1, -1, -1, -1, -1, -1, -1, -1, -1, -1, -1, -1, -1, -1, -1, -1, -1, -1, -1, -1, -1, -1, -1, -1, -1, -1, -1, -1, -1, -1, -1, -1, -1, -1, -1, -1, -1, -1, -1, -1, -1, -1, -1, -1, -1, -1, -1, -1, -1, -1, -1, -1, -1, -1, -1, -1, -1, -1, -1, -1, -1, -1, -1, -1, -1, -1, -1, -1, -1, -1, -1, -1, -1, -1, -1, -1, -1, -1, -1, -1, -1, -1, -1, -1, -1, -1, -1, -1, -1, -1, -1, -1, -1, -1, -1, -1, -1, -1, -1, -1, -1, -1, -1, -1, -1, -1, -1, -1, -1, -1, -1, -1, -1, -1, -1, -1, -1, -1, -1, -1, -1, -1, -1, -1, -1, -1, -1, -1, -1, -1, -1, -1, -1, -1, -1, -1, -1]"
150,14,21,0.5,None,1,237,"[{'cluster_no': -1, 'count': 237}]","[-1, -1, -1, -1, -1, -1, -1, -1, -1, -1, -1, -1, -1, -1, -1, -1, -1, -1, -1, -1, -1, -1, -1, -1, -1, -1, -1, -1, -1, -1, -1, -1, -1, -1, -1, -1, -1, -1, -1, -1, -1, -1, -1, -1, -1, -1, -1, -1, -1, -1, -1, -1, -1, -1, -1, -1, -1, -1, -1, -1, -1, -1, -1, -1, -1, -1, -1, -1, -1, -1, -1, -1, -1, -1, -1, -1, -1, -1, -1, -1, -1, -1, -1, -1, -1, -1, -1, -1, -1, -1, -1, -1, -1, -1, -1, -1, -1, -1, -1, -1, -1, -1, -1, -1, -1, -1, -1, -1, -1, -1, -1, -1, -1, -1, -1, -1, -1, -1, -1, -1, -1, -1, -1, -1, -1, -1, -1, -1, -1, -1, -1, -1, -1, -1, -1, -1, -1, -1, -1, -1, -1, -1, -1, -1, -1, -1, -1, -1, -1, -1, -1, -1, -1, -1, -1, -1, -1, -1, -1, -1, -1, -1, -1, -1, -1, -1, -1, -1, -1, -1, -1, -1, -1, -1, -1, -1, -1, -1, -1, -1, -1, -1, -1, -1, -1, -1, -1, -1, -1, -1, -1, -1, -1, -1, -1, -1, -1, -1, -1, -1, -1, -1, -1, -1, -1, -1, -1, -1, -1, -1, -1, -1, -1, -1, -1, -1, -1, -1, -1, -1, -1, -1, -1, -1, -1, -1, -1, -1, -1, -1, -1, -1, -1, -1, -1, -1, -1]"
150,14,21,1.0,None,1,237,"[{'cluster_no': -1, 'count': 237}]","[-1, -1, -1, -1, -1, -1, -1, -1, -1, -1, -1, -1, -1, -1, -1, -1, -1, -1, -1, -1, -1, -1, -1, -1, -1, -1, -1, -1, -1, -1, -1, -1, -1, -1, -1, -1, -1, -1, -1, -1, -1, -1, -1, -1, -1, -1, -1, -1, -1, -1, -1, -1, -1, -1, -1, -1, -1, -1, -1, -1, -1, -1, -1, -1, -1, -1, -1, -1, -1, -1, -1, -1, -1, -1, -1, -1, -1, -1, -1, -1, -1, -1, -1, -1, -1, -1, -1, -1, -1, -1, -1, -1, -1, -1, -1, -1, -1, -1, -1, -1, -1, -1, -1, -1, -1, -1, -1, -1, -1, -1, -1, -1, -1, -1, -1, -1, -1, -1, -1, -1, -1, -1, -1, -1, -1, -1, -1, -1, -1, -1, -1, -1, -1, -1, -1, -1, -1, -1, -1, -1, -1, -1, -1, -1, -1, -1, -1, -1, -1, -1, -1, -1, -1, -1, -1, -1, -1, -1, -1, -1, -1, -1, -1, -1, -1, -1, -1, -1, -1, -1, -1, -1, -1, -1, -1, -1, -1, -1, -1, -1, -1, -1, -1, -1, -1, -1, -1, -1, -1, -1, -1, -1, -1, -1, -1, -1, -1, -1, -1, -1, -1, -1, -1, -1, -1, -1, -1, -1, -1, -1, -1, -1, -1, -1, -1, -1, -1, -1, -1, -1, -1, -1, -1, -1, -1, -1, -1, -1, -1, -1, -1, -1, -1, -1, -1, -1, -1]"
150,14,22,0.0,None,1,237,"[{'cluster_no': -1, 'count': 237}]","[-1, -1, -1, -1, -1, -1, -1, -1, -1, -1, -1, -1, -1, -1, -1, -1, -1, -1, -1, -1, -1, -1, -1, -1, -1, -1, -1, -1, -1, -1, -1, -1, -1, -1, -1, -1, -1, -1, -1, -1, -1, -1, -1, -1, -1, -1, -1, -1, -1, -1, -1, -1, -1, -1, -1, -1, -1, -1, -1, -1, -1, -1, -1, -1, -1, -1, -1, -1, -1, -1, -1, -1, -1, -1, -1, -1, -1, -1, -1, -1, -1, -1, -1, -1, -1, -1, -1, -1, -1, -1, -1, -1, -1, -1, -1, -1, -1, -1, -1, -1, -1, -1, -1, -1, -1, -1, -1, -1, -1, -1, -1, -1, -1, -1, -1, -1, -1, -1, -1, -1, -1, -1, -1, -1, -1, -1, -1, -1, -1, -1, -1, -1, -1, -1, -1, -1, -1, -1, -1, -1, -1, -1, -1, -1, -1, -1, -1, -1, -1, -1, -1, -1, -1, -1, -1, -1, -1, -1, -1, -1, -1, -1, -1, -1, -1, -1, -1, -1, -1, -1, -1, -1, -1, -1, -1, -1, -1, -1, -1, -1, -1, -1, -1, -1, -1, -1, -1, -1, -1, -1, -1, -1, -1, -1, -1, -1, -1, -1, -1, -1, -1, -1, -1, -1, -1, -1, -1, -1, -1, -1, -1, -1, -1, -1, -1, -1, -1, -1, -1, -1, -1, -1, -1, -1, -1, -1, -1, -1, -1, -1, -1, -1, -1, -1, -1, -1, -1]"
150,14,22,0.5,None,1,237,"[{'cluster_no': -1, 'count': 237}]","[-1, -1, -1, -1, -1, -1, -1, -1, -1, -1, -1, -1, -1, -1, -1, -1, -1, -1, -1, -1, -1, -1, -1, -1, -1, -1, -1, -1, -1, -1, -1, -1, -1, -1, -1, -1, -1, -1, -1, -1, -1, -1, -1, -1, -1, -1, -1, -1, -1, -1, -1, -1, -1, -1, -1, -1, -1, -1, -1, -1, -1, -1, -1, -1, -1, -1, -1, -1, -1, -1, -1, -1, -1, -1, -1, -1, -1, -1, -1, -1, -1, -1, -1, -1, -1, -1, -1, -1, -1, -1, -1, -1, -1, -1, -1, -1, -1, -1, -1, -1, -1, -1, -1, -1, -1, -1, -1, -1, -1, -1, -1, -1, -1, -1, -1, -1, -1, -1, -1, -1, -1, -1, -1, -1, -1, -1, -1, -1, -1, -1, -1, -1, -1, -1, -1, -1, -1, -1, -1, -1, -1, -1, -1, -1, -1, -1, -1, -1, -1, -1, -1, -1, -1, -1, -1, -1, -1, -1, -1, -1, -1, -1, -1, -1, -1, -1, -1, -1, -1, -1, -1, -1, -1, -1, -1, -1, -1, -1, -1, -1, -1, -1, -1, -1, -1, -1, -1, -1, -1, -1, -1, -1, -1, -1, -1, -1, -1, -1, -1, -1, -1, -1, -1, -1, -1, -1, -1, -1, -1, -1, -1, -1, -1, -1, -1, -1, -1, -1, -1, -1, -1, -1, -1, -1, -1, -1, -1, -1, -1, -1, -1, -1, -1, -1, -1, -1, -1]"
150,14,22,1.0,None,1,237,"[{'cluster_no': -1, 'count': 237}]","[-1, -1, -1, -1, -1, -1, -1, -1, -1, -1, -1, -1, -1, -1, -1, -1, -1, -1, -1, -1, -1, -1, -1, -1, -1, -1, -1, -1, -1, -1, -1, -1, -1, -1, -1, -1, -1, -1, -1, -1, -1, -1, -1, -1, -1, -1, -1, -1, -1, -1, -1, -1, -1, -1, -1, -1, -1, -1, -1, -1, -1, -1, -1, -1, -1, -1, -1, -1, -1, -1, -1, -1, -1, -1, -1, -1, -1, -1, -1, -1, -1, -1, -1, -1, -1, -1, -1, -1, -1, -1, -1, -1, -1, -1, -1, -1, -1, -1, -1, -1, -1, -1, -1, -1, -1, -1, -1, -1, -1, -1, -1, -1, -1, -1, -1, -1, -1, -1, -1, -1, -1, -1, -1, -1, -1, -1, -1, -1, -1, -1, -1, -1, -1, -1, -1, -1, -1, -1, -1, -1, -1, -1, -1, -1, -1, -1, -1, -1, -1, -1, -1, -1, -1, -1, -1, -1, -1, -1, -1, -1, -1, -1, -1, -1, -1, -1, -1, -1, -1, -1, -1, -1, -1, -1, -1, -1, -1, -1, -1, -1, -1, -1, -1, -1, -1, -1, -1, -1, -1, -1, -1, -1, -1, -1, -1, -1, -1, -1, -1, -1, -1, -1, -1, -1, -1, -1, -1, -1, -1, -1, -1, -1, -1, -1, -1, -1, -1, -1, -1, -1, -1, -1, -1, -1, -1, -1, -1, -1, -1, -1, -1, -1, -1, -1, -1, -1, -1]"
150,14,23,0.0,None,1,237,"[{'cluster_no': -1, 'count': 237}]","[-1, -1, -1, -1, -1, -1, -1, -1, -1, -1, -1, -1, -1, -1, -1, -1, -1, -1, -1, -1, -1, -1, -1, -1, -1, -1, -1, -1, -1, -1, -1, -1, -1, -1, -1, -1, -1, -1, -1, -1, -1, -1, -1, -1, -1, -1, -1, -1, -1, -1, -1, -1, -1, -1, -1, -1, -1, -1, -1, -1, -1, -1, -1, -1, -1, -1, -1, -1, -1, -1, -1, -1, -1, -1, -1, -1, -1, -1, -1, -1, -1, -1, -1, -1, -1, -1, -1, -1, -1, -1, -1, -1, -1, -1, -1, -1, -1, -1, -1, -1, -1, -1, -1, -1, -1, -1, -1, -1, -1, -1, -1, -1, -1, -1, -1, -1, -1, -1, -1, -1, -1, -1, -1, -1, -1, -1, -1, -1, -1, -1, -1, -1, -1, -1, -1, -1, -1, -1, -1, -1, -1, -1, -1, -1, -1, -1, -1, -1, -1, -1, -1, -1, -1, -1, -1, -1, -1, -1, -1, -1, -1, -1, -1, -1, -1, -1, -1, -1, -1, -1, -1, -1, -1, -1, -1, -1, -1, -1, -1, -1, -1, -1, -1, -1, -1, -1, -1, -1, -1, -1, -1, -1, -1, -1, -1, -1, -1, -1, -1, -1, -1, -1, -1, -1, -1, -1, -1, -1, -1, -1, -1, -1, -1, -1, -1, -1, -1, -1, -1, -1, -1, -1, -1, -1, -1, -1, -1, -1, -1, -1, -1, -1, -1, -1, -1, -1, -1]"
150,14,23,0.5,None,1,237,"[{'cluster_no': -1, 'count': 237}]","[-1, -1, -1, -1, -1, -1, -1, -1, -1, -1, -1, -1, -1, -1, -1, -1, -1, -1, -1, -1, -1, -1, -1, -1, -1, -1, -1, -1, -1, -1, -1, -1, -1, -1, -1, -1, -1, -1, -1, -1, -1, -1, -1, -1, -1, -1, -1, -1, -1, -1, -1, -1, -1, -1, -1, -1, -1, -1, -1, -1, -1, -1, -1, -1, -1, -1, -1, -1, -1, -1, -1, -1, -1, -1, -1, -1, -1, -1, -1, -1, -1, -1, -1, -1, -1, -1, -1, -1, -1, -1, -1, -1, -1, -1, -1, -1, -1, -1, -1, -1, -1, -1, -1, -1, -1, -1, -1, -1, -1, -1, -1, -1, -1, -1, -1, -1, -1, -1, -1, -1, -1, -1, -1, -1, -1, -1, -1, -1, -1, -1, -1, -1, -1, -1, -1, -1, -1, -1, -1, -1, -1, -1, -1, -1, -1, -1, -1, -1, -1, -1, -1, -1, -1, -1, -1, -1, -1, -1, -1, -1, -1, -1, -1, -1, -1, -1, -1, -1, -1, -1, -1, -1, -1, -1, -1, -1, -1, -1, -1, -1, -1, -1, -1, -1, -1, -1, -1, -1, -1, -1, -1, -1, -1, -1, -1, -1, -1, -1, -1, -1, -1, -1, -1, -1, -1, -1, -1, -1, -1, -1, -1, -1, -1, -1, -1, -1, -1, -1, -1, -1, -1, -1, -1, -1, -1, -1, -1, -1, -1, -1, -1, -1, -1, -1, -1, -1, -1]"
150,14,23,1.0,None,1,237,"[{'cluster_no': -1, 'count': 237}]","[-1, -1, -1, -1, -1, -1, -1, -1, -1, -1, -1, -1, -1, -1, -1, -1, -1, -1, -1, -1, -1, -1, -1, -1, -1, -1, -1, -1, -1, -1, -1, -1, -1, -1, -1, -1, -1, -1, -1, -1, -1, -1, -1, -1, -1, -1, -1, -1, -1, -1, -1, -1, -1, -1, -1, -1, -1, -1, -1, -1, -1, -1, -1, -1, -1, -1, -1, -1, -1, -1, -1, -1, -1, -1, -1, -1, -1, -1, -1, -1, -1, -1, -1, -1, -1, -1, -1, -1, -1, -1, -1, -1, -1, -1, -1, -1, -1, -1, -1, -1, -1, -1, -1, -1, -1, -1, -1, -1, -1, -1, -1, -1, -1, -1, -1, -1, -1, -1, -1, -1, -1, -1, -1, -1, -1, -1, -1, -1, -1, -1, -1, -1, -1, -1, -1, -1, -1, -1, -1, -1, -1, -1, -1, -1, -1, -1, -1, -1, -1, -1, -1, -1, -1, -1, -1, -1, -1, -1, -1, -1, -1, -1, -1, -1, -1, -1, -1, -1, -1, -1, -1, -1, -1, -1, -1, -1, -1, -1, -1, -1, -1, -1, -1, -1, -1, -1, -1, -1, -1, -1, -1, -1, -1, -1, -1, -1, -1, -1, -1, -1, -1, -1, -1, -1, -1, -1, -1, -1, -1, -1, -1, -1, -1, -1, -1, -1, -1, -1, -1, -1, -1, -1, -1, -1, -1, -1, -1, -1, -1, -1, -1, -1, -1, -1, -1, -1, -1]"
150,14,24,0.0,None,1,237,"[{'cluster_no': -1, 'count': 237}]","[-1, -1, -1, -1, -1, -1, -1, -1, -1, -1, -1, -1, -1, -1, -1, -1, -1, -1, -1, -1, -1, -1, -1, -1, -1, -1, -1, -1, -1, -1, -1, -1, -1, -1, -1, -1, -1, -1, -1, -1, -1, -1, -1, -1, -1, -1, -1, -1, -1, -1, -1, -1, -1, -1, -1, -1, -1, -1, -1, -1, -1, -1, -1, -1, -1, -1, -1, -1, -1, -1, -1, -1, -1, -1, -1, -1, -1, -1, -1, -1, -1, -1, -1, -1, -1, -1, -1, -1, -1, -1, -1, -1, -1, -1, -1, -1, -1, -1, -1, -1, -1, -1, -1, -1, -1, -1, -1, -1, -1, -1, -1, -1, -1, -1, -1, -1, -1, -1, -1, -1, -1, -1, -1, -1, -1, -1, -1, -1, -1, -1, -1, -1, -1, -1, -1, -1, -1, -1, -1, -1, -1, -1, -1, -1, -1, -1, -1, -1, -1, -1, -1, -1, -1, -1, -1, -1, -1, -1, -1, -1, -1, -1, -1, -1, -1, -1, -1, -1, -1, -1, -1, -1, -1, -1, -1, -1, -1, -1, -1, -1, -1, -1, -1, -1, -1, -1, -1, -1, -1, -1, -1, -1, -1, -1, -1, -1, -1, -1, -1, -1, -1, -1, -1, -1, -1, -1, -1, -1, -1, -1, -1, -1, -1, -1, -1, -1, -1, -1, -1, -1, -1, -1, -1, -1, -1, -1, -1, -1, -1, -1, -1, -1, -1, -1, -1, -1, -1]"
150,14,24,0.5,None,1,237,"[{'cluster_no': -1, 'count': 237}]","[-1, -1, -1, -1, -1, -1, -1, -1, -1, -1, -1, -1, -1, -1, -1, -1, -1, -1, -1, -1, -1, -1, -1, -1, -1, -1, -1, -1, -1, -1, -1, -1, -1, -1, -1, -1, -1, -1, -1, -1, -1, -1, -1, -1, -1, -1, -1, -1, -1, -1, -1, -1, -1, -1, -1, -1, -1, -1, -1, -1, -1, -1, -1, -1, -1, -1, -1, -1, -1, -1, -1, -1, -1, -1, -1, -1, -1, -1, -1, -1, -1, -1, -1, -1, -1, -1, -1, -1, -1, -1, -1, -1, -1, -1, -1, -1, -1, -1, -1, -1, -1, -1, -1, -1, -1, -1, -1, -1, -1, -1, -1, -1, -1, -1, -1, -1, -1, -1, -1, -1, -1, -1, -1, -1, -1, -1, -1, -1, -1, -1, -1, -1, -1, -1, -1, -1, -1, -1, -1, -1, -1, -1, -1, -1, -1, -1, -1, -1, -1, -1, -1, -1, -1, -1, -1, -1, -1, -1, -1, -1, -1, -1, -1, -1, -1, -1, -1, -1, -1, -1, -1, -1, -1, -1, -1, -1, -1, -1, -1, -1, -1, -1, -1, -1, -1, -1, -1, -1, -1, -1, -1, -1, -1, -1, -1, -1, -1, -1, -1, -1, -1, -1, -1, -1, -1, -1, -1, -1, -1, -1, -1, -1, -1, -1, -1, -1, -1, -1, -1, -1, -1, -1, -1, -1, -1, -1, -1, -1, -1, -1, -1, -1, -1, -1, -1, -1, -1]"
150,14,24,1.0,None,1,237,"[{'cluster_no': -1, 'count': 237}]","[-1, -1, -1, -1, -1, -1, -1, -1, -1, -1, -1, -1, -1, -1, -1, -1, -1, -1, -1, -1, -1, -1, -1, -1, -1, -1, -1, -1, -1, -1, -1, -1, -1, -1, -1, -1, -1, -1, -1, -1, -1, -1, -1, -1, -1, -1, -1, -1, -1, -1, -1, -1, -1, -1, -1, -1, -1, -1, -1, -1, -1, -1, -1, -1, -1, -1, -1, -1, -1, -1, -1, -1, -1, -1, -1, -1, -1, -1, -1, -1, -1, -1, -1, -1, -1, -1, -1, -1, -1, -1, -1, -1, -1, -1, -1, -1, -1, -1, -1, -1, -1, -1, -1, -1, -1, -1, -1, -1, -1, -1, -1, -1, -1, -1, -1, -1, -1, -1, -1, -1, -1, -1, -1, -1, -1, -1, -1, -1, -1, -1, -1, -1, -1, -1, -1, -1, -1, -1, -1, -1, -1, -1, -1, -1, -1, -1, -1, -1, -1, -1, -1, -1, -1, -1, -1, -1, -1, -1, -1, -1, -1, -1, -1, -1, -1, -1, -1, -1, -1, -1, -1, -1, -1, -1, -1, -1, -1, -1, -1, -1, -1, -1, -1, -1, -1, -1, -1, -1, -1, -1, -1, -1, -1, -1, -1, -1, -1, -1, -1, -1, -1, -1, -1, -1, -1, -1, -1, -1, -1, -1, -1, -1, -1, -1, -1, -1, -1, -1, -1, -1, -1, -1, -1, -1, -1, -1, -1, -1, -1, -1, -1, -1, -1, -1, -1, -1, -1]"
150,14,25,0.0,None,1,237,"[{'cluster_no': -1, 'count': 237}]","[-1, -1, -1, -1, -1, -1, -1, -1, -1, -1, -1, -1, -1, -1, -1, -1, -1, -1, -1, -1, -1, -1, -1, -1, -1, -1, -1, -1, -1, -1, -1, -1, -1, -1, -1, -1, -1, -1, -1, -1, -1, -1, -1, -1, -1, -1, -1, -1, -1, -1, -1, -1, -1, -1, -1, -1, -1, -1, -1, -1, -1, -1, -1, -1, -1, -1, -1, -1, -1, -1, -1, -1, -1, -1, -1, -1, -1, -1, -1, -1, -1, -1, -1, -1, -1, -1, -1, -1, -1, -1, -1, -1, -1, -1, -1, -1, -1, -1, -1, -1, -1, -1, -1, -1, -1, -1, -1, -1, -1, -1, -1, -1, -1, -1, -1, -1, -1, -1, -1, -1, -1, -1, -1, -1, -1, -1, -1, -1, -1, -1, -1, -1, -1, -1, -1, -1, -1, -1, -1, -1, -1, -1, -1, -1, -1, -1, -1, -1, -1, -1, -1, -1, -1, -1, -1, -1, -1, -1, -1, -1, -1, -1, -1, -1, -1, -1, -1, -1, -1, -1, -1, -1, -1, -1, -1, -1, -1, -1, -1, -1, -1, -1, -1, -1, -1, -1, -1, -1, -1, -1, -1, -1, -1, -1, -1, -1, -1, -1, -1, -1, -1, -1, -1, -1, -1, -1, -1, -1, -1, -1, -1, -1, -1, -1, -1, -1, -1, -1, -1, -1, -1, -1, -1, -1, -1, -1, -1, -1, -1, -1, -1, -1, -1, -1, -1, -1, -1]"
150,14,25,0.5,None,1,237,"[{'cluster_no': -1, 'count': 237}]","[-1, -1, -1, -1, -1, -1, -1, -1, -1, -1, -1, -1, -1, -1, -1, -1, -1, -1, -1, -1, -1, -1, -1, -1, -1, -1, -1, -1, -1, -1, -1, -1, -1, -1, -1, -1, -1, -1, -1, -1, -1, -1, -1, -1, -1, -1, -1, -1, -1, -1, -1, -1, -1, -1, -1, -1, -1, -1, -1, -1, -1, -1, -1, -1, -1, -1, -1, -1, -1, -1, -1, -1, -1, -1, -1, -1, -1, -1, -1, -1, -1, -1, -1, -1, -1, -1, -1, -1, -1, -1, -1, -1, -1, -1, -1, -1, -1, -1, -1, -1, -1, -1, -1, -1, -1, -1, -1, -1, -1, -1, -1, -1, -1, -1, -1, -1, -1, -1, -1, -1, -1, -1, -1, -1, -1, -1, -1, -1, -1, -1, -1, -1, -1, -1, -1, -1, -1, -1, -1, -1, -1, -1, -1, -1, -1, -1, -1, -1, -1, -1, -1, -1, -1, -1, -1, -1, -1, -1, -1, -1, -1, -1, -1, -1, -1, -1, -1, -1, -1, -1, -1, -1, -1, -1, -1, -1, -1, -1, -1, -1, -1, -1, -1, -1, -1, -1, -1, -1, -1, -1, -1, -1, -1, -1, -1, -1, -1, -1, -1, -1, -1, -1, -1, -1, -1, -1, -1, -1, -1, -1, -1, -1, -1, -1, -1, -1, -1, -1, -1, -1, -1, -1, -1, -1, -1, -1, -1, -1, -1, -1, -1, -1, -1, -1, -1, -1, -1]"
150,14,25,1.0,None,1,237,"[{'cluster_no': -1, 'count': 237}]","[-1, -1, -1, -1, -1, -1, -1, -1, -1, -1, -1, -1, -1, -1, -1, -1, -1, -1, -1, -1, -1, -1, -1, -1, -1, -1, -1, -1, -1, -1, -1, -1, -1, -1, -1, -1, -1, -1, -1, -1, -1, -1, -1, -1, -1, -1, -1, -1, -1, -1, -1, -1, -1, -1, -1, -1, -1, -1, -1, -1, -1, -1, -1, -1, -1, -1, -1, -1, -1, -1, -1, -1, -1, -1, -1, -1, -1, -1, -1, -1, -1, -1, -1, -1, -1, -1, -1, -1, -1, -1, -1, -1, -1, -1, -1, -1, -1, -1, -1, -1, -1, -1, -1, -1, -1, -1, -1, -1, -1, -1, -1, -1, -1, -1, -1, -1, -1, -1, -1, -1, -1, -1, -1, -1, -1, -1, -1, -1, -1, -1, -1, -1, -1, -1, -1, -1, -1, -1, -1, -1, -1, -1, -1, -1, -1, -1, -1, -1, -1, -1, -1, -1, -1, -1, -1, -1, -1, -1, -1, -1, -1, -1, -1, -1, -1, -1, -1, -1, -1, -1, -1, -1, -1, -1, -1, -1, -1, -1, -1, -1, -1, -1, -1, -1, -1, -1, -1, -1, -1, -1, -1, -1, -1, -1, -1, -1, -1, -1, -1, -1, -1, -1, -1, -1, -1, -1, -1, -1, -1, -1, -1, -1, -1, -1, -1, -1, -1, -1, -1, -1, -1, -1, -1, -1, -1, -1, -1, -1, -1, -1, -1, -1, -1, -1, -1, -1, -1]"
150,14,26,0.0,None,1,237,"[{'cluster_no': -1, 'count': 237}]","[-1, -1, -1, -1, -1, -1, -1, -1, -1, -1, -1, -1, -1, -1, -1, -1, -1, -1, -1, -1, -1, -1, -1, -1, -1, -1, -1, -1, -1, -1, -1, -1, -1, -1, -1, -1, -1, -1, -1, -1, -1, -1, -1, -1, -1, -1, -1, -1, -1, -1, -1, -1, -1, -1, -1, -1, -1, -1, -1, -1, -1, -1, -1, -1, -1, -1, -1, -1, -1, -1, -1, -1, -1, -1, -1, -1, -1, -1, -1, -1, -1, -1, -1, -1, -1, -1, -1, -1, -1, -1, -1, -1, -1, -1, -1, -1, -1, -1, -1, -1, -1, -1, -1, -1, -1, -1, -1, -1, -1, -1, -1, -1, -1, -1, -1, -1, -1, -1, -1, -1, -1, -1, -1, -1, -1, -1, -1, -1, -1, -1, -1, -1, -1, -1, -1, -1, -1, -1, -1, -1, -1, -1, -1, -1, -1, -1, -1, -1, -1, -1, -1, -1, -1, -1, -1, -1, -1, -1, -1, -1, -1, -1, -1, -1, -1, -1, -1, -1, -1, -1, -1, -1, -1, -1, -1, -1, -1, -1, -1, -1, -1, -1, -1, -1, -1, -1, -1, -1, -1, -1, -1, -1, -1, -1, -1, -1, -1, -1, -1, -1, -1, -1, -1, -1, -1, -1, -1, -1, -1, -1, -1, -1, -1, -1, -1, -1, -1, -1, -1, -1, -1, -1, -1, -1, -1, -1, -1, -1, -1, -1, -1, -1, -1, -1, -1, -1, -1]"
150,14,26,0.5,None,1,237,"[{'cluster_no': -1, 'count': 237}]","[-1, -1, -1, -1, -1, -1, -1, -1, -1, -1, -1, -1, -1, -1, -1, -1, -1, -1, -1, -1, -1, -1, -1, -1, -1, -1, -1, -1, -1, -1, -1, -1, -1, -1, -1, -1, -1, -1, -1, -1, -1, -1, -1, -1, -1, -1, -1, -1, -1, -1, -1, -1, -1, -1, -1, -1, -1, -1, -1, -1, -1, -1, -1, -1, -1, -1, -1, -1, -1, -1, -1, -1, -1, -1, -1, -1, -1, -1, -1, -1, -1, -1, -1, -1, -1, -1, -1, -1, -1, -1, -1, -1, -1, -1, -1, -1, -1, -1, -1, -1, -1, -1, -1, -1, -1, -1, -1, -1, -1, -1, -1, -1, -1, -1, -1, -1, -1, -1, -1, -1, -1, -1, -1, -1, -1, -1, -1, -1, -1, -1, -1, -1, -1, -1, -1, -1, -1, -1, -1, -1, -1, -1, -1, -1, -1, -1, -1, -1, -1, -1, -1, -1, -1, -1, -1, -1, -1, -1, -1, -1, -1, -1, -1, -1, -1, -1, -1, -1, -1, -1, -1, -1, -1, -1, -1, -1, -1, -1, -1, -1, -1, -1, -1, -1, -1, -1, -1, -1, -1, -1, -1, -1, -1, -1, -1, -1, -1, -1, -1, -1, -1, -1, -1, -1, -1, -1, -1, -1, -1, -1, -1, -1, -1, -1, -1, -1, -1, -1, -1, -1, -1, -1, -1, -1, -1, -1, -1, -1, -1, -1, -1, -1, -1, -1, -1, -1, -1]"
150,14,26,1.0,None,1,237,"[{'cluster_no': -1, 'count': 237}]","[-1, -1, -1, -1, -1, -1, -1, -1, -1, -1, -1, -1, -1, -1, -1, -1, -1, -1, -1, -1, -1, -1, -1, -1, -1, -1, -1, -1, -1, -1, -1, -1, -1, -1, -1, -1, -1, -1, -1, -1, -1, -1, -1, -1, -1, -1, -1, -1, -1, -1, -1, -1, -1, -1, -1, -1, -1, -1, -1, -1, -1, -1, -1, -1, -1, -1, -1, -1, -1, -1, -1, -1, -1, -1, -1, -1, -1, -1, -1, -1, -1, -1, -1, -1, -1, -1, -1, -1, -1, -1, -1, -1, -1, -1, -1, -1, -1, -1, -1, -1, -1, -1, -1, -1, -1, -1, -1, -1, -1, -1, -1, -1, -1, -1, -1, -1, -1, -1, -1, -1, -1, -1, -1, -1, -1, -1, -1, -1, -1, -1, -1, -1, -1, -1, -1, -1, -1, -1, -1, -1, -1, -1, -1, -1, -1, -1, -1, -1, -1, -1, -1, -1, -1, -1, -1, -1, -1, -1, -1, -1, -1, -1, -1, -1, -1, -1, -1, -1, -1, -1, -1, -1, -1, -1, -1, -1, -1, -1, -1, -1, -1, -1, -1, -1, -1, -1, -1, -1, -1, -1, -1, -1, -1, -1, -1, -1, -1, -1, -1, -1, -1, -1, -1, -1, -1, -1, -1, -1, -1, -1, -1, -1, -1, -1, -1, -1, -1, -1, -1, -1, -1, -1, -1, -1, -1, -1, -1, -1, -1, -1, -1, -1, -1, -1, -1, -1, -1]"
150,14,27,0.0,None,1,237,"[{'cluster_no': -1, 'count': 237}]","[-1, -1, -1, -1, -1, -1, -1, -1, -1, -1, -1, -1, -1, -1, -1, -1, -1, -1, -1, -1, -1, -1, -1, -1, -1, -1, -1, -1, -1, -1, -1, -1, -1, -1, -1, -1, -1, -1, -1, -1, -1, -1, -1, -1, -1, -1, -1, -1, -1, -1, -1, -1, -1, -1, -1, -1, -1, -1, -1, -1, -1, -1, -1, -1, -1, -1, -1, -1, -1, -1, -1, -1, -1, -1, -1, -1, -1, -1, -1, -1, -1, -1, -1, -1, -1, -1, -1, -1, -1, -1, -1, -1, -1, -1, -1, -1, -1, -1, -1, -1, -1, -1, -1, -1, -1, -1, -1, -1, -1, -1, -1, -1, -1, -1, -1, -1, -1, -1, -1, -1, -1, -1, -1, -1, -1, -1, -1, -1, -1, -1, -1, -1, -1, -1, -1, -1, -1, -1, -1, -1, -1, -1, -1, -1, -1, -1, -1, -1, -1, -1, -1, -1, -1, -1, -1, -1, -1, -1, -1, -1, -1, -1, -1, -1, -1, -1, -1, -1, -1, -1, -1, -1, -1, -1, -1, -1, -1, -1, -1, -1, -1, -1, -1, -1, -1, -1, -1, -1, -1, -1, -1, -1, -1, -1, -1, -1, -1, -1, -1, -1, -1, -1, -1, -1, -1, -1, -1, -1, -1, -1, -1, -1, -1, -1, -1, -1, -1, -1, -1, -1, -1, -1, -1, -1, -1, -1, -1, -1, -1, -1, -1, -1, -1, -1, -1, -1, -1]"
150,14,27,0.5,None,1,237,"[{'cluster_no': -1, 'count': 237}]","[-1, -1, -1, -1, -1, -1, -1, -1, -1, -1, -1, -1, -1, -1, -1, -1, -1, -1, -1, -1, -1, -1, -1, -1, -1, -1, -1, -1, -1, -1, -1, -1, -1, -1, -1, -1, -1, -1, -1, -1, -1, -1, -1, -1, -1, -1, -1, -1, -1, -1, -1, -1, -1, -1, -1, -1, -1, -1, -1, -1, -1, -1, -1, -1, -1, -1, -1, -1, -1, -1, -1, -1, -1, -1, -1, -1, -1, -1, -1, -1, -1, -1, -1, -1, -1, -1, -1, -1, -1, -1, -1, -1, -1, -1, -1, -1, -1, -1, -1, -1, -1, -1, -1, -1, -1, -1, -1, -1, -1, -1, -1, -1, -1, -1, -1, -1, -1, -1, -1, -1, -1, -1, -1, -1, -1, -1, -1, -1, -1, -1, -1, -1, -1, -1, -1, -1, -1, -1, -1, -1, -1, -1, -1, -1, -1, -1, -1, -1, -1, -1, -1, -1, -1, -1, -1, -1, -1, -1, -1, -1, -1, -1, -1, -1, -1, -1, -1, -1, -1, -1, -1, -1, -1, -1, -1, -1, -1, -1, -1, -1, -1, -1, -1, -1, -1, -1, -1, -1, -1, -1, -1, -1, -1, -1, -1, -1, -1, -1, -1, -1, -1, -1, -1, -1, -1, -1, -1, -1, -1, -1, -1, -1, -1, -1, -1, -1, -1, -1, -1, -1, -1, -1, -1, -1, -1, -1, -1, -1, -1, -1, -1, -1, -1, -1, -1, -1, -1]"
150,14,27,1.0,None,1,237,"[{'cluster_no': -1, 'count': 237}]","[-1, -1, -1, -1, -1, -1, -1, -1, -1, -1, -1, -1, -1, -1, -1, -1, -1, -1, -1, -1, -1, -1, -1, -1, -1, -1, -1, -1, -1, -1, -1, -1, -1, -1, -1, -1, -1, -1, -1, -1, -1, -1, -1, -1, -1, -1, -1, -1, -1, -1, -1, -1, -1, -1, -1, -1, -1, -1, -1, -1, -1, -1, -1, -1, -1, -1, -1, -1, -1, -1, -1, -1, -1, -1, -1, -1, -1, -1, -1, -1, -1, -1, -1, -1, -1, -1, -1, -1, -1, -1, -1, -1, -1, -1, -1, -1, -1, -1, -1, -1, -1, -1, -1, -1, -1, -1, -1, -1, -1, -1, -1, -1, -1, -1, -1, -1, -1, -1, -1, -1, -1, -1, -1, -1, -1, -1, -1, -1, -1, -1, -1, -1, -1, -1, -1, -1, -1, -1, -1, -1, -1, -1, -1, -1, -1, -1, -1, -1, -1, -1, -1, -1, -1, -1, -1, -1, -1, -1, -1, -1, -1, -1, -1, -1, -1, -1, -1, -1, -1, -1, -1, -1, -1, -1, -1, -1, -1, -1, -1, -1, -1, -1, -1, -1, -1, -1, -1, -1, -1, -1, -1, -1, -1, -1, -1, -1, -1, -1, -1, -1, -1, -1, -1, -1, -1, -1, -1, -1, -1, -1, -1, -1, -1, -1, -1, -1, -1, -1, -1, -1, -1, -1, -1, -1, -1, -1, -1, -1, -1, -1, -1, -1, -1, -1, -1, -1, -1]"
150,14,28,0.0,None,1,237,"[{'cluster_no': -1, 'count': 237}]","[-1, -1, -1, -1, -1, -1, -1, -1, -1, -1, -1, -1, -1, -1, -1, -1, -1, -1, -1, -1, -1, -1, -1, -1, -1, -1, -1, -1, -1, -1, -1, -1, -1, -1, -1, -1, -1, -1, -1, -1, -1, -1, -1, -1, -1, -1, -1, -1, -1, -1, -1, -1, -1, -1, -1, -1, -1, -1, -1, -1, -1, -1, -1, -1, -1, -1, -1, -1, -1, -1, -1, -1, -1, -1, -1, -1, -1, -1, -1, -1, -1, -1, -1, -1, -1, -1, -1, -1, -1, -1, -1, -1, -1, -1, -1, -1, -1, -1, -1, -1, -1, -1, -1, -1, -1, -1, -1, -1, -1, -1, -1, -1, -1, -1, -1, -1, -1, -1, -1, -1, -1, -1, -1, -1, -1, -1, -1, -1, -1, -1, -1, -1, -1, -1, -1, -1, -1, -1, -1, -1, -1, -1, -1, -1, -1, -1, -1, -1, -1, -1, -1, -1, -1, -1, -1, -1, -1, -1, -1, -1, -1, -1, -1, -1, -1, -1, -1, -1, -1, -1, -1, -1, -1, -1, -1, -1, -1, -1, -1, -1, -1, -1, -1, -1, -1, -1, -1, -1, -1, -1, -1, -1, -1, -1, -1, -1, -1, -1, -1, -1, -1, -1, -1, -1, -1, -1, -1, -1, -1, -1, -1, -1, -1, -1, -1, -1, -1, -1, -1, -1, -1, -1, -1, -1, -1, -1, -1, -1, -1, -1, -1, -1, -1, -1, -1, -1, -1]"
150,14,28,0.5,None,1,237,"[{'cluster_no': -1, 'count': 237}]","[-1, -1, -1, -1, -1, -1, -1, -1, -1, -1, -1, -1, -1, -1, -1, -1, -1, -1, -1, -1, -1, -1, -1, -1, -1, -1, -1, -1, -1, -1, -1, -1, -1, -1, -1, -1, -1, -1, -1, -1, -1, -1, -1, -1, -1, -1, -1, -1, -1, -1, -1, -1, -1, -1, -1, -1, -1, -1, -1, -1, -1, -1, -1, -1, -1, -1, -1, -1, -1, -1, -1, -1, -1, -1, -1, -1, -1, -1, -1, -1, -1, -1, -1, -1, -1, -1, -1, -1, -1, -1, -1, -1, -1, -1, -1, -1, -1, -1, -1, -1, -1, -1, -1, -1, -1, -1, -1, -1, -1, -1, -1, -1, -1, -1, -1, -1, -1, -1, -1, -1, -1, -1, -1, -1, -1, -1, -1, -1, -1, -1, -1, -1, -1, -1, -1, -1, -1, -1, -1, -1, -1, -1, -1, -1, -1, -1, -1, -1, -1, -1, -1, -1, -1, -1, -1, -1, -1, -1, -1, -1, -1, -1, -1, -1, -1, -1, -1, -1, -1, -1, -1, -1, -1, -1, -1, -1, -1, -1, -1, -1, -1, -1, -1, -1, -1, -1, -1, -1, -1, -1, -1, -1, -1, -1, -1, -1, -1, -1, -1, -1, -1, -1, -1, -1, -1, -1, -1, -1, -1, -1, -1, -1, -1, -1, -1, -1, -1, -1, -1, -1, -1, -1, -1, -1, -1, -1, -1, -1, -1, -1, -1, -1, -1, -1, -1, -1, -1]"
150,14,28,1.0,None,1,237,"[{'cluster_no': -1, 'count': 237}]","[-1, -1, -1, -1, -1, -1, -1, -1, -1, -1, -1, -1, -1, -1, -1, -1, -1, -1, -1, -1, -1, -1, -1, -1, -1, -1, -1, -1, -1, -1, -1, -1, -1, -1, -1, -1, -1, -1, -1, -1, -1, -1, -1, -1, -1, -1, -1, -1, -1, -1, -1, -1, -1, -1, -1, -1, -1, -1, -1, -1, -1, -1, -1, -1, -1, -1, -1, -1, -1, -1, -1, -1, -1, -1, -1, -1, -1, -1, -1, -1, -1, -1, -1, -1, -1, -1, -1, -1, -1, -1, -1, -1, -1, -1, -1, -1, -1, -1, -1, -1, -1, -1, -1, -1, -1, -1, -1, -1, -1, -1, -1, -1, -1, -1, -1, -1, -1, -1, -1, -1, -1, -1, -1, -1, -1, -1, -1, -1, -1, -1, -1, -1, -1, -1, -1, -1, -1, -1, -1, -1, -1, -1, -1, -1, -1, -1, -1, -1, -1, -1, -1, -1, -1, -1, -1, -1, -1, -1, -1, -1, -1, -1, -1, -1, -1, -1, -1, -1, -1, -1, -1, -1, -1, -1, -1, -1, -1, -1, -1, -1, -1, -1, -1, -1, -1, -1, -1, -1, -1, -1, -1, -1, -1, -1, -1, -1, -1, -1, -1, -1, -1, -1, -1, -1, -1, -1, -1, -1, -1, -1, -1, -1, -1, -1, -1, -1, -1, -1, -1, -1, -1, -1, -1, -1, -1, -1, -1, -1, -1, -1, -1, -1, -1, -1, -1, -1, -1]"
150,14,29,0.0,None,1,237,"[{'cluster_no': -1, 'count': 237}]","[-1, -1, -1, -1, -1, -1, -1, -1, -1, -1, -1, -1, -1, -1, -1, -1, -1, -1, -1, -1, -1, -1, -1, -1, -1, -1, -1, -1, -1, -1, -1, -1, -1, -1, -1, -1, -1, -1, -1, -1, -1, -1, -1, -1, -1, -1, -1, -1, -1, -1, -1, -1, -1, -1, -1, -1, -1, -1, -1, -1, -1, -1, -1, -1, -1, -1, -1, -1, -1, -1, -1, -1, -1, -1, -1, -1, -1, -1, -1, -1, -1, -1, -1, -1, -1, -1, -1, -1, -1, -1, -1, -1, -1, -1, -1, -1, -1, -1, -1, -1, -1, -1, -1, -1, -1, -1, -1, -1, -1, -1, -1, -1, -1, -1, -1, -1, -1, -1, -1, -1, -1, -1, -1, -1, -1, -1, -1, -1, -1, -1, -1, -1, -1, -1, -1, -1, -1, -1, -1, -1, -1, -1, -1, -1, -1, -1, -1, -1, -1, -1, -1, -1, -1, -1, -1, -1, -1, -1, -1, -1, -1, -1, -1, -1, -1, -1, -1, -1, -1, -1, -1, -1, -1, -1, -1, -1, -1, -1, -1, -1, -1, -1, -1, -1, -1, -1, -1, -1, -1, -1, -1, -1, -1, -1, -1, -1, -1, -1, -1, -1, -1, -1, -1, -1, -1, -1, -1, -1, -1, -1, -1, -1, -1, -1, -1, -1, -1, -1, -1, -1, -1, -1, -1, -1, -1, -1, -1, -1, -1, -1, -1, -1, -1, -1, -1, -1, -1]"
150,14,29,0.5,None,1,237,"[{'cluster_no': -1, 'count': 237}]","[-1, -1, -1, -1, -1, -1, -1, -1, -1, -1, -1, -1, -1, -1, -1, -1, -1, -1, -1, -1, -1, -1, -1, -1, -1, -1, -1, -1, -1, -1, -1, -1, -1, -1, -1, -1, -1, -1, -1, -1, -1, -1, -1, -1, -1, -1, -1, -1, -1, -1, -1, -1, -1, -1, -1, -1, -1, -1, -1, -1, -1, -1, -1, -1, -1, -1, -1, -1, -1, -1, -1, -1, -1, -1, -1, -1, -1, -1, -1, -1, -1, -1, -1, -1, -1, -1, -1, -1, -1, -1, -1, -1, -1, -1, -1, -1, -1, -1, -1, -1, -1, -1, -1, -1, -1, -1, -1, -1, -1, -1, -1, -1, -1, -1, -1, -1, -1, -1, -1, -1, -1, -1, -1, -1, -1, -1, -1, -1, -1, -1, -1, -1, -1, -1, -1, -1, -1, -1, -1, -1, -1, -1, -1, -1, -1, -1, -1, -1, -1, -1, -1, -1, -1, -1, -1, -1, -1, -1, -1, -1, -1, -1, -1, -1, -1, -1, -1, -1, -1, -1, -1, -1, -1, -1, -1, -1, -1, -1, -1, -1, -1, -1, -1, -1, -1, -1, -1, -1, -1, -1, -1, -1, -1, -1, -1, -1, -1, -1, -1, -1, -1, -1, -1, -1, -1, -1, -1, -1, -1, -1, -1, -1, -1, -1, -1, -1, -1, -1, -1, -1, -1, -1, -1, -1, -1, -1, -1, -1, -1, -1, -1, -1, -1, -1, -1, -1, -1]"
150,14,29,1.0,None,1,237,"[{'cluster_no': -1, 'count': 237}]","[-1, -1, -1, -1, -1, -1, -1, -1, -1, -1, -1, -1, -1, -1, -1, -1, -1, -1, -1, -1, -1, -1, -1, -1, -1, -1, -1, -1, -1, -1, -1, -1, -1, -1, -1, -1, -1, -1, -1, -1, -1, -1, -1, -1, -1, -1, -1, -1, -1, -1, -1, -1, -1, -1, -1, -1, -1, -1, -1, -1, -1, -1, -1, -1, -1, -1, -1, -1, -1, -1, -1, -1, -1, -1, -1, -1, -1, -1, -1, -1, -1, -1, -1, -1, -1, -1, -1, -1, -1, -1, -1, -1, -1, -1, -1, -1, -1, -1, -1, -1, -1, -1, -1, -1, -1, -1, -1, -1, -1, -1, -1, -1, -1, -1, -1, -1, -1, -1, -1, -1, -1, -1, -1, -1, -1, -1, -1, -1, -1, -1, -1, -1, -1, -1, -1, -1, -1, -1, -1, -1, -1, -1, -1, -1, -1, -1, -1, -1, -1, -1, -1, -1, -1, -1, -1, -1, -1, -1, -1, -1, -1, -1, -1, -1, -1, -1, -1, -1, -1, -1, -1, -1, -1, -1, -1, -1, -1, -1, -1, -1, -1, -1, -1, -1, -1, -1, -1, -1, -1, -1, -1, -1, -1, -1, -1, -1, -1, -1, -1, -1, -1, -1, -1, -1, -1, -1, -1, -1, -1, -1, -1, -1, -1, -1, -1, -1, -1, -1, -1, -1, -1, -1, -1, -1, -1, -1, -1, -1, -1, -1, -1, -1, -1, -1, -1, -1, -1]"
150,14,30,0.0,None,1,237,"[{'cluster_no': -1, 'count': 237}]","[-1, -1, -1, -1, -1, -1, -1, -1, -1, -1, -1, -1, -1, -1, -1, -1, -1, -1, -1, -1, -1, -1, -1, -1, -1, -1, -1, -1, -1, -1, -1, -1, -1, -1, -1, -1, -1, -1, -1, -1, -1, -1, -1, -1, -1, -1, -1, -1, -1, -1, -1, -1, -1, -1, -1, -1, -1, -1, -1, -1, -1, -1, -1, -1, -1, -1, -1, -1, -1, -1, -1, -1, -1, -1, -1, -1, -1, -1, -1, -1, -1, -1, -1, -1, -1, -1, -1, -1, -1, -1, -1, -1, -1, -1, -1, -1, -1, -1, -1, -1, -1, -1, -1, -1, -1, -1, -1, -1, -1, -1, -1, -1, -1, -1, -1, -1, -1, -1, -1, -1, -1, -1, -1, -1, -1, -1, -1, -1, -1, -1, -1, -1, -1, -1, -1, -1, -1, -1, -1, -1, -1, -1, -1, -1, -1, -1, -1, -1, -1, -1, -1, -1, -1, -1, -1, -1, -1, -1, -1, -1, -1, -1, -1, -1, -1, -1, -1, -1, -1, -1, -1, -1, -1, -1, -1, -1, -1, -1, -1, -1, -1, -1, -1, -1, -1, -1, -1, -1, -1, -1, -1, -1, -1, -1, -1, -1, -1, -1, -1, -1, -1, -1, -1, -1, -1, -1, -1, -1, -1, -1, -1, -1, -1, -1, -1, -1, -1, -1, -1, -1, -1, -1, -1, -1, -1, -1, -1, -1, -1, -1, -1, -1, -1, -1, -1, -1, -1]"
150,14,30,0.5,None,1,237,"[{'cluster_no': -1, 'count': 237}]","[-1, -1, -1, -1, -1, -1, -1, -1, -1, -1, -1, -1, -1, -1, -1, -1, -1, -1, -1, -1, -1, -1, -1, -1, -1, -1, -1, -1, -1, -1, -1, -1, -1, -1, -1, -1, -1, -1, -1, -1, -1, -1, -1, -1, -1, -1, -1, -1, -1, -1, -1, -1, -1, -1, -1, -1, -1, -1, -1, -1, -1, -1, -1, -1, -1, -1, -1, -1, -1, -1, -1, -1, -1, -1, -1, -1, -1, -1, -1, -1, -1, -1, -1, -1, -1, -1, -1, -1, -1, -1, -1, -1, -1, -1, -1, -1, -1, -1, -1, -1, -1, -1, -1, -1, -1, -1, -1, -1, -1, -1, -1, -1, -1, -1, -1, -1, -1, -1, -1, -1, -1, -1, -1, -1, -1, -1, -1, -1, -1, -1, -1, -1, -1, -1, -1, -1, -1, -1, -1, -1, -1, -1, -1, -1, -1, -1, -1, -1, -1, -1, -1, -1, -1, -1, -1, -1, -1, -1, -1, -1, -1, -1, -1, -1, -1, -1, -1, -1, -1, -1, -1, -1, -1, -1, -1, -1, -1, -1, -1, -1, -1, -1, -1, -1, -1, -1, -1, -1, -1, -1, -1, -1, -1, -1, -1, -1, -1, -1, -1, -1, -1, -1, -1, -1, -1, -1, -1, -1, -1, -1, -1, -1, -1, -1, -1, -1, -1, -1, -1, -1, -1, -1, -1, -1, -1, -1, -1, -1, -1, -1, -1, -1, -1, -1, -1, -1, -1]"
150,14,30,1.0,None,1,237,"[{'cluster_no': -1, 'count': 237}]","[-1, -1, -1, -1, -1, -1, -1, -1, -1, -1, -1, -1, -1, -1, -1, -1, -1, -1, -1, -1, -1, -1, -1, -1, -1, -1, -1, -1, -1, -1, -1, -1, -1, -1, -1, -1, -1, -1, -1, -1, -1, -1, -1, -1, -1, -1, -1, -1, -1, -1, -1, -1, -1, -1, -1, -1, -1, -1, -1, -1, -1, -1, -1, -1, -1, -1, -1, -1, -1, -1, -1, -1, -1, -1, -1, -1, -1, -1, -1, -1, -1, -1, -1, -1, -1, -1, -1, -1, -1, -1, -1, -1, -1, -1, -1, -1, -1, -1, -1, -1, -1, -1, -1, -1, -1, -1, -1, -1, -1, -1, -1, -1, -1, -1, -1, -1, -1, -1, -1, -1, -1, -1, -1, -1, -1, -1, -1, -1, -1, -1, -1, -1, -1, -1, -1, -1, -1, -1, -1, -1, -1, -1, -1, -1, -1, -1, -1, -1, -1, -1, -1, -1, -1, -1, -1, -1, -1, -1, -1, -1, -1, -1, -1, -1, -1, -1, -1, -1, -1, -1, -1, -1, -1, -1, -1, -1, -1, -1, -1, -1, -1, -1, -1, -1, -1, -1, -1, -1, -1, -1, -1, -1, -1, -1, -1, -1, -1, -1, -1, -1, -1, -1, -1, -1, -1, -1, -1, -1, -1, -1, -1, -1, -1, -1, -1, -1, -1, -1, -1, -1, -1, -1, -1, -1, -1, -1, -1, -1, -1, -1, -1, -1, -1, -1, -1, -1, -1]"
150,15,5,0.0,0.6713437658492366,4,192,"[{'cluster_no': -1, 'count': 192}, {'cluster_no': 0, 'count': 14}, {'cluster_no': 1, 'count': 21}, {'cluster_no': 2, 'count': 10}]","[-1, 0, 0, -1, -1, -1, -1, 0, -1, -1, -1, -1, -1, -1, -1, -1, 0, 0, -1, -1, -1, -1, -1, -1, -1, -1, -1, -1, -1, 1, -1, -1, -1, 0, -1, -1, -1, -1, -1, -1, -1, 2, -1, -1, 0, 1, -1, -1, 0, -1, -1, -1, 0, -1, -1, -1, -1, 1, -1, -1, -1, -1, -1, -1, -1, -1, -1, -1, -1, -1, -1, -1, 0, -1, 2, -1, -1, -1, -1, -1, 1, -1, -1, -1, -1, -1, -1, -1, 1, -1, -1, -1, -1, -1, -1, -1, -1, -1, -1, -1, -1, -1, -1, -1, 1, -1, -1, 1, -1, -1, -1, -1, -1, -1, -1, -1, -1, -1, -1, -1, -1, -1, -1, -1, -1, -1, 0, -1, -1, -1, 2, -1, -1, -1, -1, -1, 1, -1, -1, -1, -1, 0, -1, 2, -1, -1, -1, -1, -1, 2, -1, -1, -1, -1, -1, -1, -1, -1, 1, 2, 1, -1, -1, -1, -1, 0, 1, -1, 1, -1, -1, 0, 1, -1, 1, -1, -1, -1, -1, -1, -1, 1, -1, -1, 1, -1, 1, -1, -1, -1, -1, -1, -1, -1, -1, -1, 2, -1, -1, -1, -1, -1, -1, -1, -1, -1, 1, 1, 2, 2, 2, 1, -1, -1, -1, -1, -1, -1, -1, -1, -1, -1, -1, -1, -1, -1, -1, -1, -1, -1, -1, -1, -1, -1, 1, -1, -1]"
150,15,5,0.5,0.5796393022289867,3,180,"[{'cluster_no': -1, 'count': 180}, {'cluster_no': 0, 'count': 43}, {'cluster_no': 1, 'count': 14}]","[-1, 1, 1, -1, -1, -1, -1, 1, -1, -1, -1, -1, -1, -1, -1, -1, 1, 1, -1, -1, -1, -1, -1, -1, -1, -1, -1, -1, -1, 0, -1, -1, -1, 1, -1, -1, -1, -1, -1, -1, -1, 0, -1, -1, 1, 0, -1, -1, 1, -1, -1, -1, 1, -1, -1, -1, -1, 0, -1, -1, -1, -1, -1, -1, -1, -1, -1, -1, -1, -1, -1, -1, 1, -1, 0, -1, -1, -1, -1, -1, 0, -1, -1, -1, -1, -1, -1, -1, 0, -1, -1, 0, -1, -1, -1, -1, -1, -1, -1, -1, 0, -1, -1, -1, 0, -1, -1, 0, -1, -1, -1, -1, -1, -1, -1, -1, 0, -1, 0, -1, -1, -1, -1, -1, -1, 0, 1, -1, -1, -1, 0, -1, -1, -1, -1, -1, 0, -1, -1, -1, -1, 1, 0, 0, -1, -1, -1, -1, -1, 0, -1, -1, -1, -1, -1, -1, -1, -1, 0, 0, 0, -1, -1, -1, 0, 1, 0, 0, 0, -1, -1, 1, 0, -1, 0, -1, -1, -1, -1, -1, -1, 0, -1, -1, 0, -1, 0, -1, -1, -1, -1, -1, -1, -1, -1, -1, 0, -1, -1, -1, -1, -1, 0, -1, -1, -1, 0, 0, 0, 0, 0, 0, 0, -1, -1, 0, -1, -1, 0, -1, -1, -1, -1, -1, -1, -1, -1, -1, -1, -1, -1, -1, -1, -1, 0, -1, -1]"
150,15,5,1.0,0.5796393022289867,3,180,"[{'cluster_no': -1, 'count': 180}, {'cluster_no': 0, 'count': 43}, {'cluster_no': 1, 'count': 14}]","[-1, 1, 1, -1, -1, -1, -1, 1, -1, -1, -1, -1, -1, -1, -1, -1, 1, 1, -1, -1, -1, -1, -1, -1, -1, -1, -1, -1, -1, 0, -1, -1, -1, 1, -1, -1, -1, -1, -1, -1, -1, 0, -1, -1, 1, 0, -1, -1, 1, -1, -1, -1, 1, -1, -1, -1, -1, 0, -1, -1, -1, -1, -1, -1, -1, -1, -1, -1, -1, -1, -1, -1, 1, -1, 0, -1, -1, -1, -1, -1, 0, -1, -1, -1, -1, -1, -1, -1, 0, -1, -1, 0, -1, -1, -1, -1, -1, -1, -1, -1, 0, -1, -1, -1, 0, -1, -1, 0, -1, -1, -1, -1, -1, -1, -1, -1, 0, -1, 0, -1, -1, -1, -1, -1, -1, 0, 1, -1, -1, -1, 0, -1, -1, -1, -1, -1, 0, -1, -1, -1, -1, 1, 0, 0, -1, -1, -1, -1, -1, 0, -1, -1, -1, -1, -1, -1, -1, -1, 0, 0, 0, -1, -1, -1, 0, 1, 0, 0, 0, -1, -1, 1, 0, -1, 0, -1, -1, -1, -1, -1, -1, 0, -1, -1, 0, -1, 0, -1, -1, -1, -1, -1, -1, -1, -1, -1, 0, -1, -1, -1, -1, -1, 0, -1, -1, -1, 0, 0, 0, 0, 0, 0, 0, -1, -1, 0, -1, -1, 0, -1, -1, -1, -1, -1, -1, -1, -1, -1, -1, -1, -1, -1, -1, -1, 0, -1, -1]"
150,15,6,0.0,0.6713437658492366,4,192,"[{'cluster_no': -1, 'count': 192}, {'cluster_no': 0, 'count': 14}, {'cluster_no': 1, 'count': 21}, {'cluster_no': 2, 'count': 10}]","[-1, 0, 0, -1, -1, -1, -1, 0, -1, -1, -1, -1, -1, -1, -1, -1, 0, 0, -1, -1, -1, -1, -1, -1, -1, -1, -1, -1, -1, 1, -1, -1, -1, 0, -1, -1, -1, -1, -1, -1, -1, 2, -1, -1, 0, 1, -1, -1, 0, -1, -1, -1, 0, -1, -1, -1, -1, 1, -1, -1, -1, -1, -1, -1, -1, -1, -1, -1, -1, -1, -1, -1, 0, -1, 2, -1, -1, -1, -1, -1, 1, -1, -1, -1, -1, -1, -1, -1, 1, -1, -1, -1, -1, -1, -1, -1, -1, -1, -1, -1, -1, -1, -1, -1, 1, -1, -1, 1, -1, -1, -1, -1, -1, -1, -1, -1, -1, -1, -1, -1, -1, -1, -1, -1, -1, -1, 0, -1, -1, -1, 2, -1, -1, -1, -1, -1, 1, -1, -1, -1, -1, 0, -1, 2, -1, -1, -1, -1, -1, 2, -1, -1, -1, -1, -1, -1, -1, -1, 1, 2, 1, -1, -1, -1, -1, 0, 1, -1, 1, -1, -1, 0, 1, -1, 1, -1, -1, -1, -1, -1, -1, 1, -1, -1, 1, -1, 1, -1, -1, -1, -1, -1, -1, -1, -1, -1, 2, -1, -1, -1, -1, -1, -1, -1, -1, -1, 1, 1, 2, 2, 2, 1, -1, -1, -1, -1, -1, -1, -1, -1, -1, -1, -1, -1, -1, -1, -1, -1, -1, -1, -1, -1, -1, -1, 1, -1, -1]"
150,15,6,0.5,0.5796393022289867,3,180,"[{'cluster_no': -1, 'count': 180}, {'cluster_no': 0, 'count': 43}, {'cluster_no': 1, 'count': 14}]","[-1, 1, 1, -1, -1, -1, -1, 1, -1, -1, -1, -1, -1, -1, -1, -1, 1, 1, -1, -1, -1, -1, -1, -1, -1, -1, -1, -1, -1, 0, -1, -1, -1, 1, -1, -1, -1, -1, -1, -1, -1, 0, -1, -1, 1, 0, -1, -1, 1, -1, -1, -1, 1, -1, -1, -1, -1, 0, -1, -1, -1, -1, -1, -1, -1, -1, -1, -1, -1, -1, -1, -1, 1, -1, 0, -1, -1, -1, -1, -1, 0, -1, -1, -1, -1, -1, -1, -1, 0, -1, -1, 0, -1, -1, -1, -1, -1, -1, -1, -1, 0, -1, -1, -1, 0, -1, -1, 0, -1, -1, -1, -1, -1, -1, -1, -1, 0, -1, 0, -1, -1, -1, -1, -1, -1, 0, 1, -1, -1, -1, 0, -1, -1, -1, -1, -1, 0, -1, -1, -1, -1, 1, 0, 0, -1, -1, -1, -1, -1, 0, -1, -1, -1, -1, -1, -1, -1, -1, 0, 0, 0, -1, -1, -1, 0, 1, 0, 0, 0, -1, -1, 1, 0, -1, 0, -1, -1, -1, -1, -1, -1, 0, -1, -1, 0, -1, 0, -1, -1, -1, -1, -1, -1, -1, -1, -1, 0, -1, -1, -1, -1, -1, 0, -1, -1, -1, 0, 0, 0, 0, 0, 0, 0, -1, -1, 0, -1, -1, 0, -1, -1, -1, -1, -1, -1, -1, -1, -1, -1, -1, -1, -1, -1, -1, 0, -1, -1]"
150,15,6,1.0,0.5796393022289867,3,180,"[{'cluster_no': -1, 'count': 180}, {'cluster_no': 0, 'count': 43}, {'cluster_no': 1, 'count': 14}]","[-1, 1, 1, -1, -1, -1, -1, 1, -1, -1, -1, -1, -1, -1, -1, -1, 1, 1, -1, -1, -1, -1, -1, -1, -1, -1, -1, -1, -1, 0, -1, -1, -1, 1, -1, -1, -1, -1, -1, -1, -1, 0, -1, -1, 1, 0, -1, -1, 1, -1, -1, -1, 1, -1, -1, -1, -1, 0, -1, -1, -1, -1, -1, -1, -1, -1, -1, -1, -1, -1, -1, -1, 1, -1, 0, -1, -1, -1, -1, -1, 0, -1, -1, -1, -1, -1, -1, -1, 0, -1, -1, 0, -1, -1, -1, -1, -1, -1, -1, -1, 0, -1, -1, -1, 0, -1, -1, 0, -1, -1, -1, -1, -1, -1, -1, -1, 0, -1, 0, -1, -1, -1, -1, -1, -1, 0, 1, -1, -1, -1, 0, -1, -1, -1, -1, -1, 0, -1, -1, -1, -1, 1, 0, 0, -1, -1, -1, -1, -1, 0, -1, -1, -1, -1, -1, -1, -1, -1, 0, 0, 0, -1, -1, -1, 0, 1, 0, 0, 0, -1, -1, 1, 0, -1, 0, -1, -1, -1, -1, -1, -1, 0, -1, -1, 0, -1, 0, -1, -1, -1, -1, -1, -1, -1, -1, -1, 0, -1, -1, -1, -1, -1, 0, -1, -1, -1, 0, 0, 0, 0, 0, 0, 0, -1, -1, 0, -1, -1, 0, -1, -1, -1, -1, -1, -1, -1, -1, -1, -1, -1, -1, -1, -1, -1, 0, -1, -1]"
150,15,7,0.0,0.6713437658492366,4,192,"[{'cluster_no': -1, 'count': 192}, {'cluster_no': 0, 'count': 14}, {'cluster_no': 1, 'count': 21}, {'cluster_no': 2, 'count': 10}]","[-1, 0, 0, -1, -1, -1, -1, 0, -1, -1, -1, -1, -1, -1, -1, -1, 0, 0, -1, -1, -1, -1, -1, -1, -1, -1, -1, -1, -1, 1, -1, -1, -1, 0, -1, -1, -1, -1, -1, -1, -1, 2, -1, -1, 0, 1, -1, -1, 0, -1, -1, -1, 0, -1, -1, -1, -1, 1, -1, -1, -1, -1, -1, -1, -1, -1, -1, -1, -1, -1, -1, -1, 0, -1, 2, -1, -1, -1, -1, -1, 1, -1, -1, -1, -1, -1, -1, -1, 1, -1, -1, -1, -1, -1, -1, -1, -1, -1, -1, -1, -1, -1, -1, -1, 1, -1, -1, 1, -1, -1, -1, -1, -1, -1, -1, -1, -1, -1, -1, -1, -1, -1, -1, -1, -1, -1, 0, -1, -1, -1, 2, -1, -1, -1, -1, -1, 1, -1, -1, -1, -1, 0, -1, 2, -1, -1, -1, -1, -1, 2, -1, -1, -1, -1, -1, -1, -1, -1, 1, 2, 1, -1, -1, -1, -1, 0, 1, -1, 1, -1, -1, 0, 1, -1, 1, -1, -1, -1, -1, -1, -1, 1, -1, -1, 1, -1, 1, -1, -1, -1, -1, -1, -1, -1, -1, -1, 2, -1, -1, -1, -1, -1, -1, -1, -1, -1, 1, 1, 2, 2, 2, 1, -1, -1, -1, -1, -1, -1, -1, -1, -1, -1, -1, -1, -1, -1, -1, -1, -1, -1, -1, -1, -1, -1, 1, -1, -1]"
150,15,7,0.5,0.5796393022289867,3,180,"[{'cluster_no': -1, 'count': 180}, {'cluster_no': 0, 'count': 43}, {'cluster_no': 1, 'count': 14}]","[-1, 1, 1, -1, -1, -1, -1, 1, -1, -1, -1, -1, -1, -1, -1, -1, 1, 1, -1, -1, -1, -1, -1, -1, -1, -1, -1, -1, -1, 0, -1, -1, -1, 1, -1, -1, -1, -1, -1, -1, -1, 0, -1, -1, 1, 0, -1, -1, 1, -1, -1, -1, 1, -1, -1, -1, -1, 0, -1, -1, -1, -1, -1, -1, -1, -1, -1, -1, -1, -1, -1, -1, 1, -1, 0, -1, -1, -1, -1, -1, 0, -1, -1, -1, -1, -1, -1, -1, 0, -1, -1, 0, -1, -1, -1, -1, -1, -1, -1, -1, 0, -1, -1, -1, 0, -1, -1, 0, -1, -1, -1, -1, -1, -1, -1, -1, 0, -1, 0, -1, -1, -1, -1, -1, -1, 0, 1, -1, -1, -1, 0, -1, -1, -1, -1, -1, 0, -1, -1, -1, -1, 1, 0, 0, -1, -1, -1, -1, -1, 0, -1, -1, -1, -1, -1, -1, -1, -1, 0, 0, 0, -1, -1, -1, 0, 1, 0, 0, 0, -1, -1, 1, 0, -1, 0, -1, -1, -1, -1, -1, -1, 0, -1, -1, 0, -1, 0, -1, -1, -1, -1, -1, -1, -1, -1, -1, 0, -1, -1, -1, -1, -1, 0, -1, -1, -1, 0, 0, 0, 0, 0, 0, 0, -1, -1, 0, -1, -1, 0, -1, -1, -1, -1, -1, -1, -1, -1, -1, -1, -1, -1, -1, -1, -1, 0, -1, -1]"
150,15,7,1.0,0.5796393022289867,3,180,"[{'cluster_no': -1, 'count': 180}, {'cluster_no': 0, 'count': 43}, {'cluster_no': 1, 'count': 14}]","[-1, 1, 1, -1, -1, -1, -1, 1, -1, -1, -1, -1, -1, -1, -1, -1, 1, 1, -1, -1, -1, -1, -1, -1, -1, -1, -1, -1, -1, 0, -1, -1, -1, 1, -1, -1, -1, -1, -1, -1, -1, 0, -1, -1, 1, 0, -1, -1, 1, -1, -1, -1, 1, -1, -1, -1, -1, 0, -1, -1, -1, -1, -1, -1, -1, -1, -1, -1, -1, -1, -1, -1, 1, -1, 0, -1, -1, -1, -1, -1, 0, -1, -1, -1, -1, -1, -1, -1, 0, -1, -1, 0, -1, -1, -1, -1, -1, -1, -1, -1, 0, -1, -1, -1, 0, -1, -1, 0, -1, -1, -1, -1, -1, -1, -1, -1, 0, -1, 0, -1, -1, -1, -1, -1, -1, 0, 1, -1, -1, -1, 0, -1, -1, -1, -1, -1, 0, -1, -1, -1, -1, 1, 0, 0, -1, -1, -1, -1, -1, 0, -1, -1, -1, -1, -1, -1, -1, -1, 0, 0, 0, -1, -1, -1, 0, 1, 0, 0, 0, -1, -1, 1, 0, -1, 0, -1, -1, -1, -1, -1, -1, 0, -1, -1, 0, -1, 0, -1, -1, -1, -1, -1, -1, -1, -1, -1, 0, -1, -1, -1, -1, -1, 0, -1, -1, -1, 0, 0, 0, 0, 0, 0, 0, -1, -1, 0, -1, -1, 0, -1, -1, -1, -1, -1, -1, -1, -1, -1, -1, -1, -1, -1, -1, -1, 0, -1, -1]"
150,15,8,0.0,0.6713437658492366,4,192,"[{'cluster_no': -1, 'count': 192}, {'cluster_no': 0, 'count': 14}, {'cluster_no': 1, 'count': 21}, {'cluster_no': 2, 'count': 10}]","[-1, 0, 0, -1, -1, -1, -1, 0, -1, -1, -1, -1, -1, -1, -1, -1, 0, 0, -1, -1, -1, -1, -1, -1, -1, -1, -1, -1, -1, 1, -1, -1, -1, 0, -1, -1, -1, -1, -1, -1, -1, 2, -1, -1, 0, 1, -1, -1, 0, -1, -1, -1, 0, -1, -1, -1, -1, 1, -1, -1, -1, -1, -1, -1, -1, -1, -1, -1, -1, -1, -1, -1, 0, -1, 2, -1, -1, -1, -1, -1, 1, -1, -1, -1, -1, -1, -1, -1, 1, -1, -1, -1, -1, -1, -1, -1, -1, -1, -1, -1, -1, -1, -1, -1, 1, -1, -1, 1, -1, -1, -1, -1, -1, -1, -1, -1, -1, -1, -1, -1, -1, -1, -1, -1, -1, -1, 0, -1, -1, -1, 2, -1, -1, -1, -1, -1, 1, -1, -1, -1, -1, 0, -1, 2, -1, -1, -1, -1, -1, 2, -1, -1, -1, -1, -1, -1, -1, -1, 1, 2, 1, -1, -1, -1, -1, 0, 1, -1, 1, -1, -1, 0, 1, -1, 1, -1, -1, -1, -1, -1, -1, 1, -1, -1, 1, -1, 1, -1, -1, -1, -1, -1, -1, -1, -1, -1, 2, -1, -1, -1, -1, -1, -1, -1, -1, -1, 1, 1, 2, 2, 2, 1, -1, -1, -1, -1, -1, -1, -1, -1, -1, -1, -1, -1, -1, -1, -1, -1, -1, -1, -1, -1, -1, -1, 1, -1, -1]"
150,15,8,0.5,0.5796393022289867,3,180,"[{'cluster_no': -1, 'count': 180}, {'cluster_no': 0, 'count': 43}, {'cluster_no': 1, 'count': 14}]","[-1, 1, 1, -1, -1, -1, -1, 1, -1, -1, -1, -1, -1, -1, -1, -1, 1, 1, -1, -1, -1, -1, -1, -1, -1, -1, -1, -1, -1, 0, -1, -1, -1, 1, -1, -1, -1, -1, -1, -1, -1, 0, -1, -1, 1, 0, -1, -1, 1, -1, -1, -1, 1, -1, -1, -1, -1, 0, -1, -1, -1, -1, -1, -1, -1, -1, -1, -1, -1, -1, -1, -1, 1, -1, 0, -1, -1, -1, -1, -1, 0, -1, -1, -1, -1, -1, -1, -1, 0, -1, -1, 0, -1, -1, -1, -1, -1, -1, -1, -1, 0, -1, -1, -1, 0, -1, -1, 0, -1, -1, -1, -1, -1, -1, -1, -1, 0, -1, 0, -1, -1, -1, -1, -1, -1, 0, 1, -1, -1, -1, 0, -1, -1, -1, -1, -1, 0, -1, -1, -1, -1, 1, 0, 0, -1, -1, -1, -1, -1, 0, -1, -1, -1, -1, -1, -1, -1, -1, 0, 0, 0, -1, -1, -1, 0, 1, 0, 0, 0, -1, -1, 1, 0, -1, 0, -1, -1, -1, -1, -1, -1, 0, -1, -1, 0, -1, 0, -1, -1, -1, -1, -1, -1, -1, -1, -1, 0, -1, -1, -1, -1, -1, 0, -1, -1, -1, 0, 0, 0, 0, 0, 0, 0, -1, -1, 0, -1, -1, 0, -1, -1, -1, -1, -1, -1, -1, -1, -1, -1, -1, -1, -1, -1, -1, 0, -1, -1]"
150,15,8,1.0,0.5796393022289867,3,180,"[{'cluster_no': -1, 'count': 180}, {'cluster_no': 0, 'count': 43}, {'cluster_no': 1, 'count': 14}]","[-1, 1, 1, -1, -1, -1, -1, 1, -1, -1, -1, -1, -1, -1, -1, -1, 1, 1, -1, -1, -1, -1, -1, -1, -1, -1, -1, -1, -1, 0, -1, -1, -1, 1, -1, -1, -1, -1, -1, -1, -1, 0, -1, -1, 1, 0, -1, -1, 1, -1, -1, -1, 1, -1, -1, -1, -1, 0, -1, -1, -1, -1, -1, -1, -1, -1, -1, -1, -1, -1, -1, -1, 1, -1, 0, -1, -1, -1, -1, -1, 0, -1, -1, -1, -1, -1, -1, -1, 0, -1, -1, 0, -1, -1, -1, -1, -1, -1, -1, -1, 0, -1, -1, -1, 0, -1, -1, 0, -1, -1, -1, -1, -1, -1, -1, -1, 0, -1, 0, -1, -1, -1, -1, -1, -1, 0, 1, -1, -1, -1, 0, -1, -1, -1, -1, -1, 0, -1, -1, -1, -1, 1, 0, 0, -1, -1, -1, -1, -1, 0, -1, -1, -1, -1, -1, -1, -1, -1, 0, 0, 0, -1, -1, -1, 0, 1, 0, 0, 0, -1, -1, 1, 0, -1, 0, -1, -1, -1, -1, -1, -1, 0, -1, -1, 0, -1, 0, -1, -1, -1, -1, -1, -1, -1, -1, -1, 0, -1, -1, -1, -1, -1, 0, -1, -1, -1, 0, 0, 0, 0, 0, 0, 0, -1, -1, 0, -1, -1, 0, -1, -1, -1, -1, -1, -1, -1, -1, -1, -1, -1, -1, -1, -1, -1, 0, -1, -1]"
150,15,9,0.0,0.6713437658492366,4,192,"[{'cluster_no': -1, 'count': 192}, {'cluster_no': 0, 'count': 14}, {'cluster_no': 1, 'count': 21}, {'cluster_no': 2, 'count': 10}]","[-1, 0, 0, -1, -1, -1, -1, 0, -1, -1, -1, -1, -1, -1, -1, -1, 0, 0, -1, -1, -1, -1, -1, -1, -1, -1, -1, -1, -1, 1, -1, -1, -1, 0, -1, -1, -1, -1, -1, -1, -1, 2, -1, -1, 0, 1, -1, -1, 0, -1, -1, -1, 0, -1, -1, -1, -1, 1, -1, -1, -1, -1, -1, -1, -1, -1, -1, -1, -1, -1, -1, -1, 0, -1, 2, -1, -1, -1, -1, -1, 1, -1, -1, -1, -1, -1, -1, -1, 1, -1, -1, -1, -1, -1, -1, -1, -1, -1, -1, -1, -1, -1, -1, -1, 1, -1, -1, 1, -1, -1, -1, -1, -1, -1, -1, -1, -1, -1, -1, -1, -1, -1, -1, -1, -1, -1, 0, -1, -1, -1, 2, -1, -1, -1, -1, -1, 1, -1, -1, -1, -1, 0, -1, 2, -1, -1, -1, -1, -1, 2, -1, -1, -1, -1, -1, -1, -1, -1, 1, 2, 1, -1, -1, -1, -1, 0, 1, -1, 1, -1, -1, 0, 1, -1, 1, -1, -1, -1, -1, -1, -1, 1, -1, -1, 1, -1, 1, -1, -1, -1, -1, -1, -1, -1, -1, -1, 2, -1, -1, -1, -1, -1, -1, -1, -1, -1, 1, 1, 2, 2, 2, 1, -1, -1, -1, -1, -1, -1, -1, -1, -1, -1, -1, -1, -1, -1, -1, -1, -1, -1, -1, -1, -1, -1, 1, -1, -1]"
150,15,9,0.5,0.5796393022289867,3,180,"[{'cluster_no': -1, 'count': 180}, {'cluster_no': 0, 'count': 43}, {'cluster_no': 1, 'count': 14}]","[-1, 1, 1, -1, -1, -1, -1, 1, -1, -1, -1, -1, -1, -1, -1, -1, 1, 1, -1, -1, -1, -1, -1, -1, -1, -1, -1, -1, -1, 0, -1, -1, -1, 1, -1, -1, -1, -1, -1, -1, -1, 0, -1, -1, 1, 0, -1, -1, 1, -1, -1, -1, 1, -1, -1, -1, -1, 0, -1, -1, -1, -1, -1, -1, -1, -1, -1, -1, -1, -1, -1, -1, 1, -1, 0, -1, -1, -1, -1, -1, 0, -1, -1, -1, -1, -1, -1, -1, 0, -1, -1, 0, -1, -1, -1, -1, -1, -1, -1, -1, 0, -1, -1, -1, 0, -1, -1, 0, -1, -1, -1, -1, -1, -1, -1, -1, 0, -1, 0, -1, -1, -1, -1, -1, -1, 0, 1, -1, -1, -1, 0, -1, -1, -1, -1, -1, 0, -1, -1, -1, -1, 1, 0, 0, -1, -1, -1, -1, -1, 0, -1, -1, -1, -1, -1, -1, -1, -1, 0, 0, 0, -1, -1, -1, 0, 1, 0, 0, 0, -1, -1, 1, 0, -1, 0, -1, -1, -1, -1, -1, -1, 0, -1, -1, 0, -1, 0, -1, -1, -1, -1, -1, -1, -1, -1, -1, 0, -1, -1, -1, -1, -1, 0, -1, -1, -1, 0, 0, 0, 0, 0, 0, 0, -1, -1, 0, -1, -1, 0, -1, -1, -1, -1, -1, -1, -1, -1, -1, -1, -1, -1, -1, -1, -1, 0, -1, -1]"
150,15,9,1.0,0.5796393022289867,3,180,"[{'cluster_no': -1, 'count': 180}, {'cluster_no': 0, 'count': 43}, {'cluster_no': 1, 'count': 14}]","[-1, 1, 1, -1, -1, -1, -1, 1, -1, -1, -1, -1, -1, -1, -1, -1, 1, 1, -1, -1, -1, -1, -1, -1, -1, -1, -1, -1, -1, 0, -1, -1, -1, 1, -1, -1, -1, -1, -1, -1, -1, 0, -1, -1, 1, 0, -1, -1, 1, -1, -1, -1, 1, -1, -1, -1, -1, 0, -1, -1, -1, -1, -1, -1, -1, -1, -1, -1, -1, -1, -1, -1, 1, -1, 0, -1, -1, -1, -1, -1, 0, -1, -1, -1, -1, -1, -1, -1, 0, -1, -1, 0, -1, -1, -1, -1, -1, -1, -1, -1, 0, -1, -1, -1, 0, -1, -1, 0, -1, -1, -1, -1, -1, -1, -1, -1, 0, -1, 0, -1, -1, -1, -1, -1, -1, 0, 1, -1, -1, -1, 0, -1, -1, -1, -1, -1, 0, -1, -1, -1, -1, 1, 0, 0, -1, -1, -1, -1, -1, 0, -1, -1, -1, -1, -1, -1, -1, -1, 0, 0, 0, -1, -1, -1, 0, 1, 0, 0, 0, -1, -1, 1, 0, -1, 0, -1, -1, -1, -1, -1, -1, 0, -1, -1, 0, -1, 0, -1, -1, -1, -1, -1, -1, -1, -1, -1, 0, -1, -1, -1, -1, -1, 0, -1, -1, -1, 0, 0, 0, 0, 0, 0, 0, -1, -1, 0, -1, -1, 0, -1, -1, -1, -1, -1, -1, -1, -1, -1, -1, -1, -1, -1, -1, -1, 0, -1, -1]"
150,15,10,0.0,0.6713437658492366,4,192,"[{'cluster_no': -1, 'count': 192}, {'cluster_no': 0, 'count': 14}, {'cluster_no': 1, 'count': 21}, {'cluster_no': 2, 'count': 10}]","[-1, 0, 0, -1, -1, -1, -1, 0, -1, -1, -1, -1, -1, -1, -1, -1, 0, 0, -1, -1, -1, -1, -1, -1, -1, -1, -1, -1, -1, 1, -1, -1, -1, 0, -1, -1, -1, -1, -1, -1, -1, 2, -1, -1, 0, 1, -1, -1, 0, -1, -1, -1, 0, -1, -1, -1, -1, 1, -1, -1, -1, -1, -1, -1, -1, -1, -1, -1, -1, -1, -1, -1, 0, -1, 2, -1, -1, -1, -1, -1, 1, -1, -1, -1, -1, -1, -1, -1, 1, -1, -1, -1, -1, -1, -1, -1, -1, -1, -1, -1, -1, -1, -1, -1, 1, -1, -1, 1, -1, -1, -1, -1, -1, -1, -1, -1, -1, -1, -1, -1, -1, -1, -1, -1, -1, -1, 0, -1, -1, -1, 2, -1, -1, -1, -1, -1, 1, -1, -1, -1, -1, 0, -1, 2, -1, -1, -1, -1, -1, 2, -1, -1, -1, -1, -1, -1, -1, -1, 1, 2, 1, -1, -1, -1, -1, 0, 1, -1, 1, -1, -1, 0, 1, -1, 1, -1, -1, -1, -1, -1, -1, 1, -1, -1, 1, -1, 1, -1, -1, -1, -1, -1, -1, -1, -1, -1, 2, -1, -1, -1, -1, -1, -1, -1, -1, -1, 1, 1, 2, 2, 2, 1, -1, -1, -1, -1, -1, -1, -1, -1, -1, -1, -1, -1, -1, -1, -1, -1, -1, -1, -1, -1, -1, -1, 1, -1, -1]"
150,15,10,0.5,0.5796393022289867,3,180,"[{'cluster_no': -1, 'count': 180}, {'cluster_no': 0, 'count': 43}, {'cluster_no': 1, 'count': 14}]","[-1, 1, 1, -1, -1, -1, -1, 1, -1, -1, -1, -1, -1, -1, -1, -1, 1, 1, -1, -1, -1, -1, -1, -1, -1, -1, -1, -1, -1, 0, -1, -1, -1, 1, -1, -1, -1, -1, -1, -1, -1, 0, -1, -1, 1, 0, -1, -1, 1, -1, -1, -1, 1, -1, -1, -1, -1, 0, -1, -1, -1, -1, -1, -1, -1, -1, -1, -1, -1, -1, -1, -1, 1, -1, 0, -1, -1, -1, -1, -1, 0, -1, -1, -1, -1, -1, -1, -1, 0, -1, -1, 0, -1, -1, -1, -1, -1, -1, -1, -1, 0, -1, -1, -1, 0, -1, -1, 0, -1, -1, -1, -1, -1, -1, -1, -1, 0, -1, 0, -1, -1, -1, -1, -1, -1, 0, 1, -1, -1, -1, 0, -1, -1, -1, -1, -1, 0, -1, -1, -1, -1, 1, 0, 0, -1, -1, -1, -1, -1, 0, -1, -1, -1, -1, -1, -1, -1, -1, 0, 0, 0, -1, -1, -1, 0, 1, 0, 0, 0, -1, -1, 1, 0, -1, 0, -1, -1, -1, -1, -1, -1, 0, -1, -1, 0, -1, 0, -1, -1, -1, -1, -1, -1, -1, -1, -1, 0, -1, -1, -1, -1, -1, 0, -1, -1, -1, 0, 0, 0, 0, 0, 0, 0, -1, -1, 0, -1, -1, 0, -1, -1, -1, -1, -1, -1, -1, -1, -1, -1, -1, -1, -1, -1, -1, 0, -1, -1]"
150,15,10,1.0,0.5796393022289867,3,180,"[{'cluster_no': -1, 'count': 180}, {'cluster_no': 0, 'count': 43}, {'cluster_no': 1, 'count': 14}]","[-1, 1, 1, -1, -1, -1, -1, 1, -1, -1, -1, -1, -1, -1, -1, -1, 1, 1, -1, -1, -1, -1, -1, -1, -1, -1, -1, -1, -1, 0, -1, -1, -1, 1, -1, -1, -1, -1, -1, -1, -1, 0, -1, -1, 1, 0, -1, -1, 1, -1, -1, -1, 1, -1, -1, -1, -1, 0, -1, -1, -1, -1, -1, -1, -1, -1, -1, -1, -1, -1, -1, -1, 1, -1, 0, -1, -1, -1, -1, -1, 0, -1, -1, -1, -1, -1, -1, -1, 0, -1, -1, 0, -1, -1, -1, -1, -1, -1, -1, -1, 0, -1, -1, -1, 0, -1, -1, 0, -1, -1, -1, -1, -1, -1, -1, -1, 0, -1, 0, -1, -1, -1, -1, -1, -1, 0, 1, -1, -1, -1, 0, -1, -1, -1, -1, -1, 0, -1, -1, -1, -1, 1, 0, 0, -1, -1, -1, -1, -1, 0, -1, -1, -1, -1, -1, -1, -1, -1, 0, 0, 0, -1, -1, -1, 0, 1, 0, 0, 0, -1, -1, 1, 0, -1, 0, -1, -1, -1, -1, -1, -1, 0, -1, -1, 0, -1, 0, -1, -1, -1, -1, -1, -1, -1, -1, -1, 0, -1, -1, -1, -1, -1, 0, -1, -1, -1, 0, 0, 0, 0, 0, 0, 0, -1, -1, 0, -1, -1, 0, -1, -1, -1, -1, -1, -1, -1, -1, -1, -1, -1, -1, -1, -1, -1, 0, -1, -1]"
150,15,11,0.0,0.5796393022289867,3,180,"[{'cluster_no': -1, 'count': 180}, {'cluster_no': 0, 'count': 43}, {'cluster_no': 1, 'count': 14}]","[-1, 1, 1, -1, -1, -1, -1, 1, -1, -1, -1, -1, -1, -1, -1, -1, 1, 1, -1, -1, -1, -1, -1, -1, -1, -1, -1, -1, -1, 0, -1, -1, -1, 1, -1, -1, -1, -1, -1, -1, -1, 0, -1, -1, 1, 0, -1, -1, 1, -1, -1, -1, 1, -1, -1, -1, -1, 0, -1, -1, -1, -1, -1, -1, -1, -1, -1, -1, -1, -1, -1, -1, 1, -1, 0, -1, -1, -1, -1, -1, 0, -1, -1, -1, -1, -1, -1, -1, 0, -1, -1, 0, -1, -1, -1, -1, -1, -1, -1, -1, 0, -1, -1, -1, 0, -1, -1, 0, -1, -1, -1, -1, -1, -1, -1, -1, 0, -1, 0, -1, -1, -1, -1, -1, -1, 0, 1, -1, -1, -1, 0, -1, -1, -1, -1, -1, 0, -1, -1, -1, -1, 1, 0, 0, -1, -1, -1, -1, -1, 0, -1, -1, -1, -1, -1, -1, -1, -1, 0, 0, 0, -1, -1, -1, 0, 1, 0, 0, 0, -1, -1, 1, 0, -1, 0, -1, -1, -1, -1, -1, -1, 0, -1, -1, 0, -1, 0, -1, -1, -1, -1, -1, -1, -1, -1, -1, 0, -1, -1, -1, -1, -1, 0, -1, -1, -1, 0, 0, 0, 0, 0, 0, 0, -1, -1, 0, -1, -1, 0, -1, -1, -1, -1, -1, -1, -1, -1, -1, -1, -1, -1, -1, -1, -1, 0, -1, -1]"
150,15,11,0.5,0.5796393022289867,3,180,"[{'cluster_no': -1, 'count': 180}, {'cluster_no': 0, 'count': 43}, {'cluster_no': 1, 'count': 14}]","[-1, 1, 1, -1, -1, -1, -1, 1, -1, -1, -1, -1, -1, -1, -1, -1, 1, 1, -1, -1, -1, -1, -1, -1, -1, -1, -1, -1, -1, 0, -1, -1, -1, 1, -1, -1, -1, -1, -1, -1, -1, 0, -1, -1, 1, 0, -1, -1, 1, -1, -1, -1, 1, -1, -1, -1, -1, 0, -1, -1, -1, -1, -1, -1, -1, -1, -1, -1, -1, -1, -1, -1, 1, -1, 0, -1, -1, -1, -1, -1, 0, -1, -1, -1, -1, -1, -1, -1, 0, -1, -1, 0, -1, -1, -1, -1, -1, -1, -1, -1, 0, -1, -1, -1, 0, -1, -1, 0, -1, -1, -1, -1, -1, -1, -1, -1, 0, -1, 0, -1, -1, -1, -1, -1, -1, 0, 1, -1, -1, -1, 0, -1, -1, -1, -1, -1, 0, -1, -1, -1, -1, 1, 0, 0, -1, -1, -1, -1, -1, 0, -1, -1, -1, -1, -1, -1, -1, -1, 0, 0, 0, -1, -1, -1, 0, 1, 0, 0, 0, -1, -1, 1, 0, -1, 0, -1, -1, -1, -1, -1, -1, 0, -1, -1, 0, -1, 0, -1, -1, -1, -1, -1, -1, -1, -1, -1, 0, -1, -1, -1, -1, -1, 0, -1, -1, -1, 0, 0, 0, 0, 0, 0, 0, -1, -1, 0, -1, -1, 0, -1, -1, -1, -1, -1, -1, -1, -1, -1, -1, -1, -1, -1, -1, -1, 0, -1, -1]"
150,15,11,1.0,0.5796393022289867,3,180,"[{'cluster_no': -1, 'count': 180}, {'cluster_no': 0, 'count': 43}, {'cluster_no': 1, 'count': 14}]","[-1, 1, 1, -1, -1, -1, -1, 1, -1, -1, -1, -1, -1, -1, -1, -1, 1, 1, -1, -1, -1, -1, -1, -1, -1, -1, -1, -1, -1, 0, -1, -1, -1, 1, -1, -1, -1, -1, -1, -1, -1, 0, -1, -1, 1, 0, -1, -1, 1, -1, -1, -1, 1, -1, -1, -1, -1, 0, -1, -1, -1, -1, -1, -1, -1, -1, -1, -1, -1, -1, -1, -1, 1, -1, 0, -1, -1, -1, -1, -1, 0, -1, -1, -1, -1, -1, -1, -1, 0, -1, -1, 0, -1, -1, -1, -1, -1, -1, -1, -1, 0, -1, -1, -1, 0, -1, -1, 0, -1, -1, -1, -1, -1, -1, -1, -1, 0, -1, 0, -1, -1, -1, -1, -1, -1, 0, 1, -1, -1, -1, 0, -1, -1, -1, -1, -1, 0, -1, -1, -1, -1, 1, 0, 0, -1, -1, -1, -1, -1, 0, -1, -1, -1, -1, -1, -1, -1, -1, 0, 0, 0, -1, -1, -1, 0, 1, 0, 0, 0, -1, -1, 1, 0, -1, 0, -1, -1, -1, -1, -1, -1, 0, -1, -1, 0, -1, 0, -1, -1, -1, -1, -1, -1, -1, -1, -1, 0, -1, -1, -1, -1, -1, 0, -1, -1, -1, 0, 0, 0, 0, 0, 0, 0, -1, -1, 0, -1, -1, 0, -1, -1, -1, -1, -1, -1, -1, -1, -1, -1, -1, -1, -1, -1, -1, 0, -1, -1]"
150,15,12,0.0,0.5796393022289867,3,180,"[{'cluster_no': -1, 'count': 180}, {'cluster_no': 0, 'count': 43}, {'cluster_no': 1, 'count': 14}]","[-1, 1, 1, -1, -1, -1, -1, 1, -1, -1, -1, -1, -1, -1, -1, -1, 1, 1, -1, -1, -1, -1, -1, -1, -1, -1, -1, -1, -1, 0, -1, -1, -1, 1, -1, -1, -1, -1, -1, -1, -1, 0, -1, -1, 1, 0, -1, -1, 1, -1, -1, -1, 1, -1, -1, -1, -1, 0, -1, -1, -1, -1, -1, -1, -1, -1, -1, -1, -1, -1, -1, -1, 1, -1, 0, -1, -1, -1, -1, -1, 0, -1, -1, -1, -1, -1, -1, -1, 0, -1, -1, 0, -1, -1, -1, -1, -1, -1, -1, -1, 0, -1, -1, -1, 0, -1, -1, 0, -1, -1, -1, -1, -1, -1, -1, -1, 0, -1, 0, -1, -1, -1, -1, -1, -1, 0, 1, -1, -1, -1, 0, -1, -1, -1, -1, -1, 0, -1, -1, -1, -1, 1, 0, 0, -1, -1, -1, -1, -1, 0, -1, -1, -1, -1, -1, -1, -1, -1, 0, 0, 0, -1, -1, -1, 0, 1, 0, 0, 0, -1, -1, 1, 0, -1, 0, -1, -1, -1, -1, -1, -1, 0, -1, -1, 0, -1, 0, -1, -1, -1, -1, -1, -1, -1, -1, -1, 0, -1, -1, -1, -1, -1, 0, -1, -1, -1, 0, 0, 0, 0, 0, 0, 0, -1, -1, 0, -1, -1, 0, -1, -1, -1, -1, -1, -1, -1, -1, -1, -1, -1, -1, -1, -1, -1, 0, -1, -1]"
150,15,12,0.5,0.5796393022289867,3,180,"[{'cluster_no': -1, 'count': 180}, {'cluster_no': 0, 'count': 43}, {'cluster_no': 1, 'count': 14}]","[-1, 1, 1, -1, -1, -1, -1, 1, -1, -1, -1, -1, -1, -1, -1, -1, 1, 1, -1, -1, -1, -1, -1, -1, -1, -1, -1, -1, -1, 0, -1, -1, -1, 1, -1, -1, -1, -1, -1, -1, -1, 0, -1, -1, 1, 0, -1, -1, 1, -1, -1, -1, 1, -1, -1, -1, -1, 0, -1, -1, -1, -1, -1, -1, -1, -1, -1, -1, -1, -1, -1, -1, 1, -1, 0, -1, -1, -1, -1, -1, 0, -1, -1, -1, -1, -1, -1, -1, 0, -1, -1, 0, -1, -1, -1, -1, -1, -1, -1, -1, 0, -1, -1, -1, 0, -1, -1, 0, -1, -1, -1, -1, -1, -1, -1, -1, 0, -1, 0, -1, -1, -1, -1, -1, -1, 0, 1, -1, -1, -1, 0, -1, -1, -1, -1, -1, 0, -1, -1, -1, -1, 1, 0, 0, -1, -1, -1, -1, -1, 0, -1, -1, -1, -1, -1, -1, -1, -1, 0, 0, 0, -1, -1, -1, 0, 1, 0, 0, 0, -1, -1, 1, 0, -1, 0, -1, -1, -1, -1, -1, -1, 0, -1, -1, 0, -1, 0, -1, -1, -1, -1, -1, -1, -1, -1, -1, 0, -1, -1, -1, -1, -1, 0, -1, -1, -1, 0, 0, 0, 0, 0, 0, 0, -1, -1, 0, -1, -1, 0, -1, -1, -1, -1, -1, -1, -1, -1, -1, -1, -1, -1, -1, -1, -1, 0, -1, -1]"
150,15,12,1.0,0.5796393022289867,3,180,"[{'cluster_no': -1, 'count': 180}, {'cluster_no': 0, 'count': 43}, {'cluster_no': 1, 'count': 14}]","[-1, 1, 1, -1, -1, -1, -1, 1, -1, -1, -1, -1, -1, -1, -1, -1, 1, 1, -1, -1, -1, -1, -1, -1, -1, -1, -1, -1, -1, 0, -1, -1, -1, 1, -1, -1, -1, -1, -1, -1, -1, 0, -1, -1, 1, 0, -1, -1, 1, -1, -1, -1, 1, -1, -1, -1, -1, 0, -1, -1, -1, -1, -1, -1, -1, -1, -1, -1, -1, -1, -1, -1, 1, -1, 0, -1, -1, -1, -1, -1, 0, -1, -1, -1, -1, -1, -1, -1, 0, -1, -1, 0, -1, -1, -1, -1, -1, -1, -1, -1, 0, -1, -1, -1, 0, -1, -1, 0, -1, -1, -1, -1, -1, -1, -1, -1, 0, -1, 0, -1, -1, -1, -1, -1, -1, 0, 1, -1, -1, -1, 0, -1, -1, -1, -1, -1, 0, -1, -1, -1, -1, 1, 0, 0, -1, -1, -1, -1, -1, 0, -1, -1, -1, -1, -1, -1, -1, -1, 0, 0, 0, -1, -1, -1, 0, 1, 0, 0, 0, -1, -1, 1, 0, -1, 0, -1, -1, -1, -1, -1, -1, 0, -1, -1, 0, -1, 0, -1, -1, -1, -1, -1, -1, -1, -1, -1, 0, -1, -1, -1, -1, -1, 0, -1, -1, -1, 0, 0, 0, 0, 0, 0, 0, -1, -1, 0, -1, -1, 0, -1, -1, -1, -1, -1, -1, -1, -1, -1, -1, -1, -1, -1, -1, -1, 0, -1, -1]"
150,15,13,0.0,0.5796393022289867,3,180,"[{'cluster_no': -1, 'count': 180}, {'cluster_no': 0, 'count': 43}, {'cluster_no': 1, 'count': 14}]","[-1, 1, 1, -1, -1, -1, -1, 1, -1, -1, -1, -1, -1, -1, -1, -1, 1, 1, -1, -1, -1, -1, -1, -1, -1, -1, -1, -1, -1, 0, -1, -1, -1, 1, -1, -1, -1, -1, -1, -1, -1, 0, -1, -1, 1, 0, -1, -1, 1, -1, -1, -1, 1, -1, -1, -1, -1, 0, -1, -1, -1, -1, -1, -1, -1, -1, -1, -1, -1, -1, -1, -1, 1, -1, 0, -1, -1, -1, -1, -1, 0, -1, -1, -1, -1, -1, -1, -1, 0, -1, -1, 0, -1, -1, -1, -1, -1, -1, -1, -1, 0, -1, -1, -1, 0, -1, -1, 0, -1, -1, -1, -1, -1, -1, -1, -1, 0, -1, 0, -1, -1, -1, -1, -1, -1, 0, 1, -1, -1, -1, 0, -1, -1, -1, -1, -1, 0, -1, -1, -1, -1, 1, 0, 0, -1, -1, -1, -1, -1, 0, -1, -1, -1, -1, -1, -1, -1, -1, 0, 0, 0, -1, -1, -1, 0, 1, 0, 0, 0, -1, -1, 1, 0, -1, 0, -1, -1, -1, -1, -1, -1, 0, -1, -1, 0, -1, 0, -1, -1, -1, -1, -1, -1, -1, -1, -1, 0, -1, -1, -1, -1, -1, 0, -1, -1, -1, 0, 0, 0, 0, 0, 0, 0, -1, -1, 0, -1, -1, 0, -1, -1, -1, -1, -1, -1, -1, -1, -1, -1, -1, -1, -1, -1, -1, 0, -1, -1]"
150,15,13,0.5,0.5796393022289867,3,180,"[{'cluster_no': -1, 'count': 180}, {'cluster_no': 0, 'count': 43}, {'cluster_no': 1, 'count': 14}]","[-1, 1, 1, -1, -1, -1, -1, 1, -1, -1, -1, -1, -1, -1, -1, -1, 1, 1, -1, -1, -1, -1, -1, -1, -1, -1, -1, -1, -1, 0, -1, -1, -1, 1, -1, -1, -1, -1, -1, -1, -1, 0, -1, -1, 1, 0, -1, -1, 1, -1, -1, -1, 1, -1, -1, -1, -1, 0, -1, -1, -1, -1, -1, -1, -1, -1, -1, -1, -1, -1, -1, -1, 1, -1, 0, -1, -1, -1, -1, -1, 0, -1, -1, -1, -1, -1, -1, -1, 0, -1, -1, 0, -1, -1, -1, -1, -1, -1, -1, -1, 0, -1, -1, -1, 0, -1, -1, 0, -1, -1, -1, -1, -1, -1, -1, -1, 0, -1, 0, -1, -1, -1, -1, -1, -1, 0, 1, -1, -1, -1, 0, -1, -1, -1, -1, -1, 0, -1, -1, -1, -1, 1, 0, 0, -1, -1, -1, -1, -1, 0, -1, -1, -1, -1, -1, -1, -1, -1, 0, 0, 0, -1, -1, -1, 0, 1, 0, 0, 0, -1, -1, 1, 0, -1, 0, -1, -1, -1, -1, -1, -1, 0, -1, -1, 0, -1, 0, -1, -1, -1, -1, -1, -1, -1, -1, -1, 0, -1, -1, -1, -1, -1, 0, -1, -1, -1, 0, 0, 0, 0, 0, 0, 0, -1, -1, 0, -1, -1, 0, -1, -1, -1, -1, -1, -1, -1, -1, -1, -1, -1, -1, -1, -1, -1, 0, -1, -1]"
150,15,13,1.0,0.5796393022289867,3,180,"[{'cluster_no': -1, 'count': 180}, {'cluster_no': 0, 'count': 43}, {'cluster_no': 1, 'count': 14}]","[-1, 1, 1, -1, -1, -1, -1, 1, -1, -1, -1, -1, -1, -1, -1, -1, 1, 1, -1, -1, -1, -1, -1, -1, -1, -1, -1, -1, -1, 0, -1, -1, -1, 1, -1, -1, -1, -1, -1, -1, -1, 0, -1, -1, 1, 0, -1, -1, 1, -1, -1, -1, 1, -1, -1, -1, -1, 0, -1, -1, -1, -1, -1, -1, -1, -1, -1, -1, -1, -1, -1, -1, 1, -1, 0, -1, -1, -1, -1, -1, 0, -1, -1, -1, -1, -1, -1, -1, 0, -1, -1, 0, -1, -1, -1, -1, -1, -1, -1, -1, 0, -1, -1, -1, 0, -1, -1, 0, -1, -1, -1, -1, -1, -1, -1, -1, 0, -1, 0, -1, -1, -1, -1, -1, -1, 0, 1, -1, -1, -1, 0, -1, -1, -1, -1, -1, 0, -1, -1, -1, -1, 1, 0, 0, -1, -1, -1, -1, -1, 0, -1, -1, -1, -1, -1, -1, -1, -1, 0, 0, 0, -1, -1, -1, 0, 1, 0, 0, 0, -1, -1, 1, 0, -1, 0, -1, -1, -1, -1, -1, -1, 0, -1, -1, 0, -1, 0, -1, -1, -1, -1, -1, -1, -1, -1, -1, 0, -1, -1, -1, -1, -1, 0, -1, -1, -1, 0, 0, 0, 0, 0, 0, 0, -1, -1, 0, -1, -1, 0, -1, -1, -1, -1, -1, -1, -1, -1, -1, -1, -1, -1, -1, -1, -1, 0, -1, -1]"
150,15,14,0.0,0.5796393022289867,3,180,"[{'cluster_no': -1, 'count': 180}, {'cluster_no': 0, 'count': 43}, {'cluster_no': 1, 'count': 14}]","[-1, 1, 1, -1, -1, -1, -1, 1, -1, -1, -1, -1, -1, -1, -1, -1, 1, 1, -1, -1, -1, -1, -1, -1, -1, -1, -1, -1, -1, 0, -1, -1, -1, 1, -1, -1, -1, -1, -1, -1, -1, 0, -1, -1, 1, 0, -1, -1, 1, -1, -1, -1, 1, -1, -1, -1, -1, 0, -1, -1, -1, -1, -1, -1, -1, -1, -1, -1, -1, -1, -1, -1, 1, -1, 0, -1, -1, -1, -1, -1, 0, -1, -1, -1, -1, -1, -1, -1, 0, -1, -1, 0, -1, -1, -1, -1, -1, -1, -1, -1, 0, -1, -1, -1, 0, -1, -1, 0, -1, -1, -1, -1, -1, -1, -1, -1, 0, -1, 0, -1, -1, -1, -1, -1, -1, 0, 1, -1, -1, -1, 0, -1, -1, -1, -1, -1, 0, -1, -1, -1, -1, 1, 0, 0, -1, -1, -1, -1, -1, 0, -1, -1, -1, -1, -1, -1, -1, -1, 0, 0, 0, -1, -1, -1, 0, 1, 0, 0, 0, -1, -1, 1, 0, -1, 0, -1, -1, -1, -1, -1, -1, 0, -1, -1, 0, -1, 0, -1, -1, -1, -1, -1, -1, -1, -1, -1, 0, -1, -1, -1, -1, -1, 0, -1, -1, -1, 0, 0, 0, 0, 0, 0, 0, -1, -1, 0, -1, -1, 0, -1, -1, -1, -1, -1, -1, -1, -1, -1, -1, -1, -1, -1, -1, -1, 0, -1, -1]"
150,15,14,0.5,0.5796393022289867,3,180,"[{'cluster_no': -1, 'count': 180}, {'cluster_no': 0, 'count': 43}, {'cluster_no': 1, 'count': 14}]","[-1, 1, 1, -1, -1, -1, -1, 1, -1, -1, -1, -1, -1, -1, -1, -1, 1, 1, -1, -1, -1, -1, -1, -1, -1, -1, -1, -1, -1, 0, -1, -1, -1, 1, -1, -1, -1, -1, -1, -1, -1, 0, -1, -1, 1, 0, -1, -1, 1, -1, -1, -1, 1, -1, -1, -1, -1, 0, -1, -1, -1, -1, -1, -1, -1, -1, -1, -1, -1, -1, -1, -1, 1, -1, 0, -1, -1, -1, -1, -1, 0, -1, -1, -1, -1, -1, -1, -1, 0, -1, -1, 0, -1, -1, -1, -1, -1, -1, -1, -1, 0, -1, -1, -1, 0, -1, -1, 0, -1, -1, -1, -1, -1, -1, -1, -1, 0, -1, 0, -1, -1, -1, -1, -1, -1, 0, 1, -1, -1, -1, 0, -1, -1, -1, -1, -1, 0, -1, -1, -1, -1, 1, 0, 0, -1, -1, -1, -1, -1, 0, -1, -1, -1, -1, -1, -1, -1, -1, 0, 0, 0, -1, -1, -1, 0, 1, 0, 0, 0, -1, -1, 1, 0, -1, 0, -1, -1, -1, -1, -1, -1, 0, -1, -1, 0, -1, 0, -1, -1, -1, -1, -1, -1, -1, -1, -1, 0, -1, -1, -1, -1, -1, 0, -1, -1, -1, 0, 0, 0, 0, 0, 0, 0, -1, -1, 0, -1, -1, 0, -1, -1, -1, -1, -1, -1, -1, -1, -1, -1, -1, -1, -1, -1, -1, 0, -1, -1]"
150,15,14,1.0,0.5796393022289867,3,180,"[{'cluster_no': -1, 'count': 180}, {'cluster_no': 0, 'count': 43}, {'cluster_no': 1, 'count': 14}]","[-1, 1, 1, -1, -1, -1, -1, 1, -1, -1, -1, -1, -1, -1, -1, -1, 1, 1, -1, -1, -1, -1, -1, -1, -1, -1, -1, -1, -1, 0, -1, -1, -1, 1, -1, -1, -1, -1, -1, -1, -1, 0, -1, -1, 1, 0, -1, -1, 1, -1, -1, -1, 1, -1, -1, -1, -1, 0, -1, -1, -1, -1, -1, -1, -1, -1, -1, -1, -1, -1, -1, -1, 1, -1, 0, -1, -1, -1, -1, -1, 0, -1, -1, -1, -1, -1, -1, -1, 0, -1, -1, 0, -1, -1, -1, -1, -1, -1, -1, -1, 0, -1, -1, -1, 0, -1, -1, 0, -1, -1, -1, -1, -1, -1, -1, -1, 0, -1, 0, -1, -1, -1, -1, -1, -1, 0, 1, -1, -1, -1, 0, -1, -1, -1, -1, -1, 0, -1, -1, -1, -1, 1, 0, 0, -1, -1, -1, -1, -1, 0, -1, -1, -1, -1, -1, -1, -1, -1, 0, 0, 0, -1, -1, -1, 0, 1, 0, 0, 0, -1, -1, 1, 0, -1, 0, -1, -1, -1, -1, -1, -1, 0, -1, -1, 0, -1, 0, -1, -1, -1, -1, -1, -1, -1, -1, -1, 0, -1, -1, -1, -1, -1, 0, -1, -1, -1, 0, 0, 0, 0, 0, 0, 0, -1, -1, 0, -1, -1, 0, -1, -1, -1, -1, -1, -1, -1, -1, -1, -1, -1, -1, -1, -1, -1, 0, -1, -1]"
150,15,15,0.0,None,1,237,"[{'cluster_no': -1, 'count': 237}]","[-1, -1, -1, -1, -1, -1, -1, -1, -1, -1, -1, -1, -1, -1, -1, -1, -1, -1, -1, -1, -1, -1, -1, -1, -1, -1, -1, -1, -1, -1, -1, -1, -1, -1, -1, -1, -1, -1, -1, -1, -1, -1, -1, -1, -1, -1, -1, -1, -1, -1, -1, -1, -1, -1, -1, -1, -1, -1, -1, -1, -1, -1, -1, -1, -1, -1, -1, -1, -1, -1, -1, -1, -1, -1, -1, -1, -1, -1, -1, -1, -1, -1, -1, -1, -1, -1, -1, -1, -1, -1, -1, -1, -1, -1, -1, -1, -1, -1, -1, -1, -1, -1, -1, -1, -1, -1, -1, -1, -1, -1, -1, -1, -1, -1, -1, -1, -1, -1, -1, -1, -1, -1, -1, -1, -1, -1, -1, -1, -1, -1, -1, -1, -1, -1, -1, -1, -1, -1, -1, -1, -1, -1, -1, -1, -1, -1, -1, -1, -1, -1, -1, -1, -1, -1, -1, -1, -1, -1, -1, -1, -1, -1, -1, -1, -1, -1, -1, -1, -1, -1, -1, -1, -1, -1, -1, -1, -1, -1, -1, -1, -1, -1, -1, -1, -1, -1, -1, -1, -1, -1, -1, -1, -1, -1, -1, -1, -1, -1, -1, -1, -1, -1, -1, -1, -1, -1, -1, -1, -1, -1, -1, -1, -1, -1, -1, -1, -1, -1, -1, -1, -1, -1, -1, -1, -1, -1, -1, -1, -1, -1, -1, -1, -1, -1, -1, -1, -1]"
150,15,15,0.5,None,1,237,"[{'cluster_no': -1, 'count': 237}]","[-1, -1, -1, -1, -1, -1, -1, -1, -1, -1, -1, -1, -1, -1, -1, -1, -1, -1, -1, -1, -1, -1, -1, -1, -1, -1, -1, -1, -1, -1, -1, -1, -1, -1, -1, -1, -1, -1, -1, -1, -1, -1, -1, -1, -1, -1, -1, -1, -1, -1, -1, -1, -1, -1, -1, -1, -1, -1, -1, -1, -1, -1, -1, -1, -1, -1, -1, -1, -1, -1, -1, -1, -1, -1, -1, -1, -1, -1, -1, -1, -1, -1, -1, -1, -1, -1, -1, -1, -1, -1, -1, -1, -1, -1, -1, -1, -1, -1, -1, -1, -1, -1, -1, -1, -1, -1, -1, -1, -1, -1, -1, -1, -1, -1, -1, -1, -1, -1, -1, -1, -1, -1, -1, -1, -1, -1, -1, -1, -1, -1, -1, -1, -1, -1, -1, -1, -1, -1, -1, -1, -1, -1, -1, -1, -1, -1, -1, -1, -1, -1, -1, -1, -1, -1, -1, -1, -1, -1, -1, -1, -1, -1, -1, -1, -1, -1, -1, -1, -1, -1, -1, -1, -1, -1, -1, -1, -1, -1, -1, -1, -1, -1, -1, -1, -1, -1, -1, -1, -1, -1, -1, -1, -1, -1, -1, -1, -1, -1, -1, -1, -1, -1, -1, -1, -1, -1, -1, -1, -1, -1, -1, -1, -1, -1, -1, -1, -1, -1, -1, -1, -1, -1, -1, -1, -1, -1, -1, -1, -1, -1, -1, -1, -1, -1, -1, -1, -1]"
150,15,15,1.0,None,1,237,"[{'cluster_no': -1, 'count': 237}]","[-1, -1, -1, -1, -1, -1, -1, -1, -1, -1, -1, -1, -1, -1, -1, -1, -1, -1, -1, -1, -1, -1, -1, -1, -1, -1, -1, -1, -1, -1, -1, -1, -1, -1, -1, -1, -1, -1, -1, -1, -1, -1, -1, -1, -1, -1, -1, -1, -1, -1, -1, -1, -1, -1, -1, -1, -1, -1, -1, -1, -1, -1, -1, -1, -1, -1, -1, -1, -1, -1, -1, -1, -1, -1, -1, -1, -1, -1, -1, -1, -1, -1, -1, -1, -1, -1, -1, -1, -1, -1, -1, -1, -1, -1, -1, -1, -1, -1, -1, -1, -1, -1, -1, -1, -1, -1, -1, -1, -1, -1, -1, -1, -1, -1, -1, -1, -1, -1, -1, -1, -1, -1, -1, -1, -1, -1, -1, -1, -1, -1, -1, -1, -1, -1, -1, -1, -1, -1, -1, -1, -1, -1, -1, -1, -1, -1, -1, -1, -1, -1, -1, -1, -1, -1, -1, -1, -1, -1, -1, -1, -1, -1, -1, -1, -1, -1, -1, -1, -1, -1, -1, -1, -1, -1, -1, -1, -1, -1, -1, -1, -1, -1, -1, -1, -1, -1, -1, -1, -1, -1, -1, -1, -1, -1, -1, -1, -1, -1, -1, -1, -1, -1, -1, -1, -1, -1, -1, -1, -1, -1, -1, -1, -1, -1, -1, -1, -1, -1, -1, -1, -1, -1, -1, -1, -1, -1, -1, -1, -1, -1, -1, -1, -1, -1, -1, -1, -1]"
150,15,16,0.0,None,1,237,"[{'cluster_no': -1, 'count': 237}]","[-1, -1, -1, -1, -1, -1, -1, -1, -1, -1, -1, -1, -1, -1, -1, -1, -1, -1, -1, -1, -1, -1, -1, -1, -1, -1, -1, -1, -1, -1, -1, -1, -1, -1, -1, -1, -1, -1, -1, -1, -1, -1, -1, -1, -1, -1, -1, -1, -1, -1, -1, -1, -1, -1, -1, -1, -1, -1, -1, -1, -1, -1, -1, -1, -1, -1, -1, -1, -1, -1, -1, -1, -1, -1, -1, -1, -1, -1, -1, -1, -1, -1, -1, -1, -1, -1, -1, -1, -1, -1, -1, -1, -1, -1, -1, -1, -1, -1, -1, -1, -1, -1, -1, -1, -1, -1, -1, -1, -1, -1, -1, -1, -1, -1, -1, -1, -1, -1, -1, -1, -1, -1, -1, -1, -1, -1, -1, -1, -1, -1, -1, -1, -1, -1, -1, -1, -1, -1, -1, -1, -1, -1, -1, -1, -1, -1, -1, -1, -1, -1, -1, -1, -1, -1, -1, -1, -1, -1, -1, -1, -1, -1, -1, -1, -1, -1, -1, -1, -1, -1, -1, -1, -1, -1, -1, -1, -1, -1, -1, -1, -1, -1, -1, -1, -1, -1, -1, -1, -1, -1, -1, -1, -1, -1, -1, -1, -1, -1, -1, -1, -1, -1, -1, -1, -1, -1, -1, -1, -1, -1, -1, -1, -1, -1, -1, -1, -1, -1, -1, -1, -1, -1, -1, -1, -1, -1, -1, -1, -1, -1, -1, -1, -1, -1, -1, -1, -1]"
150,15,16,0.5,None,1,237,"[{'cluster_no': -1, 'count': 237}]","[-1, -1, -1, -1, -1, -1, -1, -1, -1, -1, -1, -1, -1, -1, -1, -1, -1, -1, -1, -1, -1, -1, -1, -1, -1, -1, -1, -1, -1, -1, -1, -1, -1, -1, -1, -1, -1, -1, -1, -1, -1, -1, -1, -1, -1, -1, -1, -1, -1, -1, -1, -1, -1, -1, -1, -1, -1, -1, -1, -1, -1, -1, -1, -1, -1, -1, -1, -1, -1, -1, -1, -1, -1, -1, -1, -1, -1, -1, -1, -1, -1, -1, -1, -1, -1, -1, -1, -1, -1, -1, -1, -1, -1, -1, -1, -1, -1, -1, -1, -1, -1, -1, -1, -1, -1, -1, -1, -1, -1, -1, -1, -1, -1, -1, -1, -1, -1, -1, -1, -1, -1, -1, -1, -1, -1, -1, -1, -1, -1, -1, -1, -1, -1, -1, -1, -1, -1, -1, -1, -1, -1, -1, -1, -1, -1, -1, -1, -1, -1, -1, -1, -1, -1, -1, -1, -1, -1, -1, -1, -1, -1, -1, -1, -1, -1, -1, -1, -1, -1, -1, -1, -1, -1, -1, -1, -1, -1, -1, -1, -1, -1, -1, -1, -1, -1, -1, -1, -1, -1, -1, -1, -1, -1, -1, -1, -1, -1, -1, -1, -1, -1, -1, -1, -1, -1, -1, -1, -1, -1, -1, -1, -1, -1, -1, -1, -1, -1, -1, -1, -1, -1, -1, -1, -1, -1, -1, -1, -1, -1, -1, -1, -1, -1, -1, -1, -1, -1]"
150,15,16,1.0,None,1,237,"[{'cluster_no': -1, 'count': 237}]","[-1, -1, -1, -1, -1, -1, -1, -1, -1, -1, -1, -1, -1, -1, -1, -1, -1, -1, -1, -1, -1, -1, -1, -1, -1, -1, -1, -1, -1, -1, -1, -1, -1, -1, -1, -1, -1, -1, -1, -1, -1, -1, -1, -1, -1, -1, -1, -1, -1, -1, -1, -1, -1, -1, -1, -1, -1, -1, -1, -1, -1, -1, -1, -1, -1, -1, -1, -1, -1, -1, -1, -1, -1, -1, -1, -1, -1, -1, -1, -1, -1, -1, -1, -1, -1, -1, -1, -1, -1, -1, -1, -1, -1, -1, -1, -1, -1, -1, -1, -1, -1, -1, -1, -1, -1, -1, -1, -1, -1, -1, -1, -1, -1, -1, -1, -1, -1, -1, -1, -1, -1, -1, -1, -1, -1, -1, -1, -1, -1, -1, -1, -1, -1, -1, -1, -1, -1, -1, -1, -1, -1, -1, -1, -1, -1, -1, -1, -1, -1, -1, -1, -1, -1, -1, -1, -1, -1, -1, -1, -1, -1, -1, -1, -1, -1, -1, -1, -1, -1, -1, -1, -1, -1, -1, -1, -1, -1, -1, -1, -1, -1, -1, -1, -1, -1, -1, -1, -1, -1, -1, -1, -1, -1, -1, -1, -1, -1, -1, -1, -1, -1, -1, -1, -1, -1, -1, -1, -1, -1, -1, -1, -1, -1, -1, -1, -1, -1, -1, -1, -1, -1, -1, -1, -1, -1, -1, -1, -1, -1, -1, -1, -1, -1, -1, -1, -1, -1]"
150,15,17,0.0,None,1,237,"[{'cluster_no': -1, 'count': 237}]","[-1, -1, -1, -1, -1, -1, -1, -1, -1, -1, -1, -1, -1, -1, -1, -1, -1, -1, -1, -1, -1, -1, -1, -1, -1, -1, -1, -1, -1, -1, -1, -1, -1, -1, -1, -1, -1, -1, -1, -1, -1, -1, -1, -1, -1, -1, -1, -1, -1, -1, -1, -1, -1, -1, -1, -1, -1, -1, -1, -1, -1, -1, -1, -1, -1, -1, -1, -1, -1, -1, -1, -1, -1, -1, -1, -1, -1, -1, -1, -1, -1, -1, -1, -1, -1, -1, -1, -1, -1, -1, -1, -1, -1, -1, -1, -1, -1, -1, -1, -1, -1, -1, -1, -1, -1, -1, -1, -1, -1, -1, -1, -1, -1, -1, -1, -1, -1, -1, -1, -1, -1, -1, -1, -1, -1, -1, -1, -1, -1, -1, -1, -1, -1, -1, -1, -1, -1, -1, -1, -1, -1, -1, -1, -1, -1, -1, -1, -1, -1, -1, -1, -1, -1, -1, -1, -1, -1, -1, -1, -1, -1, -1, -1, -1, -1, -1, -1, -1, -1, -1, -1, -1, -1, -1, -1, -1, -1, -1, -1, -1, -1, -1, -1, -1, -1, -1, -1, -1, -1, -1, -1, -1, -1, -1, -1, -1, -1, -1, -1, -1, -1, -1, -1, -1, -1, -1, -1, -1, -1, -1, -1, -1, -1, -1, -1, -1, -1, -1, -1, -1, -1, -1, -1, -1, -1, -1, -1, -1, -1, -1, -1, -1, -1, -1, -1, -1, -1]"
150,15,17,0.5,None,1,237,"[{'cluster_no': -1, 'count': 237}]","[-1, -1, -1, -1, -1, -1, -1, -1, -1, -1, -1, -1, -1, -1, -1, -1, -1, -1, -1, -1, -1, -1, -1, -1, -1, -1, -1, -1, -1, -1, -1, -1, -1, -1, -1, -1, -1, -1, -1, -1, -1, -1, -1, -1, -1, -1, -1, -1, -1, -1, -1, -1, -1, -1, -1, -1, -1, -1, -1, -1, -1, -1, -1, -1, -1, -1, -1, -1, -1, -1, -1, -1, -1, -1, -1, -1, -1, -1, -1, -1, -1, -1, -1, -1, -1, -1, -1, -1, -1, -1, -1, -1, -1, -1, -1, -1, -1, -1, -1, -1, -1, -1, -1, -1, -1, -1, -1, -1, -1, -1, -1, -1, -1, -1, -1, -1, -1, -1, -1, -1, -1, -1, -1, -1, -1, -1, -1, -1, -1, -1, -1, -1, -1, -1, -1, -1, -1, -1, -1, -1, -1, -1, -1, -1, -1, -1, -1, -1, -1, -1, -1, -1, -1, -1, -1, -1, -1, -1, -1, -1, -1, -1, -1, -1, -1, -1, -1, -1, -1, -1, -1, -1, -1, -1, -1, -1, -1, -1, -1, -1, -1, -1, -1, -1, -1, -1, -1, -1, -1, -1, -1, -1, -1, -1, -1, -1, -1, -1, -1, -1, -1, -1, -1, -1, -1, -1, -1, -1, -1, -1, -1, -1, -1, -1, -1, -1, -1, -1, -1, -1, -1, -1, -1, -1, -1, -1, -1, -1, -1, -1, -1, -1, -1, -1, -1, -1, -1]"
150,15,17,1.0,None,1,237,"[{'cluster_no': -1, 'count': 237}]","[-1, -1, -1, -1, -1, -1, -1, -1, -1, -1, -1, -1, -1, -1, -1, -1, -1, -1, -1, -1, -1, -1, -1, -1, -1, -1, -1, -1, -1, -1, -1, -1, -1, -1, -1, -1, -1, -1, -1, -1, -1, -1, -1, -1, -1, -1, -1, -1, -1, -1, -1, -1, -1, -1, -1, -1, -1, -1, -1, -1, -1, -1, -1, -1, -1, -1, -1, -1, -1, -1, -1, -1, -1, -1, -1, -1, -1, -1, -1, -1, -1, -1, -1, -1, -1, -1, -1, -1, -1, -1, -1, -1, -1, -1, -1, -1, -1, -1, -1, -1, -1, -1, -1, -1, -1, -1, -1, -1, -1, -1, -1, -1, -1, -1, -1, -1, -1, -1, -1, -1, -1, -1, -1, -1, -1, -1, -1, -1, -1, -1, -1, -1, -1, -1, -1, -1, -1, -1, -1, -1, -1, -1, -1, -1, -1, -1, -1, -1, -1, -1, -1, -1, -1, -1, -1, -1, -1, -1, -1, -1, -1, -1, -1, -1, -1, -1, -1, -1, -1, -1, -1, -1, -1, -1, -1, -1, -1, -1, -1, -1, -1, -1, -1, -1, -1, -1, -1, -1, -1, -1, -1, -1, -1, -1, -1, -1, -1, -1, -1, -1, -1, -1, -1, -1, -1, -1, -1, -1, -1, -1, -1, -1, -1, -1, -1, -1, -1, -1, -1, -1, -1, -1, -1, -1, -1, -1, -1, -1, -1, -1, -1, -1, -1, -1, -1, -1, -1]"
150,15,18,0.0,None,1,237,"[{'cluster_no': -1, 'count': 237}]","[-1, -1, -1, -1, -1, -1, -1, -1, -1, -1, -1, -1, -1, -1, -1, -1, -1, -1, -1, -1, -1, -1, -1, -1, -1, -1, -1, -1, -1, -1, -1, -1, -1, -1, -1, -1, -1, -1, -1, -1, -1, -1, -1, -1, -1, -1, -1, -1, -1, -1, -1, -1, -1, -1, -1, -1, -1, -1, -1, -1, -1, -1, -1, -1, -1, -1, -1, -1, -1, -1, -1, -1, -1, -1, -1, -1, -1, -1, -1, -1, -1, -1, -1, -1, -1, -1, -1, -1, -1, -1, -1, -1, -1, -1, -1, -1, -1, -1, -1, -1, -1, -1, -1, -1, -1, -1, -1, -1, -1, -1, -1, -1, -1, -1, -1, -1, -1, -1, -1, -1, -1, -1, -1, -1, -1, -1, -1, -1, -1, -1, -1, -1, -1, -1, -1, -1, -1, -1, -1, -1, -1, -1, -1, -1, -1, -1, -1, -1, -1, -1, -1, -1, -1, -1, -1, -1, -1, -1, -1, -1, -1, -1, -1, -1, -1, -1, -1, -1, -1, -1, -1, -1, -1, -1, -1, -1, -1, -1, -1, -1, -1, -1, -1, -1, -1, -1, -1, -1, -1, -1, -1, -1, -1, -1, -1, -1, -1, -1, -1, -1, -1, -1, -1, -1, -1, -1, -1, -1, -1, -1, -1, -1, -1, -1, -1, -1, -1, -1, -1, -1, -1, -1, -1, -1, -1, -1, -1, -1, -1, -1, -1, -1, -1, -1, -1, -1, -1]"
150,15,18,0.5,None,1,237,"[{'cluster_no': -1, 'count': 237}]","[-1, -1, -1, -1, -1, -1, -1, -1, -1, -1, -1, -1, -1, -1, -1, -1, -1, -1, -1, -1, -1, -1, -1, -1, -1, -1, -1, -1, -1, -1, -1, -1, -1, -1, -1, -1, -1, -1, -1, -1, -1, -1, -1, -1, -1, -1, -1, -1, -1, -1, -1, -1, -1, -1, -1, -1, -1, -1, -1, -1, -1, -1, -1, -1, -1, -1, -1, -1, -1, -1, -1, -1, -1, -1, -1, -1, -1, -1, -1, -1, -1, -1, -1, -1, -1, -1, -1, -1, -1, -1, -1, -1, -1, -1, -1, -1, -1, -1, -1, -1, -1, -1, -1, -1, -1, -1, -1, -1, -1, -1, -1, -1, -1, -1, -1, -1, -1, -1, -1, -1, -1, -1, -1, -1, -1, -1, -1, -1, -1, -1, -1, -1, -1, -1, -1, -1, -1, -1, -1, -1, -1, -1, -1, -1, -1, -1, -1, -1, -1, -1, -1, -1, -1, -1, -1, -1, -1, -1, -1, -1, -1, -1, -1, -1, -1, -1, -1, -1, -1, -1, -1, -1, -1, -1, -1, -1, -1, -1, -1, -1, -1, -1, -1, -1, -1, -1, -1, -1, -1, -1, -1, -1, -1, -1, -1, -1, -1, -1, -1, -1, -1, -1, -1, -1, -1, -1, -1, -1, -1, -1, -1, -1, -1, -1, -1, -1, -1, -1, -1, -1, -1, -1, -1, -1, -1, -1, -1, -1, -1, -1, -1, -1, -1, -1, -1, -1, -1]"
150,15,18,1.0,None,1,237,"[{'cluster_no': -1, 'count': 237}]","[-1, -1, -1, -1, -1, -1, -1, -1, -1, -1, -1, -1, -1, -1, -1, -1, -1, -1, -1, -1, -1, -1, -1, -1, -1, -1, -1, -1, -1, -1, -1, -1, -1, -1, -1, -1, -1, -1, -1, -1, -1, -1, -1, -1, -1, -1, -1, -1, -1, -1, -1, -1, -1, -1, -1, -1, -1, -1, -1, -1, -1, -1, -1, -1, -1, -1, -1, -1, -1, -1, -1, -1, -1, -1, -1, -1, -1, -1, -1, -1, -1, -1, -1, -1, -1, -1, -1, -1, -1, -1, -1, -1, -1, -1, -1, -1, -1, -1, -1, -1, -1, -1, -1, -1, -1, -1, -1, -1, -1, -1, -1, -1, -1, -1, -1, -1, -1, -1, -1, -1, -1, -1, -1, -1, -1, -1, -1, -1, -1, -1, -1, -1, -1, -1, -1, -1, -1, -1, -1, -1, -1, -1, -1, -1, -1, -1, -1, -1, -1, -1, -1, -1, -1, -1, -1, -1, -1, -1, -1, -1, -1, -1, -1, -1, -1, -1, -1, -1, -1, -1, -1, -1, -1, -1, -1, -1, -1, -1, -1, -1, -1, -1, -1, -1, -1, -1, -1, -1, -1, -1, -1, -1, -1, -1, -1, -1, -1, -1, -1, -1, -1, -1, -1, -1, -1, -1, -1, -1, -1, -1, -1, -1, -1, -1, -1, -1, -1, -1, -1, -1, -1, -1, -1, -1, -1, -1, -1, -1, -1, -1, -1, -1, -1, -1, -1, -1, -1]"
150,15,19,0.0,None,1,237,"[{'cluster_no': -1, 'count': 237}]","[-1, -1, -1, -1, -1, -1, -1, -1, -1, -1, -1, -1, -1, -1, -1, -1, -1, -1, -1, -1, -1, -1, -1, -1, -1, -1, -1, -1, -1, -1, -1, -1, -1, -1, -1, -1, -1, -1, -1, -1, -1, -1, -1, -1, -1, -1, -1, -1, -1, -1, -1, -1, -1, -1, -1, -1, -1, -1, -1, -1, -1, -1, -1, -1, -1, -1, -1, -1, -1, -1, -1, -1, -1, -1, -1, -1, -1, -1, -1, -1, -1, -1, -1, -1, -1, -1, -1, -1, -1, -1, -1, -1, -1, -1, -1, -1, -1, -1, -1, -1, -1, -1, -1, -1, -1, -1, -1, -1, -1, -1, -1, -1, -1, -1, -1, -1, -1, -1, -1, -1, -1, -1, -1, -1, -1, -1, -1, -1, -1, -1, -1, -1, -1, -1, -1, -1, -1, -1, -1, -1, -1, -1, -1, -1, -1, -1, -1, -1, -1, -1, -1, -1, -1, -1, -1, -1, -1, -1, -1, -1, -1, -1, -1, -1, -1, -1, -1, -1, -1, -1, -1, -1, -1, -1, -1, -1, -1, -1, -1, -1, -1, -1, -1, -1, -1, -1, -1, -1, -1, -1, -1, -1, -1, -1, -1, -1, -1, -1, -1, -1, -1, -1, -1, -1, -1, -1, -1, -1, -1, -1, -1, -1, -1, -1, -1, -1, -1, -1, -1, -1, -1, -1, -1, -1, -1, -1, -1, -1, -1, -1, -1, -1, -1, -1, -1, -1, -1]"
150,15,19,0.5,None,1,237,"[{'cluster_no': -1, 'count': 237}]","[-1, -1, -1, -1, -1, -1, -1, -1, -1, -1, -1, -1, -1, -1, -1, -1, -1, -1, -1, -1, -1, -1, -1, -1, -1, -1, -1, -1, -1, -1, -1, -1, -1, -1, -1, -1, -1, -1, -1, -1, -1, -1, -1, -1, -1, -1, -1, -1, -1, -1, -1, -1, -1, -1, -1, -1, -1, -1, -1, -1, -1, -1, -1, -1, -1, -1, -1, -1, -1, -1, -1, -1, -1, -1, -1, -1, -1, -1, -1, -1, -1, -1, -1, -1, -1, -1, -1, -1, -1, -1, -1, -1, -1, -1, -1, -1, -1, -1, -1, -1, -1, -1, -1, -1, -1, -1, -1, -1, -1, -1, -1, -1, -1, -1, -1, -1, -1, -1, -1, -1, -1, -1, -1, -1, -1, -1, -1, -1, -1, -1, -1, -1, -1, -1, -1, -1, -1, -1, -1, -1, -1, -1, -1, -1, -1, -1, -1, -1, -1, -1, -1, -1, -1, -1, -1, -1, -1, -1, -1, -1, -1, -1, -1, -1, -1, -1, -1, -1, -1, -1, -1, -1, -1, -1, -1, -1, -1, -1, -1, -1, -1, -1, -1, -1, -1, -1, -1, -1, -1, -1, -1, -1, -1, -1, -1, -1, -1, -1, -1, -1, -1, -1, -1, -1, -1, -1, -1, -1, -1, -1, -1, -1, -1, -1, -1, -1, -1, -1, -1, -1, -1, -1, -1, -1, -1, -1, -1, -1, -1, -1, -1, -1, -1, -1, -1, -1, -1]"
150,15,19,1.0,None,1,237,"[{'cluster_no': -1, 'count': 237}]","[-1, -1, -1, -1, -1, -1, -1, -1, -1, -1, -1, -1, -1, -1, -1, -1, -1, -1, -1, -1, -1, -1, -1, -1, -1, -1, -1, -1, -1, -1, -1, -1, -1, -1, -1, -1, -1, -1, -1, -1, -1, -1, -1, -1, -1, -1, -1, -1, -1, -1, -1, -1, -1, -1, -1, -1, -1, -1, -1, -1, -1, -1, -1, -1, -1, -1, -1, -1, -1, -1, -1, -1, -1, -1, -1, -1, -1, -1, -1, -1, -1, -1, -1, -1, -1, -1, -1, -1, -1, -1, -1, -1, -1, -1, -1, -1, -1, -1, -1, -1, -1, -1, -1, -1, -1, -1, -1, -1, -1, -1, -1, -1, -1, -1, -1, -1, -1, -1, -1, -1, -1, -1, -1, -1, -1, -1, -1, -1, -1, -1, -1, -1, -1, -1, -1, -1, -1, -1, -1, -1, -1, -1, -1, -1, -1, -1, -1, -1, -1, -1, -1, -1, -1, -1, -1, -1, -1, -1, -1, -1, -1, -1, -1, -1, -1, -1, -1, -1, -1, -1, -1, -1, -1, -1, -1, -1, -1, -1, -1, -1, -1, -1, -1, -1, -1, -1, -1, -1, -1, -1, -1, -1, -1, -1, -1, -1, -1, -1, -1, -1, -1, -1, -1, -1, -1, -1, -1, -1, -1, -1, -1, -1, -1, -1, -1, -1, -1, -1, -1, -1, -1, -1, -1, -1, -1, -1, -1, -1, -1, -1, -1, -1, -1, -1, -1, -1, -1]"
150,15,20,0.0,None,1,237,"[{'cluster_no': -1, 'count': 237}]","[-1, -1, -1, -1, -1, -1, -1, -1, -1, -1, -1, -1, -1, -1, -1, -1, -1, -1, -1, -1, -1, -1, -1, -1, -1, -1, -1, -1, -1, -1, -1, -1, -1, -1, -1, -1, -1, -1, -1, -1, -1, -1, -1, -1, -1, -1, -1, -1, -1, -1, -1, -1, -1, -1, -1, -1, -1, -1, -1, -1, -1, -1, -1, -1, -1, -1, -1, -1, -1, -1, -1, -1, -1, -1, -1, -1, -1, -1, -1, -1, -1, -1, -1, -1, -1, -1, -1, -1, -1, -1, -1, -1, -1, -1, -1, -1, -1, -1, -1, -1, -1, -1, -1, -1, -1, -1, -1, -1, -1, -1, -1, -1, -1, -1, -1, -1, -1, -1, -1, -1, -1, -1, -1, -1, -1, -1, -1, -1, -1, -1, -1, -1, -1, -1, -1, -1, -1, -1, -1, -1, -1, -1, -1, -1, -1, -1, -1, -1, -1, -1, -1, -1, -1, -1, -1, -1, -1, -1, -1, -1, -1, -1, -1, -1, -1, -1, -1, -1, -1, -1, -1, -1, -1, -1, -1, -1, -1, -1, -1, -1, -1, -1, -1, -1, -1, -1, -1, -1, -1, -1, -1, -1, -1, -1, -1, -1, -1, -1, -1, -1, -1, -1, -1, -1, -1, -1, -1, -1, -1, -1, -1, -1, -1, -1, -1, -1, -1, -1, -1, -1, -1, -1, -1, -1, -1, -1, -1, -1, -1, -1, -1, -1, -1, -1, -1, -1, -1]"
150,15,20,0.5,None,1,237,"[{'cluster_no': -1, 'count': 237}]","[-1, -1, -1, -1, -1, -1, -1, -1, -1, -1, -1, -1, -1, -1, -1, -1, -1, -1, -1, -1, -1, -1, -1, -1, -1, -1, -1, -1, -1, -1, -1, -1, -1, -1, -1, -1, -1, -1, -1, -1, -1, -1, -1, -1, -1, -1, -1, -1, -1, -1, -1, -1, -1, -1, -1, -1, -1, -1, -1, -1, -1, -1, -1, -1, -1, -1, -1, -1, -1, -1, -1, -1, -1, -1, -1, -1, -1, -1, -1, -1, -1, -1, -1, -1, -1, -1, -1, -1, -1, -1, -1, -1, -1, -1, -1, -1, -1, -1, -1, -1, -1, -1, -1, -1, -1, -1, -1, -1, -1, -1, -1, -1, -1, -1, -1, -1, -1, -1, -1, -1, -1, -1, -1, -1, -1, -1, -1, -1, -1, -1, -1, -1, -1, -1, -1, -1, -1, -1, -1, -1, -1, -1, -1, -1, -1, -1, -1, -1, -1, -1, -1, -1, -1, -1, -1, -1, -1, -1, -1, -1, -1, -1, -1, -1, -1, -1, -1, -1, -1, -1, -1, -1, -1, -1, -1, -1, -1, -1, -1, -1, -1, -1, -1, -1, -1, -1, -1, -1, -1, -1, -1, -1, -1, -1, -1, -1, -1, -1, -1, -1, -1, -1, -1, -1, -1, -1, -1, -1, -1, -1, -1, -1, -1, -1, -1, -1, -1, -1, -1, -1, -1, -1, -1, -1, -1, -1, -1, -1, -1, -1, -1, -1, -1, -1, -1, -1, -1]"
150,15,20,1.0,None,1,237,"[{'cluster_no': -1, 'count': 237}]","[-1, -1, -1, -1, -1, -1, -1, -1, -1, -1, -1, -1, -1, -1, -1, -1, -1, -1, -1, -1, -1, -1, -1, -1, -1, -1, -1, -1, -1, -1, -1, -1, -1, -1, -1, -1, -1, -1, -1, -1, -1, -1, -1, -1, -1, -1, -1, -1, -1, -1, -1, -1, -1, -1, -1, -1, -1, -1, -1, -1, -1, -1, -1, -1, -1, -1, -1, -1, -1, -1, -1, -1, -1, -1, -1, -1, -1, -1, -1, -1, -1, -1, -1, -1, -1, -1, -1, -1, -1, -1, -1, -1, -1, -1, -1, -1, -1, -1, -1, -1, -1, -1, -1, -1, -1, -1, -1, -1, -1, -1, -1, -1, -1, -1, -1, -1, -1, -1, -1, -1, -1, -1, -1, -1, -1, -1, -1, -1, -1, -1, -1, -1, -1, -1, -1, -1, -1, -1, -1, -1, -1, -1, -1, -1, -1, -1, -1, -1, -1, -1, -1, -1, -1, -1, -1, -1, -1, -1, -1, -1, -1, -1, -1, -1, -1, -1, -1, -1, -1, -1, -1, -1, -1, -1, -1, -1, -1, -1, -1, -1, -1, -1, -1, -1, -1, -1, -1, -1, -1, -1, -1, -1, -1, -1, -1, -1, -1, -1, -1, -1, -1, -1, -1, -1, -1, -1, -1, -1, -1, -1, -1, -1, -1, -1, -1, -1, -1, -1, -1, -1, -1, -1, -1, -1, -1, -1, -1, -1, -1, -1, -1, -1, -1, -1, -1, -1, -1]"
150,15,21,0.0,None,1,237,"[{'cluster_no': -1, 'count': 237}]","[-1, -1, -1, -1, -1, -1, -1, -1, -1, -1, -1, -1, -1, -1, -1, -1, -1, -1, -1, -1, -1, -1, -1, -1, -1, -1, -1, -1, -1, -1, -1, -1, -1, -1, -1, -1, -1, -1, -1, -1, -1, -1, -1, -1, -1, -1, -1, -1, -1, -1, -1, -1, -1, -1, -1, -1, -1, -1, -1, -1, -1, -1, -1, -1, -1, -1, -1, -1, -1, -1, -1, -1, -1, -1, -1, -1, -1, -1, -1, -1, -1, -1, -1, -1, -1, -1, -1, -1, -1, -1, -1, -1, -1, -1, -1, -1, -1, -1, -1, -1, -1, -1, -1, -1, -1, -1, -1, -1, -1, -1, -1, -1, -1, -1, -1, -1, -1, -1, -1, -1, -1, -1, -1, -1, -1, -1, -1, -1, -1, -1, -1, -1, -1, -1, -1, -1, -1, -1, -1, -1, -1, -1, -1, -1, -1, -1, -1, -1, -1, -1, -1, -1, -1, -1, -1, -1, -1, -1, -1, -1, -1, -1, -1, -1, -1, -1, -1, -1, -1, -1, -1, -1, -1, -1, -1, -1, -1, -1, -1, -1, -1, -1, -1, -1, -1, -1, -1, -1, -1, -1, -1, -1, -1, -1, -1, -1, -1, -1, -1, -1, -1, -1, -1, -1, -1, -1, -1, -1, -1, -1, -1, -1, -1, -1, -1, -1, -1, -1, -1, -1, -1, -1, -1, -1, -1, -1, -1, -1, -1, -1, -1, -1, -1, -1, -1, -1, -1]"
150,15,21,0.5,None,1,237,"[{'cluster_no': -1, 'count': 237}]","[-1, -1, -1, -1, -1, -1, -1, -1, -1, -1, -1, -1, -1, -1, -1, -1, -1, -1, -1, -1, -1, -1, -1, -1, -1, -1, -1, -1, -1, -1, -1, -1, -1, -1, -1, -1, -1, -1, -1, -1, -1, -1, -1, -1, -1, -1, -1, -1, -1, -1, -1, -1, -1, -1, -1, -1, -1, -1, -1, -1, -1, -1, -1, -1, -1, -1, -1, -1, -1, -1, -1, -1, -1, -1, -1, -1, -1, -1, -1, -1, -1, -1, -1, -1, -1, -1, -1, -1, -1, -1, -1, -1, -1, -1, -1, -1, -1, -1, -1, -1, -1, -1, -1, -1, -1, -1, -1, -1, -1, -1, -1, -1, -1, -1, -1, -1, -1, -1, -1, -1, -1, -1, -1, -1, -1, -1, -1, -1, -1, -1, -1, -1, -1, -1, -1, -1, -1, -1, -1, -1, -1, -1, -1, -1, -1, -1, -1, -1, -1, -1, -1, -1, -1, -1, -1, -1, -1, -1, -1, -1, -1, -1, -1, -1, -1, -1, -1, -1, -1, -1, -1, -1, -1, -1, -1, -1, -1, -1, -1, -1, -1, -1, -1, -1, -1, -1, -1, -1, -1, -1, -1, -1, -1, -1, -1, -1, -1, -1, -1, -1, -1, -1, -1, -1, -1, -1, -1, -1, -1, -1, -1, -1, -1, -1, -1, -1, -1, -1, -1, -1, -1, -1, -1, -1, -1, -1, -1, -1, -1, -1, -1, -1, -1, -1, -1, -1, -1]"
150,15,21,1.0,None,1,237,"[{'cluster_no': -1, 'count': 237}]","[-1, -1, -1, -1, -1, -1, -1, -1, -1, -1, -1, -1, -1, -1, -1, -1, -1, -1, -1, -1, -1, -1, -1, -1, -1, -1, -1, -1, -1, -1, -1, -1, -1, -1, -1, -1, -1, -1, -1, -1, -1, -1, -1, -1, -1, -1, -1, -1, -1, -1, -1, -1, -1, -1, -1, -1, -1, -1, -1, -1, -1, -1, -1, -1, -1, -1, -1, -1, -1, -1, -1, -1, -1, -1, -1, -1, -1, -1, -1, -1, -1, -1, -1, -1, -1, -1, -1, -1, -1, -1, -1, -1, -1, -1, -1, -1, -1, -1, -1, -1, -1, -1, -1, -1, -1, -1, -1, -1, -1, -1, -1, -1, -1, -1, -1, -1, -1, -1, -1, -1, -1, -1, -1, -1, -1, -1, -1, -1, -1, -1, -1, -1, -1, -1, -1, -1, -1, -1, -1, -1, -1, -1, -1, -1, -1, -1, -1, -1, -1, -1, -1, -1, -1, -1, -1, -1, -1, -1, -1, -1, -1, -1, -1, -1, -1, -1, -1, -1, -1, -1, -1, -1, -1, -1, -1, -1, -1, -1, -1, -1, -1, -1, -1, -1, -1, -1, -1, -1, -1, -1, -1, -1, -1, -1, -1, -1, -1, -1, -1, -1, -1, -1, -1, -1, -1, -1, -1, -1, -1, -1, -1, -1, -1, -1, -1, -1, -1, -1, -1, -1, -1, -1, -1, -1, -1, -1, -1, -1, -1, -1, -1, -1, -1, -1, -1, -1, -1]"
150,15,22,0.0,None,1,237,"[{'cluster_no': -1, 'count': 237}]","[-1, -1, -1, -1, -1, -1, -1, -1, -1, -1, -1, -1, -1, -1, -1, -1, -1, -1, -1, -1, -1, -1, -1, -1, -1, -1, -1, -1, -1, -1, -1, -1, -1, -1, -1, -1, -1, -1, -1, -1, -1, -1, -1, -1, -1, -1, -1, -1, -1, -1, -1, -1, -1, -1, -1, -1, -1, -1, -1, -1, -1, -1, -1, -1, -1, -1, -1, -1, -1, -1, -1, -1, -1, -1, -1, -1, -1, -1, -1, -1, -1, -1, -1, -1, -1, -1, -1, -1, -1, -1, -1, -1, -1, -1, -1, -1, -1, -1, -1, -1, -1, -1, -1, -1, -1, -1, -1, -1, -1, -1, -1, -1, -1, -1, -1, -1, -1, -1, -1, -1, -1, -1, -1, -1, -1, -1, -1, -1, -1, -1, -1, -1, -1, -1, -1, -1, -1, -1, -1, -1, -1, -1, -1, -1, -1, -1, -1, -1, -1, -1, -1, -1, -1, -1, -1, -1, -1, -1, -1, -1, -1, -1, -1, -1, -1, -1, -1, -1, -1, -1, -1, -1, -1, -1, -1, -1, -1, -1, -1, -1, -1, -1, -1, -1, -1, -1, -1, -1, -1, -1, -1, -1, -1, -1, -1, -1, -1, -1, -1, -1, -1, -1, -1, -1, -1, -1, -1, -1, -1, -1, -1, -1, -1, -1, -1, -1, -1, -1, -1, -1, -1, -1, -1, -1, -1, -1, -1, -1, -1, -1, -1, -1, -1, -1, -1, -1, -1]"
150,15,22,0.5,None,1,237,"[{'cluster_no': -1, 'count': 237}]","[-1, -1, -1, -1, -1, -1, -1, -1, -1, -1, -1, -1, -1, -1, -1, -1, -1, -1, -1, -1, -1, -1, -1, -1, -1, -1, -1, -1, -1, -1, -1, -1, -1, -1, -1, -1, -1, -1, -1, -1, -1, -1, -1, -1, -1, -1, -1, -1, -1, -1, -1, -1, -1, -1, -1, -1, -1, -1, -1, -1, -1, -1, -1, -1, -1, -1, -1, -1, -1, -1, -1, -1, -1, -1, -1, -1, -1, -1, -1, -1, -1, -1, -1, -1, -1, -1, -1, -1, -1, -1, -1, -1, -1, -1, -1, -1, -1, -1, -1, -1, -1, -1, -1, -1, -1, -1, -1, -1, -1, -1, -1, -1, -1, -1, -1, -1, -1, -1, -1, -1, -1, -1, -1, -1, -1, -1, -1, -1, -1, -1, -1, -1, -1, -1, -1, -1, -1, -1, -1, -1, -1, -1, -1, -1, -1, -1, -1, -1, -1, -1, -1, -1, -1, -1, -1, -1, -1, -1, -1, -1, -1, -1, -1, -1, -1, -1, -1, -1, -1, -1, -1, -1, -1, -1, -1, -1, -1, -1, -1, -1, -1, -1, -1, -1, -1, -1, -1, -1, -1, -1, -1, -1, -1, -1, -1, -1, -1, -1, -1, -1, -1, -1, -1, -1, -1, -1, -1, -1, -1, -1, -1, -1, -1, -1, -1, -1, -1, -1, -1, -1, -1, -1, -1, -1, -1, -1, -1, -1, -1, -1, -1, -1, -1, -1, -1, -1, -1]"
150,15,22,1.0,None,1,237,"[{'cluster_no': -1, 'count': 237}]","[-1, -1, -1, -1, -1, -1, -1, -1, -1, -1, -1, -1, -1, -1, -1, -1, -1, -1, -1, -1, -1, -1, -1, -1, -1, -1, -1, -1, -1, -1, -1, -1, -1, -1, -1, -1, -1, -1, -1, -1, -1, -1, -1, -1, -1, -1, -1, -1, -1, -1, -1, -1, -1, -1, -1, -1, -1, -1, -1, -1, -1, -1, -1, -1, -1, -1, -1, -1, -1, -1, -1, -1, -1, -1, -1, -1, -1, -1, -1, -1, -1, -1, -1, -1, -1, -1, -1, -1, -1, -1, -1, -1, -1, -1, -1, -1, -1, -1, -1, -1, -1, -1, -1, -1, -1, -1, -1, -1, -1, -1, -1, -1, -1, -1, -1, -1, -1, -1, -1, -1, -1, -1, -1, -1, -1, -1, -1, -1, -1, -1, -1, -1, -1, -1, -1, -1, -1, -1, -1, -1, -1, -1, -1, -1, -1, -1, -1, -1, -1, -1, -1, -1, -1, -1, -1, -1, -1, -1, -1, -1, -1, -1, -1, -1, -1, -1, -1, -1, -1, -1, -1, -1, -1, -1, -1, -1, -1, -1, -1, -1, -1, -1, -1, -1, -1, -1, -1, -1, -1, -1, -1, -1, -1, -1, -1, -1, -1, -1, -1, -1, -1, -1, -1, -1, -1, -1, -1, -1, -1, -1, -1, -1, -1, -1, -1, -1, -1, -1, -1, -1, -1, -1, -1, -1, -1, -1, -1, -1, -1, -1, -1, -1, -1, -1, -1, -1, -1]"
150,15,23,0.0,None,1,237,"[{'cluster_no': -1, 'count': 237}]","[-1, -1, -1, -1, -1, -1, -1, -1, -1, -1, -1, -1, -1, -1, -1, -1, -1, -1, -1, -1, -1, -1, -1, -1, -1, -1, -1, -1, -1, -1, -1, -1, -1, -1, -1, -1, -1, -1, -1, -1, -1, -1, -1, -1, -1, -1, -1, -1, -1, -1, -1, -1, -1, -1, -1, -1, -1, -1, -1, -1, -1, -1, -1, -1, -1, -1, -1, -1, -1, -1, -1, -1, -1, -1, -1, -1, -1, -1, -1, -1, -1, -1, -1, -1, -1, -1, -1, -1, -1, -1, -1, -1, -1, -1, -1, -1, -1, -1, -1, -1, -1, -1, -1, -1, -1, -1, -1, -1, -1, -1, -1, -1, -1, -1, -1, -1, -1, -1, -1, -1, -1, -1, -1, -1, -1, -1, -1, -1, -1, -1, -1, -1, -1, -1, -1, -1, -1, -1, -1, -1, -1, -1, -1, -1, -1, -1, -1, -1, -1, -1, -1, -1, -1, -1, -1, -1, -1, -1, -1, -1, -1, -1, -1, -1, -1, -1, -1, -1, -1, -1, -1, -1, -1, -1, -1, -1, -1, -1, -1, -1, -1, -1, -1, -1, -1, -1, -1, -1, -1, -1, -1, -1, -1, -1, -1, -1, -1, -1, -1, -1, -1, -1, -1, -1, -1, -1, -1, -1, -1, -1, -1, -1, -1, -1, -1, -1, -1, -1, -1, -1, -1, -1, -1, -1, -1, -1, -1, -1, -1, -1, -1, -1, -1, -1, -1, -1, -1]"
150,15,23,0.5,None,1,237,"[{'cluster_no': -1, 'count': 237}]","[-1, -1, -1, -1, -1, -1, -1, -1, -1, -1, -1, -1, -1, -1, -1, -1, -1, -1, -1, -1, -1, -1, -1, -1, -1, -1, -1, -1, -1, -1, -1, -1, -1, -1, -1, -1, -1, -1, -1, -1, -1, -1, -1, -1, -1, -1, -1, -1, -1, -1, -1, -1, -1, -1, -1, -1, -1, -1, -1, -1, -1, -1, -1, -1, -1, -1, -1, -1, -1, -1, -1, -1, -1, -1, -1, -1, -1, -1, -1, -1, -1, -1, -1, -1, -1, -1, -1, -1, -1, -1, -1, -1, -1, -1, -1, -1, -1, -1, -1, -1, -1, -1, -1, -1, -1, -1, -1, -1, -1, -1, -1, -1, -1, -1, -1, -1, -1, -1, -1, -1, -1, -1, -1, -1, -1, -1, -1, -1, -1, -1, -1, -1, -1, -1, -1, -1, -1, -1, -1, -1, -1, -1, -1, -1, -1, -1, -1, -1, -1, -1, -1, -1, -1, -1, -1, -1, -1, -1, -1, -1, -1, -1, -1, -1, -1, -1, -1, -1, -1, -1, -1, -1, -1, -1, -1, -1, -1, -1, -1, -1, -1, -1, -1, -1, -1, -1, -1, -1, -1, -1, -1, -1, -1, -1, -1, -1, -1, -1, -1, -1, -1, -1, -1, -1, -1, -1, -1, -1, -1, -1, -1, -1, -1, -1, -1, -1, -1, -1, -1, -1, -1, -1, -1, -1, -1, -1, -1, -1, -1, -1, -1, -1, -1, -1, -1, -1, -1]"
150,15,23,1.0,None,1,237,"[{'cluster_no': -1, 'count': 237}]","[-1, -1, -1, -1, -1, -1, -1, -1, -1, -1, -1, -1, -1, -1, -1, -1, -1, -1, -1, -1, -1, -1, -1, -1, -1, -1, -1, -1, -1, -1, -1, -1, -1, -1, -1, -1, -1, -1, -1, -1, -1, -1, -1, -1, -1, -1, -1, -1, -1, -1, -1, -1, -1, -1, -1, -1, -1, -1, -1, -1, -1, -1, -1, -1, -1, -1, -1, -1, -1, -1, -1, -1, -1, -1, -1, -1, -1, -1, -1, -1, -1, -1, -1, -1, -1, -1, -1, -1, -1, -1, -1, -1, -1, -1, -1, -1, -1, -1, -1, -1, -1, -1, -1, -1, -1, -1, -1, -1, -1, -1, -1, -1, -1, -1, -1, -1, -1, -1, -1, -1, -1, -1, -1, -1, -1, -1, -1, -1, -1, -1, -1, -1, -1, -1, -1, -1, -1, -1, -1, -1, -1, -1, -1, -1, -1, -1, -1, -1, -1, -1, -1, -1, -1, -1, -1, -1, -1, -1, -1, -1, -1, -1, -1, -1, -1, -1, -1, -1, -1, -1, -1, -1, -1, -1, -1, -1, -1, -1, -1, -1, -1, -1, -1, -1, -1, -1, -1, -1, -1, -1, -1, -1, -1, -1, -1, -1, -1, -1, -1, -1, -1, -1, -1, -1, -1, -1, -1, -1, -1, -1, -1, -1, -1, -1, -1, -1, -1, -1, -1, -1, -1, -1, -1, -1, -1, -1, -1, -1, -1, -1, -1, -1, -1, -1, -1, -1, -1]"
150,15,24,0.0,None,1,237,"[{'cluster_no': -1, 'count': 237}]","[-1, -1, -1, -1, -1, -1, -1, -1, -1, -1, -1, -1, -1, -1, -1, -1, -1, -1, -1, -1, -1, -1, -1, -1, -1, -1, -1, -1, -1, -1, -1, -1, -1, -1, -1, -1, -1, -1, -1, -1, -1, -1, -1, -1, -1, -1, -1, -1, -1, -1, -1, -1, -1, -1, -1, -1, -1, -1, -1, -1, -1, -1, -1, -1, -1, -1, -1, -1, -1, -1, -1, -1, -1, -1, -1, -1, -1, -1, -1, -1, -1, -1, -1, -1, -1, -1, -1, -1, -1, -1, -1, -1, -1, -1, -1, -1, -1, -1, -1, -1, -1, -1, -1, -1, -1, -1, -1, -1, -1, -1, -1, -1, -1, -1, -1, -1, -1, -1, -1, -1, -1, -1, -1, -1, -1, -1, -1, -1, -1, -1, -1, -1, -1, -1, -1, -1, -1, -1, -1, -1, -1, -1, -1, -1, -1, -1, -1, -1, -1, -1, -1, -1, -1, -1, -1, -1, -1, -1, -1, -1, -1, -1, -1, -1, -1, -1, -1, -1, -1, -1, -1, -1, -1, -1, -1, -1, -1, -1, -1, -1, -1, -1, -1, -1, -1, -1, -1, -1, -1, -1, -1, -1, -1, -1, -1, -1, -1, -1, -1, -1, -1, -1, -1, -1, -1, -1, -1, -1, -1, -1, -1, -1, -1, -1, -1, -1, -1, -1, -1, -1, -1, -1, -1, -1, -1, -1, -1, -1, -1, -1, -1, -1, -1, -1, -1, -1, -1]"
150,15,24,0.5,None,1,237,"[{'cluster_no': -1, 'count': 237}]","[-1, -1, -1, -1, -1, -1, -1, -1, -1, -1, -1, -1, -1, -1, -1, -1, -1, -1, -1, -1, -1, -1, -1, -1, -1, -1, -1, -1, -1, -1, -1, -1, -1, -1, -1, -1, -1, -1, -1, -1, -1, -1, -1, -1, -1, -1, -1, -1, -1, -1, -1, -1, -1, -1, -1, -1, -1, -1, -1, -1, -1, -1, -1, -1, -1, -1, -1, -1, -1, -1, -1, -1, -1, -1, -1, -1, -1, -1, -1, -1, -1, -1, -1, -1, -1, -1, -1, -1, -1, -1, -1, -1, -1, -1, -1, -1, -1, -1, -1, -1, -1, -1, -1, -1, -1, -1, -1, -1, -1, -1, -1, -1, -1, -1, -1, -1, -1, -1, -1, -1, -1, -1, -1, -1, -1, -1, -1, -1, -1, -1, -1, -1, -1, -1, -1, -1, -1, -1, -1, -1, -1, -1, -1, -1, -1, -1, -1, -1, -1, -1, -1, -1, -1, -1, -1, -1, -1, -1, -1, -1, -1, -1, -1, -1, -1, -1, -1, -1, -1, -1, -1, -1, -1, -1, -1, -1, -1, -1, -1, -1, -1, -1, -1, -1, -1, -1, -1, -1, -1, -1, -1, -1, -1, -1, -1, -1, -1, -1, -1, -1, -1, -1, -1, -1, -1, -1, -1, -1, -1, -1, -1, -1, -1, -1, -1, -1, -1, -1, -1, -1, -1, -1, -1, -1, -1, -1, -1, -1, -1, -1, -1, -1, -1, -1, -1, -1, -1]"
150,15,24,1.0,None,1,237,"[{'cluster_no': -1, 'count': 237}]","[-1, -1, -1, -1, -1, -1, -1, -1, -1, -1, -1, -1, -1, -1, -1, -1, -1, -1, -1, -1, -1, -1, -1, -1, -1, -1, -1, -1, -1, -1, -1, -1, -1, -1, -1, -1, -1, -1, -1, -1, -1, -1, -1, -1, -1, -1, -1, -1, -1, -1, -1, -1, -1, -1, -1, -1, -1, -1, -1, -1, -1, -1, -1, -1, -1, -1, -1, -1, -1, -1, -1, -1, -1, -1, -1, -1, -1, -1, -1, -1, -1, -1, -1, -1, -1, -1, -1, -1, -1, -1, -1, -1, -1, -1, -1, -1, -1, -1, -1, -1, -1, -1, -1, -1, -1, -1, -1, -1, -1, -1, -1, -1, -1, -1, -1, -1, -1, -1, -1, -1, -1, -1, -1, -1, -1, -1, -1, -1, -1, -1, -1, -1, -1, -1, -1, -1, -1, -1, -1, -1, -1, -1, -1, -1, -1, -1, -1, -1, -1, -1, -1, -1, -1, -1, -1, -1, -1, -1, -1, -1, -1, -1, -1, -1, -1, -1, -1, -1, -1, -1, -1, -1, -1, -1, -1, -1, -1, -1, -1, -1, -1, -1, -1, -1, -1, -1, -1, -1, -1, -1, -1, -1, -1, -1, -1, -1, -1, -1, -1, -1, -1, -1, -1, -1, -1, -1, -1, -1, -1, -1, -1, -1, -1, -1, -1, -1, -1, -1, -1, -1, -1, -1, -1, -1, -1, -1, -1, -1, -1, -1, -1, -1, -1, -1, -1, -1, -1]"
150,15,25,0.0,None,1,237,"[{'cluster_no': -1, 'count': 237}]","[-1, -1, -1, -1, -1, -1, -1, -1, -1, -1, -1, -1, -1, -1, -1, -1, -1, -1, -1, -1, -1, -1, -1, -1, -1, -1, -1, -1, -1, -1, -1, -1, -1, -1, -1, -1, -1, -1, -1, -1, -1, -1, -1, -1, -1, -1, -1, -1, -1, -1, -1, -1, -1, -1, -1, -1, -1, -1, -1, -1, -1, -1, -1, -1, -1, -1, -1, -1, -1, -1, -1, -1, -1, -1, -1, -1, -1, -1, -1, -1, -1, -1, -1, -1, -1, -1, -1, -1, -1, -1, -1, -1, -1, -1, -1, -1, -1, -1, -1, -1, -1, -1, -1, -1, -1, -1, -1, -1, -1, -1, -1, -1, -1, -1, -1, -1, -1, -1, -1, -1, -1, -1, -1, -1, -1, -1, -1, -1, -1, -1, -1, -1, -1, -1, -1, -1, -1, -1, -1, -1, -1, -1, -1, -1, -1, -1, -1, -1, -1, -1, -1, -1, -1, -1, -1, -1, -1, -1, -1, -1, -1, -1, -1, -1, -1, -1, -1, -1, -1, -1, -1, -1, -1, -1, -1, -1, -1, -1, -1, -1, -1, -1, -1, -1, -1, -1, -1, -1, -1, -1, -1, -1, -1, -1, -1, -1, -1, -1, -1, -1, -1, -1, -1, -1, -1, -1, -1, -1, -1, -1, -1, -1, -1, -1, -1, -1, -1, -1, -1, -1, -1, -1, -1, -1, -1, -1, -1, -1, -1, -1, -1, -1, -1, -1, -1, -1, -1]"
150,15,25,0.5,None,1,237,"[{'cluster_no': -1, 'count': 237}]","[-1, -1, -1, -1, -1, -1, -1, -1, -1, -1, -1, -1, -1, -1, -1, -1, -1, -1, -1, -1, -1, -1, -1, -1, -1, -1, -1, -1, -1, -1, -1, -1, -1, -1, -1, -1, -1, -1, -1, -1, -1, -1, -1, -1, -1, -1, -1, -1, -1, -1, -1, -1, -1, -1, -1, -1, -1, -1, -1, -1, -1, -1, -1, -1, -1, -1, -1, -1, -1, -1, -1, -1, -1, -1, -1, -1, -1, -1, -1, -1, -1, -1, -1, -1, -1, -1, -1, -1, -1, -1, -1, -1, -1, -1, -1, -1, -1, -1, -1, -1, -1, -1, -1, -1, -1, -1, -1, -1, -1, -1, -1, -1, -1, -1, -1, -1, -1, -1, -1, -1, -1, -1, -1, -1, -1, -1, -1, -1, -1, -1, -1, -1, -1, -1, -1, -1, -1, -1, -1, -1, -1, -1, -1, -1, -1, -1, -1, -1, -1, -1, -1, -1, -1, -1, -1, -1, -1, -1, -1, -1, -1, -1, -1, -1, -1, -1, -1, -1, -1, -1, -1, -1, -1, -1, -1, -1, -1, -1, -1, -1, -1, -1, -1, -1, -1, -1, -1, -1, -1, -1, -1, -1, -1, -1, -1, -1, -1, -1, -1, -1, -1, -1, -1, -1, -1, -1, -1, -1, -1, -1, -1, -1, -1, -1, -1, -1, -1, -1, -1, -1, -1, -1, -1, -1, -1, -1, -1, -1, -1, -1, -1, -1, -1, -1, -1, -1, -1]"
150,15,25,1.0,None,1,237,"[{'cluster_no': -1, 'count': 237}]","[-1, -1, -1, -1, -1, -1, -1, -1, -1, -1, -1, -1, -1, -1, -1, -1, -1, -1, -1, -1, -1, -1, -1, -1, -1, -1, -1, -1, -1, -1, -1, -1, -1, -1, -1, -1, -1, -1, -1, -1, -1, -1, -1, -1, -1, -1, -1, -1, -1, -1, -1, -1, -1, -1, -1, -1, -1, -1, -1, -1, -1, -1, -1, -1, -1, -1, -1, -1, -1, -1, -1, -1, -1, -1, -1, -1, -1, -1, -1, -1, -1, -1, -1, -1, -1, -1, -1, -1, -1, -1, -1, -1, -1, -1, -1, -1, -1, -1, -1, -1, -1, -1, -1, -1, -1, -1, -1, -1, -1, -1, -1, -1, -1, -1, -1, -1, -1, -1, -1, -1, -1, -1, -1, -1, -1, -1, -1, -1, -1, -1, -1, -1, -1, -1, -1, -1, -1, -1, -1, -1, -1, -1, -1, -1, -1, -1, -1, -1, -1, -1, -1, -1, -1, -1, -1, -1, -1, -1, -1, -1, -1, -1, -1, -1, -1, -1, -1, -1, -1, -1, -1, -1, -1, -1, -1, -1, -1, -1, -1, -1, -1, -1, -1, -1, -1, -1, -1, -1, -1, -1, -1, -1, -1, -1, -1, -1, -1, -1, -1, -1, -1, -1, -1, -1, -1, -1, -1, -1, -1, -1, -1, -1, -1, -1, -1, -1, -1, -1, -1, -1, -1, -1, -1, -1, -1, -1, -1, -1, -1, -1, -1, -1, -1, -1, -1, -1, -1]"
150,15,26,0.0,None,1,237,"[{'cluster_no': -1, 'count': 237}]","[-1, -1, -1, -1, -1, -1, -1, -1, -1, -1, -1, -1, -1, -1, -1, -1, -1, -1, -1, -1, -1, -1, -1, -1, -1, -1, -1, -1, -1, -1, -1, -1, -1, -1, -1, -1, -1, -1, -1, -1, -1, -1, -1, -1, -1, -1, -1, -1, -1, -1, -1, -1, -1, -1, -1, -1, -1, -1, -1, -1, -1, -1, -1, -1, -1, -1, -1, -1, -1, -1, -1, -1, -1, -1, -1, -1, -1, -1, -1, -1, -1, -1, -1, -1, -1, -1, -1, -1, -1, -1, -1, -1, -1, -1, -1, -1, -1, -1, -1, -1, -1, -1, -1, -1, -1, -1, -1, -1, -1, -1, -1, -1, -1, -1, -1, -1, -1, -1, -1, -1, -1, -1, -1, -1, -1, -1, -1, -1, -1, -1, -1, -1, -1, -1, -1, -1, -1, -1, -1, -1, -1, -1, -1, -1, -1, -1, -1, -1, -1, -1, -1, -1, -1, -1, -1, -1, -1, -1, -1, -1, -1, -1, -1, -1, -1, -1, -1, -1, -1, -1, -1, -1, -1, -1, -1, -1, -1, -1, -1, -1, -1, -1, -1, -1, -1, -1, -1, -1, -1, -1, -1, -1, -1, -1, -1, -1, -1, -1, -1, -1, -1, -1, -1, -1, -1, -1, -1, -1, -1, -1, -1, -1, -1, -1, -1, -1, -1, -1, -1, -1, -1, -1, -1, -1, -1, -1, -1, -1, -1, -1, -1, -1, -1, -1, -1, -1, -1]"
150,15,26,0.5,None,1,237,"[{'cluster_no': -1, 'count': 237}]","[-1, -1, -1, -1, -1, -1, -1, -1, -1, -1, -1, -1, -1, -1, -1, -1, -1, -1, -1, -1, -1, -1, -1, -1, -1, -1, -1, -1, -1, -1, -1, -1, -1, -1, -1, -1, -1, -1, -1, -1, -1, -1, -1, -1, -1, -1, -1, -1, -1, -1, -1, -1, -1, -1, -1, -1, -1, -1, -1, -1, -1, -1, -1, -1, -1, -1, -1, -1, -1, -1, -1, -1, -1, -1, -1, -1, -1, -1, -1, -1, -1, -1, -1, -1, -1, -1, -1, -1, -1, -1, -1, -1, -1, -1, -1, -1, -1, -1, -1, -1, -1, -1, -1, -1, -1, -1, -1, -1, -1, -1, -1, -1, -1, -1, -1, -1, -1, -1, -1, -1, -1, -1, -1, -1, -1, -1, -1, -1, -1, -1, -1, -1, -1, -1, -1, -1, -1, -1, -1, -1, -1, -1, -1, -1, -1, -1, -1, -1, -1, -1, -1, -1, -1, -1, -1, -1, -1, -1, -1, -1, -1, -1, -1, -1, -1, -1, -1, -1, -1, -1, -1, -1, -1, -1, -1, -1, -1, -1, -1, -1, -1, -1, -1, -1, -1, -1, -1, -1, -1, -1, -1, -1, -1, -1, -1, -1, -1, -1, -1, -1, -1, -1, -1, -1, -1, -1, -1, -1, -1, -1, -1, -1, -1, -1, -1, -1, -1, -1, -1, -1, -1, -1, -1, -1, -1, -1, -1, -1, -1, -1, -1, -1, -1, -1, -1, -1, -1]"
150,15,26,1.0,None,1,237,"[{'cluster_no': -1, 'count': 237}]","[-1, -1, -1, -1, -1, -1, -1, -1, -1, -1, -1, -1, -1, -1, -1, -1, -1, -1, -1, -1, -1, -1, -1, -1, -1, -1, -1, -1, -1, -1, -1, -1, -1, -1, -1, -1, -1, -1, -1, -1, -1, -1, -1, -1, -1, -1, -1, -1, -1, -1, -1, -1, -1, -1, -1, -1, -1, -1, -1, -1, -1, -1, -1, -1, -1, -1, -1, -1, -1, -1, -1, -1, -1, -1, -1, -1, -1, -1, -1, -1, -1, -1, -1, -1, -1, -1, -1, -1, -1, -1, -1, -1, -1, -1, -1, -1, -1, -1, -1, -1, -1, -1, -1, -1, -1, -1, -1, -1, -1, -1, -1, -1, -1, -1, -1, -1, -1, -1, -1, -1, -1, -1, -1, -1, -1, -1, -1, -1, -1, -1, -1, -1, -1, -1, -1, -1, -1, -1, -1, -1, -1, -1, -1, -1, -1, -1, -1, -1, -1, -1, -1, -1, -1, -1, -1, -1, -1, -1, -1, -1, -1, -1, -1, -1, -1, -1, -1, -1, -1, -1, -1, -1, -1, -1, -1, -1, -1, -1, -1, -1, -1, -1, -1, -1, -1, -1, -1, -1, -1, -1, -1, -1, -1, -1, -1, -1, -1, -1, -1, -1, -1, -1, -1, -1, -1, -1, -1, -1, -1, -1, -1, -1, -1, -1, -1, -1, -1, -1, -1, -1, -1, -1, -1, -1, -1, -1, -1, -1, -1, -1, -1, -1, -1, -1, -1, -1, -1]"
150,15,27,0.0,None,1,237,"[{'cluster_no': -1, 'count': 237}]","[-1, -1, -1, -1, -1, -1, -1, -1, -1, -1, -1, -1, -1, -1, -1, -1, -1, -1, -1, -1, -1, -1, -1, -1, -1, -1, -1, -1, -1, -1, -1, -1, -1, -1, -1, -1, -1, -1, -1, -1, -1, -1, -1, -1, -1, -1, -1, -1, -1, -1, -1, -1, -1, -1, -1, -1, -1, -1, -1, -1, -1, -1, -1, -1, -1, -1, -1, -1, -1, -1, -1, -1, -1, -1, -1, -1, -1, -1, -1, -1, -1, -1, -1, -1, -1, -1, -1, -1, -1, -1, -1, -1, -1, -1, -1, -1, -1, -1, -1, -1, -1, -1, -1, -1, -1, -1, -1, -1, -1, -1, -1, -1, -1, -1, -1, -1, -1, -1, -1, -1, -1, -1, -1, -1, -1, -1, -1, -1, -1, -1, -1, -1, -1, -1, -1, -1, -1, -1, -1, -1, -1, -1, -1, -1, -1, -1, -1, -1, -1, -1, -1, -1, -1, -1, -1, -1, -1, -1, -1, -1, -1, -1, -1, -1, -1, -1, -1, -1, -1, -1, -1, -1, -1, -1, -1, -1, -1, -1, -1, -1, -1, -1, -1, -1, -1, -1, -1, -1, -1, -1, -1, -1, -1, -1, -1, -1, -1, -1, -1, -1, -1, -1, -1, -1, -1, -1, -1, -1, -1, -1, -1, -1, -1, -1, -1, -1, -1, -1, -1, -1, -1, -1, -1, -1, -1, -1, -1, -1, -1, -1, -1, -1, -1, -1, -1, -1, -1]"
150,15,27,0.5,None,1,237,"[{'cluster_no': -1, 'count': 237}]","[-1, -1, -1, -1, -1, -1, -1, -1, -1, -1, -1, -1, -1, -1, -1, -1, -1, -1, -1, -1, -1, -1, -1, -1, -1, -1, -1, -1, -1, -1, -1, -1, -1, -1, -1, -1, -1, -1, -1, -1, -1, -1, -1, -1, -1, -1, -1, -1, -1, -1, -1, -1, -1, -1, -1, -1, -1, -1, -1, -1, -1, -1, -1, -1, -1, -1, -1, -1, -1, -1, -1, -1, -1, -1, -1, -1, -1, -1, -1, -1, -1, -1, -1, -1, -1, -1, -1, -1, -1, -1, -1, -1, -1, -1, -1, -1, -1, -1, -1, -1, -1, -1, -1, -1, -1, -1, -1, -1, -1, -1, -1, -1, -1, -1, -1, -1, -1, -1, -1, -1, -1, -1, -1, -1, -1, -1, -1, -1, -1, -1, -1, -1, -1, -1, -1, -1, -1, -1, -1, -1, -1, -1, -1, -1, -1, -1, -1, -1, -1, -1, -1, -1, -1, -1, -1, -1, -1, -1, -1, -1, -1, -1, -1, -1, -1, -1, -1, -1, -1, -1, -1, -1, -1, -1, -1, -1, -1, -1, -1, -1, -1, -1, -1, -1, -1, -1, -1, -1, -1, -1, -1, -1, -1, -1, -1, -1, -1, -1, -1, -1, -1, -1, -1, -1, -1, -1, -1, -1, -1, -1, -1, -1, -1, -1, -1, -1, -1, -1, -1, -1, -1, -1, -1, -1, -1, -1, -1, -1, -1, -1, -1, -1, -1, -1, -1, -1, -1]"
150,15,27,1.0,None,1,237,"[{'cluster_no': -1, 'count': 237}]","[-1, -1, -1, -1, -1, -1, -1, -1, -1, -1, -1, -1, -1, -1, -1, -1, -1, -1, -1, -1, -1, -1, -1, -1, -1, -1, -1, -1, -1, -1, -1, -1, -1, -1, -1, -1, -1, -1, -1, -1, -1, -1, -1, -1, -1, -1, -1, -1, -1, -1, -1, -1, -1, -1, -1, -1, -1, -1, -1, -1, -1, -1, -1, -1, -1, -1, -1, -1, -1, -1, -1, -1, -1, -1, -1, -1, -1, -1, -1, -1, -1, -1, -1, -1, -1, -1, -1, -1, -1, -1, -1, -1, -1, -1, -1, -1, -1, -1, -1, -1, -1, -1, -1, -1, -1, -1, -1, -1, -1, -1, -1, -1, -1, -1, -1, -1, -1, -1, -1, -1, -1, -1, -1, -1, -1, -1, -1, -1, -1, -1, -1, -1, -1, -1, -1, -1, -1, -1, -1, -1, -1, -1, -1, -1, -1, -1, -1, -1, -1, -1, -1, -1, -1, -1, -1, -1, -1, -1, -1, -1, -1, -1, -1, -1, -1, -1, -1, -1, -1, -1, -1, -1, -1, -1, -1, -1, -1, -1, -1, -1, -1, -1, -1, -1, -1, -1, -1, -1, -1, -1, -1, -1, -1, -1, -1, -1, -1, -1, -1, -1, -1, -1, -1, -1, -1, -1, -1, -1, -1, -1, -1, -1, -1, -1, -1, -1, -1, -1, -1, -1, -1, -1, -1, -1, -1, -1, -1, -1, -1, -1, -1, -1, -1, -1, -1, -1, -1]"
150,15,28,0.0,None,1,237,"[{'cluster_no': -1, 'count': 237}]","[-1, -1, -1, -1, -1, -1, -1, -1, -1, -1, -1, -1, -1, -1, -1, -1, -1, -1, -1, -1, -1, -1, -1, -1, -1, -1, -1, -1, -1, -1, -1, -1, -1, -1, -1, -1, -1, -1, -1, -1, -1, -1, -1, -1, -1, -1, -1, -1, -1, -1, -1, -1, -1, -1, -1, -1, -1, -1, -1, -1, -1, -1, -1, -1, -1, -1, -1, -1, -1, -1, -1, -1, -1, -1, -1, -1, -1, -1, -1, -1, -1, -1, -1, -1, -1, -1, -1, -1, -1, -1, -1, -1, -1, -1, -1, -1, -1, -1, -1, -1, -1, -1, -1, -1, -1, -1, -1, -1, -1, -1, -1, -1, -1, -1, -1, -1, -1, -1, -1, -1, -1, -1, -1, -1, -1, -1, -1, -1, -1, -1, -1, -1, -1, -1, -1, -1, -1, -1, -1, -1, -1, -1, -1, -1, -1, -1, -1, -1, -1, -1, -1, -1, -1, -1, -1, -1, -1, -1, -1, -1, -1, -1, -1, -1, -1, -1, -1, -1, -1, -1, -1, -1, -1, -1, -1, -1, -1, -1, -1, -1, -1, -1, -1, -1, -1, -1, -1, -1, -1, -1, -1, -1, -1, -1, -1, -1, -1, -1, -1, -1, -1, -1, -1, -1, -1, -1, -1, -1, -1, -1, -1, -1, -1, -1, -1, -1, -1, -1, -1, -1, -1, -1, -1, -1, -1, -1, -1, -1, -1, -1, -1, -1, -1, -1, -1, -1, -1]"
150,15,28,0.5,None,1,237,"[{'cluster_no': -1, 'count': 237}]","[-1, -1, -1, -1, -1, -1, -1, -1, -1, -1, -1, -1, -1, -1, -1, -1, -1, -1, -1, -1, -1, -1, -1, -1, -1, -1, -1, -1, -1, -1, -1, -1, -1, -1, -1, -1, -1, -1, -1, -1, -1, -1, -1, -1, -1, -1, -1, -1, -1, -1, -1, -1, -1, -1, -1, -1, -1, -1, -1, -1, -1, -1, -1, -1, -1, -1, -1, -1, -1, -1, -1, -1, -1, -1, -1, -1, -1, -1, -1, -1, -1, -1, -1, -1, -1, -1, -1, -1, -1, -1, -1, -1, -1, -1, -1, -1, -1, -1, -1, -1, -1, -1, -1, -1, -1, -1, -1, -1, -1, -1, -1, -1, -1, -1, -1, -1, -1, -1, -1, -1, -1, -1, -1, -1, -1, -1, -1, -1, -1, -1, -1, -1, -1, -1, -1, -1, -1, -1, -1, -1, -1, -1, -1, -1, -1, -1, -1, -1, -1, -1, -1, -1, -1, -1, -1, -1, -1, -1, -1, -1, -1, -1, -1, -1, -1, -1, -1, -1, -1, -1, -1, -1, -1, -1, -1, -1, -1, -1, -1, -1, -1, -1, -1, -1, -1, -1, -1, -1, -1, -1, -1, -1, -1, -1, -1, -1, -1, -1, -1, -1, -1, -1, -1, -1, -1, -1, -1, -1, -1, -1, -1, -1, -1, -1, -1, -1, -1, -1, -1, -1, -1, -1, -1, -1, -1, -1, -1, -1, -1, -1, -1, -1, -1, -1, -1, -1, -1]"
150,15,28,1.0,None,1,237,"[{'cluster_no': -1, 'count': 237}]","[-1, -1, -1, -1, -1, -1, -1, -1, -1, -1, -1, -1, -1, -1, -1, -1, -1, -1, -1, -1, -1, -1, -1, -1, -1, -1, -1, -1, -1, -1, -1, -1, -1, -1, -1, -1, -1, -1, -1, -1, -1, -1, -1, -1, -1, -1, -1, -1, -1, -1, -1, -1, -1, -1, -1, -1, -1, -1, -1, -1, -1, -1, -1, -1, -1, -1, -1, -1, -1, -1, -1, -1, -1, -1, -1, -1, -1, -1, -1, -1, -1, -1, -1, -1, -1, -1, -1, -1, -1, -1, -1, -1, -1, -1, -1, -1, -1, -1, -1, -1, -1, -1, -1, -1, -1, -1, -1, -1, -1, -1, -1, -1, -1, -1, -1, -1, -1, -1, -1, -1, -1, -1, -1, -1, -1, -1, -1, -1, -1, -1, -1, -1, -1, -1, -1, -1, -1, -1, -1, -1, -1, -1, -1, -1, -1, -1, -1, -1, -1, -1, -1, -1, -1, -1, -1, -1, -1, -1, -1, -1, -1, -1, -1, -1, -1, -1, -1, -1, -1, -1, -1, -1, -1, -1, -1, -1, -1, -1, -1, -1, -1, -1, -1, -1, -1, -1, -1, -1, -1, -1, -1, -1, -1, -1, -1, -1, -1, -1, -1, -1, -1, -1, -1, -1, -1, -1, -1, -1, -1, -1, -1, -1, -1, -1, -1, -1, -1, -1, -1, -1, -1, -1, -1, -1, -1, -1, -1, -1, -1, -1, -1, -1, -1, -1, -1, -1, -1]"
150,15,29,0.0,None,1,237,"[{'cluster_no': -1, 'count': 237}]","[-1, -1, -1, -1, -1, -1, -1, -1, -1, -1, -1, -1, -1, -1, -1, -1, -1, -1, -1, -1, -1, -1, -1, -1, -1, -1, -1, -1, -1, -1, -1, -1, -1, -1, -1, -1, -1, -1, -1, -1, -1, -1, -1, -1, -1, -1, -1, -1, -1, -1, -1, -1, -1, -1, -1, -1, -1, -1, -1, -1, -1, -1, -1, -1, -1, -1, -1, -1, -1, -1, -1, -1, -1, -1, -1, -1, -1, -1, -1, -1, -1, -1, -1, -1, -1, -1, -1, -1, -1, -1, -1, -1, -1, -1, -1, -1, -1, -1, -1, -1, -1, -1, -1, -1, -1, -1, -1, -1, -1, -1, -1, -1, -1, -1, -1, -1, -1, -1, -1, -1, -1, -1, -1, -1, -1, -1, -1, -1, -1, -1, -1, -1, -1, -1, -1, -1, -1, -1, -1, -1, -1, -1, -1, -1, -1, -1, -1, -1, -1, -1, -1, -1, -1, -1, -1, -1, -1, -1, -1, -1, -1, -1, -1, -1, -1, -1, -1, -1, -1, -1, -1, -1, -1, -1, -1, -1, -1, -1, -1, -1, -1, -1, -1, -1, -1, -1, -1, -1, -1, -1, -1, -1, -1, -1, -1, -1, -1, -1, -1, -1, -1, -1, -1, -1, -1, -1, -1, -1, -1, -1, -1, -1, -1, -1, -1, -1, -1, -1, -1, -1, -1, -1, -1, -1, -1, -1, -1, -1, -1, -1, -1, -1, -1, -1, -1, -1, -1]"
150,15,29,0.5,None,1,237,"[{'cluster_no': -1, 'count': 237}]","[-1, -1, -1, -1, -1, -1, -1, -1, -1, -1, -1, -1, -1, -1, -1, -1, -1, -1, -1, -1, -1, -1, -1, -1, -1, -1, -1, -1, -1, -1, -1, -1, -1, -1, -1, -1, -1, -1, -1, -1, -1, -1, -1, -1, -1, -1, -1, -1, -1, -1, -1, -1, -1, -1, -1, -1, -1, -1, -1, -1, -1, -1, -1, -1, -1, -1, -1, -1, -1, -1, -1, -1, -1, -1, -1, -1, -1, -1, -1, -1, -1, -1, -1, -1, -1, -1, -1, -1, -1, -1, -1, -1, -1, -1, -1, -1, -1, -1, -1, -1, -1, -1, -1, -1, -1, -1, -1, -1, -1, -1, -1, -1, -1, -1, -1, -1, -1, -1, -1, -1, -1, -1, -1, -1, -1, -1, -1, -1, -1, -1, -1, -1, -1, -1, -1, -1, -1, -1, -1, -1, -1, -1, -1, -1, -1, -1, -1, -1, -1, -1, -1, -1, -1, -1, -1, -1, -1, -1, -1, -1, -1, -1, -1, -1, -1, -1, -1, -1, -1, -1, -1, -1, -1, -1, -1, -1, -1, -1, -1, -1, -1, -1, -1, -1, -1, -1, -1, -1, -1, -1, -1, -1, -1, -1, -1, -1, -1, -1, -1, -1, -1, -1, -1, -1, -1, -1, -1, -1, -1, -1, -1, -1, -1, -1, -1, -1, -1, -1, -1, -1, -1, -1, -1, -1, -1, -1, -1, -1, -1, -1, -1, -1, -1, -1, -1, -1, -1]"
150,15,29,1.0,None,1,237,"[{'cluster_no': -1, 'count': 237}]","[-1, -1, -1, -1, -1, -1, -1, -1, -1, -1, -1, -1, -1, -1, -1, -1, -1, -1, -1, -1, -1, -1, -1, -1, -1, -1, -1, -1, -1, -1, -1, -1, -1, -1, -1, -1, -1, -1, -1, -1, -1, -1, -1, -1, -1, -1, -1, -1, -1, -1, -1, -1, -1, -1, -1, -1, -1, -1, -1, -1, -1, -1, -1, -1, -1, -1, -1, -1, -1, -1, -1, -1, -1, -1, -1, -1, -1, -1, -1, -1, -1, -1, -1, -1, -1, -1, -1, -1, -1, -1, -1, -1, -1, -1, -1, -1, -1, -1, -1, -1, -1, -1, -1, -1, -1, -1, -1, -1, -1, -1, -1, -1, -1, -1, -1, -1, -1, -1, -1, -1, -1, -1, -1, -1, -1, -1, -1, -1, -1, -1, -1, -1, -1, -1, -1, -1, -1, -1, -1, -1, -1, -1, -1, -1, -1, -1, -1, -1, -1, -1, -1, -1, -1, -1, -1, -1, -1, -1, -1, -1, -1, -1, -1, -1, -1, -1, -1, -1, -1, -1, -1, -1, -1, -1, -1, -1, -1, -1, -1, -1, -1, -1, -1, -1, -1, -1, -1, -1, -1, -1, -1, -1, -1, -1, -1, -1, -1, -1, -1, -1, -1, -1, -1, -1, -1, -1, -1, -1, -1, -1, -1, -1, -1, -1, -1, -1, -1, -1, -1, -1, -1, -1, -1, -1, -1, -1, -1, -1, -1, -1, -1, -1, -1, -1, -1, -1, -1]"
150,15,30,0.0,None,1,237,"[{'cluster_no': -1, 'count': 237}]","[-1, -1, -1, -1, -1, -1, -1, -1, -1, -1, -1, -1, -1, -1, -1, -1, -1, -1, -1, -1, -1, -1, -1, -1, -1, -1, -1, -1, -1, -1, -1, -1, -1, -1, -1, -1, -1, -1, -1, -1, -1, -1, -1, -1, -1, -1, -1, -1, -1, -1, -1, -1, -1, -1, -1, -1, -1, -1, -1, -1, -1, -1, -1, -1, -1, -1, -1, -1, -1, -1, -1, -1, -1, -1, -1, -1, -1, -1, -1, -1, -1, -1, -1, -1, -1, -1, -1, -1, -1, -1, -1, -1, -1, -1, -1, -1, -1, -1, -1, -1, -1, -1, -1, -1, -1, -1, -1, -1, -1, -1, -1, -1, -1, -1, -1, -1, -1, -1, -1, -1, -1, -1, -1, -1, -1, -1, -1, -1, -1, -1, -1, -1, -1, -1, -1, -1, -1, -1, -1, -1, -1, -1, -1, -1, -1, -1, -1, -1, -1, -1, -1, -1, -1, -1, -1, -1, -1, -1, -1, -1, -1, -1, -1, -1, -1, -1, -1, -1, -1, -1, -1, -1, -1, -1, -1, -1, -1, -1, -1, -1, -1, -1, -1, -1, -1, -1, -1, -1, -1, -1, -1, -1, -1, -1, -1, -1, -1, -1, -1, -1, -1, -1, -1, -1, -1, -1, -1, -1, -1, -1, -1, -1, -1, -1, -1, -1, -1, -1, -1, -1, -1, -1, -1, -1, -1, -1, -1, -1, -1, -1, -1, -1, -1, -1, -1, -1, -1]"
150,15,30,0.5,None,1,237,"[{'cluster_no': -1, 'count': 237}]","[-1, -1, -1, -1, -1, -1, -1, -1, -1, -1, -1, -1, -1, -1, -1, -1, -1, -1, -1, -1, -1, -1, -1, -1, -1, -1, -1, -1, -1, -1, -1, -1, -1, -1, -1, -1, -1, -1, -1, -1, -1, -1, -1, -1, -1, -1, -1, -1, -1, -1, -1, -1, -1, -1, -1, -1, -1, -1, -1, -1, -1, -1, -1, -1, -1, -1, -1, -1, -1, -1, -1, -1, -1, -1, -1, -1, -1, -1, -1, -1, -1, -1, -1, -1, -1, -1, -1, -1, -1, -1, -1, -1, -1, -1, -1, -1, -1, -1, -1, -1, -1, -1, -1, -1, -1, -1, -1, -1, -1, -1, -1, -1, -1, -1, -1, -1, -1, -1, -1, -1, -1, -1, -1, -1, -1, -1, -1, -1, -1, -1, -1, -1, -1, -1, -1, -1, -1, -1, -1, -1, -1, -1, -1, -1, -1, -1, -1, -1, -1, -1, -1, -1, -1, -1, -1, -1, -1, -1, -1, -1, -1, -1, -1, -1, -1, -1, -1, -1, -1, -1, -1, -1, -1, -1, -1, -1, -1, -1, -1, -1, -1, -1, -1, -1, -1, -1, -1, -1, -1, -1, -1, -1, -1, -1, -1, -1, -1, -1, -1, -1, -1, -1, -1, -1, -1, -1, -1, -1, -1, -1, -1, -1, -1, -1, -1, -1, -1, -1, -1, -1, -1, -1, -1, -1, -1, -1, -1, -1, -1, -1, -1, -1, -1, -1, -1, -1, -1]"
150,15,30,1.0,None,1,237,"[{'cluster_no': -1, 'count': 237}]","[-1, -1, -1, -1, -1, -1, -1, -1, -1, -1, -1, -1, -1, -1, -1, -1, -1, -1, -1, -1, -1, -1, -1, -1, -1, -1, -1, -1, -1, -1, -1, -1, -1, -1, -1, -1, -1, -1, -1, -1, -1, -1, -1, -1, -1, -1, -1, -1, -1, -1, -1, -1, -1, -1, -1, -1, -1, -1, -1, -1, -1, -1, -1, -1, -1, -1, -1, -1, -1, -1, -1, -1, -1, -1, -1, -1, -1, -1, -1, -1, -1, -1, -1, -1, -1, -1, -1, -1, -1, -1, -1, -1, -1, -1, -1, -1, -1, -1, -1, -1, -1, -1, -1, -1, -1, -1, -1, -1, -1, -1, -1, -1, -1, -1, -1, -1, -1, -1, -1, -1, -1, -1, -1, -1, -1, -1, -1, -1, -1, -1, -1, -1, -1, -1, -1, -1, -1, -1, -1, -1, -1, -1, -1, -1, -1, -1, -1, -1, -1, -1, -1, -1, -1, -1, -1, -1, -1, -1, -1, -1, -1, -1, -1, -1, -1, -1, -1, -1, -1, -1, -1, -1, -1, -1, -1, -1, -1, -1, -1, -1, -1, -1, -1, -1, -1, -1, -1, -1, -1, -1, -1, -1, -1, -1, -1, -1, -1, -1, -1, -1, -1, -1, -1, -1, -1, -1, -1, -1, -1, -1, -1, -1, -1, -1, -1, -1, -1, -1, -1, -1, -1, -1, -1, -1, -1, -1, -1, -1, -1, -1, -1, -1, -1, -1, -1, -1, -1]"
150,16,5,0.0,0.6710249765717473,4,195,"[{'cluster_no': -1, 'count': 195}, {'cluster_no': 0, 'count': 13}, {'cluster_no': 1, 'count': 21}, {'cluster_no': 2, 'count': 8}]","[-1, 0, 0, -1, -1, -1, -1, 0, -1, -1, -1, -1, -1, -1, -1, -1, 0, -1, -1, -1, -1, -1, -1, -1, -1, -1, -1, -1, -1, 1, -1, -1, -1, 0, -1, -1, -1, -1, -1, -1, -1, 2, -1, -1, 0, 1, -1, -1, 0, -1, -1, -1, 0, -1, -1, -1, -1, 1, -1, -1, -1, -1, -1, -1, -1, -1, -1, -1, -1, -1, -1, -1, 0, -1, 2, -1, -1, -1, -1, -1, 1, -1, -1, -1, -1, -1, -1, -1, 1, -1, -1, -1, -1, -1, -1, -1, -1, -1, -1, -1, -1, -1, -1, -1, -1, -1, -1, 1, -1, -1, -1, -1, -1, -1, -1, -1, 1, -1, -1, -1, -1, -1, -1, -1, -1, 1, 0, -1, -1, -1, 2, -1, -1, -1, -1, -1, 1, -1, -1, -1, -1, 0, -1, 2, -1, -1, -1, -1, -1, -1, -1, -1, -1, -1, -1, -1, -1, -1, 1, 2, 1, -1, -1, -1, -1, 0, 1, -1, 1, -1, -1, 0, 1, -1, 1, -1, -1, -1, -1, -1, -1, 1, -1, -1, 1, -1, 1, -1, -1, -1, -1, -1, -1, -1, -1, -1, -1, -1, -1, -1, -1, -1, -1, -1, -1, -1, 1, 1, 2, 2, 2, 1, -1, -1, -1, -1, -1, -1, -1, -1, -1, -1, -1, -1, -1, -1, -1, -1, -1, -1, -1, -1, -1, -1, -1, -1, -1]"
150,16,5,0.5,0.6343339129107347,3,192,"[{'cluster_no': -1, 'count': 192}, {'cluster_no': 0, 'count': 32}, {'cluster_no': 1, 'count': 13}]","[-1, 1, 1, -1, -1, -1, -1, 1, -1, -1, -1, -1, -1, -1, -1, -1, 1, -1, -1, -1, -1, -1, -1, -1, -1, -1, -1, -1, -1, 0, -1, -1, -1, 1, -1, -1, -1, -1, -1, -1, -1, 0, -1, -1, 1, 0, -1, -1, 1, -1, -1, -1, 1, -1, -1, -1, -1, 0, -1, -1, -1, -1, -1, -1, -1, -1, -1, -1, -1, -1, -1, -1, 1, -1, 0, -1, -1, -1, -1, -1, 0, -1, -1, -1, -1, -1, -1, -1, 0, -1, -1, -1, -1, -1, -1, -1, -1, -1, -1, -1, 0, -1, -1, -1, -1, -1, -1, 0, -1, -1, -1, -1, -1, -1, -1, -1, 0, -1, -1, -1, -1, -1, -1, -1, -1, 0, 1, -1, -1, -1, 0, -1, -1, -1, -1, -1, 0, -1, -1, -1, -1, 1, -1, 0, -1, -1, -1, -1, -1, -1, -1, -1, -1, -1, -1, -1, -1, -1, 0, 0, 0, -1, -1, -1, -1, 1, 0, -1, 0, -1, -1, 1, 0, -1, 0, -1, -1, -1, -1, -1, -1, 0, -1, -1, 0, -1, 0, -1, -1, -1, -1, -1, -1, -1, -1, -1, 0, -1, -1, -1, -1, -1, 0, -1, -1, -1, 0, 0, 0, 0, 0, 0, -1, -1, -1, -1, -1, -1, -1, -1, -1, -1, -1, -1, -1, -1, -1, -1, -1, -1, -1, -1, -1, -1, -1, -1, -1]"
150,16,5,1.0,0.6343339129107347,3,192,"[{'cluster_no': -1, 'count': 192}, {'cluster_no': 0, 'count': 32}, {'cluster_no': 1, 'count': 13}]","[-1, 1, 1, -1, -1, -1, -1, 1, -1, -1, -1, -1, -1, -1, -1, -1, 1, -1, -1, -1, -1, -1, -1, -1, -1, -1, -1, -1, -1, 0, -1, -1, -1, 1, -1, -1, -1, -1, -1, -1, -1, 0, -1, -1, 1, 0, -1, -1, 1, -1, -1, -1, 1, -1, -1, -1, -1, 0, -1, -1, -1, -1, -1, -1, -1, -1, -1, -1, -1, -1, -1, -1, 1, -1, 0, -1, -1, -1, -1, -1, 0, -1, -1, -1, -1, -1, -1, -1, 0, -1, -1, -1, -1, -1, -1, -1, -1, -1, -1, -1, 0, -1, -1, -1, -1, -1, -1, 0, -1, -1, -1, -1, -1, -1, -1, -1, 0, -1, -1, -1, -1, -1, -1, -1, -1, 0, 1, -1, -1, -1, 0, -1, -1, -1, -1, -1, 0, -1, -1, -1, -1, 1, -1, 0, -1, -1, -1, -1, -1, -1, -1, -1, -1, -1, -1, -1, -1, -1, 0, 0, 0, -1, -1, -1, -1, 1, 0, -1, 0, -1, -1, 1, 0, -1, 0, -1, -1, -1, -1, -1, -1, 0, -1, -1, 0, -1, 0, -1, -1, -1, -1, -1, -1, -1, -1, -1, 0, -1, -1, -1, -1, -1, 0, -1, -1, -1, 0, 0, 0, 0, 0, 0, -1, -1, -1, -1, -1, -1, -1, -1, -1, -1, -1, -1, -1, -1, -1, -1, -1, -1, -1, -1, -1, -1, -1, -1, -1]"
150,16,6,0.0,0.6710249765717473,4,195,"[{'cluster_no': -1, 'count': 195}, {'cluster_no': 0, 'count': 13}, {'cluster_no': 1, 'count': 21}, {'cluster_no': 2, 'count': 8}]","[-1, 0, 0, -1, -1, -1, -1, 0, -1, -1, -1, -1, -1, -1, -1, -1, 0, -1, -1, -1, -1, -1, -1, -1, -1, -1, -1, -1, -1, 1, -1, -1, -1, 0, -1, -1, -1, -1, -1, -1, -1, 2, -1, -1, 0, 1, -1, -1, 0, -1, -1, -1, 0, -1, -1, -1, -1, 1, -1, -1, -1, -1, -1, -1, -1, -1, -1, -1, -1, -1, -1, -1, 0, -1, 2, -1, -1, -1, -1, -1, 1, -1, -1, -1, -1, -1, -1, -1, 1, -1, -1, -1, -1, -1, -1, -1, -1, -1, -1, -1, -1, -1, -1, -1, -1, -1, -1, 1, -1, -1, -1, -1, -1, -1, -1, -1, 1, -1, -1, -1, -1, -1, -1, -1, -1, 1, 0, -1, -1, -1, 2, -1, -1, -1, -1, -1, 1, -1, -1, -1, -1, 0, -1, 2, -1, -1, -1, -1, -1, -1, -1, -1, -1, -1, -1, -1, -1, -1, 1, 2, 1, -1, -1, -1, -1, 0, 1, -1, 1, -1, -1, 0, 1, -1, 1, -1, -1, -1, -1, -1, -1, 1, -1, -1, 1, -1, 1, -1, -1, -1, -1, -1, -1, -1, -1, -1, -1, -1, -1, -1, -1, -1, -1, -1, -1, -1, 1, 1, 2, 2, 2, 1, -1, -1, -1, -1, -1, -1, -1, -1, -1, -1, -1, -1, -1, -1, -1, -1, -1, -1, -1, -1, -1, -1, -1, -1, -1]"
150,16,6,0.5,0.6343339129107347,3,192,"[{'cluster_no': -1, 'count': 192}, {'cluster_no': 0, 'count': 32}, {'cluster_no': 1, 'count': 13}]","[-1, 1, 1, -1, -1, -1, -1, 1, -1, -1, -1, -1, -1, -1, -1, -1, 1, -1, -1, -1, -1, -1, -1, -1, -1, -1, -1, -1, -1, 0, -1, -1, -1, 1, -1, -1, -1, -1, -1, -1, -1, 0, -1, -1, 1, 0, -1, -1, 1, -1, -1, -1, 1, -1, -1, -1, -1, 0, -1, -1, -1, -1, -1, -1, -1, -1, -1, -1, -1, -1, -1, -1, 1, -1, 0, -1, -1, -1, -1, -1, 0, -1, -1, -1, -1, -1, -1, -1, 0, -1, -1, -1, -1, -1, -1, -1, -1, -1, -1, -1, 0, -1, -1, -1, -1, -1, -1, 0, -1, -1, -1, -1, -1, -1, -1, -1, 0, -1, -1, -1, -1, -1, -1, -1, -1, 0, 1, -1, -1, -1, 0, -1, -1, -1, -1, -1, 0, -1, -1, -1, -1, 1, -1, 0, -1, -1, -1, -1, -1, -1, -1, -1, -1, -1, -1, -1, -1, -1, 0, 0, 0, -1, -1, -1, -1, 1, 0, -1, 0, -1, -1, 1, 0, -1, 0, -1, -1, -1, -1, -1, -1, 0, -1, -1, 0, -1, 0, -1, -1, -1, -1, -1, -1, -1, -1, -1, 0, -1, -1, -1, -1, -1, 0, -1, -1, -1, 0, 0, 0, 0, 0, 0, -1, -1, -1, -1, -1, -1, -1, -1, -1, -1, -1, -1, -1, -1, -1, -1, -1, -1, -1, -1, -1, -1, -1, -1, -1]"
150,16,6,1.0,0.6343339129107347,3,192,"[{'cluster_no': -1, 'count': 192}, {'cluster_no': 0, 'count': 32}, {'cluster_no': 1, 'count': 13}]","[-1, 1, 1, -1, -1, -1, -1, 1, -1, -1, -1, -1, -1, -1, -1, -1, 1, -1, -1, -1, -1, -1, -1, -1, -1, -1, -1, -1, -1, 0, -1, -1, -1, 1, -1, -1, -1, -1, -1, -1, -1, 0, -1, -1, 1, 0, -1, -1, 1, -1, -1, -1, 1, -1, -1, -1, -1, 0, -1, -1, -1, -1, -1, -1, -1, -1, -1, -1, -1, -1, -1, -1, 1, -1, 0, -1, -1, -1, -1, -1, 0, -1, -1, -1, -1, -1, -1, -1, 0, -1, -1, -1, -1, -1, -1, -1, -1, -1, -1, -1, 0, -1, -1, -1, -1, -1, -1, 0, -1, -1, -1, -1, -1, -1, -1, -1, 0, -1, -1, -1, -1, -1, -1, -1, -1, 0, 1, -1, -1, -1, 0, -1, -1, -1, -1, -1, 0, -1, -1, -1, -1, 1, -1, 0, -1, -1, -1, -1, -1, -1, -1, -1, -1, -1, -1, -1, -1, -1, 0, 0, 0, -1, -1, -1, -1, 1, 0, -1, 0, -1, -1, 1, 0, -1, 0, -1, -1, -1, -1, -1, -1, 0, -1, -1, 0, -1, 0, -1, -1, -1, -1, -1, -1, -1, -1, -1, 0, -1, -1, -1, -1, -1, 0, -1, -1, -1, 0, 0, 0, 0, 0, 0, -1, -1, -1, -1, -1, -1, -1, -1, -1, -1, -1, -1, -1, -1, -1, -1, -1, -1, -1, -1, -1, -1, -1, -1, -1]"
150,16,7,0.0,0.6710249765717473,4,195,"[{'cluster_no': -1, 'count': 195}, {'cluster_no': 0, 'count': 13}, {'cluster_no': 1, 'count': 21}, {'cluster_no': 2, 'count': 8}]","[-1, 0, 0, -1, -1, -1, -1, 0, -1, -1, -1, -1, -1, -1, -1, -1, 0, -1, -1, -1, -1, -1, -1, -1, -1, -1, -1, -1, -1, 1, -1, -1, -1, 0, -1, -1, -1, -1, -1, -1, -1, 2, -1, -1, 0, 1, -1, -1, 0, -1, -1, -1, 0, -1, -1, -1, -1, 1, -1, -1, -1, -1, -1, -1, -1, -1, -1, -1, -1, -1, -1, -1, 0, -1, 2, -1, -1, -1, -1, -1, 1, -1, -1, -1, -1, -1, -1, -1, 1, -1, -1, -1, -1, -1, -1, -1, -1, -1, -1, -1, -1, -1, -1, -1, -1, -1, -1, 1, -1, -1, -1, -1, -1, -1, -1, -1, 1, -1, -1, -1, -1, -1, -1, -1, -1, 1, 0, -1, -1, -1, 2, -1, -1, -1, -1, -1, 1, -1, -1, -1, -1, 0, -1, 2, -1, -1, -1, -1, -1, -1, -1, -1, -1, -1, -1, -1, -1, -1, 1, 2, 1, -1, -1, -1, -1, 0, 1, -1, 1, -1, -1, 0, 1, -1, 1, -1, -1, -1, -1, -1, -1, 1, -1, -1, 1, -1, 1, -1, -1, -1, -1, -1, -1, -1, -1, -1, -1, -1, -1, -1, -1, -1, -1, -1, -1, -1, 1, 1, 2, 2, 2, 1, -1, -1, -1, -1, -1, -1, -1, -1, -1, -1, -1, -1, -1, -1, -1, -1, -1, -1, -1, -1, -1, -1, -1, -1, -1]"
150,16,7,0.5,0.6343339129107347,3,192,"[{'cluster_no': -1, 'count': 192}, {'cluster_no': 0, 'count': 32}, {'cluster_no': 1, 'count': 13}]","[-1, 1, 1, -1, -1, -1, -1, 1, -1, -1, -1, -1, -1, -1, -1, -1, 1, -1, -1, -1, -1, -1, -1, -1, -1, -1, -1, -1, -1, 0, -1, -1, -1, 1, -1, -1, -1, -1, -1, -1, -1, 0, -1, -1, 1, 0, -1, -1, 1, -1, -1, -1, 1, -1, -1, -1, -1, 0, -1, -1, -1, -1, -1, -1, -1, -1, -1, -1, -1, -1, -1, -1, 1, -1, 0, -1, -1, -1, -1, -1, 0, -1, -1, -1, -1, -1, -1, -1, 0, -1, -1, -1, -1, -1, -1, -1, -1, -1, -1, -1, 0, -1, -1, -1, -1, -1, -1, 0, -1, -1, -1, -1, -1, -1, -1, -1, 0, -1, -1, -1, -1, -1, -1, -1, -1, 0, 1, -1, -1, -1, 0, -1, -1, -1, -1, -1, 0, -1, -1, -1, -1, 1, -1, 0, -1, -1, -1, -1, -1, -1, -1, -1, -1, -1, -1, -1, -1, -1, 0, 0, 0, -1, -1, -1, -1, 1, 0, -1, 0, -1, -1, 1, 0, -1, 0, -1, -1, -1, -1, -1, -1, 0, -1, -1, 0, -1, 0, -1, -1, -1, -1, -1, -1, -1, -1, -1, 0, -1, -1, -1, -1, -1, 0, -1, -1, -1, 0, 0, 0, 0, 0, 0, -1, -1, -1, -1, -1, -1, -1, -1, -1, -1, -1, -1, -1, -1, -1, -1, -1, -1, -1, -1, -1, -1, -1, -1, -1]"
150,16,7,1.0,0.6343339129107347,3,192,"[{'cluster_no': -1, 'count': 192}, {'cluster_no': 0, 'count': 32}, {'cluster_no': 1, 'count': 13}]","[-1, 1, 1, -1, -1, -1, -1, 1, -1, -1, -1, -1, -1, -1, -1, -1, 1, -1, -1, -1, -1, -1, -1, -1, -1, -1, -1, -1, -1, 0, -1, -1, -1, 1, -1, -1, -1, -1, -1, -1, -1, 0, -1, -1, 1, 0, -1, -1, 1, -1, -1, -1, 1, -1, -1, -1, -1, 0, -1, -1, -1, -1, -1, -1, -1, -1, -1, -1, -1, -1, -1, -1, 1, -1, 0, -1, -1, -1, -1, -1, 0, -1, -1, -1, -1, -1, -1, -1, 0, -1, -1, -1, -1, -1, -1, -1, -1, -1, -1, -1, 0, -1, -1, -1, -1, -1, -1, 0, -1, -1, -1, -1, -1, -1, -1, -1, 0, -1, -1, -1, -1, -1, -1, -1, -1, 0, 1, -1, -1, -1, 0, -1, -1, -1, -1, -1, 0, -1, -1, -1, -1, 1, -1, 0, -1, -1, -1, -1, -1, -1, -1, -1, -1, -1, -1, -1, -1, -1, 0, 0, 0, -1, -1, -1, -1, 1, 0, -1, 0, -1, -1, 1, 0, -1, 0, -1, -1, -1, -1, -1, -1, 0, -1, -1, 0, -1, 0, -1, -1, -1, -1, -1, -1, -1, -1, -1, 0, -1, -1, -1, -1, -1, 0, -1, -1, -1, 0, 0, 0, 0, 0, 0, -1, -1, -1, -1, -1, -1, -1, -1, -1, -1, -1, -1, -1, -1, -1, -1, -1, -1, -1, -1, -1, -1, -1, -1, -1]"
150,16,8,0.0,0.6710249765717473,4,195,"[{'cluster_no': -1, 'count': 195}, {'cluster_no': 0, 'count': 13}, {'cluster_no': 1, 'count': 21}, {'cluster_no': 2, 'count': 8}]","[-1, 0, 0, -1, -1, -1, -1, 0, -1, -1, -1, -1, -1, -1, -1, -1, 0, -1, -1, -1, -1, -1, -1, -1, -1, -1, -1, -1, -1, 1, -1, -1, -1, 0, -1, -1, -1, -1, -1, -1, -1, 2, -1, -1, 0, 1, -1, -1, 0, -1, -1, -1, 0, -1, -1, -1, -1, 1, -1, -1, -1, -1, -1, -1, -1, -1, -1, -1, -1, -1, -1, -1, 0, -1, 2, -1, -1, -1, -1, -1, 1, -1, -1, -1, -1, -1, -1, -1, 1, -1, -1, -1, -1, -1, -1, -1, -1, -1, -1, -1, -1, -1, -1, -1, -1, -1, -1, 1, -1, -1, -1, -1, -1, -1, -1, -1, 1, -1, -1, -1, -1, -1, -1, -1, -1, 1, 0, -1, -1, -1, 2, -1, -1, -1, -1, -1, 1, -1, -1, -1, -1, 0, -1, 2, -1, -1, -1, -1, -1, -1, -1, -1, -1, -1, -1, -1, -1, -1, 1, 2, 1, -1, -1, -1, -1, 0, 1, -1, 1, -1, -1, 0, 1, -1, 1, -1, -1, -1, -1, -1, -1, 1, -1, -1, 1, -1, 1, -1, -1, -1, -1, -1, -1, -1, -1, -1, -1, -1, -1, -1, -1, -1, -1, -1, -1, -1, 1, 1, 2, 2, 2, 1, -1, -1, -1, -1, -1, -1, -1, -1, -1, -1, -1, -1, -1, -1, -1, -1, -1, -1, -1, -1, -1, -1, -1, -1, -1]"
150,16,8,0.5,0.6343339129107347,3,192,"[{'cluster_no': -1, 'count': 192}, {'cluster_no': 0, 'count': 32}, {'cluster_no': 1, 'count': 13}]","[-1, 1, 1, -1, -1, -1, -1, 1, -1, -1, -1, -1, -1, -1, -1, -1, 1, -1, -1, -1, -1, -1, -1, -1, -1, -1, -1, -1, -1, 0, -1, -1, -1, 1, -1, -1, -1, -1, -1, -1, -1, 0, -1, -1, 1, 0, -1, -1, 1, -1, -1, -1, 1, -1, -1, -1, -1, 0, -1, -1, -1, -1, -1, -1, -1, -1, -1, -1, -1, -1, -1, -1, 1, -1, 0, -1, -1, -1, -1, -1, 0, -1, -1, -1, -1, -1, -1, -1, 0, -1, -1, -1, -1, -1, -1, -1, -1, -1, -1, -1, 0, -1, -1, -1, -1, -1, -1, 0, -1, -1, -1, -1, -1, -1, -1, -1, 0, -1, -1, -1, -1, -1, -1, -1, -1, 0, 1, -1, -1, -1, 0, -1, -1, -1, -1, -1, 0, -1, -1, -1, -1, 1, -1, 0, -1, -1, -1, -1, -1, -1, -1, -1, -1, -1, -1, -1, -1, -1, 0, 0, 0, -1, -1, -1, -1, 1, 0, -1, 0, -1, -1, 1, 0, -1, 0, -1, -1, -1, -1, -1, -1, 0, -1, -1, 0, -1, 0, -1, -1, -1, -1, -1, -1, -1, -1, -1, 0, -1, -1, -1, -1, -1, 0, -1, -1, -1, 0, 0, 0, 0, 0, 0, -1, -1, -1, -1, -1, -1, -1, -1, -1, -1, -1, -1, -1, -1, -1, -1, -1, -1, -1, -1, -1, -1, -1, -1, -1]"
150,16,8,1.0,0.6343339129107347,3,192,"[{'cluster_no': -1, 'count': 192}, {'cluster_no': 0, 'count': 32}, {'cluster_no': 1, 'count': 13}]","[-1, 1, 1, -1, -1, -1, -1, 1, -1, -1, -1, -1, -1, -1, -1, -1, 1, -1, -1, -1, -1, -1, -1, -1, -1, -1, -1, -1, -1, 0, -1, -1, -1, 1, -1, -1, -1, -1, -1, -1, -1, 0, -1, -1, 1, 0, -1, -1, 1, -1, -1, -1, 1, -1, -1, -1, -1, 0, -1, -1, -1, -1, -1, -1, -1, -1, -1, -1, -1, -1, -1, -1, 1, -1, 0, -1, -1, -1, -1, -1, 0, -1, -1, -1, -1, -1, -1, -1, 0, -1, -1, -1, -1, -1, -1, -1, -1, -1, -1, -1, 0, -1, -1, -1, -1, -1, -1, 0, -1, -1, -1, -1, -1, -1, -1, -1, 0, -1, -1, -1, -1, -1, -1, -1, -1, 0, 1, -1, -1, -1, 0, -1, -1, -1, -1, -1, 0, -1, -1, -1, -1, 1, -1, 0, -1, -1, -1, -1, -1, -1, -1, -1, -1, -1, -1, -1, -1, -1, 0, 0, 0, -1, -1, -1, -1, 1, 0, -1, 0, -1, -1, 1, 0, -1, 0, -1, -1, -1, -1, -1, -1, 0, -1, -1, 0, -1, 0, -1, -1, -1, -1, -1, -1, -1, -1, -1, 0, -1, -1, -1, -1, -1, 0, -1, -1, -1, 0, 0, 0, 0, 0, 0, -1, -1, -1, -1, -1, -1, -1, -1, -1, -1, -1, -1, -1, -1, -1, -1, -1, -1, -1, -1, -1, -1, -1, -1, -1]"
150,16,9,0.0,0.6343339129107347,3,192,"[{'cluster_no': -1, 'count': 192}, {'cluster_no': 0, 'count': 32}, {'cluster_no': 1, 'count': 13}]","[-1, 1, 1, -1, -1, -1, -1, 1, -1, -1, -1, -1, -1, -1, -1, -1, 1, -1, -1, -1, -1, -1, -1, -1, -1, -1, -1, -1, -1, 0, -1, -1, -1, 1, -1, -1, -1, -1, -1, -1, -1, 0, -1, -1, 1, 0, -1, -1, 1, -1, -1, -1, 1, -1, -1, -1, -1, 0, -1, -1, -1, -1, -1, -1, -1, -1, -1, -1, -1, -1, -1, -1, 1, -1, 0, -1, -1, -1, -1, -1, 0, -1, -1, -1, -1, -1, -1, -1, 0, -1, -1, -1, -1, -1, -1, -1, -1, -1, -1, -1, 0, -1, -1, -1, -1, -1, -1, 0, -1, -1, -1, -1, -1, -1, -1, -1, 0, -1, -1, -1, -1, -1, -1, -1, -1, 0, 1, -1, -1, -1, 0, -1, -1, -1, -1, -1, 0, -1, -1, -1, -1, 1, -1, 0, -1, -1, -1, -1, -1, -1, -1, -1, -1, -1, -1, -1, -1, -1, 0, 0, 0, -1, -1, -1, -1, 1, 0, -1, 0, -1, -1, 1, 0, -1, 0, -1, -1, -1, -1, -1, -1, 0, -1, -1, 0, -1, 0, -1, -1, -1, -1, -1, -1, -1, -1, -1, 0, -1, -1, -1, -1, -1, 0, -1, -1, -1, 0, 0, 0, 0, 0, 0, -1, -1, -1, -1, -1, -1, -1, -1, -1, -1, -1, -1, -1, -1, -1, -1, -1, -1, -1, -1, -1, -1, -1, -1, -1]"
150,16,9,0.5,0.6343339129107347,3,192,"[{'cluster_no': -1, 'count': 192}, {'cluster_no': 0, 'count': 32}, {'cluster_no': 1, 'count': 13}]","[-1, 1, 1, -1, -1, -1, -1, 1, -1, -1, -1, -1, -1, -1, -1, -1, 1, -1, -1, -1, -1, -1, -1, -1, -1, -1, -1, -1, -1, 0, -1, -1, -1, 1, -1, -1, -1, -1, -1, -1, -1, 0, -1, -1, 1, 0, -1, -1, 1, -1, -1, -1, 1, -1, -1, -1, -1, 0, -1, -1, -1, -1, -1, -1, -1, -1, -1, -1, -1, -1, -1, -1, 1, -1, 0, -1, -1, -1, -1, -1, 0, -1, -1, -1, -1, -1, -1, -1, 0, -1, -1, -1, -1, -1, -1, -1, -1, -1, -1, -1, 0, -1, -1, -1, -1, -1, -1, 0, -1, -1, -1, -1, -1, -1, -1, -1, 0, -1, -1, -1, -1, -1, -1, -1, -1, 0, 1, -1, -1, -1, 0, -1, -1, -1, -1, -1, 0, -1, -1, -1, -1, 1, -1, 0, -1, -1, -1, -1, -1, -1, -1, -1, -1, -1, -1, -1, -1, -1, 0, 0, 0, -1, -1, -1, -1, 1, 0, -1, 0, -1, -1, 1, 0, -1, 0, -1, -1, -1, -1, -1, -1, 0, -1, -1, 0, -1, 0, -1, -1, -1, -1, -1, -1, -1, -1, -1, 0, -1, -1, -1, -1, -1, 0, -1, -1, -1, 0, 0, 0, 0, 0, 0, -1, -1, -1, -1, -1, -1, -1, -1, -1, -1, -1, -1, -1, -1, -1, -1, -1, -1, -1, -1, -1, -1, -1, -1, -1]"
150,16,9,1.0,0.6343339129107347,3,192,"[{'cluster_no': -1, 'count': 192}, {'cluster_no': 0, 'count': 32}, {'cluster_no': 1, 'count': 13}]","[-1, 1, 1, -1, -1, -1, -1, 1, -1, -1, -1, -1, -1, -1, -1, -1, 1, -1, -1, -1, -1, -1, -1, -1, -1, -1, -1, -1, -1, 0, -1, -1, -1, 1, -1, -1, -1, -1, -1, -1, -1, 0, -1, -1, 1, 0, -1, -1, 1, -1, -1, -1, 1, -1, -1, -1, -1, 0, -1, -1, -1, -1, -1, -1, -1, -1, -1, -1, -1, -1, -1, -1, 1, -1, 0, -1, -1, -1, -1, -1, 0, -1, -1, -1, -1, -1, -1, -1, 0, -1, -1, -1, -1, -1, -1, -1, -1, -1, -1, -1, 0, -1, -1, -1, -1, -1, -1, 0, -1, -1, -1, -1, -1, -1, -1, -1, 0, -1, -1, -1, -1, -1, -1, -1, -1, 0, 1, -1, -1, -1, 0, -1, -1, -1, -1, -1, 0, -1, -1, -1, -1, 1, -1, 0, -1, -1, -1, -1, -1, -1, -1, -1, -1, -1, -1, -1, -1, -1, 0, 0, 0, -1, -1, -1, -1, 1, 0, -1, 0, -1, -1, 1, 0, -1, 0, -1, -1, -1, -1, -1, -1, 0, -1, -1, 0, -1, 0, -1, -1, -1, -1, -1, -1, -1, -1, -1, 0, -1, -1, -1, -1, -1, 0, -1, -1, -1, 0, 0, 0, 0, 0, 0, -1, -1, -1, -1, -1, -1, -1, -1, -1, -1, -1, -1, -1, -1, -1, -1, -1, -1, -1, -1, -1, -1, -1, -1, -1]"
150,16,10,0.0,0.6343339129107347,3,192,"[{'cluster_no': -1, 'count': 192}, {'cluster_no': 0, 'count': 32}, {'cluster_no': 1, 'count': 13}]","[-1, 1, 1, -1, -1, -1, -1, 1, -1, -1, -1, -1, -1, -1, -1, -1, 1, -1, -1, -1, -1, -1, -1, -1, -1, -1, -1, -1, -1, 0, -1, -1, -1, 1, -1, -1, -1, -1, -1, -1, -1, 0, -1, -1, 1, 0, -1, -1, 1, -1, -1, -1, 1, -1, -1, -1, -1, 0, -1, -1, -1, -1, -1, -1, -1, -1, -1, -1, -1, -1, -1, -1, 1, -1, 0, -1, -1, -1, -1, -1, 0, -1, -1, -1, -1, -1, -1, -1, 0, -1, -1, -1, -1, -1, -1, -1, -1, -1, -1, -1, 0, -1, -1, -1, -1, -1, -1, 0, -1, -1, -1, -1, -1, -1, -1, -1, 0, -1, -1, -1, -1, -1, -1, -1, -1, 0, 1, -1, -1, -1, 0, -1, -1, -1, -1, -1, 0, -1, -1, -1, -1, 1, -1, 0, -1, -1, -1, -1, -1, -1, -1, -1, -1, -1, -1, -1, -1, -1, 0, 0, 0, -1, -1, -1, -1, 1, 0, -1, 0, -1, -1, 1, 0, -1, 0, -1, -1, -1, -1, -1, -1, 0, -1, -1, 0, -1, 0, -1, -1, -1, -1, -1, -1, -1, -1, -1, 0, -1, -1, -1, -1, -1, 0, -1, -1, -1, 0, 0, 0, 0, 0, 0, -1, -1, -1, -1, -1, -1, -1, -1, -1, -1, -1, -1, -1, -1, -1, -1, -1, -1, -1, -1, -1, -1, -1, -1, -1]"
150,16,10,0.5,0.6343339129107347,3,192,"[{'cluster_no': -1, 'count': 192}, {'cluster_no': 0, 'count': 32}, {'cluster_no': 1, 'count': 13}]","[-1, 1, 1, -1, -1, -1, -1, 1, -1, -1, -1, -1, -1, -1, -1, -1, 1, -1, -1, -1, -1, -1, -1, -1, -1, -1, -1, -1, -1, 0, -1, -1, -1, 1, -1, -1, -1, -1, -1, -1, -1, 0, -1, -1, 1, 0, -1, -1, 1, -1, -1, -1, 1, -1, -1, -1, -1, 0, -1, -1, -1, -1, -1, -1, -1, -1, -1, -1, -1, -1, -1, -1, 1, -1, 0, -1, -1, -1, -1, -1, 0, -1, -1, -1, -1, -1, -1, -1, 0, -1, -1, -1, -1, -1, -1, -1, -1, -1, -1, -1, 0, -1, -1, -1, -1, -1, -1, 0, -1, -1, -1, -1, -1, -1, -1, -1, 0, -1, -1, -1, -1, -1, -1, -1, -1, 0, 1, -1, -1, -1, 0, -1, -1, -1, -1, -1, 0, -1, -1, -1, -1, 1, -1, 0, -1, -1, -1, -1, -1, -1, -1, -1, -1, -1, -1, -1, -1, -1, 0, 0, 0, -1, -1, -1, -1, 1, 0, -1, 0, -1, -1, 1, 0, -1, 0, -1, -1, -1, -1, -1, -1, 0, -1, -1, 0, -1, 0, -1, -1, -1, -1, -1, -1, -1, -1, -1, 0, -1, -1, -1, -1, -1, 0, -1, -1, -1, 0, 0, 0, 0, 0, 0, -1, -1, -1, -1, -1, -1, -1, -1, -1, -1, -1, -1, -1, -1, -1, -1, -1, -1, -1, -1, -1, -1, -1, -1, -1]"
150,16,10,1.0,0.6343339129107347,3,192,"[{'cluster_no': -1, 'count': 192}, {'cluster_no': 0, 'count': 32}, {'cluster_no': 1, 'count': 13}]","[-1, 1, 1, -1, -1, -1, -1, 1, -1, -1, -1, -1, -1, -1, -1, -1, 1, -1, -1, -1, -1, -1, -1, -1, -1, -1, -1, -1, -1, 0, -1, -1, -1, 1, -1, -1, -1, -1, -1, -1, -1, 0, -1, -1, 1, 0, -1, -1, 1, -1, -1, -1, 1, -1, -1, -1, -1, 0, -1, -1, -1, -1, -1, -1, -1, -1, -1, -1, -1, -1, -1, -1, 1, -1, 0, -1, -1, -1, -1, -1, 0, -1, -1, -1, -1, -1, -1, -1, 0, -1, -1, -1, -1, -1, -1, -1, -1, -1, -1, -1, 0, -1, -1, -1, -1, -1, -1, 0, -1, -1, -1, -1, -1, -1, -1, -1, 0, -1, -1, -1, -1, -1, -1, -1, -1, 0, 1, -1, -1, -1, 0, -1, -1, -1, -1, -1, 0, -1, -1, -1, -1, 1, -1, 0, -1, -1, -1, -1, -1, -1, -1, -1, -1, -1, -1, -1, -1, -1, 0, 0, 0, -1, -1, -1, -1, 1, 0, -1, 0, -1, -1, 1, 0, -1, 0, -1, -1, -1, -1, -1, -1, 0, -1, -1, 0, -1, 0, -1, -1, -1, -1, -1, -1, -1, -1, -1, 0, -1, -1, -1, -1, -1, 0, -1, -1, -1, 0, 0, 0, 0, 0, 0, -1, -1, -1, -1, -1, -1, -1, -1, -1, -1, -1, -1, -1, -1, -1, -1, -1, -1, -1, -1, -1, -1, -1, -1, -1]"
150,16,11,0.0,0.6343339129107347,3,192,"[{'cluster_no': -1, 'count': 192}, {'cluster_no': 0, 'count': 32}, {'cluster_no': 1, 'count': 13}]","[-1, 1, 1, -1, -1, -1, -1, 1, -1, -1, -1, -1, -1, -1, -1, -1, 1, -1, -1, -1, -1, -1, -1, -1, -1, -1, -1, -1, -1, 0, -1, -1, -1, 1, -1, -1, -1, -1, -1, -1, -1, 0, -1, -1, 1, 0, -1, -1, 1, -1, -1, -1, 1, -1, -1, -1, -1, 0, -1, -1, -1, -1, -1, -1, -1, -1, -1, -1, -1, -1, -1, -1, 1, -1, 0, -1, -1, -1, -1, -1, 0, -1, -1, -1, -1, -1, -1, -1, 0, -1, -1, -1, -1, -1, -1, -1, -1, -1, -1, -1, 0, -1, -1, -1, -1, -1, -1, 0, -1, -1, -1, -1, -1, -1, -1, -1, 0, -1, -1, -1, -1, -1, -1, -1, -1, 0, 1, -1, -1, -1, 0, -1, -1, -1, -1, -1, 0, -1, -1, -1, -1, 1, -1, 0, -1, -1, -1, -1, -1, -1, -1, -1, -1, -1, -1, -1, -1, -1, 0, 0, 0, -1, -1, -1, -1, 1, 0, -1, 0, -1, -1, 1, 0, -1, 0, -1, -1, -1, -1, -1, -1, 0, -1, -1, 0, -1, 0, -1, -1, -1, -1, -1, -1, -1, -1, -1, 0, -1, -1, -1, -1, -1, 0, -1, -1, -1, 0, 0, 0, 0, 0, 0, -1, -1, -1, -1, -1, -1, -1, -1, -1, -1, -1, -1, -1, -1, -1, -1, -1, -1, -1, -1, -1, -1, -1, -1, -1]"
150,16,11,0.5,0.6343339129107347,3,192,"[{'cluster_no': -1, 'count': 192}, {'cluster_no': 0, 'count': 32}, {'cluster_no': 1, 'count': 13}]","[-1, 1, 1, -1, -1, -1, -1, 1, -1, -1, -1, -1, -1, -1, -1, -1, 1, -1, -1, -1, -1, -1, -1, -1, -1, -1, -1, -1, -1, 0, -1, -1, -1, 1, -1, -1, -1, -1, -1, -1, -1, 0, -1, -1, 1, 0, -1, -1, 1, -1, -1, -1, 1, -1, -1, -1, -1, 0, -1, -1, -1, -1, -1, -1, -1, -1, -1, -1, -1, -1, -1, -1, 1, -1, 0, -1, -1, -1, -1, -1, 0, -1, -1, -1, -1, -1, -1, -1, 0, -1, -1, -1, -1, -1, -1, -1, -1, -1, -1, -1, 0, -1, -1, -1, -1, -1, -1, 0, -1, -1, -1, -1, -1, -1, -1, -1, 0, -1, -1, -1, -1, -1, -1, -1, -1, 0, 1, -1, -1, -1, 0, -1, -1, -1, -1, -1, 0, -1, -1, -1, -1, 1, -1, 0, -1, -1, -1, -1, -1, -1, -1, -1, -1, -1, -1, -1, -1, -1, 0, 0, 0, -1, -1, -1, -1, 1, 0, -1, 0, -1, -1, 1, 0, -1, 0, -1, -1, -1, -1, -1, -1, 0, -1, -1, 0, -1, 0, -1, -1, -1, -1, -1, -1, -1, -1, -1, 0, -1, -1, -1, -1, -1, 0, -1, -1, -1, 0, 0, 0, 0, 0, 0, -1, -1, -1, -1, -1, -1, -1, -1, -1, -1, -1, -1, -1, -1, -1, -1, -1, -1, -1, -1, -1, -1, -1, -1, -1]"
150,16,11,1.0,0.6343339129107347,3,192,"[{'cluster_no': -1, 'count': 192}, {'cluster_no': 0, 'count': 32}, {'cluster_no': 1, 'count': 13}]","[-1, 1, 1, -1, -1, -1, -1, 1, -1, -1, -1, -1, -1, -1, -1, -1, 1, -1, -1, -1, -1, -1, -1, -1, -1, -1, -1, -1, -1, 0, -1, -1, -1, 1, -1, -1, -1, -1, -1, -1, -1, 0, -1, -1, 1, 0, -1, -1, 1, -1, -1, -1, 1, -1, -1, -1, -1, 0, -1, -1, -1, -1, -1, -1, -1, -1, -1, -1, -1, -1, -1, -1, 1, -1, 0, -1, -1, -1, -1, -1, 0, -1, -1, -1, -1, -1, -1, -1, 0, -1, -1, -1, -1, -1, -1, -1, -1, -1, -1, -1, 0, -1, -1, -1, -1, -1, -1, 0, -1, -1, -1, -1, -1, -1, -1, -1, 0, -1, -1, -1, -1, -1, -1, -1, -1, 0, 1, -1, -1, -1, 0, -1, -1, -1, -1, -1, 0, -1, -1, -1, -1, 1, -1, 0, -1, -1, -1, -1, -1, -1, -1, -1, -1, -1, -1, -1, -1, -1, 0, 0, 0, -1, -1, -1, -1, 1, 0, -1, 0, -1, -1, 1, 0, -1, 0, -1, -1, -1, -1, -1, -1, 0, -1, -1, 0, -1, 0, -1, -1, -1, -1, -1, -1, -1, -1, -1, 0, -1, -1, -1, -1, -1, 0, -1, -1, -1, 0, 0, 0, 0, 0, 0, -1, -1, -1, -1, -1, -1, -1, -1, -1, -1, -1, -1, -1, -1, -1, -1, -1, -1, -1, -1, -1, -1, -1, -1, -1]"
150,16,12,0.0,0.6343339129107347,3,192,"[{'cluster_no': -1, 'count': 192}, {'cluster_no': 0, 'count': 32}, {'cluster_no': 1, 'count': 13}]","[-1, 1, 1, -1, -1, -1, -1, 1, -1, -1, -1, -1, -1, -1, -1, -1, 1, -1, -1, -1, -1, -1, -1, -1, -1, -1, -1, -1, -1, 0, -1, -1, -1, 1, -1, -1, -1, -1, -1, -1, -1, 0, -1, -1, 1, 0, -1, -1, 1, -1, -1, -1, 1, -1, -1, -1, -1, 0, -1, -1, -1, -1, -1, -1, -1, -1, -1, -1, -1, -1, -1, -1, 1, -1, 0, -1, -1, -1, -1, -1, 0, -1, -1, -1, -1, -1, -1, -1, 0, -1, -1, -1, -1, -1, -1, -1, -1, -1, -1, -1, 0, -1, -1, -1, -1, -1, -1, 0, -1, -1, -1, -1, -1, -1, -1, -1, 0, -1, -1, -1, -1, -1, -1, -1, -1, 0, 1, -1, -1, -1, 0, -1, -1, -1, -1, -1, 0, -1, -1, -1, -1, 1, -1, 0, -1, -1, -1, -1, -1, -1, -1, -1, -1, -1, -1, -1, -1, -1, 0, 0, 0, -1, -1, -1, -1, 1, 0, -1, 0, -1, -1, 1, 0, -1, 0, -1, -1, -1, -1, -1, -1, 0, -1, -1, 0, -1, 0, -1, -1, -1, -1, -1, -1, -1, -1, -1, 0, -1, -1, -1, -1, -1, 0, -1, -1, -1, 0, 0, 0, 0, 0, 0, -1, -1, -1, -1, -1, -1, -1, -1, -1, -1, -1, -1, -1, -1, -1, -1, -1, -1, -1, -1, -1, -1, -1, -1, -1]"
150,16,12,0.5,0.6343339129107347,3,192,"[{'cluster_no': -1, 'count': 192}, {'cluster_no': 0, 'count': 32}, {'cluster_no': 1, 'count': 13}]","[-1, 1, 1, -1, -1, -1, -1, 1, -1, -1, -1, -1, -1, -1, -1, -1, 1, -1, -1, -1, -1, -1, -1, -1, -1, -1, -1, -1, -1, 0, -1, -1, -1, 1, -1, -1, -1, -1, -1, -1, -1, 0, -1, -1, 1, 0, -1, -1, 1, -1, -1, -1, 1, -1, -1, -1, -1, 0, -1, -1, -1, -1, -1, -1, -1, -1, -1, -1, -1, -1, -1, -1, 1, -1, 0, -1, -1, -1, -1, -1, 0, -1, -1, -1, -1, -1, -1, -1, 0, -1, -1, -1, -1, -1, -1, -1, -1, -1, -1, -1, 0, -1, -1, -1, -1, -1, -1, 0, -1, -1, -1, -1, -1, -1, -1, -1, 0, -1, -1, -1, -1, -1, -1, -1, -1, 0, 1, -1, -1, -1, 0, -1, -1, -1, -1, -1, 0, -1, -1, -1, -1, 1, -1, 0, -1, -1, -1, -1, -1, -1, -1, -1, -1, -1, -1, -1, -1, -1, 0, 0, 0, -1, -1, -1, -1, 1, 0, -1, 0, -1, -1, 1, 0, -1, 0, -1, -1, -1, -1, -1, -1, 0, -1, -1, 0, -1, 0, -1, -1, -1, -1, -1, -1, -1, -1, -1, 0, -1, -1, -1, -1, -1, 0, -1, -1, -1, 0, 0, 0, 0, 0, 0, -1, -1, -1, -1, -1, -1, -1, -1, -1, -1, -1, -1, -1, -1, -1, -1, -1, -1, -1, -1, -1, -1, -1, -1, -1]"
150,16,12,1.0,0.6343339129107347,3,192,"[{'cluster_no': -1, 'count': 192}, {'cluster_no': 0, 'count': 32}, {'cluster_no': 1, 'count': 13}]","[-1, 1, 1, -1, -1, -1, -1, 1, -1, -1, -1, -1, -1, -1, -1, -1, 1, -1, -1, -1, -1, -1, -1, -1, -1, -1, -1, -1, -1, 0, -1, -1, -1, 1, -1, -1, -1, -1, -1, -1, -1, 0, -1, -1, 1, 0, -1, -1, 1, -1, -1, -1, 1, -1, -1, -1, -1, 0, -1, -1, -1, -1, -1, -1, -1, -1, -1, -1, -1, -1, -1, -1, 1, -1, 0, -1, -1, -1, -1, -1, 0, -1, -1, -1, -1, -1, -1, -1, 0, -1, -1, -1, -1, -1, -1, -1, -1, -1, -1, -1, 0, -1, -1, -1, -1, -1, -1, 0, -1, -1, -1, -1, -1, -1, -1, -1, 0, -1, -1, -1, -1, -1, -1, -1, -1, 0, 1, -1, -1, -1, 0, -1, -1, -1, -1, -1, 0, -1, -1, -1, -1, 1, -1, 0, -1, -1, -1, -1, -1, -1, -1, -1, -1, -1, -1, -1, -1, -1, 0, 0, 0, -1, -1, -1, -1, 1, 0, -1, 0, -1, -1, 1, 0, -1, 0, -1, -1, -1, -1, -1, -1, 0, -1, -1, 0, -1, 0, -1, -1, -1, -1, -1, -1, -1, -1, -1, 0, -1, -1, -1, -1, -1, 0, -1, -1, -1, 0, 0, 0, 0, 0, 0, -1, -1, -1, -1, -1, -1, -1, -1, -1, -1, -1, -1, -1, -1, -1, -1, -1, -1, -1, -1, -1, -1, -1, -1, -1]"
150,16,13,0.0,0.6343339129107347,3,192,"[{'cluster_no': -1, 'count': 192}, {'cluster_no': 0, 'count': 32}, {'cluster_no': 1, 'count': 13}]","[-1, 1, 1, -1, -1, -1, -1, 1, -1, -1, -1, -1, -1, -1, -1, -1, 1, -1, -1, -1, -1, -1, -1, -1, -1, -1, -1, -1, -1, 0, -1, -1, -1, 1, -1, -1, -1, -1, -1, -1, -1, 0, -1, -1, 1, 0, -1, -1, 1, -1, -1, -1, 1, -1, -1, -1, -1, 0, -1, -1, -1, -1, -1, -1, -1, -1, -1, -1, -1, -1, -1, -1, 1, -1, 0, -1, -1, -1, -1, -1, 0, -1, -1, -1, -1, -1, -1, -1, 0, -1, -1, -1, -1, -1, -1, -1, -1, -1, -1, -1, 0, -1, -1, -1, -1, -1, -1, 0, -1, -1, -1, -1, -1, -1, -1, -1, 0, -1, -1, -1, -1, -1, -1, -1, -1, 0, 1, -1, -1, -1, 0, -1, -1, -1, -1, -1, 0, -1, -1, -1, -1, 1, -1, 0, -1, -1, -1, -1, -1, -1, -1, -1, -1, -1, -1, -1, -1, -1, 0, 0, 0, -1, -1, -1, -1, 1, 0, -1, 0, -1, -1, 1, 0, -1, 0, -1, -1, -1, -1, -1, -1, 0, -1, -1, 0, -1, 0, -1, -1, -1, -1, -1, -1, -1, -1, -1, 0, -1, -1, -1, -1, -1, 0, -1, -1, -1, 0, 0, 0, 0, 0, 0, -1, -1, -1, -1, -1, -1, -1, -1, -1, -1, -1, -1, -1, -1, -1, -1, -1, -1, -1, -1, -1, -1, -1, -1, -1]"
150,16,13,0.5,0.6343339129107347,3,192,"[{'cluster_no': -1, 'count': 192}, {'cluster_no': 0, 'count': 32}, {'cluster_no': 1, 'count': 13}]","[-1, 1, 1, -1, -1, -1, -1, 1, -1, -1, -1, -1, -1, -1, -1, -1, 1, -1, -1, -1, -1, -1, -1, -1, -1, -1, -1, -1, -1, 0, -1, -1, -1, 1, -1, -1, -1, -1, -1, -1, -1, 0, -1, -1, 1, 0, -1, -1, 1, -1, -1, -1, 1, -1, -1, -1, -1, 0, -1, -1, -1, -1, -1, -1, -1, -1, -1, -1, -1, -1, -1, -1, 1, -1, 0, -1, -1, -1, -1, -1, 0, -1, -1, -1, -1, -1, -1, -1, 0, -1, -1, -1, -1, -1, -1, -1, -1, -1, -1, -1, 0, -1, -1, -1, -1, -1, -1, 0, -1, -1, -1, -1, -1, -1, -1, -1, 0, -1, -1, -1, -1, -1, -1, -1, -1, 0, 1, -1, -1, -1, 0, -1, -1, -1, -1, -1, 0, -1, -1, -1, -1, 1, -1, 0, -1, -1, -1, -1, -1, -1, -1, -1, -1, -1, -1, -1, -1, -1, 0, 0, 0, -1, -1, -1, -1, 1, 0, -1, 0, -1, -1, 1, 0, -1, 0, -1, -1, -1, -1, -1, -1, 0, -1, -1, 0, -1, 0, -1, -1, -1, -1, -1, -1, -1, -1, -1, 0, -1, -1, -1, -1, -1, 0, -1, -1, -1, 0, 0, 0, 0, 0, 0, -1, -1, -1, -1, -1, -1, -1, -1, -1, -1, -1, -1, -1, -1, -1, -1, -1, -1, -1, -1, -1, -1, -1, -1, -1]"
150,16,13,1.0,0.6343339129107347,3,192,"[{'cluster_no': -1, 'count': 192}, {'cluster_no': 0, 'count': 32}, {'cluster_no': 1, 'count': 13}]","[-1, 1, 1, -1, -1, -1, -1, 1, -1, -1, -1, -1, -1, -1, -1, -1, 1, -1, -1, -1, -1, -1, -1, -1, -1, -1, -1, -1, -1, 0, -1, -1, -1, 1, -1, -1, -1, -1, -1, -1, -1, 0, -1, -1, 1, 0, -1, -1, 1, -1, -1, -1, 1, -1, -1, -1, -1, 0, -1, -1, -1, -1, -1, -1, -1, -1, -1, -1, -1, -1, -1, -1, 1, -1, 0, -1, -1, -1, -1, -1, 0, -1, -1, -1, -1, -1, -1, -1, 0, -1, -1, -1, -1, -1, -1, -1, -1, -1, -1, -1, 0, -1, -1, -1, -1, -1, -1, 0, -1, -1, -1, -1, -1, -1, -1, -1, 0, -1, -1, -1, -1, -1, -1, -1, -1, 0, 1, -1, -1, -1, 0, -1, -1, -1, -1, -1, 0, -1, -1, -1, -1, 1, -1, 0, -1, -1, -1, -1, -1, -1, -1, -1, -1, -1, -1, -1, -1, -1, 0, 0, 0, -1, -1, -1, -1, 1, 0, -1, 0, -1, -1, 1, 0, -1, 0, -1, -1, -1, -1, -1, -1, 0, -1, -1, 0, -1, 0, -1, -1, -1, -1, -1, -1, -1, -1, -1, 0, -1, -1, -1, -1, -1, 0, -1, -1, -1, 0, 0, 0, 0, 0, 0, -1, -1, -1, -1, -1, -1, -1, -1, -1, -1, -1, -1, -1, -1, -1, -1, -1, -1, -1, -1, -1, -1, -1, -1, -1]"
150,16,14,0.0,None,1,237,"[{'cluster_no': -1, 'count': 237}]","[-1, -1, -1, -1, -1, -1, -1, -1, -1, -1, -1, -1, -1, -1, -1, -1, -1, -1, -1, -1, -1, -1, -1, -1, -1, -1, -1, -1, -1, -1, -1, -1, -1, -1, -1, -1, -1, -1, -1, -1, -1, -1, -1, -1, -1, -1, -1, -1, -1, -1, -1, -1, -1, -1, -1, -1, -1, -1, -1, -1, -1, -1, -1, -1, -1, -1, -1, -1, -1, -1, -1, -1, -1, -1, -1, -1, -1, -1, -1, -1, -1, -1, -1, -1, -1, -1, -1, -1, -1, -1, -1, -1, -1, -1, -1, -1, -1, -1, -1, -1, -1, -1, -1, -1, -1, -1, -1, -1, -1, -1, -1, -1, -1, -1, -1, -1, -1, -1, -1, -1, -1, -1, -1, -1, -1, -1, -1, -1, -1, -1, -1, -1, -1, -1, -1, -1, -1, -1, -1, -1, -1, -1, -1, -1, -1, -1, -1, -1, -1, -1, -1, -1, -1, -1, -1, -1, -1, -1, -1, -1, -1, -1, -1, -1, -1, -1, -1, -1, -1, -1, -1, -1, -1, -1, -1, -1, -1, -1, -1, -1, -1, -1, -1, -1, -1, -1, -1, -1, -1, -1, -1, -1, -1, -1, -1, -1, -1, -1, -1, -1, -1, -1, -1, -1, -1, -1, -1, -1, -1, -1, -1, -1, -1, -1, -1, -1, -1, -1, -1, -1, -1, -1, -1, -1, -1, -1, -1, -1, -1, -1, -1, -1, -1, -1, -1, -1, -1]"
150,16,14,0.5,None,1,237,"[{'cluster_no': -1, 'count': 237}]","[-1, -1, -1, -1, -1, -1, -1, -1, -1, -1, -1, -1, -1, -1, -1, -1, -1, -1, -1, -1, -1, -1, -1, -1, -1, -1, -1, -1, -1, -1, -1, -1, -1, -1, -1, -1, -1, -1, -1, -1, -1, -1, -1, -1, -1, -1, -1, -1, -1, -1, -1, -1, -1, -1, -1, -1, -1, -1, -1, -1, -1, -1, -1, -1, -1, -1, -1, -1, -1, -1, -1, -1, -1, -1, -1, -1, -1, -1, -1, -1, -1, -1, -1, -1, -1, -1, -1, -1, -1, -1, -1, -1, -1, -1, -1, -1, -1, -1, -1, -1, -1, -1, -1, -1, -1, -1, -1, -1, -1, -1, -1, -1, -1, -1, -1, -1, -1, -1, -1, -1, -1, -1, -1, -1, -1, -1, -1, -1, -1, -1, -1, -1, -1, -1, -1, -1, -1, -1, -1, -1, -1, -1, -1, -1, -1, -1, -1, -1, -1, -1, -1, -1, -1, -1, -1, -1, -1, -1, -1, -1, -1, -1, -1, -1, -1, -1, -1, -1, -1, -1, -1, -1, -1, -1, -1, -1, -1, -1, -1, -1, -1, -1, -1, -1, -1, -1, -1, -1, -1, -1, -1, -1, -1, -1, -1, -1, -1, -1, -1, -1, -1, -1, -1, -1, -1, -1, -1, -1, -1, -1, -1, -1, -1, -1, -1, -1, -1, -1, -1, -1, -1, -1, -1, -1, -1, -1, -1, -1, -1, -1, -1, -1, -1, -1, -1, -1, -1]"
150,16,14,1.0,None,1,237,"[{'cluster_no': -1, 'count': 237}]","[-1, -1, -1, -1, -1, -1, -1, -1, -1, -1, -1, -1, -1, -1, -1, -1, -1, -1, -1, -1, -1, -1, -1, -1, -1, -1, -1, -1, -1, -1, -1, -1, -1, -1, -1, -1, -1, -1, -1, -1, -1, -1, -1, -1, -1, -1, -1, -1, -1, -1, -1, -1, -1, -1, -1, -1, -1, -1, -1, -1, -1, -1, -1, -1, -1, -1, -1, -1, -1, -1, -1, -1, -1, -1, -1, -1, -1, -1, -1, -1, -1, -1, -1, -1, -1, -1, -1, -1, -1, -1, -1, -1, -1, -1, -1, -1, -1, -1, -1, -1, -1, -1, -1, -1, -1, -1, -1, -1, -1, -1, -1, -1, -1, -1, -1, -1, -1, -1, -1, -1, -1, -1, -1, -1, -1, -1, -1, -1, -1, -1, -1, -1, -1, -1, -1, -1, -1, -1, -1, -1, -1, -1, -1, -1, -1, -1, -1, -1, -1, -1, -1, -1, -1, -1, -1, -1, -1, -1, -1, -1, -1, -1, -1, -1, -1, -1, -1, -1, -1, -1, -1, -1, -1, -1, -1, -1, -1, -1, -1, -1, -1, -1, -1, -1, -1, -1, -1, -1, -1, -1, -1, -1, -1, -1, -1, -1, -1, -1, -1, -1, -1, -1, -1, -1, -1, -1, -1, -1, -1, -1, -1, -1, -1, -1, -1, -1, -1, -1, -1, -1, -1, -1, -1, -1, -1, -1, -1, -1, -1, -1, -1, -1, -1, -1, -1, -1, -1]"
150,16,15,0.0,None,1,237,"[{'cluster_no': -1, 'count': 237}]","[-1, -1, -1, -1, -1, -1, -1, -1, -1, -1, -1, -1, -1, -1, -1, -1, -1, -1, -1, -1, -1, -1, -1, -1, -1, -1, -1, -1, -1, -1, -1, -1, -1, -1, -1, -1, -1, -1, -1, -1, -1, -1, -1, -1, -1, -1, -1, -1, -1, -1, -1, -1, -1, -1, -1, -1, -1, -1, -1, -1, -1, -1, -1, -1, -1, -1, -1, -1, -1, -1, -1, -1, -1, -1, -1, -1, -1, -1, -1, -1, -1, -1, -1, -1, -1, -1, -1, -1, -1, -1, -1, -1, -1, -1, -1, -1, -1, -1, -1, -1, -1, -1, -1, -1, -1, -1, -1, -1, -1, -1, -1, -1, -1, -1, -1, -1, -1, -1, -1, -1, -1, -1, -1, -1, -1, -1, -1, -1, -1, -1, -1, -1, -1, -1, -1, -1, -1, -1, -1, -1, -1, -1, -1, -1, -1, -1, -1, -1, -1, -1, -1, -1, -1, -1, -1, -1, -1, -1, -1, -1, -1, -1, -1, -1, -1, -1, -1, -1, -1, -1, -1, -1, -1, -1, -1, -1, -1, -1, -1, -1, -1, -1, -1, -1, -1, -1, -1, -1, -1, -1, -1, -1, -1, -1, -1, -1, -1, -1, -1, -1, -1, -1, -1, -1, -1, -1, -1, -1, -1, -1, -1, -1, -1, -1, -1, -1, -1, -1, -1, -1, -1, -1, -1, -1, -1, -1, -1, -1, -1, -1, -1, -1, -1, -1, -1, -1, -1]"
150,16,15,0.5,None,1,237,"[{'cluster_no': -1, 'count': 237}]","[-1, -1, -1, -1, -1, -1, -1, -1, -1, -1, -1, -1, -1, -1, -1, -1, -1, -1, -1, -1, -1, -1, -1, -1, -1, -1, -1, -1, -1, -1, -1, -1, -1, -1, -1, -1, -1, -1, -1, -1, -1, -1, -1, -1, -1, -1, -1, -1, -1, -1, -1, -1, -1, -1, -1, -1, -1, -1, -1, -1, -1, -1, -1, -1, -1, -1, -1, -1, -1, -1, -1, -1, -1, -1, -1, -1, -1, -1, -1, -1, -1, -1, -1, -1, -1, -1, -1, -1, -1, -1, -1, -1, -1, -1, -1, -1, -1, -1, -1, -1, -1, -1, -1, -1, -1, -1, -1, -1, -1, -1, -1, -1, -1, -1, -1, -1, -1, -1, -1, -1, -1, -1, -1, -1, -1, -1, -1, -1, -1, -1, -1, -1, -1, -1, -1, -1, -1, -1, -1, -1, -1, -1, -1, -1, -1, -1, -1, -1, -1, -1, -1, -1, -1, -1, -1, -1, -1, -1, -1, -1, -1, -1, -1, -1, -1, -1, -1, -1, -1, -1, -1, -1, -1, -1, -1, -1, -1, -1, -1, -1, -1, -1, -1, -1, -1, -1, -1, -1, -1, -1, -1, -1, -1, -1, -1, -1, -1, -1, -1, -1, -1, -1, -1, -1, -1, -1, -1, -1, -1, -1, -1, -1, -1, -1, -1, -1, -1, -1, -1, -1, -1, -1, -1, -1, -1, -1, -1, -1, -1, -1, -1, -1, -1, -1, -1, -1, -1]"
150,16,15,1.0,None,1,237,"[{'cluster_no': -1, 'count': 237}]","[-1, -1, -1, -1, -1, -1, -1, -1, -1, -1, -1, -1, -1, -1, -1, -1, -1, -1, -1, -1, -1, -1, -1, -1, -1, -1, -1, -1, -1, -1, -1, -1, -1, -1, -1, -1, -1, -1, -1, -1, -1, -1, -1, -1, -1, -1, -1, -1, -1, -1, -1, -1, -1, -1, -1, -1, -1, -1, -1, -1, -1, -1, -1, -1, -1, -1, -1, -1, -1, -1, -1, -1, -1, -1, -1, -1, -1, -1, -1, -1, -1, -1, -1, -1, -1, -1, -1, -1, -1, -1, -1, -1, -1, -1, -1, -1, -1, -1, -1, -1, -1, -1, -1, -1, -1, -1, -1, -1, -1, -1, -1, -1, -1, -1, -1, -1, -1, -1, -1, -1, -1, -1, -1, -1, -1, -1, -1, -1, -1, -1, -1, -1, -1, -1, -1, -1, -1, -1, -1, -1, -1, -1, -1, -1, -1, -1, -1, -1, -1, -1, -1, -1, -1, -1, -1, -1, -1, -1, -1, -1, -1, -1, -1, -1, -1, -1, -1, -1, -1, -1, -1, -1, -1, -1, -1, -1, -1, -1, -1, -1, -1, -1, -1, -1, -1, -1, -1, -1, -1, -1, -1, -1, -1, -1, -1, -1, -1, -1, -1, -1, -1, -1, -1, -1, -1, -1, -1, -1, -1, -1, -1, -1, -1, -1, -1, -1, -1, -1, -1, -1, -1, -1, -1, -1, -1, -1, -1, -1, -1, -1, -1, -1, -1, -1, -1, -1, -1]"
150,16,16,0.0,None,1,237,"[{'cluster_no': -1, 'count': 237}]","[-1, -1, -1, -1, -1, -1, -1, -1, -1, -1, -1, -1, -1, -1, -1, -1, -1, -1, -1, -1, -1, -1, -1, -1, -1, -1, -1, -1, -1, -1, -1, -1, -1, -1, -1, -1, -1, -1, -1, -1, -1, -1, -1, -1, -1, -1, -1, -1, -1, -1, -1, -1, -1, -1, -1, -1, -1, -1, -1, -1, -1, -1, -1, -1, -1, -1, -1, -1, -1, -1, -1, -1, -1, -1, -1, -1, -1, -1, -1, -1, -1, -1, -1, -1, -1, -1, -1, -1, -1, -1, -1, -1, -1, -1, -1, -1, -1, -1, -1, -1, -1, -1, -1, -1, -1, -1, -1, -1, -1, -1, -1, -1, -1, -1, -1, -1, -1, -1, -1, -1, -1, -1, -1, -1, -1, -1, -1, -1, -1, -1, -1, -1, -1, -1, -1, -1, -1, -1, -1, -1, -1, -1, -1, -1, -1, -1, -1, -1, -1, -1, -1, -1, -1, -1, -1, -1, -1, -1, -1, -1, -1, -1, -1, -1, -1, -1, -1, -1, -1, -1, -1, -1, -1, -1, -1, -1, -1, -1, -1, -1, -1, -1, -1, -1, -1, -1, -1, -1, -1, -1, -1, -1, -1, -1, -1, -1, -1, -1, -1, -1, -1, -1, -1, -1, -1, -1, -1, -1, -1, -1, -1, -1, -1, -1, -1, -1, -1, -1, -1, -1, -1, -1, -1, -1, -1, -1, -1, -1, -1, -1, -1, -1, -1, -1, -1, -1, -1]"
150,16,16,0.5,None,1,237,"[{'cluster_no': -1, 'count': 237}]","[-1, -1, -1, -1, -1, -1, -1, -1, -1, -1, -1, -1, -1, -1, -1, -1, -1, -1, -1, -1, -1, -1, -1, -1, -1, -1, -1, -1, -1, -1, -1, -1, -1, -1, -1, -1, -1, -1, -1, -1, -1, -1, -1, -1, -1, -1, -1, -1, -1, -1, -1, -1, -1, -1, -1, -1, -1, -1, -1, -1, -1, -1, -1, -1, -1, -1, -1, -1, -1, -1, -1, -1, -1, -1, -1, -1, -1, -1, -1, -1, -1, -1, -1, -1, -1, -1, -1, -1, -1, -1, -1, -1, -1, -1, -1, -1, -1, -1, -1, -1, -1, -1, -1, -1, -1, -1, -1, -1, -1, -1, -1, -1, -1, -1, -1, -1, -1, -1, -1, -1, -1, -1, -1, -1, -1, -1, -1, -1, -1, -1, -1, -1, -1, -1, -1, -1, -1, -1, -1, -1, -1, -1, -1, -1, -1, -1, -1, -1, -1, -1, -1, -1, -1, -1, -1, -1, -1, -1, -1, -1, -1, -1, -1, -1, -1, -1, -1, -1, -1, -1, -1, -1, -1, -1, -1, -1, -1, -1, -1, -1, -1, -1, -1, -1, -1, -1, -1, -1, -1, -1, -1, -1, -1, -1, -1, -1, -1, -1, -1, -1, -1, -1, -1, -1, -1, -1, -1, -1, -1, -1, -1, -1, -1, -1, -1, -1, -1, -1, -1, -1, -1, -1, -1, -1, -1, -1, -1, -1, -1, -1, -1, -1, -1, -1, -1, -1, -1]"
150,16,16,1.0,None,1,237,"[{'cluster_no': -1, 'count': 237}]","[-1, -1, -1, -1, -1, -1, -1, -1, -1, -1, -1, -1, -1, -1, -1, -1, -1, -1, -1, -1, -1, -1, -1, -1, -1, -1, -1, -1, -1, -1, -1, -1, -1, -1, -1, -1, -1, -1, -1, -1, -1, -1, -1, -1, -1, -1, -1, -1, -1, -1, -1, -1, -1, -1, -1, -1, -1, -1, -1, -1, -1, -1, -1, -1, -1, -1, -1, -1, -1, -1, -1, -1, -1, -1, -1, -1, -1, -1, -1, -1, -1, -1, -1, -1, -1, -1, -1, -1, -1, -1, -1, -1, -1, -1, -1, -1, -1, -1, -1, -1, -1, -1, -1, -1, -1, -1, -1, -1, -1, -1, -1, -1, -1, -1, -1, -1, -1, -1, -1, -1, -1, -1, -1, -1, -1, -1, -1, -1, -1, -1, -1, -1, -1, -1, -1, -1, -1, -1, -1, -1, -1, -1, -1, -1, -1, -1, -1, -1, -1, -1, -1, -1, -1, -1, -1, -1, -1, -1, -1, -1, -1, -1, -1, -1, -1, -1, -1, -1, -1, -1, -1, -1, -1, -1, -1, -1, -1, -1, -1, -1, -1, -1, -1, -1, -1, -1, -1, -1, -1, -1, -1, -1, -1, -1, -1, -1, -1, -1, -1, -1, -1, -1, -1, -1, -1, -1, -1, -1, -1, -1, -1, -1, -1, -1, -1, -1, -1, -1, -1, -1, -1, -1, -1, -1, -1, -1, -1, -1, -1, -1, -1, -1, -1, -1, -1, -1, -1]"
150,16,17,0.0,None,1,237,"[{'cluster_no': -1, 'count': 237}]","[-1, -1, -1, -1, -1, -1, -1, -1, -1, -1, -1, -1, -1, -1, -1, -1, -1, -1, -1, -1, -1, -1, -1, -1, -1, -1, -1, -1, -1, -1, -1, -1, -1, -1, -1, -1, -1, -1, -1, -1, -1, -1, -1, -1, -1, -1, -1, -1, -1, -1, -1, -1, -1, -1, -1, -1, -1, -1, -1, -1, -1, -1, -1, -1, -1, -1, -1, -1, -1, -1, -1, -1, -1, -1, -1, -1, -1, -1, -1, -1, -1, -1, -1, -1, -1, -1, -1, -1, -1, -1, -1, -1, -1, -1, -1, -1, -1, -1, -1, -1, -1, -1, -1, -1, -1, -1, -1, -1, -1, -1, -1, -1, -1, -1, -1, -1, -1, -1, -1, -1, -1, -1, -1, -1, -1, -1, -1, -1, -1, -1, -1, -1, -1, -1, -1, -1, -1, -1, -1, -1, -1, -1, -1, -1, -1, -1, -1, -1, -1, -1, -1, -1, -1, -1, -1, -1, -1, -1, -1, -1, -1, -1, -1, -1, -1, -1, -1, -1, -1, -1, -1, -1, -1, -1, -1, -1, -1, -1, -1, -1, -1, -1, -1, -1, -1, -1, -1, -1, -1, -1, -1, -1, -1, -1, -1, -1, -1, -1, -1, -1, -1, -1, -1, -1, -1, -1, -1, -1, -1, -1, -1, -1, -1, -1, -1, -1, -1, -1, -1, -1, -1, -1, -1, -1, -1, -1, -1, -1, -1, -1, -1, -1, -1, -1, -1, -1, -1]"
150,16,17,0.5,None,1,237,"[{'cluster_no': -1, 'count': 237}]","[-1, -1, -1, -1, -1, -1, -1, -1, -1, -1, -1, -1, -1, -1, -1, -1, -1, -1, -1, -1, -1, -1, -1, -1, -1, -1, -1, -1, -1, -1, -1, -1, -1, -1, -1, -1, -1, -1, -1, -1, -1, -1, -1, -1, -1, -1, -1, -1, -1, -1, -1, -1, -1, -1, -1, -1, -1, -1, -1, -1, -1, -1, -1, -1, -1, -1, -1, -1, -1, -1, -1, -1, -1, -1, -1, -1, -1, -1, -1, -1, -1, -1, -1, -1, -1, -1, -1, -1, -1, -1, -1, -1, -1, -1, -1, -1, -1, -1, -1, -1, -1, -1, -1, -1, -1, -1, -1, -1, -1, -1, -1, -1, -1, -1, -1, -1, -1, -1, -1, -1, -1, -1, -1, -1, -1, -1, -1, -1, -1, -1, -1, -1, -1, -1, -1, -1, -1, -1, -1, -1, -1, -1, -1, -1, -1, -1, -1, -1, -1, -1, -1, -1, -1, -1, -1, -1, -1, -1, -1, -1, -1, -1, -1, -1, -1, -1, -1, -1, -1, -1, -1, -1, -1, -1, -1, -1, -1, -1, -1, -1, -1, -1, -1, -1, -1, -1, -1, -1, -1, -1, -1, -1, -1, -1, -1, -1, -1, -1, -1, -1, -1, -1, -1, -1, -1, -1, -1, -1, -1, -1, -1, -1, -1, -1, -1, -1, -1, -1, -1, -1, -1, -1, -1, -1, -1, -1, -1, -1, -1, -1, -1, -1, -1, -1, -1, -1, -1]"
150,16,17,1.0,None,1,237,"[{'cluster_no': -1, 'count': 237}]","[-1, -1, -1, -1, -1, -1, -1, -1, -1, -1, -1, -1, -1, -1, -1, -1, -1, -1, -1, -1, -1, -1, -1, -1, -1, -1, -1, -1, -1, -1, -1, -1, -1, -1, -1, -1, -1, -1, -1, -1, -1, -1, -1, -1, -1, -1, -1, -1, -1, -1, -1, -1, -1, -1, -1, -1, -1, -1, -1, -1, -1, -1, -1, -1, -1, -1, -1, -1, -1, -1, -1, -1, -1, -1, -1, -1, -1, -1, -1, -1, -1, -1, -1, -1, -1, -1, -1, -1, -1, -1, -1, -1, -1, -1, -1, -1, -1, -1, -1, -1, -1, -1, -1, -1, -1, -1, -1, -1, -1, -1, -1, -1, -1, -1, -1, -1, -1, -1, -1, -1, -1, -1, -1, -1, -1, -1, -1, -1, -1, -1, -1, -1, -1, -1, -1, -1, -1, -1, -1, -1, -1, -1, -1, -1, -1, -1, -1, -1, -1, -1, -1, -1, -1, -1, -1, -1, -1, -1, -1, -1, -1, -1, -1, -1, -1, -1, -1, -1, -1, -1, -1, -1, -1, -1, -1, -1, -1, -1, -1, -1, -1, -1, -1, -1, -1, -1, -1, -1, -1, -1, -1, -1, -1, -1, -1, -1, -1, -1, -1, -1, -1, -1, -1, -1, -1, -1, -1, -1, -1, -1, -1, -1, -1, -1, -1, -1, -1, -1, -1, -1, -1, -1, -1, -1, -1, -1, -1, -1, -1, -1, -1, -1, -1, -1, -1, -1, -1]"
150,16,18,0.0,None,1,237,"[{'cluster_no': -1, 'count': 237}]","[-1, -1, -1, -1, -1, -1, -1, -1, -1, -1, -1, -1, -1, -1, -1, -1, -1, -1, -1, -1, -1, -1, -1, -1, -1, -1, -1, -1, -1, -1, -1, -1, -1, -1, -1, -1, -1, -1, -1, -1, -1, -1, -1, -1, -1, -1, -1, -1, -1, -1, -1, -1, -1, -1, -1, -1, -1, -1, -1, -1, -1, -1, -1, -1, -1, -1, -1, -1, -1, -1, -1, -1, -1, -1, -1, -1, -1, -1, -1, -1, -1, -1, -1, -1, -1, -1, -1, -1, -1, -1, -1, -1, -1, -1, -1, -1, -1, -1, -1, -1, -1, -1, -1, -1, -1, -1, -1, -1, -1, -1, -1, -1, -1, -1, -1, -1, -1, -1, -1, -1, -1, -1, -1, -1, -1, -1, -1, -1, -1, -1, -1, -1, -1, -1, -1, -1, -1, -1, -1, -1, -1, -1, -1, -1, -1, -1, -1, -1, -1, -1, -1, -1, -1, -1, -1, -1, -1, -1, -1, -1, -1, -1, -1, -1, -1, -1, -1, -1, -1, -1, -1, -1, -1, -1, -1, -1, -1, -1, -1, -1, -1, -1, -1, -1, -1, -1, -1, -1, -1, -1, -1, -1, -1, -1, -1, -1, -1, -1, -1, -1, -1, -1, -1, -1, -1, -1, -1, -1, -1, -1, -1, -1, -1, -1, -1, -1, -1, -1, -1, -1, -1, -1, -1, -1, -1, -1, -1, -1, -1, -1, -1, -1, -1, -1, -1, -1, -1]"
150,16,18,0.5,None,1,237,"[{'cluster_no': -1, 'count': 237}]","[-1, -1, -1, -1, -1, -1, -1, -1, -1, -1, -1, -1, -1, -1, -1, -1, -1, -1, -1, -1, -1, -1, -1, -1, -1, -1, -1, -1, -1, -1, -1, -1, -1, -1, -1, -1, -1, -1, -1, -1, -1, -1, -1, -1, -1, -1, -1, -1, -1, -1, -1, -1, -1, -1, -1, -1, -1, -1, -1, -1, -1, -1, -1, -1, -1, -1, -1, -1, -1, -1, -1, -1, -1, -1, -1, -1, -1, -1, -1, -1, -1, -1, -1, -1, -1, -1, -1, -1, -1, -1, -1, -1, -1, -1, -1, -1, -1, -1, -1, -1, -1, -1, -1, -1, -1, -1, -1, -1, -1, -1, -1, -1, -1, -1, -1, -1, -1, -1, -1, -1, -1, -1, -1, -1, -1, -1, -1, -1, -1, -1, -1, -1, -1, -1, -1, -1, -1, -1, -1, -1, -1, -1, -1, -1, -1, -1, -1, -1, -1, -1, -1, -1, -1, -1, -1, -1, -1, -1, -1, -1, -1, -1, -1, -1, -1, -1, -1, -1, -1, -1, -1, -1, -1, -1, -1, -1, -1, -1, -1, -1, -1, -1, -1, -1, -1, -1, -1, -1, -1, -1, -1, -1, -1, -1, -1, -1, -1, -1, -1, -1, -1, -1, -1, -1, -1, -1, -1, -1, -1, -1, -1, -1, -1, -1, -1, -1, -1, -1, -1, -1, -1, -1, -1, -1, -1, -1, -1, -1, -1, -1, -1, -1, -1, -1, -1, -1, -1]"
150,16,18,1.0,None,1,237,"[{'cluster_no': -1, 'count': 237}]","[-1, -1, -1, -1, -1, -1, -1, -1, -1, -1, -1, -1, -1, -1, -1, -1, -1, -1, -1, -1, -1, -1, -1, -1, -1, -1, -1, -1, -1, -1, -1, -1, -1, -1, -1, -1, -1, -1, -1, -1, -1, -1, -1, -1, -1, -1, -1, -1, -1, -1, -1, -1, -1, -1, -1, -1, -1, -1, -1, -1, -1, -1, -1, -1, -1, -1, -1, -1, -1, -1, -1, -1, -1, -1, -1, -1, -1, -1, -1, -1, -1, -1, -1, -1, -1, -1, -1, -1, -1, -1, -1, -1, -1, -1, -1, -1, -1, -1, -1, -1, -1, -1, -1, -1, -1, -1, -1, -1, -1, -1, -1, -1, -1, -1, -1, -1, -1, -1, -1, -1, -1, -1, -1, -1, -1, -1, -1, -1, -1, -1, -1, -1, -1, -1, -1, -1, -1, -1, -1, -1, -1, -1, -1, -1, -1, -1, -1, -1, -1, -1, -1, -1, -1, -1, -1, -1, -1, -1, -1, -1, -1, -1, -1, -1, -1, -1, -1, -1, -1, -1, -1, -1, -1, -1, -1, -1, -1, -1, -1, -1, -1, -1, -1, -1, -1, -1, -1, -1, -1, -1, -1, -1, -1, -1, -1, -1, -1, -1, -1, -1, -1, -1, -1, -1, -1, -1, -1, -1, -1, -1, -1, -1, -1, -1, -1, -1, -1, -1, -1, -1, -1, -1, -1, -1, -1, -1, -1, -1, -1, -1, -1, -1, -1, -1, -1, -1, -1]"
150,16,19,0.0,None,1,237,"[{'cluster_no': -1, 'count': 237}]","[-1, -1, -1, -1, -1, -1, -1, -1, -1, -1, -1, -1, -1, -1, -1, -1, -1, -1, -1, -1, -1, -1, -1, -1, -1, -1, -1, -1, -1, -1, -1, -1, -1, -1, -1, -1, -1, -1, -1, -1, -1, -1, -1, -1, -1, -1, -1, -1, -1, -1, -1, -1, -1, -1, -1, -1, -1, -1, -1, -1, -1, -1, -1, -1, -1, -1, -1, -1, -1, -1, -1, -1, -1, -1, -1, -1, -1, -1, -1, -1, -1, -1, -1, -1, -1, -1, -1, -1, -1, -1, -1, -1, -1, -1, -1, -1, -1, -1, -1, -1, -1, -1, -1, -1, -1, -1, -1, -1, -1, -1, -1, -1, -1, -1, -1, -1, -1, -1, -1, -1, -1, -1, -1, -1, -1, -1, -1, -1, -1, -1, -1, -1, -1, -1, -1, -1, -1, -1, -1, -1, -1, -1, -1, -1, -1, -1, -1, -1, -1, -1, -1, -1, -1, -1, -1, -1, -1, -1, -1, -1, -1, -1, -1, -1, -1, -1, -1, -1, -1, -1, -1, -1, -1, -1, -1, -1, -1, -1, -1, -1, -1, -1, -1, -1, -1, -1, -1, -1, -1, -1, -1, -1, -1, -1, -1, -1, -1, -1, -1, -1, -1, -1, -1, -1, -1, -1, -1, -1, -1, -1, -1, -1, -1, -1, -1, -1, -1, -1, -1, -1, -1, -1, -1, -1, -1, -1, -1, -1, -1, -1, -1, -1, -1, -1, -1, -1, -1]"
150,16,19,0.5,None,1,237,"[{'cluster_no': -1, 'count': 237}]","[-1, -1, -1, -1, -1, -1, -1, -1, -1, -1, -1, -1, -1, -1, -1, -1, -1, -1, -1, -1, -1, -1, -1, -1, -1, -1, -1, -1, -1, -1, -1, -1, -1, -1, -1, -1, -1, -1, -1, -1, -1, -1, -1, -1, -1, -1, -1, -1, -1, -1, -1, -1, -1, -1, -1, -1, -1, -1, -1, -1, -1, -1, -1, -1, -1, -1, -1, -1, -1, -1, -1, -1, -1, -1, -1, -1, -1, -1, -1, -1, -1, -1, -1, -1, -1, -1, -1, -1, -1, -1, -1, -1, -1, -1, -1, -1, -1, -1, -1, -1, -1, -1, -1, -1, -1, -1, -1, -1, -1, -1, -1, -1, -1, -1, -1, -1, -1, -1, -1, -1, -1, -1, -1, -1, -1, -1, -1, -1, -1, -1, -1, -1, -1, -1, -1, -1, -1, -1, -1, -1, -1, -1, -1, -1, -1, -1, -1, -1, -1, -1, -1, -1, -1, -1, -1, -1, -1, -1, -1, -1, -1, -1, -1, -1, -1, -1, -1, -1, -1, -1, -1, -1, -1, -1, -1, -1, -1, -1, -1, -1, -1, -1, -1, -1, -1, -1, -1, -1, -1, -1, -1, -1, -1, -1, -1, -1, -1, -1, -1, -1, -1, -1, -1, -1, -1, -1, -1, -1, -1, -1, -1, -1, -1, -1, -1, -1, -1, -1, -1, -1, -1, -1, -1, -1, -1, -1, -1, -1, -1, -1, -1, -1, -1, -1, -1, -1, -1]"
150,16,19,1.0,None,1,237,"[{'cluster_no': -1, 'count': 237}]","[-1, -1, -1, -1, -1, -1, -1, -1, -1, -1, -1, -1, -1, -1, -1, -1, -1, -1, -1, -1, -1, -1, -1, -1, -1, -1, -1, -1, -1, -1, -1, -1, -1, -1, -1, -1, -1, -1, -1, -1, -1, -1, -1, -1, -1, -1, -1, -1, -1, -1, -1, -1, -1, -1, -1, -1, -1, -1, -1, -1, -1, -1, -1, -1, -1, -1, -1, -1, -1, -1, -1, -1, -1, -1, -1, -1, -1, -1, -1, -1, -1, -1, -1, -1, -1, -1, -1, -1, -1, -1, -1, -1, -1, -1, -1, -1, -1, -1, -1, -1, -1, -1, -1, -1, -1, -1, -1, -1, -1, -1, -1, -1, -1, -1, -1, -1, -1, -1, -1, -1, -1, -1, -1, -1, -1, -1, -1, -1, -1, -1, -1, -1, -1, -1, -1, -1, -1, -1, -1, -1, -1, -1, -1, -1, -1, -1, -1, -1, -1, -1, -1, -1, -1, -1, -1, -1, -1, -1, -1, -1, -1, -1, -1, -1, -1, -1, -1, -1, -1, -1, -1, -1, -1, -1, -1, -1, -1, -1, -1, -1, -1, -1, -1, -1, -1, -1, -1, -1, -1, -1, -1, -1, -1, -1, -1, -1, -1, -1, -1, -1, -1, -1, -1, -1, -1, -1, -1, -1, -1, -1, -1, -1, -1, -1, -1, -1, -1, -1, -1, -1, -1, -1, -1, -1, -1, -1, -1, -1, -1, -1, -1, -1, -1, -1, -1, -1, -1]"
150,16,20,0.0,None,1,237,"[{'cluster_no': -1, 'count': 237}]","[-1, -1, -1, -1, -1, -1, -1, -1, -1, -1, -1, -1, -1, -1, -1, -1, -1, -1, -1, -1, -1, -1, -1, -1, -1, -1, -1, -1, -1, -1, -1, -1, -1, -1, -1, -1, -1, -1, -1, -1, -1, -1, -1, -1, -1, -1, -1, -1, -1, -1, -1, -1, -1, -1, -1, -1, -1, -1, -1, -1, -1, -1, -1, -1, -1, -1, -1, -1, -1, -1, -1, -1, -1, -1, -1, -1, -1, -1, -1, -1, -1, -1, -1, -1, -1, -1, -1, -1, -1, -1, -1, -1, -1, -1, -1, -1, -1, -1, -1, -1, -1, -1, -1, -1, -1, -1, -1, -1, -1, -1, -1, -1, -1, -1, -1, -1, -1, -1, -1, -1, -1, -1, -1, -1, -1, -1, -1, -1, -1, -1, -1, -1, -1, -1, -1, -1, -1, -1, -1, -1, -1, -1, -1, -1, -1, -1, -1, -1, -1, -1, -1, -1, -1, -1, -1, -1, -1, -1, -1, -1, -1, -1, -1, -1, -1, -1, -1, -1, -1, -1, -1, -1, -1, -1, -1, -1, -1, -1, -1, -1, -1, -1, -1, -1, -1, -1, -1, -1, -1, -1, -1, -1, -1, -1, -1, -1, -1, -1, -1, -1, -1, -1, -1, -1, -1, -1, -1, -1, -1, -1, -1, -1, -1, -1, -1, -1, -1, -1, -1, -1, -1, -1, -1, -1, -1, -1, -1, -1, -1, -1, -1, -1, -1, -1, -1, -1, -1]"
150,16,20,0.5,None,1,237,"[{'cluster_no': -1, 'count': 237}]","[-1, -1, -1, -1, -1, -1, -1, -1, -1, -1, -1, -1, -1, -1, -1, -1, -1, -1, -1, -1, -1, -1, -1, -1, -1, -1, -1, -1, -1, -1, -1, -1, -1, -1, -1, -1, -1, -1, -1, -1, -1, -1, -1, -1, -1, -1, -1, -1, -1, -1, -1, -1, -1, -1, -1, -1, -1, -1, -1, -1, -1, -1, -1, -1, -1, -1, -1, -1, -1, -1, -1, -1, -1, -1, -1, -1, -1, -1, -1, -1, -1, -1, -1, -1, -1, -1, -1, -1, -1, -1, -1, -1, -1, -1, -1, -1, -1, -1, -1, -1, -1, -1, -1, -1, -1, -1, -1, -1, -1, -1, -1, -1, -1, -1, -1, -1, -1, -1, -1, -1, -1, -1, -1, -1, -1, -1, -1, -1, -1, -1, -1, -1, -1, -1, -1, -1, -1, -1, -1, -1, -1, -1, -1, -1, -1, -1, -1, -1, -1, -1, -1, -1, -1, -1, -1, -1, -1, -1, -1, -1, -1, -1, -1, -1, -1, -1, -1, -1, -1, -1, -1, -1, -1, -1, -1, -1, -1, -1, -1, -1, -1, -1, -1, -1, -1, -1, -1, -1, -1, -1, -1, -1, -1, -1, -1, -1, -1, -1, -1, -1, -1, -1, -1, -1, -1, -1, -1, -1, -1, -1, -1, -1, -1, -1, -1, -1, -1, -1, -1, -1, -1, -1, -1, -1, -1, -1, -1, -1, -1, -1, -1, -1, -1, -1, -1, -1, -1]"
150,16,20,1.0,None,1,237,"[{'cluster_no': -1, 'count': 237}]","[-1, -1, -1, -1, -1, -1, -1, -1, -1, -1, -1, -1, -1, -1, -1, -1, -1, -1, -1, -1, -1, -1, -1, -1, -1, -1, -1, -1, -1, -1, -1, -1, -1, -1, -1, -1, -1, -1, -1, -1, -1, -1, -1, -1, -1, -1, -1, -1, -1, -1, -1, -1, -1, -1, -1, -1, -1, -1, -1, -1, -1, -1, -1, -1, -1, -1, -1, -1, -1, -1, -1, -1, -1, -1, -1, -1, -1, -1, -1, -1, -1, -1, -1, -1, -1, -1, -1, -1, -1, -1, -1, -1, -1, -1, -1, -1, -1, -1, -1, -1, -1, -1, -1, -1, -1, -1, -1, -1, -1, -1, -1, -1, -1, -1, -1, -1, -1, -1, -1, -1, -1, -1, -1, -1, -1, -1, -1, -1, -1, -1, -1, -1, -1, -1, -1, -1, -1, -1, -1, -1, -1, -1, -1, -1, -1, -1, -1, -1, -1, -1, -1, -1, -1, -1, -1, -1, -1, -1, -1, -1, -1, -1, -1, -1, -1, -1, -1, -1, -1, -1, -1, -1, -1, -1, -1, -1, -1, -1, -1, -1, -1, -1, -1, -1, -1, -1, -1, -1, -1, -1, -1, -1, -1, -1, -1, -1, -1, -1, -1, -1, -1, -1, -1, -1, -1, -1, -1, -1, -1, -1, -1, -1, -1, -1, -1, -1, -1, -1, -1, -1, -1, -1, -1, -1, -1, -1, -1, -1, -1, -1, -1, -1, -1, -1, -1, -1, -1]"
150,16,21,0.0,None,1,237,"[{'cluster_no': -1, 'count': 237}]","[-1, -1, -1, -1, -1, -1, -1, -1, -1, -1, -1, -1, -1, -1, -1, -1, -1, -1, -1, -1, -1, -1, -1, -1, -1, -1, -1, -1, -1, -1, -1, -1, -1, -1, -1, -1, -1, -1, -1, -1, -1, -1, -1, -1, -1, -1, -1, -1, -1, -1, -1, -1, -1, -1, -1, -1, -1, -1, -1, -1, -1, -1, -1, -1, -1, -1, -1, -1, -1, -1, -1, -1, -1, -1, -1, -1, -1, -1, -1, -1, -1, -1, -1, -1, -1, -1, -1, -1, -1, -1, -1, -1, -1, -1, -1, -1, -1, -1, -1, -1, -1, -1, -1, -1, -1, -1, -1, -1, -1, -1, -1, -1, -1, -1, -1, -1, -1, -1, -1, -1, -1, -1, -1, -1, -1, -1, -1, -1, -1, -1, -1, -1, -1, -1, -1, -1, -1, -1, -1, -1, -1, -1, -1, -1, -1, -1, -1, -1, -1, -1, -1, -1, -1, -1, -1, -1, -1, -1, -1, -1, -1, -1, -1, -1, -1, -1, -1, -1, -1, -1, -1, -1, -1, -1, -1, -1, -1, -1, -1, -1, -1, -1, -1, -1, -1, -1, -1, -1, -1, -1, -1, -1, -1, -1, -1, -1, -1, -1, -1, -1, -1, -1, -1, -1, -1, -1, -1, -1, -1, -1, -1, -1, -1, -1, -1, -1, -1, -1, -1, -1, -1, -1, -1, -1, -1, -1, -1, -1, -1, -1, -1, -1, -1, -1, -1, -1, -1]"
150,16,21,0.5,None,1,237,"[{'cluster_no': -1, 'count': 237}]","[-1, -1, -1, -1, -1, -1, -1, -1, -1, -1, -1, -1, -1, -1, -1, -1, -1, -1, -1, -1, -1, -1, -1, -1, -1, -1, -1, -1, -1, -1, -1, -1, -1, -1, -1, -1, -1, -1, -1, -1, -1, -1, -1, -1, -1, -1, -1, -1, -1, -1, -1, -1, -1, -1, -1, -1, -1, -1, -1, -1, -1, -1, -1, -1, -1, -1, -1, -1, -1, -1, -1, -1, -1, -1, -1, -1, -1, -1, -1, -1, -1, -1, -1, -1, -1, -1, -1, -1, -1, -1, -1, -1, -1, -1, -1, -1, -1, -1, -1, -1, -1, -1, -1, -1, -1, -1, -1, -1, -1, -1, -1, -1, -1, -1, -1, -1, -1, -1, -1, -1, -1, -1, -1, -1, -1, -1, -1, -1, -1, -1, -1, -1, -1, -1, -1, -1, -1, -1, -1, -1, -1, -1, -1, -1, -1, -1, -1, -1, -1, -1, -1, -1, -1, -1, -1, -1, -1, -1, -1, -1, -1, -1, -1, -1, -1, -1, -1, -1, -1, -1, -1, -1, -1, -1, -1, -1, -1, -1, -1, -1, -1, -1, -1, -1, -1, -1, -1, -1, -1, -1, -1, -1, -1, -1, -1, -1, -1, -1, -1, -1, -1, -1, -1, -1, -1, -1, -1, -1, -1, -1, -1, -1, -1, -1, -1, -1, -1, -1, -1, -1, -1, -1, -1, -1, -1, -1, -1, -1, -1, -1, -1, -1, -1, -1, -1, -1, -1]"
150,16,21,1.0,None,1,237,"[{'cluster_no': -1, 'count': 237}]","[-1, -1, -1, -1, -1, -1, -1, -1, -1, -1, -1, -1, -1, -1, -1, -1, -1, -1, -1, -1, -1, -1, -1, -1, -1, -1, -1, -1, -1, -1, -1, -1, -1, -1, -1, -1, -1, -1, -1, -1, -1, -1, -1, -1, -1, -1, -1, -1, -1, -1, -1, -1, -1, -1, -1, -1, -1, -1, -1, -1, -1, -1, -1, -1, -1, -1, -1, -1, -1, -1, -1, -1, -1, -1, -1, -1, -1, -1, -1, -1, -1, -1, -1, -1, -1, -1, -1, -1, -1, -1, -1, -1, -1, -1, -1, -1, -1, -1, -1, -1, -1, -1, -1, -1, -1, -1, -1, -1, -1, -1, -1, -1, -1, -1, -1, -1, -1, -1, -1, -1, -1, -1, -1, -1, -1, -1, -1, -1, -1, -1, -1, -1, -1, -1, -1, -1, -1, -1, -1, -1, -1, -1, -1, -1, -1, -1, -1, -1, -1, -1, -1, -1, -1, -1, -1, -1, -1, -1, -1, -1, -1, -1, -1, -1, -1, -1, -1, -1, -1, -1, -1, -1, -1, -1, -1, -1, -1, -1, -1, -1, -1, -1, -1, -1, -1, -1, -1, -1, -1, -1, -1, -1, -1, -1, -1, -1, -1, -1, -1, -1, -1, -1, -1, -1, -1, -1, -1, -1, -1, -1, -1, -1, -1, -1, -1, -1, -1, -1, -1, -1, -1, -1, -1, -1, -1, -1, -1, -1, -1, -1, -1, -1, -1, -1, -1, -1, -1]"
150,16,22,0.0,None,1,237,"[{'cluster_no': -1, 'count': 237}]","[-1, -1, -1, -1, -1, -1, -1, -1, -1, -1, -1, -1, -1, -1, -1, -1, -1, -1, -1, -1, -1, -1, -1, -1, -1, -1, -1, -1, -1, -1, -1, -1, -1, -1, -1, -1, -1, -1, -1, -1, -1, -1, -1, -1, -1, -1, -1, -1, -1, -1, -1, -1, -1, -1, -1, -1, -1, -1, -1, -1, -1, -1, -1, -1, -1, -1, -1, -1, -1, -1, -1, -1, -1, -1, -1, -1, -1, -1, -1, -1, -1, -1, -1, -1, -1, -1, -1, -1, -1, -1, -1, -1, -1, -1, -1, -1, -1, -1, -1, -1, -1, -1, -1, -1, -1, -1, -1, -1, -1, -1, -1, -1, -1, -1, -1, -1, -1, -1, -1, -1, -1, -1, -1, -1, -1, -1, -1, -1, -1, -1, -1, -1, -1, -1, -1, -1, -1, -1, -1, -1, -1, -1, -1, -1, -1, -1, -1, -1, -1, -1, -1, -1, -1, -1, -1, -1, -1, -1, -1, -1, -1, -1, -1, -1, -1, -1, -1, -1, -1, -1, -1, -1, -1, -1, -1, -1, -1, -1, -1, -1, -1, -1, -1, -1, -1, -1, -1, -1, -1, -1, -1, -1, -1, -1, -1, -1, -1, -1, -1, -1, -1, -1, -1, -1, -1, -1, -1, -1, -1, -1, -1, -1, -1, -1, -1, -1, -1, -1, -1, -1, -1, -1, -1, -1, -1, -1, -1, -1, -1, -1, -1, -1, -1, -1, -1, -1, -1]"
150,16,22,0.5,None,1,237,"[{'cluster_no': -1, 'count': 237}]","[-1, -1, -1, -1, -1, -1, -1, -1, -1, -1, -1, -1, -1, -1, -1, -1, -1, -1, -1, -1, -1, -1, -1, -1, -1, -1, -1, -1, -1, -1, -1, -1, -1, -1, -1, -1, -1, -1, -1, -1, -1, -1, -1, -1, -1, -1, -1, -1, -1, -1, -1, -1, -1, -1, -1, -1, -1, -1, -1, -1, -1, -1, -1, -1, -1, -1, -1, -1, -1, -1, -1, -1, -1, -1, -1, -1, -1, -1, -1, -1, -1, -1, -1, -1, -1, -1, -1, -1, -1, -1, -1, -1, -1, -1, -1, -1, -1, -1, -1, -1, -1, -1, -1, -1, -1, -1, -1, -1, -1, -1, -1, -1, -1, -1, -1, -1, -1, -1, -1, -1, -1, -1, -1, -1, -1, -1, -1, -1, -1, -1, -1, -1, -1, -1, -1, -1, -1, -1, -1, -1, -1, -1, -1, -1, -1, -1, -1, -1, -1, -1, -1, -1, -1, -1, -1, -1, -1, -1, -1, -1, -1, -1, -1, -1, -1, -1, -1, -1, -1, -1, -1, -1, -1, -1, -1, -1, -1, -1, -1, -1, -1, -1, -1, -1, -1, -1, -1, -1, -1, -1, -1, -1, -1, -1, -1, -1, -1, -1, -1, -1, -1, -1, -1, -1, -1, -1, -1, -1, -1, -1, -1, -1, -1, -1, -1, -1, -1, -1, -1, -1, -1, -1, -1, -1, -1, -1, -1, -1, -1, -1, -1, -1, -1, -1, -1, -1, -1]"
150,16,22,1.0,None,1,237,"[{'cluster_no': -1, 'count': 237}]","[-1, -1, -1, -1, -1, -1, -1, -1, -1, -1, -1, -1, -1, -1, -1, -1, -1, -1, -1, -1, -1, -1, -1, -1, -1, -1, -1, -1, -1, -1, -1, -1, -1, -1, -1, -1, -1, -1, -1, -1, -1, -1, -1, -1, -1, -1, -1, -1, -1, -1, -1, -1, -1, -1, -1, -1, -1, -1, -1, -1, -1, -1, -1, -1, -1, -1, -1, -1, -1, -1, -1, -1, -1, -1, -1, -1, -1, -1, -1, -1, -1, -1, -1, -1, -1, -1, -1, -1, -1, -1, -1, -1, -1, -1, -1, -1, -1, -1, -1, -1, -1, -1, -1, -1, -1, -1, -1, -1, -1, -1, -1, -1, -1, -1, -1, -1, -1, -1, -1, -1, -1, -1, -1, -1, -1, -1, -1, -1, -1, -1, -1, -1, -1, -1, -1, -1, -1, -1, -1, -1, -1, -1, -1, -1, -1, -1, -1, -1, -1, -1, -1, -1, -1, -1, -1, -1, -1, -1, -1, -1, -1, -1, -1, -1, -1, -1, -1, -1, -1, -1, -1, -1, -1, -1, -1, -1, -1, -1, -1, -1, -1, -1, -1, -1, -1, -1, -1, -1, -1, -1, -1, -1, -1, -1, -1, -1, -1, -1, -1, -1, -1, -1, -1, -1, -1, -1, -1, -1, -1, -1, -1, -1, -1, -1, -1, -1, -1, -1, -1, -1, -1, -1, -1, -1, -1, -1, -1, -1, -1, -1, -1, -1, -1, -1, -1, -1, -1]"
150,16,23,0.0,None,1,237,"[{'cluster_no': -1, 'count': 237}]","[-1, -1, -1, -1, -1, -1, -1, -1, -1, -1, -1, -1, -1, -1, -1, -1, -1, -1, -1, -1, -1, -1, -1, -1, -1, -1, -1, -1, -1, -1, -1, -1, -1, -1, -1, -1, -1, -1, -1, -1, -1, -1, -1, -1, -1, -1, -1, -1, -1, -1, -1, -1, -1, -1, -1, -1, -1, -1, -1, -1, -1, -1, -1, -1, -1, -1, -1, -1, -1, -1, -1, -1, -1, -1, -1, -1, -1, -1, -1, -1, -1, -1, -1, -1, -1, -1, -1, -1, -1, -1, -1, -1, -1, -1, -1, -1, -1, -1, -1, -1, -1, -1, -1, -1, -1, -1, -1, -1, -1, -1, -1, -1, -1, -1, -1, -1, -1, -1, -1, -1, -1, -1, -1, -1, -1, -1, -1, -1, -1, -1, -1, -1, -1, -1, -1, -1, -1, -1, -1, -1, -1, -1, -1, -1, -1, -1, -1, -1, -1, -1, -1, -1, -1, -1, -1, -1, -1, -1, -1, -1, -1, -1, -1, -1, -1, -1, -1, -1, -1, -1, -1, -1, -1, -1, -1, -1, -1, -1, -1, -1, -1, -1, -1, -1, -1, -1, -1, -1, -1, -1, -1, -1, -1, -1, -1, -1, -1, -1, -1, -1, -1, -1, -1, -1, -1, -1, -1, -1, -1, -1, -1, -1, -1, -1, -1, -1, -1, -1, -1, -1, -1, -1, -1, -1, -1, -1, -1, -1, -1, -1, -1, -1, -1, -1, -1, -1, -1]"
150,16,23,0.5,None,1,237,"[{'cluster_no': -1, 'count': 237}]","[-1, -1, -1, -1, -1, -1, -1, -1, -1, -1, -1, -1, -1, -1, -1, -1, -1, -1, -1, -1, -1, -1, -1, -1, -1, -1, -1, -1, -1, -1, -1, -1, -1, -1, -1, -1, -1, -1, -1, -1, -1, -1, -1, -1, -1, -1, -1, -1, -1, -1, -1, -1, -1, -1, -1, -1, -1, -1, -1, -1, -1, -1, -1, -1, -1, -1, -1, -1, -1, -1, -1, -1, -1, -1, -1, -1, -1, -1, -1, -1, -1, -1, -1, -1, -1, -1, -1, -1, -1, -1, -1, -1, -1, -1, -1, -1, -1, -1, -1, -1, -1, -1, -1, -1, -1, -1, -1, -1, -1, -1, -1, -1, -1, -1, -1, -1, -1, -1, -1, -1, -1, -1, -1, -1, -1, -1, -1, -1, -1, -1, -1, -1, -1, -1, -1, -1, -1, -1, -1, -1, -1, -1, -1, -1, -1, -1, -1, -1, -1, -1, -1, -1, -1, -1, -1, -1, -1, -1, -1, -1, -1, -1, -1, -1, -1, -1, -1, -1, -1, -1, -1, -1, -1, -1, -1, -1, -1, -1, -1, -1, -1, -1, -1, -1, -1, -1, -1, -1, -1, -1, -1, -1, -1, -1, -1, -1, -1, -1, -1, -1, -1, -1, -1, -1, -1, -1, -1, -1, -1, -1, -1, -1, -1, -1, -1, -1, -1, -1, -1, -1, -1, -1, -1, -1, -1, -1, -1, -1, -1, -1, -1, -1, -1, -1, -1, -1, -1]"
150,16,23,1.0,None,1,237,"[{'cluster_no': -1, 'count': 237}]","[-1, -1, -1, -1, -1, -1, -1, -1, -1, -1, -1, -1, -1, -1, -1, -1, -1, -1, -1, -1, -1, -1, -1, -1, -1, -1, -1, -1, -1, -1, -1, -1, -1, -1, -1, -1, -1, -1, -1, -1, -1, -1, -1, -1, -1, -1, -1, -1, -1, -1, -1, -1, -1, -1, -1, -1, -1, -1, -1, -1, -1, -1, -1, -1, -1, -1, -1, -1, -1, -1, -1, -1, -1, -1, -1, -1, -1, -1, -1, -1, -1, -1, -1, -1, -1, -1, -1, -1, -1, -1, -1, -1, -1, -1, -1, -1, -1, -1, -1, -1, -1, -1, -1, -1, -1, -1, -1, -1, -1, -1, -1, -1, -1, -1, -1, -1, -1, -1, -1, -1, -1, -1, -1, -1, -1, -1, -1, -1, -1, -1, -1, -1, -1, -1, -1, -1, -1, -1, -1, -1, -1, -1, -1, -1, -1, -1, -1, -1, -1, -1, -1, -1, -1, -1, -1, -1, -1, -1, -1, -1, -1, -1, -1, -1, -1, -1, -1, -1, -1, -1, -1, -1, -1, -1, -1, -1, -1, -1, -1, -1, -1, -1, -1, -1, -1, -1, -1, -1, -1, -1, -1, -1, -1, -1, -1, -1, -1, -1, -1, -1, -1, -1, -1, -1, -1, -1, -1, -1, -1, -1, -1, -1, -1, -1, -1, -1, -1, -1, -1, -1, -1, -1, -1, -1, -1, -1, -1, -1, -1, -1, -1, -1, -1, -1, -1, -1, -1]"
150,16,24,0.0,None,1,237,"[{'cluster_no': -1, 'count': 237}]","[-1, -1, -1, -1, -1, -1, -1, -1, -1, -1, -1, -1, -1, -1, -1, -1, -1, -1, -1, -1, -1, -1, -1, -1, -1, -1, -1, -1, -1, -1, -1, -1, -1, -1, -1, -1, -1, -1, -1, -1, -1, -1, -1, -1, -1, -1, -1, -1, -1, -1, -1, -1, -1, -1, -1, -1, -1, -1, -1, -1, -1, -1, -1, -1, -1, -1, -1, -1, -1, -1, -1, -1, -1, -1, -1, -1, -1, -1, -1, -1, -1, -1, -1, -1, -1, -1, -1, -1, -1, -1, -1, -1, -1, -1, -1, -1, -1, -1, -1, -1, -1, -1, -1, -1, -1, -1, -1, -1, -1, -1, -1, -1, -1, -1, -1, -1, -1, -1, -1, -1, -1, -1, -1, -1, -1, -1, -1, -1, -1, -1, -1, -1, -1, -1, -1, -1, -1, -1, -1, -1, -1, -1, -1, -1, -1, -1, -1, -1, -1, -1, -1, -1, -1, -1, -1, -1, -1, -1, -1, -1, -1, -1, -1, -1, -1, -1, -1, -1, -1, -1, -1, -1, -1, -1, -1, -1, -1, -1, -1, -1, -1, -1, -1, -1, -1, -1, -1, -1, -1, -1, -1, -1, -1, -1, -1, -1, -1, -1, -1, -1, -1, -1, -1, -1, -1, -1, -1, -1, -1, -1, -1, -1, -1, -1, -1, -1, -1, -1, -1, -1, -1, -1, -1, -1, -1, -1, -1, -1, -1, -1, -1, -1, -1, -1, -1, -1, -1]"
150,16,24,0.5,None,1,237,"[{'cluster_no': -1, 'count': 237}]","[-1, -1, -1, -1, -1, -1, -1, -1, -1, -1, -1, -1, -1, -1, -1, -1, -1, -1, -1, -1, -1, -1, -1, -1, -1, -1, -1, -1, -1, -1, -1, -1, -1, -1, -1, -1, -1, -1, -1, -1, -1, -1, -1, -1, -1, -1, -1, -1, -1, -1, -1, -1, -1, -1, -1, -1, -1, -1, -1, -1, -1, -1, -1, -1, -1, -1, -1, -1, -1, -1, -1, -1, -1, -1, -1, -1, -1, -1, -1, -1, -1, -1, -1, -1, -1, -1, -1, -1, -1, -1, -1, -1, -1, -1, -1, -1, -1, -1, -1, -1, -1, -1, -1, -1, -1, -1, -1, -1, -1, -1, -1, -1, -1, -1, -1, -1, -1, -1, -1, -1, -1, -1, -1, -1, -1, -1, -1, -1, -1, -1, -1, -1, -1, -1, -1, -1, -1, -1, -1, -1, -1, -1, -1, -1, -1, -1, -1, -1, -1, -1, -1, -1, -1, -1, -1, -1, -1, -1, -1, -1, -1, -1, -1, -1, -1, -1, -1, -1, -1, -1, -1, -1, -1, -1, -1, -1, -1, -1, -1, -1, -1, -1, -1, -1, -1, -1, -1, -1, -1, -1, -1, -1, -1, -1, -1, -1, -1, -1, -1, -1, -1, -1, -1, -1, -1, -1, -1, -1, -1, -1, -1, -1, -1, -1, -1, -1, -1, -1, -1, -1, -1, -1, -1, -1, -1, -1, -1, -1, -1, -1, -1, -1, -1, -1, -1, -1, -1]"
150,16,24,1.0,None,1,237,"[{'cluster_no': -1, 'count': 237}]","[-1, -1, -1, -1, -1, -1, -1, -1, -1, -1, -1, -1, -1, -1, -1, -1, -1, -1, -1, -1, -1, -1, -1, -1, -1, -1, -1, -1, -1, -1, -1, -1, -1, -1, -1, -1, -1, -1, -1, -1, -1, -1, -1, -1, -1, -1, -1, -1, -1, -1, -1, -1, -1, -1, -1, -1, -1, -1, -1, -1, -1, -1, -1, -1, -1, -1, -1, -1, -1, -1, -1, -1, -1, -1, -1, -1, -1, -1, -1, -1, -1, -1, -1, -1, -1, -1, -1, -1, -1, -1, -1, -1, -1, -1, -1, -1, -1, -1, -1, -1, -1, -1, -1, -1, -1, -1, -1, -1, -1, -1, -1, -1, -1, -1, -1, -1, -1, -1, -1, -1, -1, -1, -1, -1, -1, -1, -1, -1, -1, -1, -1, -1, -1, -1, -1, -1, -1, -1, -1, -1, -1, -1, -1, -1, -1, -1, -1, -1, -1, -1, -1, -1, -1, -1, -1, -1, -1, -1, -1, -1, -1, -1, -1, -1, -1, -1, -1, -1, -1, -1, -1, -1, -1, -1, -1, -1, -1, -1, -1, -1, -1, -1, -1, -1, -1, -1, -1, -1, -1, -1, -1, -1, -1, -1, -1, -1, -1, -1, -1, -1, -1, -1, -1, -1, -1, -1, -1, -1, -1, -1, -1, -1, -1, -1, -1, -1, -1, -1, -1, -1, -1, -1, -1, -1, -1, -1, -1, -1, -1, -1, -1, -1, -1, -1, -1, -1, -1]"
150,16,25,0.0,None,1,237,"[{'cluster_no': -1, 'count': 237}]","[-1, -1, -1, -1, -1, -1, -1, -1, -1, -1, -1, -1, -1, -1, -1, -1, -1, -1, -1, -1, -1, -1, -1, -1, -1, -1, -1, -1, -1, -1, -1, -1, -1, -1, -1, -1, -1, -1, -1, -1, -1, -1, -1, -1, -1, -1, -1, -1, -1, -1, -1, -1, -1, -1, -1, -1, -1, -1, -1, -1, -1, -1, -1, -1, -1, -1, -1, -1, -1, -1, -1, -1, -1, -1, -1, -1, -1, -1, -1, -1, -1, -1, -1, -1, -1, -1, -1, -1, -1, -1, -1, -1, -1, -1, -1, -1, -1, -1, -1, -1, -1, -1, -1, -1, -1, -1, -1, -1, -1, -1, -1, -1, -1, -1, -1, -1, -1, -1, -1, -1, -1, -1, -1, -1, -1, -1, -1, -1, -1, -1, -1, -1, -1, -1, -1, -1, -1, -1, -1, -1, -1, -1, -1, -1, -1, -1, -1, -1, -1, -1, -1, -1, -1, -1, -1, -1, -1, -1, -1, -1, -1, -1, -1, -1, -1, -1, -1, -1, -1, -1, -1, -1, -1, -1, -1, -1, -1, -1, -1, -1, -1, -1, -1, -1, -1, -1, -1, -1, -1, -1, -1, -1, -1, -1, -1, -1, -1, -1, -1, -1, -1, -1, -1, -1, -1, -1, -1, -1, -1, -1, -1, -1, -1, -1, -1, -1, -1, -1, -1, -1, -1, -1, -1, -1, -1, -1, -1, -1, -1, -1, -1, -1, -1, -1, -1, -1, -1]"
150,16,25,0.5,None,1,237,"[{'cluster_no': -1, 'count': 237}]","[-1, -1, -1, -1, -1, -1, -1, -1, -1, -1, -1, -1, -1, -1, -1, -1, -1, -1, -1, -1, -1, -1, -1, -1, -1, -1, -1, -1, -1, -1, -1, -1, -1, -1, -1, -1, -1, -1, -1, -1, -1, -1, -1, -1, -1, -1, -1, -1, -1, -1, -1, -1, -1, -1, -1, -1, -1, -1, -1, -1, -1, -1, -1, -1, -1, -1, -1, -1, -1, -1, -1, -1, -1, -1, -1, -1, -1, -1, -1, -1, -1, -1, -1, -1, -1, -1, -1, -1, -1, -1, -1, -1, -1, -1, -1, -1, -1, -1, -1, -1, -1, -1, -1, -1, -1, -1, -1, -1, -1, -1, -1, -1, -1, -1, -1, -1, -1, -1, -1, -1, -1, -1, -1, -1, -1, -1, -1, -1, -1, -1, -1, -1, -1, -1, -1, -1, -1, -1, -1, -1, -1, -1, -1, -1, -1, -1, -1, -1, -1, -1, -1, -1, -1, -1, -1, -1, -1, -1, -1, -1, -1, -1, -1, -1, -1, -1, -1, -1, -1, -1, -1, -1, -1, -1, -1, -1, -1, -1, -1, -1, -1, -1, -1, -1, -1, -1, -1, -1, -1, -1, -1, -1, -1, -1, -1, -1, -1, -1, -1, -1, -1, -1, -1, -1, -1, -1, -1, -1, -1, -1, -1, -1, -1, -1, -1, -1, -1, -1, -1, -1, -1, -1, -1, -1, -1, -1, -1, -1, -1, -1, -1, -1, -1, -1, -1, -1, -1]"
150,16,25,1.0,None,1,237,"[{'cluster_no': -1, 'count': 237}]","[-1, -1, -1, -1, -1, -1, -1, -1, -1, -1, -1, -1, -1, -1, -1, -1, -1, -1, -1, -1, -1, -1, -1, -1, -1, -1, -1, -1, -1, -1, -1, -1, -1, -1, -1, -1, -1, -1, -1, -1, -1, -1, -1, -1, -1, -1, -1, -1, -1, -1, -1, -1, -1, -1, -1, -1, -1, -1, -1, -1, -1, -1, -1, -1, -1, -1, -1, -1, -1, -1, -1, -1, -1, -1, -1, -1, -1, -1, -1, -1, -1, -1, -1, -1, -1, -1, -1, -1, -1, -1, -1, -1, -1, -1, -1, -1, -1, -1, -1, -1, -1, -1, -1, -1, -1, -1, -1, -1, -1, -1, -1, -1, -1, -1, -1, -1, -1, -1, -1, -1, -1, -1, -1, -1, -1, -1, -1, -1, -1, -1, -1, -1, -1, -1, -1, -1, -1, -1, -1, -1, -1, -1, -1, -1, -1, -1, -1, -1, -1, -1, -1, -1, -1, -1, -1, -1, -1, -1, -1, -1, -1, -1, -1, -1, -1, -1, -1, -1, -1, -1, -1, -1, -1, -1, -1, -1, -1, -1, -1, -1, -1, -1, -1, -1, -1, -1, -1, -1, -1, -1, -1, -1, -1, -1, -1, -1, -1, -1, -1, -1, -1, -1, -1, -1, -1, -1, -1, -1, -1, -1, -1, -1, -1, -1, -1, -1, -1, -1, -1, -1, -1, -1, -1, -1, -1, -1, -1, -1, -1, -1, -1, -1, -1, -1, -1, -1, -1]"
150,16,26,0.0,None,1,237,"[{'cluster_no': -1, 'count': 237}]","[-1, -1, -1, -1, -1, -1, -1, -1, -1, -1, -1, -1, -1, -1, -1, -1, -1, -1, -1, -1, -1, -1, -1, -1, -1, -1, -1, -1, -1, -1, -1, -1, -1, -1, -1, -1, -1, -1, -1, -1, -1, -1, -1, -1, -1, -1, -1, -1, -1, -1, -1, -1, -1, -1, -1, -1, -1, -1, -1, -1, -1, -1, -1, -1, -1, -1, -1, -1, -1, -1, -1, -1, -1, -1, -1, -1, -1, -1, -1, -1, -1, -1, -1, -1, -1, -1, -1, -1, -1, -1, -1, -1, -1, -1, -1, -1, -1, -1, -1, -1, -1, -1, -1, -1, -1, -1, -1, -1, -1, -1, -1, -1, -1, -1, -1, -1, -1, -1, -1, -1, -1, -1, -1, -1, -1, -1, -1, -1, -1, -1, -1, -1, -1, -1, -1, -1, -1, -1, -1, -1, -1, -1, -1, -1, -1, -1, -1, -1, -1, -1, -1, -1, -1, -1, -1, -1, -1, -1, -1, -1, -1, -1, -1, -1, -1, -1, -1, -1, -1, -1, -1, -1, -1, -1, -1, -1, -1, -1, -1, -1, -1, -1, -1, -1, -1, -1, -1, -1, -1, -1, -1, -1, -1, -1, -1, -1, -1, -1, -1, -1, -1, -1, -1, -1, -1, -1, -1, -1, -1, -1, -1, -1, -1, -1, -1, -1, -1, -1, -1, -1, -1, -1, -1, -1, -1, -1, -1, -1, -1, -1, -1, -1, -1, -1, -1, -1, -1]"
150,16,26,0.5,None,1,237,"[{'cluster_no': -1, 'count': 237}]","[-1, -1, -1, -1, -1, -1, -1, -1, -1, -1, -1, -1, -1, -1, -1, -1, -1, -1, -1, -1, -1, -1, -1, -1, -1, -1, -1, -1, -1, -1, -1, -1, -1, -1, -1, -1, -1, -1, -1, -1, -1, -1, -1, -1, -1, -1, -1, -1, -1, -1, -1, -1, -1, -1, -1, -1, -1, -1, -1, -1, -1, -1, -1, -1, -1, -1, -1, -1, -1, -1, -1, -1, -1, -1, -1, -1, -1, -1, -1, -1, -1, -1, -1, -1, -1, -1, -1, -1, -1, -1, -1, -1, -1, -1, -1, -1, -1, -1, -1, -1, -1, -1, -1, -1, -1, -1, -1, -1, -1, -1, -1, -1, -1, -1, -1, -1, -1, -1, -1, -1, -1, -1, -1, -1, -1, -1, -1, -1, -1, -1, -1, -1, -1, -1, -1, -1, -1, -1, -1, -1, -1, -1, -1, -1, -1, -1, -1, -1, -1, -1, -1, -1, -1, -1, -1, -1, -1, -1, -1, -1, -1, -1, -1, -1, -1, -1, -1, -1, -1, -1, -1, -1, -1, -1, -1, -1, -1, -1, -1, -1, -1, -1, -1, -1, -1, -1, -1, -1, -1, -1, -1, -1, -1, -1, -1, -1, -1, -1, -1, -1, -1, -1, -1, -1, -1, -1, -1, -1, -1, -1, -1, -1, -1, -1, -1, -1, -1, -1, -1, -1, -1, -1, -1, -1, -1, -1, -1, -1, -1, -1, -1, -1, -1, -1, -1, -1, -1]"
150,16,26,1.0,None,1,237,"[{'cluster_no': -1, 'count': 237}]","[-1, -1, -1, -1, -1, -1, -1, -1, -1, -1, -1, -1, -1, -1, -1, -1, -1, -1, -1, -1, -1, -1, -1, -1, -1, -1, -1, -1, -1, -1, -1, -1, -1, -1, -1, -1, -1, -1, -1, -1, -1, -1, -1, -1, -1, -1, -1, -1, -1, -1, -1, -1, -1, -1, -1, -1, -1, -1, -1, -1, -1, -1, -1, -1, -1, -1, -1, -1, -1, -1, -1, -1, -1, -1, -1, -1, -1, -1, -1, -1, -1, -1, -1, -1, -1, -1, -1, -1, -1, -1, -1, -1, -1, -1, -1, -1, -1, -1, -1, -1, -1, -1, -1, -1, -1, -1, -1, -1, -1, -1, -1, -1, -1, -1, -1, -1, -1, -1, -1, -1, -1, -1, -1, -1, -1, -1, -1, -1, -1, -1, -1, -1, -1, -1, -1, -1, -1, -1, -1, -1, -1, -1, -1, -1, -1, -1, -1, -1, -1, -1, -1, -1, -1, -1, -1, -1, -1, -1, -1, -1, -1, -1, -1, -1, -1, -1, -1, -1, -1, -1, -1, -1, -1, -1, -1, -1, -1, -1, -1, -1, -1, -1, -1, -1, -1, -1, -1, -1, -1, -1, -1, -1, -1, -1, -1, -1, -1, -1, -1, -1, -1, -1, -1, -1, -1, -1, -1, -1, -1, -1, -1, -1, -1, -1, -1, -1, -1, -1, -1, -1, -1, -1, -1, -1, -1, -1, -1, -1, -1, -1, -1, -1, -1, -1, -1, -1, -1]"
150,16,27,0.0,None,1,237,"[{'cluster_no': -1, 'count': 237}]","[-1, -1, -1, -1, -1, -1, -1, -1, -1, -1, -1, -1, -1, -1, -1, -1, -1, -1, -1, -1, -1, -1, -1, -1, -1, -1, -1, -1, -1, -1, -1, -1, -1, -1, -1, -1, -1, -1, -1, -1, -1, -1, -1, -1, -1, -1, -1, -1, -1, -1, -1, -1, -1, -1, -1, -1, -1, -1, -1, -1, -1, -1, -1, -1, -1, -1, -1, -1, -1, -1, -1, -1, -1, -1, -1, -1, -1, -1, -1, -1, -1, -1, -1, -1, -1, -1, -1, -1, -1, -1, -1, -1, -1, -1, -1, -1, -1, -1, -1, -1, -1, -1, -1, -1, -1, -1, -1, -1, -1, -1, -1, -1, -1, -1, -1, -1, -1, -1, -1, -1, -1, -1, -1, -1, -1, -1, -1, -1, -1, -1, -1, -1, -1, -1, -1, -1, -1, -1, -1, -1, -1, -1, -1, -1, -1, -1, -1, -1, -1, -1, -1, -1, -1, -1, -1, -1, -1, -1, -1, -1, -1, -1, -1, -1, -1, -1, -1, -1, -1, -1, -1, -1, -1, -1, -1, -1, -1, -1, -1, -1, -1, -1, -1, -1, -1, -1, -1, -1, -1, -1, -1, -1, -1, -1, -1, -1, -1, -1, -1, -1, -1, -1, -1, -1, -1, -1, -1, -1, -1, -1, -1, -1, -1, -1, -1, -1, -1, -1, -1, -1, -1, -1, -1, -1, -1, -1, -1, -1, -1, -1, -1, -1, -1, -1, -1, -1, -1]"
150,16,27,0.5,None,1,237,"[{'cluster_no': -1, 'count': 237}]","[-1, -1, -1, -1, -1, -1, -1, -1, -1, -1, -1, -1, -1, -1, -1, -1, -1, -1, -1, -1, -1, -1, -1, -1, -1, -1, -1, -1, -1, -1, -1, -1, -1, -1, -1, -1, -1, -1, -1, -1, -1, -1, -1, -1, -1, -1, -1, -1, -1, -1, -1, -1, -1, -1, -1, -1, -1, -1, -1, -1, -1, -1, -1, -1, -1, -1, -1, -1, -1, -1, -1, -1, -1, -1, -1, -1, -1, -1, -1, -1, -1, -1, -1, -1, -1, -1, -1, -1, -1, -1, -1, -1, -1, -1, -1, -1, -1, -1, -1, -1, -1, -1, -1, -1, -1, -1, -1, -1, -1, -1, -1, -1, -1, -1, -1, -1, -1, -1, -1, -1, -1, -1, -1, -1, -1, -1, -1, -1, -1, -1, -1, -1, -1, -1, -1, -1, -1, -1, -1, -1, -1, -1, -1, -1, -1, -1, -1, -1, -1, -1, -1, -1, -1, -1, -1, -1, -1, -1, -1, -1, -1, -1, -1, -1, -1, -1, -1, -1, -1, -1, -1, -1, -1, -1, -1, -1, -1, -1, -1, -1, -1, -1, -1, -1, -1, -1, -1, -1, -1, -1, -1, -1, -1, -1, -1, -1, -1, -1, -1, -1, -1, -1, -1, -1, -1, -1, -1, -1, -1, -1, -1, -1, -1, -1, -1, -1, -1, -1, -1, -1, -1, -1, -1, -1, -1, -1, -1, -1, -1, -1, -1, -1, -1, -1, -1, -1, -1]"
150,16,27,1.0,None,1,237,"[{'cluster_no': -1, 'count': 237}]","[-1, -1, -1, -1, -1, -1, -1, -1, -1, -1, -1, -1, -1, -1, -1, -1, -1, -1, -1, -1, -1, -1, -1, -1, -1, -1, -1, -1, -1, -1, -1, -1, -1, -1, -1, -1, -1, -1, -1, -1, -1, -1, -1, -1, -1, -1, -1, -1, -1, -1, -1, -1, -1, -1, -1, -1, -1, -1, -1, -1, -1, -1, -1, -1, -1, -1, -1, -1, -1, -1, -1, -1, -1, -1, -1, -1, -1, -1, -1, -1, -1, -1, -1, -1, -1, -1, -1, -1, -1, -1, -1, -1, -1, -1, -1, -1, -1, -1, -1, -1, -1, -1, -1, -1, -1, -1, -1, -1, -1, -1, -1, -1, -1, -1, -1, -1, -1, -1, -1, -1, -1, -1, -1, -1, -1, -1, -1, -1, -1, -1, -1, -1, -1, -1, -1, -1, -1, -1, -1, -1, -1, -1, -1, -1, -1, -1, -1, -1, -1, -1, -1, -1, -1, -1, -1, -1, -1, -1, -1, -1, -1, -1, -1, -1, -1, -1, -1, -1, -1, -1, -1, -1, -1, -1, -1, -1, -1, -1, -1, -1, -1, -1, -1, -1, -1, -1, -1, -1, -1, -1, -1, -1, -1, -1, -1, -1, -1, -1, -1, -1, -1, -1, -1, -1, -1, -1, -1, -1, -1, -1, -1, -1, -1, -1, -1, -1, -1, -1, -1, -1, -1, -1, -1, -1, -1, -1, -1, -1, -1, -1, -1, -1, -1, -1, -1, -1, -1]"
150,16,28,0.0,None,1,237,"[{'cluster_no': -1, 'count': 237}]","[-1, -1, -1, -1, -1, -1, -1, -1, -1, -1, -1, -1, -1, -1, -1, -1, -1, -1, -1, -1, -1, -1, -1, -1, -1, -1, -1, -1, -1, -1, -1, -1, -1, -1, -1, -1, -1, -1, -1, -1, -1, -1, -1, -1, -1, -1, -1, -1, -1, -1, -1, -1, -1, -1, -1, -1, -1, -1, -1, -1, -1, -1, -1, -1, -1, -1, -1, -1, -1, -1, -1, -1, -1, -1, -1, -1, -1, -1, -1, -1, -1, -1, -1, -1, -1, -1, -1, -1, -1, -1, -1, -1, -1, -1, -1, -1, -1, -1, -1, -1, -1, -1, -1, -1, -1, -1, -1, -1, -1, -1, -1, -1, -1, -1, -1, -1, -1, -1, -1, -1, -1, -1, -1, -1, -1, -1, -1, -1, -1, -1, -1, -1, -1, -1, -1, -1, -1, -1, -1, -1, -1, -1, -1, -1, -1, -1, -1, -1, -1, -1, -1, -1, -1, -1, -1, -1, -1, -1, -1, -1, -1, -1, -1, -1, -1, -1, -1, -1, -1, -1, -1, -1, -1, -1, -1, -1, -1, -1, -1, -1, -1, -1, -1, -1, -1, -1, -1, -1, -1, -1, -1, -1, -1, -1, -1, -1, -1, -1, -1, -1, -1, -1, -1, -1, -1, -1, -1, -1, -1, -1, -1, -1, -1, -1, -1, -1, -1, -1, -1, -1, -1, -1, -1, -1, -1, -1, -1, -1, -1, -1, -1, -1, -1, -1, -1, -1, -1]"
150,16,28,0.5,None,1,237,"[{'cluster_no': -1, 'count': 237}]","[-1, -1, -1, -1, -1, -1, -1, -1, -1, -1, -1, -1, -1, -1, -1, -1, -1, -1, -1, -1, -1, -1, -1, -1, -1, -1, -1, -1, -1, -1, -1, -1, -1, -1, -1, -1, -1, -1, -1, -1, -1, -1, -1, -1, -1, -1, -1, -1, -1, -1, -1, -1, -1, -1, -1, -1, -1, -1, -1, -1, -1, -1, -1, -1, -1, -1, -1, -1, -1, -1, -1, -1, -1, -1, -1, -1, -1, -1, -1, -1, -1, -1, -1, -1, -1, -1, -1, -1, -1, -1, -1, -1, -1, -1, -1, -1, -1, -1, -1, -1, -1, -1, -1, -1, -1, -1, -1, -1, -1, -1, -1, -1, -1, -1, -1, -1, -1, -1, -1, -1, -1, -1, -1, -1, -1, -1, -1, -1, -1, -1, -1, -1, -1, -1, -1, -1, -1, -1, -1, -1, -1, -1, -1, -1, -1, -1, -1, -1, -1, -1, -1, -1, -1, -1, -1, -1, -1, -1, -1, -1, -1, -1, -1, -1, -1, -1, -1, -1, -1, -1, -1, -1, -1, -1, -1, -1, -1, -1, -1, -1, -1, -1, -1, -1, -1, -1, -1, -1, -1, -1, -1, -1, -1, -1, -1, -1, -1, -1, -1, -1, -1, -1, -1, -1, -1, -1, -1, -1, -1, -1, -1, -1, -1, -1, -1, -1, -1, -1, -1, -1, -1, -1, -1, -1, -1, -1, -1, -1, -1, -1, -1, -1, -1, -1, -1, -1, -1]"
150,16,28,1.0,None,1,237,"[{'cluster_no': -1, 'count': 237}]","[-1, -1, -1, -1, -1, -1, -1, -1, -1, -1, -1, -1, -1, -1, -1, -1, -1, -1, -1, -1, -1, -1, -1, -1, -1, -1, -1, -1, -1, -1, -1, -1, -1, -1, -1, -1, -1, -1, -1, -1, -1, -1, -1, -1, -1, -1, -1, -1, -1, -1, -1, -1, -1, -1, -1, -1, -1, -1, -1, -1, -1, -1, -1, -1, -1, -1, -1, -1, -1, -1, -1, -1, -1, -1, -1, -1, -1, -1, -1, -1, -1, -1, -1, -1, -1, -1, -1, -1, -1, -1, -1, -1, -1, -1, -1, -1, -1, -1, -1, -1, -1, -1, -1, -1, -1, -1, -1, -1, -1, -1, -1, -1, -1, -1, -1, -1, -1, -1, -1, -1, -1, -1, -1, -1, -1, -1, -1, -1, -1, -1, -1, -1, -1, -1, -1, -1, -1, -1, -1, -1, -1, -1, -1, -1, -1, -1, -1, -1, -1, -1, -1, -1, -1, -1, -1, -1, -1, -1, -1, -1, -1, -1, -1, -1, -1, -1, -1, -1, -1, -1, -1, -1, -1, -1, -1, -1, -1, -1, -1, -1, -1, -1, -1, -1, -1, -1, -1, -1, -1, -1, -1, -1, -1, -1, -1, -1, -1, -1, -1, -1, -1, -1, -1, -1, -1, -1, -1, -1, -1, -1, -1, -1, -1, -1, -1, -1, -1, -1, -1, -1, -1, -1, -1, -1, -1, -1, -1, -1, -1, -1, -1, -1, -1, -1, -1, -1, -1]"
150,16,29,0.0,None,1,237,"[{'cluster_no': -1, 'count': 237}]","[-1, -1, -1, -1, -1, -1, -1, -1, -1, -1, -1, -1, -1, -1, -1, -1, -1, -1, -1, -1, -1, -1, -1, -1, -1, -1, -1, -1, -1, -1, -1, -1, -1, -1, -1, -1, -1, -1, -1, -1, -1, -1, -1, -1, -1, -1, -1, -1, -1, -1, -1, -1, -1, -1, -1, -1, -1, -1, -1, -1, -1, -1, -1, -1, -1, -1, -1, -1, -1, -1, -1, -1, -1, -1, -1, -1, -1, -1, -1, -1, -1, -1, -1, -1, -1, -1, -1, -1, -1, -1, -1, -1, -1, -1, -1, -1, -1, -1, -1, -1, -1, -1, -1, -1, -1, -1, -1, -1, -1, -1, -1, -1, -1, -1, -1, -1, -1, -1, -1, -1, -1, -1, -1, -1, -1, -1, -1, -1, -1, -1, -1, -1, -1, -1, -1, -1, -1, -1, -1, -1, -1, -1, -1, -1, -1, -1, -1, -1, -1, -1, -1, -1, -1, -1, -1, -1, -1, -1, -1, -1, -1, -1, -1, -1, -1, -1, -1, -1, -1, -1, -1, -1, -1, -1, -1, -1, -1, -1, -1, -1, -1, -1, -1, -1, -1, -1, -1, -1, -1, -1, -1, -1, -1, -1, -1, -1, -1, -1, -1, -1, -1, -1, -1, -1, -1, -1, -1, -1, -1, -1, -1, -1, -1, -1, -1, -1, -1, -1, -1, -1, -1, -1, -1, -1, -1, -1, -1, -1, -1, -1, -1, -1, -1, -1, -1, -1, -1]"
150,16,29,0.5,None,1,237,"[{'cluster_no': -1, 'count': 237}]","[-1, -1, -1, -1, -1, -1, -1, -1, -1, -1, -1, -1, -1, -1, -1, -1, -1, -1, -1, -1, -1, -1, -1, -1, -1, -1, -1, -1, -1, -1, -1, -1, -1, -1, -1, -1, -1, -1, -1, -1, -1, -1, -1, -1, -1, -1, -1, -1, -1, -1, -1, -1, -1, -1, -1, -1, -1, -1, -1, -1, -1, -1, -1, -1, -1, -1, -1, -1, -1, -1, -1, -1, -1, -1, -1, -1, -1, -1, -1, -1, -1, -1, -1, -1, -1, -1, -1, -1, -1, -1, -1, -1, -1, -1, -1, -1, -1, -1, -1, -1, -1, -1, -1, -1, -1, -1, -1, -1, -1, -1, -1, -1, -1, -1, -1, -1, -1, -1, -1, -1, -1, -1, -1, -1, -1, -1, -1, -1, -1, -1, -1, -1, -1, -1, -1, -1, -1, -1, -1, -1, -1, -1, -1, -1, -1, -1, -1, -1, -1, -1, -1, -1, -1, -1, -1, -1, -1, -1, -1, -1, -1, -1, -1, -1, -1, -1, -1, -1, -1, -1, -1, -1, -1, -1, -1, -1, -1, -1, -1, -1, -1, -1, -1, -1, -1, -1, -1, -1, -1, -1, -1, -1, -1, -1, -1, -1, -1, -1, -1, -1, -1, -1, -1, -1, -1, -1, -1, -1, -1, -1, -1, -1, -1, -1, -1, -1, -1, -1, -1, -1, -1, -1, -1, -1, -1, -1, -1, -1, -1, -1, -1, -1, -1, -1, -1, -1, -1]"
150,16,29,1.0,None,1,237,"[{'cluster_no': -1, 'count': 237}]","[-1, -1, -1, -1, -1, -1, -1, -1, -1, -1, -1, -1, -1, -1, -1, -1, -1, -1, -1, -1, -1, -1, -1, -1, -1, -1, -1, -1, -1, -1, -1, -1, -1, -1, -1, -1, -1, -1, -1, -1, -1, -1, -1, -1, -1, -1, -1, -1, -1, -1, -1, -1, -1, -1, -1, -1, -1, -1, -1, -1, -1, -1, -1, -1, -1, -1, -1, -1, -1, -1, -1, -1, -1, -1, -1, -1, -1, -1, -1, -1, -1, -1, -1, -1, -1, -1, -1, -1, -1, -1, -1, -1, -1, -1, -1, -1, -1, -1, -1, -1, -1, -1, -1, -1, -1, -1, -1, -1, -1, -1, -1, -1, -1, -1, -1, -1, -1, -1, -1, -1, -1, -1, -1, -1, -1, -1, -1, -1, -1, -1, -1, -1, -1, -1, -1, -1, -1, -1, -1, -1, -1, -1, -1, -1, -1, -1, -1, -1, -1, -1, -1, -1, -1, -1, -1, -1, -1, -1, -1, -1, -1, -1, -1, -1, -1, -1, -1, -1, -1, -1, -1, -1, -1, -1, -1, -1, -1, -1, -1, -1, -1, -1, -1, -1, -1, -1, -1, -1, -1, -1, -1, -1, -1, -1, -1, -1, -1, -1, -1, -1, -1, -1, -1, -1, -1, -1, -1, -1, -1, -1, -1, -1, -1, -1, -1, -1, -1, -1, -1, -1, -1, -1, -1, -1, -1, -1, -1, -1, -1, -1, -1, -1, -1, -1, -1, -1, -1]"
150,16,30,0.0,None,1,237,"[{'cluster_no': -1, 'count': 237}]","[-1, -1, -1, -1, -1, -1, -1, -1, -1, -1, -1, -1, -1, -1, -1, -1, -1, -1, -1, -1, -1, -1, -1, -1, -1, -1, -1, -1, -1, -1, -1, -1, -1, -1, -1, -1, -1, -1, -1, -1, -1, -1, -1, -1, -1, -1, -1, -1, -1, -1, -1, -1, -1, -1, -1, -1, -1, -1, -1, -1, -1, -1, -1, -1, -1, -1, -1, -1, -1, -1, -1, -1, -1, -1, -1, -1, -1, -1, -1, -1, -1, -1, -1, -1, -1, -1, -1, -1, -1, -1, -1, -1, -1, -1, -1, -1, -1, -1, -1, -1, -1, -1, -1, -1, -1, -1, -1, -1, -1, -1, -1, -1, -1, -1, -1, -1, -1, -1, -1, -1, -1, -1, -1, -1, -1, -1, -1, -1, -1, -1, -1, -1, -1, -1, -1, -1, -1, -1, -1, -1, -1, -1, -1, -1, -1, -1, -1, -1, -1, -1, -1, -1, -1, -1, -1, -1, -1, -1, -1, -1, -1, -1, -1, -1, -1, -1, -1, -1, -1, -1, -1, -1, -1, -1, -1, -1, -1, -1, -1, -1, -1, -1, -1, -1, -1, -1, -1, -1, -1, -1, -1, -1, -1, -1, -1, -1, -1, -1, -1, -1, -1, -1, -1, -1, -1, -1, -1, -1, -1, -1, -1, -1, -1, -1, -1, -1, -1, -1, -1, -1, -1, -1, -1, -1, -1, -1, -1, -1, -1, -1, -1, -1, -1, -1, -1, -1, -1]"
150,16,30,0.5,None,1,237,"[{'cluster_no': -1, 'count': 237}]","[-1, -1, -1, -1, -1, -1, -1, -1, -1, -1, -1, -1, -1, -1, -1, -1, -1, -1, -1, -1, -1, -1, -1, -1, -1, -1, -1, -1, -1, -1, -1, -1, -1, -1, -1, -1, -1, -1, -1, -1, -1, -1, -1, -1, -1, -1, -1, -1, -1, -1, -1, -1, -1, -1, -1, -1, -1, -1, -1, -1, -1, -1, -1, -1, -1, -1, -1, -1, -1, -1, -1, -1, -1, -1, -1, -1, -1, -1, -1, -1, -1, -1, -1, -1, -1, -1, -1, -1, -1, -1, -1, -1, -1, -1, -1, -1, -1, -1, -1, -1, -1, -1, -1, -1, -1, -1, -1, -1, -1, -1, -1, -1, -1, -1, -1, -1, -1, -1, -1, -1, -1, -1, -1, -1, -1, -1, -1, -1, -1, -1, -1, -1, -1, -1, -1, -1, -1, -1, -1, -1, -1, -1, -1, -1, -1, -1, -1, -1, -1, -1, -1, -1, -1, -1, -1, -1, -1, -1, -1, -1, -1, -1, -1, -1, -1, -1, -1, -1, -1, -1, -1, -1, -1, -1, -1, -1, -1, -1, -1, -1, -1, -1, -1, -1, -1, -1, -1, -1, -1, -1, -1, -1, -1, -1, -1, -1, -1, -1, -1, -1, -1, -1, -1, -1, -1, -1, -1, -1, -1, -1, -1, -1, -1, -1, -1, -1, -1, -1, -1, -1, -1, -1, -1, -1, -1, -1, -1, -1, -1, -1, -1, -1, -1, -1, -1, -1, -1]"
150,16,30,1.0,None,1,237,"[{'cluster_no': -1, 'count': 237}]","[-1, -1, -1, -1, -1, -1, -1, -1, -1, -1, -1, -1, -1, -1, -1, -1, -1, -1, -1, -1, -1, -1, -1, -1, -1, -1, -1, -1, -1, -1, -1, -1, -1, -1, -1, -1, -1, -1, -1, -1, -1, -1, -1, -1, -1, -1, -1, -1, -1, -1, -1, -1, -1, -1, -1, -1, -1, -1, -1, -1, -1, -1, -1, -1, -1, -1, -1, -1, -1, -1, -1, -1, -1, -1, -1, -1, -1, -1, -1, -1, -1, -1, -1, -1, -1, -1, -1, -1, -1, -1, -1, -1, -1, -1, -1, -1, -1, -1, -1, -1, -1, -1, -1, -1, -1, -1, -1, -1, -1, -1, -1, -1, -1, -1, -1, -1, -1, -1, -1, -1, -1, -1, -1, -1, -1, -1, -1, -1, -1, -1, -1, -1, -1, -1, -1, -1, -1, -1, -1, -1, -1, -1, -1, -1, -1, -1, -1, -1, -1, -1, -1, -1, -1, -1, -1, -1, -1, -1, -1, -1, -1, -1, -1, -1, -1, -1, -1, -1, -1, -1, -1, -1, -1, -1, -1, -1, -1, -1, -1, -1, -1, -1, -1, -1, -1, -1, -1, -1, -1, -1, -1, -1, -1, -1, -1, -1, -1, -1, -1, -1, -1, -1, -1, -1, -1, -1, -1, -1, -1, -1, -1, -1, -1, -1, -1, -1, -1, -1, -1, -1, -1, -1, -1, -1, -1, -1, -1, -1, -1, -1, -1, -1, -1, -1, -1, -1, -1]"
150,17,5,0.0,0.6856557689858156,3,199,"[{'cluster_no': -1, 'count': 199}, {'cluster_no': 0, 'count': 13}, {'cluster_no': 1, 'count': 25}]","[-1, 0, 0, -1, -1, -1, -1, -1, -1, -1, -1, -1, -1, -1, -1, -1, 0, -1, -1, -1, -1, -1, -1, -1, -1, -1, -1, -1, -1, 1, -1, -1, -1, -1, -1, -1, -1, -1, -1, -1, -1, 0, -1, -1, 0, 1, -1, -1, 0, -1, -1, -1, -1, -1, -1, -1, -1, 1, -1, -1, -1, -1, -1, -1, -1, -1, -1, -1, -1, -1, -1, -1, 0, -1, 0, -1, -1, -1, -1, -1, 1, -1, -1, -1, -1, -1, -1, -1, 1, -1, -1, -1, -1, -1, -1, -1, -1, -1, -1, -1, -1, -1, -1, -1, -1, -1, -1, -1, -1, -1, -1, -1, -1, -1, -1, -1, -1, -1, 1, -1, -1, -1, -1, -1, -1, 1, -1, -1, -1, -1, 0, -1, -1, -1, -1, -1, 1, -1, -1, -1, -1, 0, -1, 1, -1, -1, -1, -1, -1, -1, -1, -1, -1, -1, -1, -1, -1, -1, 1, 1, 1, -1, -1, -1, -1, -1, 1, -1, 1, -1, -1, 0, 1, -1, 1, -1, -1, -1, -1, -1, -1, 1, -1, -1, 1, -1, 1, -1, -1, -1, -1, -1, -1, -1, 0, -1, 0, -1, -1, -1, -1, -1, -1, -1, -1, -1, 1, 1, 1, 1, 1, 1, -1, -1, -1, -1, -1, -1, -1, -1, -1, -1, -1, -1, -1, -1, -1, -1, -1, -1, -1, -1, -1, -1, -1, -1, -1]"
150,17,5,0.5,0.6856557689858156,3,199,"[{'cluster_no': -1, 'count': 199}, {'cluster_no': 0, 'count': 13}, {'cluster_no': 1, 'count': 25}]","[-1, 0, 0, -1, -1, -1, -1, -1, -1, -1, -1, -1, -1, -1, -1, -1, 0, -1, -1, -1, -1, -1, -1, -1, -1, -1, -1, -1, -1, 1, -1, -1, -1, -1, -1, -1, -1, -1, -1, -1, -1, 0, -1, -1, 0, 1, -1, -1, 0, -1, -1, -1, -1, -1, -1, -1, -1, 1, -1, -1, -1, -1, -1, -1, -1, -1, -1, -1, -1, -1, -1, -1, 0, -1, 0, -1, -1, -1, -1, -1, 1, -1, -1, -1, -1, -1, -1, -1, 1, -1, -1, -1, -1, -1, -1, -1, -1, -1, -1, -1, -1, -1, -1, -1, -1, -1, -1, -1, -1, -1, -1, -1, -1, -1, -1, -1, -1, -1, 1, -1, -1, -1, -1, -1, -1, 1, -1, -1, -1, -1, 0, -1, -1, -1, -1, -1, 1, -1, -1, -1, -1, 0, -1, 1, -1, -1, -1, -1, -1, -1, -1, -1, -1, -1, -1, -1, -1, -1, 1, 1, 1, -1, -1, -1, -1, -1, 1, -1, 1, -1, -1, 0, 1, -1, 1, -1, -1, -1, -1, -1, -1, 1, -1, -1, 1, -1, 1, -1, -1, -1, -1, -1, -1, -1, 0, -1, 0, -1, -1, -1, -1, -1, -1, -1, -1, -1, 1, 1, 1, 1, 1, 1, -1, -1, -1, -1, -1, -1, -1, -1, -1, -1, -1, -1, -1, -1, -1, -1, -1, -1, -1, -1, -1, -1, -1, -1, -1]"
150,17,5,1.0,0.6856557689858156,3,199,"[{'cluster_no': -1, 'count': 199}, {'cluster_no': 0, 'count': 13}, {'cluster_no': 1, 'count': 25}]","[-1, 0, 0, -1, -1, -1, -1, -1, -1, -1, -1, -1, -1, -1, -1, -1, 0, -1, -1, -1, -1, -1, -1, -1, -1, -1, -1, -1, -1, 1, -1, -1, -1, -1, -1, -1, -1, -1, -1, -1, -1, 0, -1, -1, 0, 1, -1, -1, 0, -1, -1, -1, -1, -1, -1, -1, -1, 1, -1, -1, -1, -1, -1, -1, -1, -1, -1, -1, -1, -1, -1, -1, 0, -1, 0, -1, -1, -1, -1, -1, 1, -1, -1, -1, -1, -1, -1, -1, 1, -1, -1, -1, -1, -1, -1, -1, -1, -1, -1, -1, -1, -1, -1, -1, -1, -1, -1, -1, -1, -1, -1, -1, -1, -1, -1, -1, -1, -1, 1, -1, -1, -1, -1, -1, -1, 1, -1, -1, -1, -1, 0, -1, -1, -1, -1, -1, 1, -1, -1, -1, -1, 0, -1, 1, -1, -1, -1, -1, -1, -1, -1, -1, -1, -1, -1, -1, -1, -1, 1, 1, 1, -1, -1, -1, -1, -1, 1, -1, 1, -1, -1, 0, 1, -1, 1, -1, -1, -1, -1, -1, -1, 1, -1, -1, 1, -1, 1, -1, -1, -1, -1, -1, -1, -1, 0, -1, 0, -1, -1, -1, -1, -1, -1, -1, -1, -1, 1, 1, 1, 1, 1, 1, -1, -1, -1, -1, -1, -1, -1, -1, -1, -1, -1, -1, -1, -1, -1, -1, -1, -1, -1, -1, -1, -1, -1, -1, -1]"
150,17,6,0.0,0.6856557689858156,3,199,"[{'cluster_no': -1, 'count': 199}, {'cluster_no': 0, 'count': 13}, {'cluster_no': 1, 'count': 25}]","[-1, 0, 0, -1, -1, -1, -1, -1, -1, -1, -1, -1, -1, -1, -1, -1, 0, -1, -1, -1, -1, -1, -1, -1, -1, -1, -1, -1, -1, 1, -1, -1, -1, -1, -1, -1, -1, -1, -1, -1, -1, 0, -1, -1, 0, 1, -1, -1, 0, -1, -1, -1, -1, -1, -1, -1, -1, 1, -1, -1, -1, -1, -1, -1, -1, -1, -1, -1, -1, -1, -1, -1, 0, -1, 0, -1, -1, -1, -1, -1, 1, -1, -1, -1, -1, -1, -1, -1, 1, -1, -1, -1, -1, -1, -1, -1, -1, -1, -1, -1, -1, -1, -1, -1, -1, -1, -1, -1, -1, -1, -1, -1, -1, -1, -1, -1, -1, -1, 1, -1, -1, -1, -1, -1, -1, 1, -1, -1, -1, -1, 0, -1, -1, -1, -1, -1, 1, -1, -1, -1, -1, 0, -1, 1, -1, -1, -1, -1, -1, -1, -1, -1, -1, -1, -1, -1, -1, -1, 1, 1, 1, -1, -1, -1, -1, -1, 1, -1, 1, -1, -1, 0, 1, -1, 1, -1, -1, -1, -1, -1, -1, 1, -1, -1, 1, -1, 1, -1, -1, -1, -1, -1, -1, -1, 0, -1, 0, -1, -1, -1, -1, -1, -1, -1, -1, -1, 1, 1, 1, 1, 1, 1, -1, -1, -1, -1, -1, -1, -1, -1, -1, -1, -1, -1, -1, -1, -1, -1, -1, -1, -1, -1, -1, -1, -1, -1, -1]"
150,17,6,0.5,0.6856557689858156,3,199,"[{'cluster_no': -1, 'count': 199}, {'cluster_no': 0, 'count': 13}, {'cluster_no': 1, 'count': 25}]","[-1, 0, 0, -1, -1, -1, -1, -1, -1, -1, -1, -1, -1, -1, -1, -1, 0, -1, -1, -1, -1, -1, -1, -1, -1, -1, -1, -1, -1, 1, -1, -1, -1, -1, -1, -1, -1, -1, -1, -1, -1, 0, -1, -1, 0, 1, -1, -1, 0, -1, -1, -1, -1, -1, -1, -1, -1, 1, -1, -1, -1, -1, -1, -1, -1, -1, -1, -1, -1, -1, -1, -1, 0, -1, 0, -1, -1, -1, -1, -1, 1, -1, -1, -1, -1, -1, -1, -1, 1, -1, -1, -1, -1, -1, -1, -1, -1, -1, -1, -1, -1, -1, -1, -1, -1, -1, -1, -1, -1, -1, -1, -1, -1, -1, -1, -1, -1, -1, 1, -1, -1, -1, -1, -1, -1, 1, -1, -1, -1, -1, 0, -1, -1, -1, -1, -1, 1, -1, -1, -1, -1, 0, -1, 1, -1, -1, -1, -1, -1, -1, -1, -1, -1, -1, -1, -1, -1, -1, 1, 1, 1, -1, -1, -1, -1, -1, 1, -1, 1, -1, -1, 0, 1, -1, 1, -1, -1, -1, -1, -1, -1, 1, -1, -1, 1, -1, 1, -1, -1, -1, -1, -1, -1, -1, 0, -1, 0, -1, -1, -1, -1, -1, -1, -1, -1, -1, 1, 1, 1, 1, 1, 1, -1, -1, -1, -1, -1, -1, -1, -1, -1, -1, -1, -1, -1, -1, -1, -1, -1, -1, -1, -1, -1, -1, -1, -1, -1]"
150,17,6,1.0,0.6856557689858156,3,199,"[{'cluster_no': -1, 'count': 199}, {'cluster_no': 0, 'count': 13}, {'cluster_no': 1, 'count': 25}]","[-1, 0, 0, -1, -1, -1, -1, -1, -1, -1, -1, -1, -1, -1, -1, -1, 0, -1, -1, -1, -1, -1, -1, -1, -1, -1, -1, -1, -1, 1, -1, -1, -1, -1, -1, -1, -1, -1, -1, -1, -1, 0, -1, -1, 0, 1, -1, -1, 0, -1, -1, -1, -1, -1, -1, -1, -1, 1, -1, -1, -1, -1, -1, -1, -1, -1, -1, -1, -1, -1, -1, -1, 0, -1, 0, -1, -1, -1, -1, -1, 1, -1, -1, -1, -1, -1, -1, -1, 1, -1, -1, -1, -1, -1, -1, -1, -1, -1, -1, -1, -1, -1, -1, -1, -1, -1, -1, -1, -1, -1, -1, -1, -1, -1, -1, -1, -1, -1, 1, -1, -1, -1, -1, -1, -1, 1, -1, -1, -1, -1, 0, -1, -1, -1, -1, -1, 1, -1, -1, -1, -1, 0, -1, 1, -1, -1, -1, -1, -1, -1, -1, -1, -1, -1, -1, -1, -1, -1, 1, 1, 1, -1, -1, -1, -1, -1, 1, -1, 1, -1, -1, 0, 1, -1, 1, -1, -1, -1, -1, -1, -1, 1, -1, -1, 1, -1, 1, -1, -1, -1, -1, -1, -1, -1, 0, -1, 0, -1, -1, -1, -1, -1, -1, -1, -1, -1, 1, 1, 1, 1, 1, 1, -1, -1, -1, -1, -1, -1, -1, -1, -1, -1, -1, -1, -1, -1, -1, -1, -1, -1, -1, -1, -1, -1, -1, -1, -1]"
150,17,7,0.0,0.6856557689858156,3,199,"[{'cluster_no': -1, 'count': 199}, {'cluster_no': 0, 'count': 13}, {'cluster_no': 1, 'count': 25}]","[-1, 0, 0, -1, -1, -1, -1, -1, -1, -1, -1, -1, -1, -1, -1, -1, 0, -1, -1, -1, -1, -1, -1, -1, -1, -1, -1, -1, -1, 1, -1, -1, -1, -1, -1, -1, -1, -1, -1, -1, -1, 0, -1, -1, 0, 1, -1, -1, 0, -1, -1, -1, -1, -1, -1, -1, -1, 1, -1, -1, -1, -1, -1, -1, -1, -1, -1, -1, -1, -1, -1, -1, 0, -1, 0, -1, -1, -1, -1, -1, 1, -1, -1, -1, -1, -1, -1, -1, 1, -1, -1, -1, -1, -1, -1, -1, -1, -1, -1, -1, -1, -1, -1, -1, -1, -1, -1, -1, -1, -1, -1, -1, -1, -1, -1, -1, -1, -1, 1, -1, -1, -1, -1, -1, -1, 1, -1, -1, -1, -1, 0, -1, -1, -1, -1, -1, 1, -1, -1, -1, -1, 0, -1, 1, -1, -1, -1, -1, -1, -1, -1, -1, -1, -1, -1, -1, -1, -1, 1, 1, 1, -1, -1, -1, -1, -1, 1, -1, 1, -1, -1, 0, 1, -1, 1, -1, -1, -1, -1, -1, -1, 1, -1, -1, 1, -1, 1, -1, -1, -1, -1, -1, -1, -1, 0, -1, 0, -1, -1, -1, -1, -1, -1, -1, -1, -1, 1, 1, 1, 1, 1, 1, -1, -1, -1, -1, -1, -1, -1, -1, -1, -1, -1, -1, -1, -1, -1, -1, -1, -1, -1, -1, -1, -1, -1, -1, -1]"
150,17,7,0.5,0.6856557689858156,3,199,"[{'cluster_no': -1, 'count': 199}, {'cluster_no': 0, 'count': 13}, {'cluster_no': 1, 'count': 25}]","[-1, 0, 0, -1, -1, -1, -1, -1, -1, -1, -1, -1, -1, -1, -1, -1, 0, -1, -1, -1, -1, -1, -1, -1, -1, -1, -1, -1, -1, 1, -1, -1, -1, -1, -1, -1, -1, -1, -1, -1, -1, 0, -1, -1, 0, 1, -1, -1, 0, -1, -1, -1, -1, -1, -1, -1, -1, 1, -1, -1, -1, -1, -1, -1, -1, -1, -1, -1, -1, -1, -1, -1, 0, -1, 0, -1, -1, -1, -1, -1, 1, -1, -1, -1, -1, -1, -1, -1, 1, -1, -1, -1, -1, -1, -1, -1, -1, -1, -1, -1, -1, -1, -1, -1, -1, -1, -1, -1, -1, -1, -1, -1, -1, -1, -1, -1, -1, -1, 1, -1, -1, -1, -1, -1, -1, 1, -1, -1, -1, -1, 0, -1, -1, -1, -1, -1, 1, -1, -1, -1, -1, 0, -1, 1, -1, -1, -1, -1, -1, -1, -1, -1, -1, -1, -1, -1, -1, -1, 1, 1, 1, -1, -1, -1, -1, -1, 1, -1, 1, -1, -1, 0, 1, -1, 1, -1, -1, -1, -1, -1, -1, 1, -1, -1, 1, -1, 1, -1, -1, -1, -1, -1, -1, -1, 0, -1, 0, -1, -1, -1, -1, -1, -1, -1, -1, -1, 1, 1, 1, 1, 1, 1, -1, -1, -1, -1, -1, -1, -1, -1, -1, -1, -1, -1, -1, -1, -1, -1, -1, -1, -1, -1, -1, -1, -1, -1, -1]"
150,17,7,1.0,0.6856557689858156,3,199,"[{'cluster_no': -1, 'count': 199}, {'cluster_no': 0, 'count': 13}, {'cluster_no': 1, 'count': 25}]","[-1, 0, 0, -1, -1, -1, -1, -1, -1, -1, -1, -1, -1, -1, -1, -1, 0, -1, -1, -1, -1, -1, -1, -1, -1, -1, -1, -1, -1, 1, -1, -1, -1, -1, -1, -1, -1, -1, -1, -1, -1, 0, -1, -1, 0, 1, -1, -1, 0, -1, -1, -1, -1, -1, -1, -1, -1, 1, -1, -1, -1, -1, -1, -1, -1, -1, -1, -1, -1, -1, -1, -1, 0, -1, 0, -1, -1, -1, -1, -1, 1, -1, -1, -1, -1, -1, -1, -1, 1, -1, -1, -1, -1, -1, -1, -1, -1, -1, -1, -1, -1, -1, -1, -1, -1, -1, -1, -1, -1, -1, -1, -1, -1, -1, -1, -1, -1, -1, 1, -1, -1, -1, -1, -1, -1, 1, -1, -1, -1, -1, 0, -1, -1, -1, -1, -1, 1, -1, -1, -1, -1, 0, -1, 1, -1, -1, -1, -1, -1, -1, -1, -1, -1, -1, -1, -1, -1, -1, 1, 1, 1, -1, -1, -1, -1, -1, 1, -1, 1, -1, -1, 0, 1, -1, 1, -1, -1, -1, -1, -1, -1, 1, -1, -1, 1, -1, 1, -1, -1, -1, -1, -1, -1, -1, 0, -1, 0, -1, -1, -1, -1, -1, -1, -1, -1, -1, 1, 1, 1, 1, 1, 1, -1, -1, -1, -1, -1, -1, -1, -1, -1, -1, -1, -1, -1, -1, -1, -1, -1, -1, -1, -1, -1, -1, -1, -1, -1]"
150,17,8,0.0,0.6856557689858156,3,199,"[{'cluster_no': -1, 'count': 199}, {'cluster_no': 0, 'count': 13}, {'cluster_no': 1, 'count': 25}]","[-1, 0, 0, -1, -1, -1, -1, -1, -1, -1, -1, -1, -1, -1, -1, -1, 0, -1, -1, -1, -1, -1, -1, -1, -1, -1, -1, -1, -1, 1, -1, -1, -1, -1, -1, -1, -1, -1, -1, -1, -1, 0, -1, -1, 0, 1, -1, -1, 0, -1, -1, -1, -1, -1, -1, -1, -1, 1, -1, -1, -1, -1, -1, -1, -1, -1, -1, -1, -1, -1, -1, -1, 0, -1, 0, -1, -1, -1, -1, -1, 1, -1, -1, -1, -1, -1, -1, -1, 1, -1, -1, -1, -1, -1, -1, -1, -1, -1, -1, -1, -1, -1, -1, -1, -1, -1, -1, -1, -1, -1, -1, -1, -1, -1, -1, -1, -1, -1, 1, -1, -1, -1, -1, -1, -1, 1, -1, -1, -1, -1, 0, -1, -1, -1, -1, -1, 1, -1, -1, -1, -1, 0, -1, 1, -1, -1, -1, -1, -1, -1, -1, -1, -1, -1, -1, -1, -1, -1, 1, 1, 1, -1, -1, -1, -1, -1, 1, -1, 1, -1, -1, 0, 1, -1, 1, -1, -1, -1, -1, -1, -1, 1, -1, -1, 1, -1, 1, -1, -1, -1, -1, -1, -1, -1, 0, -1, 0, -1, -1, -1, -1, -1, -1, -1, -1, -1, 1, 1, 1, 1, 1, 1, -1, -1, -1, -1, -1, -1, -1, -1, -1, -1, -1, -1, -1, -1, -1, -1, -1, -1, -1, -1, -1, -1, -1, -1, -1]"
150,17,8,0.5,0.6856557689858156,3,199,"[{'cluster_no': -1, 'count': 199}, {'cluster_no': 0, 'count': 13}, {'cluster_no': 1, 'count': 25}]","[-1, 0, 0, -1, -1, -1, -1, -1, -1, -1, -1, -1, -1, -1, -1, -1, 0, -1, -1, -1, -1, -1, -1, -1, -1, -1, -1, -1, -1, 1, -1, -1, -1, -1, -1, -1, -1, -1, -1, -1, -1, 0, -1, -1, 0, 1, -1, -1, 0, -1, -1, -1, -1, -1, -1, -1, -1, 1, -1, -1, -1, -1, -1, -1, -1, -1, -1, -1, -1, -1, -1, -1, 0, -1, 0, -1, -1, -1, -1, -1, 1, -1, -1, -1, -1, -1, -1, -1, 1, -1, -1, -1, -1, -1, -1, -1, -1, -1, -1, -1, -1, -1, -1, -1, -1, -1, -1, -1, -1, -1, -1, -1, -1, -1, -1, -1, -1, -1, 1, -1, -1, -1, -1, -1, -1, 1, -1, -1, -1, -1, 0, -1, -1, -1, -1, -1, 1, -1, -1, -1, -1, 0, -1, 1, -1, -1, -1, -1, -1, -1, -1, -1, -1, -1, -1, -1, -1, -1, 1, 1, 1, -1, -1, -1, -1, -1, 1, -1, 1, -1, -1, 0, 1, -1, 1, -1, -1, -1, -1, -1, -1, 1, -1, -1, 1, -1, 1, -1, -1, -1, -1, -1, -1, -1, 0, -1, 0, -1, -1, -1, -1, -1, -1, -1, -1, -1, 1, 1, 1, 1, 1, 1, -1, -1, -1, -1, -1, -1, -1, -1, -1, -1, -1, -1, -1, -1, -1, -1, -1, -1, -1, -1, -1, -1, -1, -1, -1]"
150,17,8,1.0,0.6856557689858156,3,199,"[{'cluster_no': -1, 'count': 199}, {'cluster_no': 0, 'count': 13}, {'cluster_no': 1, 'count': 25}]","[-1, 0, 0, -1, -1, -1, -1, -1, -1, -1, -1, -1, -1, -1, -1, -1, 0, -1, -1, -1, -1, -1, -1, -1, -1, -1, -1, -1, -1, 1, -1, -1, -1, -1, -1, -1, -1, -1, -1, -1, -1, 0, -1, -1, 0, 1, -1, -1, 0, -1, -1, -1, -1, -1, -1, -1, -1, 1, -1, -1, -1, -1, -1, -1, -1, -1, -1, -1, -1, -1, -1, -1, 0, -1, 0, -1, -1, -1, -1, -1, 1, -1, -1, -1, -1, -1, -1, -1, 1, -1, -1, -1, -1, -1, -1, -1, -1, -1, -1, -1, -1, -1, -1, -1, -1, -1, -1, -1, -1, -1, -1, -1, -1, -1, -1, -1, -1, -1, 1, -1, -1, -1, -1, -1, -1, 1, -1, -1, -1, -1, 0, -1, -1, -1, -1, -1, 1, -1, -1, -1, -1, 0, -1, 1, -1, -1, -1, -1, -1, -1, -1, -1, -1, -1, -1, -1, -1, -1, 1, 1, 1, -1, -1, -1, -1, -1, 1, -1, 1, -1, -1, 0, 1, -1, 1, -1, -1, -1, -1, -1, -1, 1, -1, -1, 1, -1, 1, -1, -1, -1, -1, -1, -1, -1, 0, -1, 0, -1, -1, -1, -1, -1, -1, -1, -1, -1, 1, 1, 1, 1, 1, 1, -1, -1, -1, -1, -1, -1, -1, -1, -1, -1, -1, -1, -1, -1, -1, -1, -1, -1, -1, -1, -1, -1, -1, -1, -1]"
150,17,9,0.0,0.6856557689858156,3,199,"[{'cluster_no': -1, 'count': 199}, {'cluster_no': 0, 'count': 13}, {'cluster_no': 1, 'count': 25}]","[-1, 0, 0, -1, -1, -1, -1, -1, -1, -1, -1, -1, -1, -1, -1, -1, 0, -1, -1, -1, -1, -1, -1, -1, -1, -1, -1, -1, -1, 1, -1, -1, -1, -1, -1, -1, -1, -1, -1, -1, -1, 0, -1, -1, 0, 1, -1, -1, 0, -1, -1, -1, -1, -1, -1, -1, -1, 1, -1, -1, -1, -1, -1, -1, -1, -1, -1, -1, -1, -1, -1, -1, 0, -1, 0, -1, -1, -1, -1, -1, 1, -1, -1, -1, -1, -1, -1, -1, 1, -1, -1, -1, -1, -1, -1, -1, -1, -1, -1, -1, -1, -1, -1, -1, -1, -1, -1, -1, -1, -1, -1, -1, -1, -1, -1, -1, -1, -1, 1, -1, -1, -1, -1, -1, -1, 1, -1, -1, -1, -1, 0, -1, -1, -1, -1, -1, 1, -1, -1, -1, -1, 0, -1, 1, -1, -1, -1, -1, -1, -1, -1, -1, -1, -1, -1, -1, -1, -1, 1, 1, 1, -1, -1, -1, -1, -1, 1, -1, 1, -1, -1, 0, 1, -1, 1, -1, -1, -1, -1, -1, -1, 1, -1, -1, 1, -1, 1, -1, -1, -1, -1, -1, -1, -1, 0, -1, 0, -1, -1, -1, -1, -1, -1, -1, -1, -1, 1, 1, 1, 1, 1, 1, -1, -1, -1, -1, -1, -1, -1, -1, -1, -1, -1, -1, -1, -1, -1, -1, -1, -1, -1, -1, -1, -1, -1, -1, -1]"
150,17,9,0.5,0.6856557689858156,3,199,"[{'cluster_no': -1, 'count': 199}, {'cluster_no': 0, 'count': 13}, {'cluster_no': 1, 'count': 25}]","[-1, 0, 0, -1, -1, -1, -1, -1, -1, -1, -1, -1, -1, -1, -1, -1, 0, -1, -1, -1, -1, -1, -1, -1, -1, -1, -1, -1, -1, 1, -1, -1, -1, -1, -1, -1, -1, -1, -1, -1, -1, 0, -1, -1, 0, 1, -1, -1, 0, -1, -1, -1, -1, -1, -1, -1, -1, 1, -1, -1, -1, -1, -1, -1, -1, -1, -1, -1, -1, -1, -1, -1, 0, -1, 0, -1, -1, -1, -1, -1, 1, -1, -1, -1, -1, -1, -1, -1, 1, -1, -1, -1, -1, -1, -1, -1, -1, -1, -1, -1, -1, -1, -1, -1, -1, -1, -1, -1, -1, -1, -1, -1, -1, -1, -1, -1, -1, -1, 1, -1, -1, -1, -1, -1, -1, 1, -1, -1, -1, -1, 0, -1, -1, -1, -1, -1, 1, -1, -1, -1, -1, 0, -1, 1, -1, -1, -1, -1, -1, -1, -1, -1, -1, -1, -1, -1, -1, -1, 1, 1, 1, -1, -1, -1, -1, -1, 1, -1, 1, -1, -1, 0, 1, -1, 1, -1, -1, -1, -1, -1, -1, 1, -1, -1, 1, -1, 1, -1, -1, -1, -1, -1, -1, -1, 0, -1, 0, -1, -1, -1, -1, -1, -1, -1, -1, -1, 1, 1, 1, 1, 1, 1, -1, -1, -1, -1, -1, -1, -1, -1, -1, -1, -1, -1, -1, -1, -1, -1, -1, -1, -1, -1, -1, -1, -1, -1, -1]"
150,17,9,1.0,0.6856557689858156,3,199,"[{'cluster_no': -1, 'count': 199}, {'cluster_no': 0, 'count': 13}, {'cluster_no': 1, 'count': 25}]","[-1, 0, 0, -1, -1, -1, -1, -1, -1, -1, -1, -1, -1, -1, -1, -1, 0, -1, -1, -1, -1, -1, -1, -1, -1, -1, -1, -1, -1, 1, -1, -1, -1, -1, -1, -1, -1, -1, -1, -1, -1, 0, -1, -1, 0, 1, -1, -1, 0, -1, -1, -1, -1, -1, -1, -1, -1, 1, -1, -1, -1, -1, -1, -1, -1, -1, -1, -1, -1, -1, -1, -1, 0, -1, 0, -1, -1, -1, -1, -1, 1, -1, -1, -1, -1, -1, -1, -1, 1, -1, -1, -1, -1, -1, -1, -1, -1, -1, -1, -1, -1, -1, -1, -1, -1, -1, -1, -1, -1, -1, -1, -1, -1, -1, -1, -1, -1, -1, 1, -1, -1, -1, -1, -1, -1, 1, -1, -1, -1, -1, 0, -1, -1, -1, -1, -1, 1, -1, -1, -1, -1, 0, -1, 1, -1, -1, -1, -1, -1, -1, -1, -1, -1, -1, -1, -1, -1, -1, 1, 1, 1, -1, -1, -1, -1, -1, 1, -1, 1, -1, -1, 0, 1, -1, 1, -1, -1, -1, -1, -1, -1, 1, -1, -1, 1, -1, 1, -1, -1, -1, -1, -1, -1, -1, 0, -1, 0, -1, -1, -1, -1, -1, -1, -1, -1, -1, 1, 1, 1, 1, 1, 1, -1, -1, -1, -1, -1, -1, -1, -1, -1, -1, -1, -1, -1, -1, -1, -1, -1, -1, -1, -1, -1, -1, -1, -1, -1]"
150,17,10,0.0,0.6856557689858156,3,199,"[{'cluster_no': -1, 'count': 199}, {'cluster_no': 0, 'count': 13}, {'cluster_no': 1, 'count': 25}]","[-1, 0, 0, -1, -1, -1, -1, -1, -1, -1, -1, -1, -1, -1, -1, -1, 0, -1, -1, -1, -1, -1, -1, -1, -1, -1, -1, -1, -1, 1, -1, -1, -1, -1, -1, -1, -1, -1, -1, -1, -1, 0, -1, -1, 0, 1, -1, -1, 0, -1, -1, -1, -1, -1, -1, -1, -1, 1, -1, -1, -1, -1, -1, -1, -1, -1, -1, -1, -1, -1, -1, -1, 0, -1, 0, -1, -1, -1, -1, -1, 1, -1, -1, -1, -1, -1, -1, -1, 1, -1, -1, -1, -1, -1, -1, -1, -1, -1, -1, -1, -1, -1, -1, -1, -1, -1, -1, -1, -1, -1, -1, -1, -1, -1, -1, -1, -1, -1, 1, -1, -1, -1, -1, -1, -1, 1, -1, -1, -1, -1, 0, -1, -1, -1, -1, -1, 1, -1, -1, -1, -1, 0, -1, 1, -1, -1, -1, -1, -1, -1, -1, -1, -1, -1, -1, -1, -1, -1, 1, 1, 1, -1, -1, -1, -1, -1, 1, -1, 1, -1, -1, 0, 1, -1, 1, -1, -1, -1, -1, -1, -1, 1, -1, -1, 1, -1, 1, -1, -1, -1, -1, -1, -1, -1, 0, -1, 0, -1, -1, -1, -1, -1, -1, -1, -1, -1, 1, 1, 1, 1, 1, 1, -1, -1, -1, -1, -1, -1, -1, -1, -1, -1, -1, -1, -1, -1, -1, -1, -1, -1, -1, -1, -1, -1, -1, -1, -1]"
150,17,10,0.5,0.6856557689858156,3,199,"[{'cluster_no': -1, 'count': 199}, {'cluster_no': 0, 'count': 13}, {'cluster_no': 1, 'count': 25}]","[-1, 0, 0, -1, -1, -1, -1, -1, -1, -1, -1, -1, -1, -1, -1, -1, 0, -1, -1, -1, -1, -1, -1, -1, -1, -1, -1, -1, -1, 1, -1, -1, -1, -1, -1, -1, -1, -1, -1, -1, -1, 0, -1, -1, 0, 1, -1, -1, 0, -1, -1, -1, -1, -1, -1, -1, -1, 1, -1, -1, -1, -1, -1, -1, -1, -1, -1, -1, -1, -1, -1, -1, 0, -1, 0, -1, -1, -1, -1, -1, 1, -1, -1, -1, -1, -1, -1, -1, 1, -1, -1, -1, -1, -1, -1, -1, -1, -1, -1, -1, -1, -1, -1, -1, -1, -1, -1, -1, -1, -1, -1, -1, -1, -1, -1, -1, -1, -1, 1, -1, -1, -1, -1, -1, -1, 1, -1, -1, -1, -1, 0, -1, -1, -1, -1, -1, 1, -1, -1, -1, -1, 0, -1, 1, -1, -1, -1, -1, -1, -1, -1, -1, -1, -1, -1, -1, -1, -1, 1, 1, 1, -1, -1, -1, -1, -1, 1, -1, 1, -1, -1, 0, 1, -1, 1, -1, -1, -1, -1, -1, -1, 1, -1, -1, 1, -1, 1, -1, -1, -1, -1, -1, -1, -1, 0, -1, 0, -1, -1, -1, -1, -1, -1, -1, -1, -1, 1, 1, 1, 1, 1, 1, -1, -1, -1, -1, -1, -1, -1, -1, -1, -1, -1, -1, -1, -1, -1, -1, -1, -1, -1, -1, -1, -1, -1, -1, -1]"
150,17,10,1.0,0.6856557689858156,3,199,"[{'cluster_no': -1, 'count': 199}, {'cluster_no': 0, 'count': 13}, {'cluster_no': 1, 'count': 25}]","[-1, 0, 0, -1, -1, -1, -1, -1, -1, -1, -1, -1, -1, -1, -1, -1, 0, -1, -1, -1, -1, -1, -1, -1, -1, -1, -1, -1, -1, 1, -1, -1, -1, -1, -1, -1, -1, -1, -1, -1, -1, 0, -1, -1, 0, 1, -1, -1, 0, -1, -1, -1, -1, -1, -1, -1, -1, 1, -1, -1, -1, -1, -1, -1, -1, -1, -1, -1, -1, -1, -1, -1, 0, -1, 0, -1, -1, -1, -1, -1, 1, -1, -1, -1, -1, -1, -1, -1, 1, -1, -1, -1, -1, -1, -1, -1, -1, -1, -1, -1, -1, -1, -1, -1, -1, -1, -1, -1, -1, -1, -1, -1, -1, -1, -1, -1, -1, -1, 1, -1, -1, -1, -1, -1, -1, 1, -1, -1, -1, -1, 0, -1, -1, -1, -1, -1, 1, -1, -1, -1, -1, 0, -1, 1, -1, -1, -1, -1, -1, -1, -1, -1, -1, -1, -1, -1, -1, -1, 1, 1, 1, -1, -1, -1, -1, -1, 1, -1, 1, -1, -1, 0, 1, -1, 1, -1, -1, -1, -1, -1, -1, 1, -1, -1, 1, -1, 1, -1, -1, -1, -1, -1, -1, -1, 0, -1, 0, -1, -1, -1, -1, -1, -1, -1, -1, -1, 1, 1, 1, 1, 1, 1, -1, -1, -1, -1, -1, -1, -1, -1, -1, -1, -1, -1, -1, -1, -1, -1, -1, -1, -1, -1, -1, -1, -1, -1, -1]"
150,17,11,0.0,0.6856557689858156,3,199,"[{'cluster_no': -1, 'count': 199}, {'cluster_no': 0, 'count': 13}, {'cluster_no': 1, 'count': 25}]","[-1, 0, 0, -1, -1, -1, -1, -1, -1, -1, -1, -1, -1, -1, -1, -1, 0, -1, -1, -1, -1, -1, -1, -1, -1, -1, -1, -1, -1, 1, -1, -1, -1, -1, -1, -1, -1, -1, -1, -1, -1, 0, -1, -1, 0, 1, -1, -1, 0, -1, -1, -1, -1, -1, -1, -1, -1, 1, -1, -1, -1, -1, -1, -1, -1, -1, -1, -1, -1, -1, -1, -1, 0, -1, 0, -1, -1, -1, -1, -1, 1, -1, -1, -1, -1, -1, -1, -1, 1, -1, -1, -1, -1, -1, -1, -1, -1, -1, -1, -1, -1, -1, -1, -1, -1, -1, -1, -1, -1, -1, -1, -1, -1, -1, -1, -1, -1, -1, 1, -1, -1, -1, -1, -1, -1, 1, -1, -1, -1, -1, 0, -1, -1, -1, -1, -1, 1, -1, -1, -1, -1, 0, -1, 1, -1, -1, -1, -1, -1, -1, -1, -1, -1, -1, -1, -1, -1, -1, 1, 1, 1, -1, -1, -1, -1, -1, 1, -1, 1, -1, -1, 0, 1, -1, 1, -1, -1, -1, -1, -1, -1, 1, -1, -1, 1, -1, 1, -1, -1, -1, -1, -1, -1, -1, 0, -1, 0, -1, -1, -1, -1, -1, -1, -1, -1, -1, 1, 1, 1, 1, 1, 1, -1, -1, -1, -1, -1, -1, -1, -1, -1, -1, -1, -1, -1, -1, -1, -1, -1, -1, -1, -1, -1, -1, -1, -1, -1]"
150,17,11,0.5,0.6856557689858156,3,199,"[{'cluster_no': -1, 'count': 199}, {'cluster_no': 0, 'count': 13}, {'cluster_no': 1, 'count': 25}]","[-1, 0, 0, -1, -1, -1, -1, -1, -1, -1, -1, -1, -1, -1, -1, -1, 0, -1, -1, -1, -1, -1, -1, -1, -1, -1, -1, -1, -1, 1, -1, -1, -1, -1, -1, -1, -1, -1, -1, -1, -1, 0, -1, -1, 0, 1, -1, -1, 0, -1, -1, -1, -1, -1, -1, -1, -1, 1, -1, -1, -1, -1, -1, -1, -1, -1, -1, -1, -1, -1, -1, -1, 0, -1, 0, -1, -1, -1, -1, -1, 1, -1, -1, -1, -1, -1, -1, -1, 1, -1, -1, -1, -1, -1, -1, -1, -1, -1, -1, -1, -1, -1, -1, -1, -1, -1, -1, -1, -1, -1, -1, -1, -1, -1, -1, -1, -1, -1, 1, -1, -1, -1, -1, -1, -1, 1, -1, -1, -1, -1, 0, -1, -1, -1, -1, -1, 1, -1, -1, -1, -1, 0, -1, 1, -1, -1, -1, -1, -1, -1, -1, -1, -1, -1, -1, -1, -1, -1, 1, 1, 1, -1, -1, -1, -1, -1, 1, -1, 1, -1, -1, 0, 1, -1, 1, -1, -1, -1, -1, -1, -1, 1, -1, -1, 1, -1, 1, -1, -1, -1, -1, -1, -1, -1, 0, -1, 0, -1, -1, -1, -1, -1, -1, -1, -1, -1, 1, 1, 1, 1, 1, 1, -1, -1, -1, -1, -1, -1, -1, -1, -1, -1, -1, -1, -1, -1, -1, -1, -1, -1, -1, -1, -1, -1, -1, -1, -1]"
150,17,11,1.0,0.6856557689858156,3,199,"[{'cluster_no': -1, 'count': 199}, {'cluster_no': 0, 'count': 13}, {'cluster_no': 1, 'count': 25}]","[-1, 0, 0, -1, -1, -1, -1, -1, -1, -1, -1, -1, -1, -1, -1, -1, 0, -1, -1, -1, -1, -1, -1, -1, -1, -1, -1, -1, -1, 1, -1, -1, -1, -1, -1, -1, -1, -1, -1, -1, -1, 0, -1, -1, 0, 1, -1, -1, 0, -1, -1, -1, -1, -1, -1, -1, -1, 1, -1, -1, -1, -1, -1, -1, -1, -1, -1, -1, -1, -1, -1, -1, 0, -1, 0, -1, -1, -1, -1, -1, 1, -1, -1, -1, -1, -1, -1, -1, 1, -1, -1, -1, -1, -1, -1, -1, -1, -1, -1, -1, -1, -1, -1, -1, -1, -1, -1, -1, -1, -1, -1, -1, -1, -1, -1, -1, -1, -1, 1, -1, -1, -1, -1, -1, -1, 1, -1, -1, -1, -1, 0, -1, -1, -1, -1, -1, 1, -1, -1, -1, -1, 0, -1, 1, -1, -1, -1, -1, -1, -1, -1, -1, -1, -1, -1, -1, -1, -1, 1, 1, 1, -1, -1, -1, -1, -1, 1, -1, 1, -1, -1, 0, 1, -1, 1, -1, -1, -1, -1, -1, -1, 1, -1, -1, 1, -1, 1, -1, -1, -1, -1, -1, -1, -1, 0, -1, 0, -1, -1, -1, -1, -1, -1, -1, -1, -1, 1, 1, 1, 1, 1, 1, -1, -1, -1, -1, -1, -1, -1, -1, -1, -1, -1, -1, -1, -1, -1, -1, -1, -1, -1, -1, -1, -1, -1, -1, -1]"
150,17,12,0.0,0.6856557689858156,3,199,"[{'cluster_no': -1, 'count': 199}, {'cluster_no': 0, 'count': 13}, {'cluster_no': 1, 'count': 25}]","[-1, 0, 0, -1, -1, -1, -1, -1, -1, -1, -1, -1, -1, -1, -1, -1, 0, -1, -1, -1, -1, -1, -1, -1, -1, -1, -1, -1, -1, 1, -1, -1, -1, -1, -1, -1, -1, -1, -1, -1, -1, 0, -1, -1, 0, 1, -1, -1, 0, -1, -1, -1, -1, -1, -1, -1, -1, 1, -1, -1, -1, -1, -1, -1, -1, -1, -1, -1, -1, -1, -1, -1, 0, -1, 0, -1, -1, -1, -1, -1, 1, -1, -1, -1, -1, -1, -1, -1, 1, -1, -1, -1, -1, -1, -1, -1, -1, -1, -1, -1, -1, -1, -1, -1, -1, -1, -1, -1, -1, -1, -1, -1, -1, -1, -1, -1, -1, -1, 1, -1, -1, -1, -1, -1, -1, 1, -1, -1, -1, -1, 0, -1, -1, -1, -1, -1, 1, -1, -1, -1, -1, 0, -1, 1, -1, -1, -1, -1, -1, -1, -1, -1, -1, -1, -1, -1, -1, -1, 1, 1, 1, -1, -1, -1, -1, -1, 1, -1, 1, -1, -1, 0, 1, -1, 1, -1, -1, -1, -1, -1, -1, 1, -1, -1, 1, -1, 1, -1, -1, -1, -1, -1, -1, -1, 0, -1, 0, -1, -1, -1, -1, -1, -1, -1, -1, -1, 1, 1, 1, 1, 1, 1, -1, -1, -1, -1, -1, -1, -1, -1, -1, -1, -1, -1, -1, -1, -1, -1, -1, -1, -1, -1, -1, -1, -1, -1, -1]"
150,17,12,0.5,0.6856557689858156,3,199,"[{'cluster_no': -1, 'count': 199}, {'cluster_no': 0, 'count': 13}, {'cluster_no': 1, 'count': 25}]","[-1, 0, 0, -1, -1, -1, -1, -1, -1, -1, -1, -1, -1, -1, -1, -1, 0, -1, -1, -1, -1, -1, -1, -1, -1, -1, -1, -1, -1, 1, -1, -1, -1, -1, -1, -1, -1, -1, -1, -1, -1, 0, -1, -1, 0, 1, -1, -1, 0, -1, -1, -1, -1, -1, -1, -1, -1, 1, -1, -1, -1, -1, -1, -1, -1, -1, -1, -1, -1, -1, -1, -1, 0, -1, 0, -1, -1, -1, -1, -1, 1, -1, -1, -1, -1, -1, -1, -1, 1, -1, -1, -1, -1, -1, -1, -1, -1, -1, -1, -1, -1, -1, -1, -1, -1, -1, -1, -1, -1, -1, -1, -1, -1, -1, -1, -1, -1, -1, 1, -1, -1, -1, -1, -1, -1, 1, -1, -1, -1, -1, 0, -1, -1, -1, -1, -1, 1, -1, -1, -1, -1, 0, -1, 1, -1, -1, -1, -1, -1, -1, -1, -1, -1, -1, -1, -1, -1, -1, 1, 1, 1, -1, -1, -1, -1, -1, 1, -1, 1, -1, -1, 0, 1, -1, 1, -1, -1, -1, -1, -1, -1, 1, -1, -1, 1, -1, 1, -1, -1, -1, -1, -1, -1, -1, 0, -1, 0, -1, -1, -1, -1, -1, -1, -1, -1, -1, 1, 1, 1, 1, 1, 1, -1, -1, -1, -1, -1, -1, -1, -1, -1, -1, -1, -1, -1, -1, -1, -1, -1, -1, -1, -1, -1, -1, -1, -1, -1]"
150,17,12,1.0,0.6856557689858156,3,199,"[{'cluster_no': -1, 'count': 199}, {'cluster_no': 0, 'count': 13}, {'cluster_no': 1, 'count': 25}]","[-1, 0, 0, -1, -1, -1, -1, -1, -1, -1, -1, -1, -1, -1, -1, -1, 0, -1, -1, -1, -1, -1, -1, -1, -1, -1, -1, -1, -1, 1, -1, -1, -1, -1, -1, -1, -1, -1, -1, -1, -1, 0, -1, -1, 0, 1, -1, -1, 0, -1, -1, -1, -1, -1, -1, -1, -1, 1, -1, -1, -1, -1, -1, -1, -1, -1, -1, -1, -1, -1, -1, -1, 0, -1, 0, -1, -1, -1, -1, -1, 1, -1, -1, -1, -1, -1, -1, -1, 1, -1, -1, -1, -1, -1, -1, -1, -1, -1, -1, -1, -1, -1, -1, -1, -1, -1, -1, -1, -1, -1, -1, -1, -1, -1, -1, -1, -1, -1, 1, -1, -1, -1, -1, -1, -1, 1, -1, -1, -1, -1, 0, -1, -1, -1, -1, -1, 1, -1, -1, -1, -1, 0, -1, 1, -1, -1, -1, -1, -1, -1, -1, -1, -1, -1, -1, -1, -1, -1, 1, 1, 1, -1, -1, -1, -1, -1, 1, -1, 1, -1, -1, 0, 1, -1, 1, -1, -1, -1, -1, -1, -1, 1, -1, -1, 1, -1, 1, -1, -1, -1, -1, -1, -1, -1, 0, -1, 0, -1, -1, -1, -1, -1, -1, -1, -1, -1, 1, 1, 1, 1, 1, 1, -1, -1, -1, -1, -1, -1, -1, -1, -1, -1, -1, -1, -1, -1, -1, -1, -1, -1, -1, -1, -1, -1, -1, -1, -1]"
150,17,13,0.0,0.6856557689858156,3,199,"[{'cluster_no': -1, 'count': 199}, {'cluster_no': 0, 'count': 13}, {'cluster_no': 1, 'count': 25}]","[-1, 0, 0, -1, -1, -1, -1, -1, -1, -1, -1, -1, -1, -1, -1, -1, 0, -1, -1, -1, -1, -1, -1, -1, -1, -1, -1, -1, -1, 1, -1, -1, -1, -1, -1, -1, -1, -1, -1, -1, -1, 0, -1, -1, 0, 1, -1, -1, 0, -1, -1, -1, -1, -1, -1, -1, -1, 1, -1, -1, -1, -1, -1, -1, -1, -1, -1, -1, -1, -1, -1, -1, 0, -1, 0, -1, -1, -1, -1, -1, 1, -1, -1, -1, -1, -1, -1, -1, 1, -1, -1, -1, -1, -1, -1, -1, -1, -1, -1, -1, -1, -1, -1, -1, -1, -1, -1, -1, -1, -1, -1, -1, -1, -1, -1, -1, -1, -1, 1, -1, -1, -1, -1, -1, -1, 1, -1, -1, -1, -1, 0, -1, -1, -1, -1, -1, 1, -1, -1, -1, -1, 0, -1, 1, -1, -1, -1, -1, -1, -1, -1, -1, -1, -1, -1, -1, -1, -1, 1, 1, 1, -1, -1, -1, -1, -1, 1, -1, 1, -1, -1, 0, 1, -1, 1, -1, -1, -1, -1, -1, -1, 1, -1, -1, 1, -1, 1, -1, -1, -1, -1, -1, -1, -1, 0, -1, 0, -1, -1, -1, -1, -1, -1, -1, -1, -1, 1, 1, 1, 1, 1, 1, -1, -1, -1, -1, -1, -1, -1, -1, -1, -1, -1, -1, -1, -1, -1, -1, -1, -1, -1, -1, -1, -1, -1, -1, -1]"
150,17,13,0.5,0.6856557689858156,3,199,"[{'cluster_no': -1, 'count': 199}, {'cluster_no': 0, 'count': 13}, {'cluster_no': 1, 'count': 25}]","[-1, 0, 0, -1, -1, -1, -1, -1, -1, -1, -1, -1, -1, -1, -1, -1, 0, -1, -1, -1, -1, -1, -1, -1, -1, -1, -1, -1, -1, 1, -1, -1, -1, -1, -1, -1, -1, -1, -1, -1, -1, 0, -1, -1, 0, 1, -1, -1, 0, -1, -1, -1, -1, -1, -1, -1, -1, 1, -1, -1, -1, -1, -1, -1, -1, -1, -1, -1, -1, -1, -1, -1, 0, -1, 0, -1, -1, -1, -1, -1, 1, -1, -1, -1, -1, -1, -1, -1, 1, -1, -1, -1, -1, -1, -1, -1, -1, -1, -1, -1, -1, -1, -1, -1, -1, -1, -1, -1, -1, -1, -1, -1, -1, -1, -1, -1, -1, -1, 1, -1, -1, -1, -1, -1, -1, 1, -1, -1, -1, -1, 0, -1, -1, -1, -1, -1, 1, -1, -1, -1, -1, 0, -1, 1, -1, -1, -1, -1, -1, -1, -1, -1, -1, -1, -1, -1, -1, -1, 1, 1, 1, -1, -1, -1, -1, -1, 1, -1, 1, -1, -1, 0, 1, -1, 1, -1, -1, -1, -1, -1, -1, 1, -1, -1, 1, -1, 1, -1, -1, -1, -1, -1, -1, -1, 0, -1, 0, -1, -1, -1, -1, -1, -1, -1, -1, -1, 1, 1, 1, 1, 1, 1, -1, -1, -1, -1, -1, -1, -1, -1, -1, -1, -1, -1, -1, -1, -1, -1, -1, -1, -1, -1, -1, -1, -1, -1, -1]"
150,17,13,1.0,0.6856557689858156,3,199,"[{'cluster_no': -1, 'count': 199}, {'cluster_no': 0, 'count': 13}, {'cluster_no': 1, 'count': 25}]","[-1, 0, 0, -1, -1, -1, -1, -1, -1, -1, -1, -1, -1, -1, -1, -1, 0, -1, -1, -1, -1, -1, -1, -1, -1, -1, -1, -1, -1, 1, -1, -1, -1, -1, -1, -1, -1, -1, -1, -1, -1, 0, -1, -1, 0, 1, -1, -1, 0, -1, -1, -1, -1, -1, -1, -1, -1, 1, -1, -1, -1, -1, -1, -1, -1, -1, -1, -1, -1, -1, -1, -1, 0, -1, 0, -1, -1, -1, -1, -1, 1, -1, -1, -1, -1, -1, -1, -1, 1, -1, -1, -1, -1, -1, -1, -1, -1, -1, -1, -1, -1, -1, -1, -1, -1, -1, -1, -1, -1, -1, -1, -1, -1, -1, -1, -1, -1, -1, 1, -1, -1, -1, -1, -1, -1, 1, -1, -1, -1, -1, 0, -1, -1, -1, -1, -1, 1, -1, -1, -1, -1, 0, -1, 1, -1, -1, -1, -1, -1, -1, -1, -1, -1, -1, -1, -1, -1, -1, 1, 1, 1, -1, -1, -1, -1, -1, 1, -1, 1, -1, -1, 0, 1, -1, 1, -1, -1, -1, -1, -1, -1, 1, -1, -1, 1, -1, 1, -1, -1, -1, -1, -1, -1, -1, 0, -1, 0, -1, -1, -1, -1, -1, -1, -1, -1, -1, 1, 1, 1, 1, 1, 1, -1, -1, -1, -1, -1, -1, -1, -1, -1, -1, -1, -1, -1, -1, -1, -1, -1, -1, -1, -1, -1, -1, -1, -1, -1]"
150,17,14,0.0,None,1,237,"[{'cluster_no': -1, 'count': 237}]","[-1, -1, -1, -1, -1, -1, -1, -1, -1, -1, -1, -1, -1, -1, -1, -1, -1, -1, -1, -1, -1, -1, -1, -1, -1, -1, -1, -1, -1, -1, -1, -1, -1, -1, -1, -1, -1, -1, -1, -1, -1, -1, -1, -1, -1, -1, -1, -1, -1, -1, -1, -1, -1, -1, -1, -1, -1, -1, -1, -1, -1, -1, -1, -1, -1, -1, -1, -1, -1, -1, -1, -1, -1, -1, -1, -1, -1, -1, -1, -1, -1, -1, -1, -1, -1, -1, -1, -1, -1, -1, -1, -1, -1, -1, -1, -1, -1, -1, -1, -1, -1, -1, -1, -1, -1, -1, -1, -1, -1, -1, -1, -1, -1, -1, -1, -1, -1, -1, -1, -1, -1, -1, -1, -1, -1, -1, -1, -1, -1, -1, -1, -1, -1, -1, -1, -1, -1, -1, -1, -1, -1, -1, -1, -1, -1, -1, -1, -1, -1, -1, -1, -1, -1, -1, -1, -1, -1, -1, -1, -1, -1, -1, -1, -1, -1, -1, -1, -1, -1, -1, -1, -1, -1, -1, -1, -1, -1, -1, -1, -1, -1, -1, -1, -1, -1, -1, -1, -1, -1, -1, -1, -1, -1, -1, -1, -1, -1, -1, -1, -1, -1, -1, -1, -1, -1, -1, -1, -1, -1, -1, -1, -1, -1, -1, -1, -1, -1, -1, -1, -1, -1, -1, -1, -1, -1, -1, -1, -1, -1, -1, -1, -1, -1, -1, -1, -1, -1]"
150,17,14,0.5,None,1,237,"[{'cluster_no': -1, 'count': 237}]","[-1, -1, -1, -1, -1, -1, -1, -1, -1, -1, -1, -1, -1, -1, -1, -1, -1, -1, -1, -1, -1, -1, -1, -1, -1, -1, -1, -1, -1, -1, -1, -1, -1, -1, -1, -1, -1, -1, -1, -1, -1, -1, -1, -1, -1, -1, -1, -1, -1, -1, -1, -1, -1, -1, -1, -1, -1, -1, -1, -1, -1, -1, -1, -1, -1, -1, -1, -1, -1, -1, -1, -1, -1, -1, -1, -1, -1, -1, -1, -1, -1, -1, -1, -1, -1, -1, -1, -1, -1, -1, -1, -1, -1, -1, -1, -1, -1, -1, -1, -1, -1, -1, -1, -1, -1, -1, -1, -1, -1, -1, -1, -1, -1, -1, -1, -1, -1, -1, -1, -1, -1, -1, -1, -1, -1, -1, -1, -1, -1, -1, -1, -1, -1, -1, -1, -1, -1, -1, -1, -1, -1, -1, -1, -1, -1, -1, -1, -1, -1, -1, -1, -1, -1, -1, -1, -1, -1, -1, -1, -1, -1, -1, -1, -1, -1, -1, -1, -1, -1, -1, -1, -1, -1, -1, -1, -1, -1, -1, -1, -1, -1, -1, -1, -1, -1, -1, -1, -1, -1, -1, -1, -1, -1, -1, -1, -1, -1, -1, -1, -1, -1, -1, -1, -1, -1, -1, -1, -1, -1, -1, -1, -1, -1, -1, -1, -1, -1, -1, -1, -1, -1, -1, -1, -1, -1, -1, -1, -1, -1, -1, -1, -1, -1, -1, -1, -1, -1]"
150,17,14,1.0,None,1,237,"[{'cluster_no': -1, 'count': 237}]","[-1, -1, -1, -1, -1, -1, -1, -1, -1, -1, -1, -1, -1, -1, -1, -1, -1, -1, -1, -1, -1, -1, -1, -1, -1, -1, -1, -1, -1, -1, -1, -1, -1, -1, -1, -1, -1, -1, -1, -1, -1, -1, -1, -1, -1, -1, -1, -1, -1, -1, -1, -1, -1, -1, -1, -1, -1, -1, -1, -1, -1, -1, -1, -1, -1, -1, -1, -1, -1, -1, -1, -1, -1, -1, -1, -1, -1, -1, -1, -1, -1, -1, -1, -1, -1, -1, -1, -1, -1, -1, -1, -1, -1, -1, -1, -1, -1, -1, -1, -1, -1, -1, -1, -1, -1, -1, -1, -1, -1, -1, -1, -1, -1, -1, -1, -1, -1, -1, -1, -1, -1, -1, -1, -1, -1, -1, -1, -1, -1, -1, -1, -1, -1, -1, -1, -1, -1, -1, -1, -1, -1, -1, -1, -1, -1, -1, -1, -1, -1, -1, -1, -1, -1, -1, -1, -1, -1, -1, -1, -1, -1, -1, -1, -1, -1, -1, -1, -1, -1, -1, -1, -1, -1, -1, -1, -1, -1, -1, -1, -1, -1, -1, -1, -1, -1, -1, -1, -1, -1, -1, -1, -1, -1, -1, -1, -1, -1, -1, -1, -1, -1, -1, -1, -1, -1, -1, -1, -1, -1, -1, -1, -1, -1, -1, -1, -1, -1, -1, -1, -1, -1, -1, -1, -1, -1, -1, -1, -1, -1, -1, -1, -1, -1, -1, -1, -1, -1]"
150,17,15,0.0,None,1,237,"[{'cluster_no': -1, 'count': 237}]","[-1, -1, -1, -1, -1, -1, -1, -1, -1, -1, -1, -1, -1, -1, -1, -1, -1, -1, -1, -1, -1, -1, -1, -1, -1, -1, -1, -1, -1, -1, -1, -1, -1, -1, -1, -1, -1, -1, -1, -1, -1, -1, -1, -1, -1, -1, -1, -1, -1, -1, -1, -1, -1, -1, -1, -1, -1, -1, -1, -1, -1, -1, -1, -1, -1, -1, -1, -1, -1, -1, -1, -1, -1, -1, -1, -1, -1, -1, -1, -1, -1, -1, -1, -1, -1, -1, -1, -1, -1, -1, -1, -1, -1, -1, -1, -1, -1, -1, -1, -1, -1, -1, -1, -1, -1, -1, -1, -1, -1, -1, -1, -1, -1, -1, -1, -1, -1, -1, -1, -1, -1, -1, -1, -1, -1, -1, -1, -1, -1, -1, -1, -1, -1, -1, -1, -1, -1, -1, -1, -1, -1, -1, -1, -1, -1, -1, -1, -1, -1, -1, -1, -1, -1, -1, -1, -1, -1, -1, -1, -1, -1, -1, -1, -1, -1, -1, -1, -1, -1, -1, -1, -1, -1, -1, -1, -1, -1, -1, -1, -1, -1, -1, -1, -1, -1, -1, -1, -1, -1, -1, -1, -1, -1, -1, -1, -1, -1, -1, -1, -1, -1, -1, -1, -1, -1, -1, -1, -1, -1, -1, -1, -1, -1, -1, -1, -1, -1, -1, -1, -1, -1, -1, -1, -1, -1, -1, -1, -1, -1, -1, -1, -1, -1, -1, -1, -1, -1]"
150,17,15,0.5,None,1,237,"[{'cluster_no': -1, 'count': 237}]","[-1, -1, -1, -1, -1, -1, -1, -1, -1, -1, -1, -1, -1, -1, -1, -1, -1, -1, -1, -1, -1, -1, -1, -1, -1, -1, -1, -1, -1, -1, -1, -1, -1, -1, -1, -1, -1, -1, -1, -1, -1, -1, -1, -1, -1, -1, -1, -1, -1, -1, -1, -1, -1, -1, -1, -1, -1, -1, -1, -1, -1, -1, -1, -1, -1, -1, -1, -1, -1, -1, -1, -1, -1, -1, -1, -1, -1, -1, -1, -1, -1, -1, -1, -1, -1, -1, -1, -1, -1, -1, -1, -1, -1, -1, -1, -1, -1, -1, -1, -1, -1, -1, -1, -1, -1, -1, -1, -1, -1, -1, -1, -1, -1, -1, -1, -1, -1, -1, -1, -1, -1, -1, -1, -1, -1, -1, -1, -1, -1, -1, -1, -1, -1, -1, -1, -1, -1, -1, -1, -1, -1, -1, -1, -1, -1, -1, -1, -1, -1, -1, -1, -1, -1, -1, -1, -1, -1, -1, -1, -1, -1, -1, -1, -1, -1, -1, -1, -1, -1, -1, -1, -1, -1, -1, -1, -1, -1, -1, -1, -1, -1, -1, -1, -1, -1, -1, -1, -1, -1, -1, -1, -1, -1, -1, -1, -1, -1, -1, -1, -1, -1, -1, -1, -1, -1, -1, -1, -1, -1, -1, -1, -1, -1, -1, -1, -1, -1, -1, -1, -1, -1, -1, -1, -1, -1, -1, -1, -1, -1, -1, -1, -1, -1, -1, -1, -1, -1]"
150,17,15,1.0,None,1,237,"[{'cluster_no': -1, 'count': 237}]","[-1, -1, -1, -1, -1, -1, -1, -1, -1, -1, -1, -1, -1, -1, -1, -1, -1, -1, -1, -1, -1, -1, -1, -1, -1, -1, -1, -1, -1, -1, -1, -1, -1, -1, -1, -1, -1, -1, -1, -1, -1, -1, -1, -1, -1, -1, -1, -1, -1, -1, -1, -1, -1, -1, -1, -1, -1, -1, -1, -1, -1, -1, -1, -1, -1, -1, -1, -1, -1, -1, -1, -1, -1, -1, -1, -1, -1, -1, -1, -1, -1, -1, -1, -1, -1, -1, -1, -1, -1, -1, -1, -1, -1, -1, -1, -1, -1, -1, -1, -1, -1, -1, -1, -1, -1, -1, -1, -1, -1, -1, -1, -1, -1, -1, -1, -1, -1, -1, -1, -1, -1, -1, -1, -1, -1, -1, -1, -1, -1, -1, -1, -1, -1, -1, -1, -1, -1, -1, -1, -1, -1, -1, -1, -1, -1, -1, -1, -1, -1, -1, -1, -1, -1, -1, -1, -1, -1, -1, -1, -1, -1, -1, -1, -1, -1, -1, -1, -1, -1, -1, -1, -1, -1, -1, -1, -1, -1, -1, -1, -1, -1, -1, -1, -1, -1, -1, -1, -1, -1, -1, -1, -1, -1, -1, -1, -1, -1, -1, -1, -1, -1, -1, -1, -1, -1, -1, -1, -1, -1, -1, -1, -1, -1, -1, -1, -1, -1, -1, -1, -1, -1, -1, -1, -1, -1, -1, -1, -1, -1, -1, -1, -1, -1, -1, -1, -1, -1]"
150,17,16,0.0,None,1,237,"[{'cluster_no': -1, 'count': 237}]","[-1, -1, -1, -1, -1, -1, -1, -1, -1, -1, -1, -1, -1, -1, -1, -1, -1, -1, -1, -1, -1, -1, -1, -1, -1, -1, -1, -1, -1, -1, -1, -1, -1, -1, -1, -1, -1, -1, -1, -1, -1, -1, -1, -1, -1, -1, -1, -1, -1, -1, -1, -1, -1, -1, -1, -1, -1, -1, -1, -1, -1, -1, -1, -1, -1, -1, -1, -1, -1, -1, -1, -1, -1, -1, -1, -1, -1, -1, -1, -1, -1, -1, -1, -1, -1, -1, -1, -1, -1, -1, -1, -1, -1, -1, -1, -1, -1, -1, -1, -1, -1, -1, -1, -1, -1, -1, -1, -1, -1, -1, -1, -1, -1, -1, -1, -1, -1, -1, -1, -1, -1, -1, -1, -1, -1, -1, -1, -1, -1, -1, -1, -1, -1, -1, -1, -1, -1, -1, -1, -1, -1, -1, -1, -1, -1, -1, -1, -1, -1, -1, -1, -1, -1, -1, -1, -1, -1, -1, -1, -1, -1, -1, -1, -1, -1, -1, -1, -1, -1, -1, -1, -1, -1, -1, -1, -1, -1, -1, -1, -1, -1, -1, -1, -1, -1, -1, -1, -1, -1, -1, -1, -1, -1, -1, -1, -1, -1, -1, -1, -1, -1, -1, -1, -1, -1, -1, -1, -1, -1, -1, -1, -1, -1, -1, -1, -1, -1, -1, -1, -1, -1, -1, -1, -1, -1, -1, -1, -1, -1, -1, -1, -1, -1, -1, -1, -1, -1]"
150,17,16,0.5,None,1,237,"[{'cluster_no': -1, 'count': 237}]","[-1, -1, -1, -1, -1, -1, -1, -1, -1, -1, -1, -1, -1, -1, -1, -1, -1, -1, -1, -1, -1, -1, -1, -1, -1, -1, -1, -1, -1, -1, -1, -1, -1, -1, -1, -1, -1, -1, -1, -1, -1, -1, -1, -1, -1, -1, -1, -1, -1, -1, -1, -1, -1, -1, -1, -1, -1, -1, -1, -1, -1, -1, -1, -1, -1, -1, -1, -1, -1, -1, -1, -1, -1, -1, -1, -1, -1, -1, -1, -1, -1, -1, -1, -1, -1, -1, -1, -1, -1, -1, -1, -1, -1, -1, -1, -1, -1, -1, -1, -1, -1, -1, -1, -1, -1, -1, -1, -1, -1, -1, -1, -1, -1, -1, -1, -1, -1, -1, -1, -1, -1, -1, -1, -1, -1, -1, -1, -1, -1, -1, -1, -1, -1, -1, -1, -1, -1, -1, -1, -1, -1, -1, -1, -1, -1, -1, -1, -1, -1, -1, -1, -1, -1, -1, -1, -1, -1, -1, -1, -1, -1, -1, -1, -1, -1, -1, -1, -1, -1, -1, -1, -1, -1, -1, -1, -1, -1, -1, -1, -1, -1, -1, -1, -1, -1, -1, -1, -1, -1, -1, -1, -1, -1, -1, -1, -1, -1, -1, -1, -1, -1, -1, -1, -1, -1, -1, -1, -1, -1, -1, -1, -1, -1, -1, -1, -1, -1, -1, -1, -1, -1, -1, -1, -1, -1, -1, -1, -1, -1, -1, -1, -1, -1, -1, -1, -1, -1]"
150,17,16,1.0,None,1,237,"[{'cluster_no': -1, 'count': 237}]","[-1, -1, -1, -1, -1, -1, -1, -1, -1, -1, -1, -1, -1, -1, -1, -1, -1, -1, -1, -1, -1, -1, -1, -1, -1, -1, -1, -1, -1, -1, -1, -1, -1, -1, -1, -1, -1, -1, -1, -1, -1, -1, -1, -1, -1, -1, -1, -1, -1, -1, -1, -1, -1, -1, -1, -1, -1, -1, -1, -1, -1, -1, -1, -1, -1, -1, -1, -1, -1, -1, -1, -1, -1, -1, -1, -1, -1, -1, -1, -1, -1, -1, -1, -1, -1, -1, -1, -1, -1, -1, -1, -1, -1, -1, -1, -1, -1, -1, -1, -1, -1, -1, -1, -1, -1, -1, -1, -1, -1, -1, -1, -1, -1, -1, -1, -1, -1, -1, -1, -1, -1, -1, -1, -1, -1, -1, -1, -1, -1, -1, -1, -1, -1, -1, -1, -1, -1, -1, -1, -1, -1, -1, -1, -1, -1, -1, -1, -1, -1, -1, -1, -1, -1, -1, -1, -1, -1, -1, -1, -1, -1, -1, -1, -1, -1, -1, -1, -1, -1, -1, -1, -1, -1, -1, -1, -1, -1, -1, -1, -1, -1, -1, -1, -1, -1, -1, -1, -1, -1, -1, -1, -1, -1, -1, -1, -1, -1, -1, -1, -1, -1, -1, -1, -1, -1, -1, -1, -1, -1, -1, -1, -1, -1, -1, -1, -1, -1, -1, -1, -1, -1, -1, -1, -1, -1, -1, -1, -1, -1, -1, -1, -1, -1, -1, -1, -1, -1]"
150,17,17,0.0,None,1,237,"[{'cluster_no': -1, 'count': 237}]","[-1, -1, -1, -1, -1, -1, -1, -1, -1, -1, -1, -1, -1, -1, -1, -1, -1, -1, -1, -1, -1, -1, -1, -1, -1, -1, -1, -1, -1, -1, -1, -1, -1, -1, -1, -1, -1, -1, -1, -1, -1, -1, -1, -1, -1, -1, -1, -1, -1, -1, -1, -1, -1, -1, -1, -1, -1, -1, -1, -1, -1, -1, -1, -1, -1, -1, -1, -1, -1, -1, -1, -1, -1, -1, -1, -1, -1, -1, -1, -1, -1, -1, -1, -1, -1, -1, -1, -1, -1, -1, -1, -1, -1, -1, -1, -1, -1, -1, -1, -1, -1, -1, -1, -1, -1, -1, -1, -1, -1, -1, -1, -1, -1, -1, -1, -1, -1, -1, -1, -1, -1, -1, -1, -1, -1, -1, -1, -1, -1, -1, -1, -1, -1, -1, -1, -1, -1, -1, -1, -1, -1, -1, -1, -1, -1, -1, -1, -1, -1, -1, -1, -1, -1, -1, -1, -1, -1, -1, -1, -1, -1, -1, -1, -1, -1, -1, -1, -1, -1, -1, -1, -1, -1, -1, -1, -1, -1, -1, -1, -1, -1, -1, -1, -1, -1, -1, -1, -1, -1, -1, -1, -1, -1, -1, -1, -1, -1, -1, -1, -1, -1, -1, -1, -1, -1, -1, -1, -1, -1, -1, -1, -1, -1, -1, -1, -1, -1, -1, -1, -1, -1, -1, -1, -1, -1, -1, -1, -1, -1, -1, -1, -1, -1, -1, -1, -1, -1]"
150,17,17,0.5,None,1,237,"[{'cluster_no': -1, 'count': 237}]","[-1, -1, -1, -1, -1, -1, -1, -1, -1, -1, -1, -1, -1, -1, -1, -1, -1, -1, -1, -1, -1, -1, -1, -1, -1, -1, -1, -1, -1, -1, -1, -1, -1, -1, -1, -1, -1, -1, -1, -1, -1, -1, -1, -1, -1, -1, -1, -1, -1, -1, -1, -1, -1, -1, -1, -1, -1, -1, -1, -1, -1, -1, -1, -1, -1, -1, -1, -1, -1, -1, -1, -1, -1, -1, -1, -1, -1, -1, -1, -1, -1, -1, -1, -1, -1, -1, -1, -1, -1, -1, -1, -1, -1, -1, -1, -1, -1, -1, -1, -1, -1, -1, -1, -1, -1, -1, -1, -1, -1, -1, -1, -1, -1, -1, -1, -1, -1, -1, -1, -1, -1, -1, -1, -1, -1, -1, -1, -1, -1, -1, -1, -1, -1, -1, -1, -1, -1, -1, -1, -1, -1, -1, -1, -1, -1, -1, -1, -1, -1, -1, -1, -1, -1, -1, -1, -1, -1, -1, -1, -1, -1, -1, -1, -1, -1, -1, -1, -1, -1, -1, -1, -1, -1, -1, -1, -1, -1, -1, -1, -1, -1, -1, -1, -1, -1, -1, -1, -1, -1, -1, -1, -1, -1, -1, -1, -1, -1, -1, -1, -1, -1, -1, -1, -1, -1, -1, -1, -1, -1, -1, -1, -1, -1, -1, -1, -1, -1, -1, -1, -1, -1, -1, -1, -1, -1, -1, -1, -1, -1, -1, -1, -1, -1, -1, -1, -1, -1]"
150,17,17,1.0,None,1,237,"[{'cluster_no': -1, 'count': 237}]","[-1, -1, -1, -1, -1, -1, -1, -1, -1, -1, -1, -1, -1, -1, -1, -1, -1, -1, -1, -1, -1, -1, -1, -1, -1, -1, -1, -1, -1, -1, -1, -1, -1, -1, -1, -1, -1, -1, -1, -1, -1, -1, -1, -1, -1, -1, -1, -1, -1, -1, -1, -1, -1, -1, -1, -1, -1, -1, -1, -1, -1, -1, -1, -1, -1, -1, -1, -1, -1, -1, -1, -1, -1, -1, -1, -1, -1, -1, -1, -1, -1, -1, -1, -1, -1, -1, -1, -1, -1, -1, -1, -1, -1, -1, -1, -1, -1, -1, -1, -1, -1, -1, -1, -1, -1, -1, -1, -1, -1, -1, -1, -1, -1, -1, -1, -1, -1, -1, -1, -1, -1, -1, -1, -1, -1, -1, -1, -1, -1, -1, -1, -1, -1, -1, -1, -1, -1, -1, -1, -1, -1, -1, -1, -1, -1, -1, -1, -1, -1, -1, -1, -1, -1, -1, -1, -1, -1, -1, -1, -1, -1, -1, -1, -1, -1, -1, -1, -1, -1, -1, -1, -1, -1, -1, -1, -1, -1, -1, -1, -1, -1, -1, -1, -1, -1, -1, -1, -1, -1, -1, -1, -1, -1, -1, -1, -1, -1, -1, -1, -1, -1, -1, -1, -1, -1, -1, -1, -1, -1, -1, -1, -1, -1, -1, -1, -1, -1, -1, -1, -1, -1, -1, -1, -1, -1, -1, -1, -1, -1, -1, -1, -1, -1, -1, -1, -1, -1]"
150,17,18,0.0,None,1,237,"[{'cluster_no': -1, 'count': 237}]","[-1, -1, -1, -1, -1, -1, -1, -1, -1, -1, -1, -1, -1, -1, -1, -1, -1, -1, -1, -1, -1, -1, -1, -1, -1, -1, -1, -1, -1, -1, -1, -1, -1, -1, -1, -1, -1, -1, -1, -1, -1, -1, -1, -1, -1, -1, -1, -1, -1, -1, -1, -1, -1, -1, -1, -1, -1, -1, -1, -1, -1, -1, -1, -1, -1, -1, -1, -1, -1, -1, -1, -1, -1, -1, -1, -1, -1, -1, -1, -1, -1, -1, -1, -1, -1, -1, -1, -1, -1, -1, -1, -1, -1, -1, -1, -1, -1, -1, -1, -1, -1, -1, -1, -1, -1, -1, -1, -1, -1, -1, -1, -1, -1, -1, -1, -1, -1, -1, -1, -1, -1, -1, -1, -1, -1, -1, -1, -1, -1, -1, -1, -1, -1, -1, -1, -1, -1, -1, -1, -1, -1, -1, -1, -1, -1, -1, -1, -1, -1, -1, -1, -1, -1, -1, -1, -1, -1, -1, -1, -1, -1, -1, -1, -1, -1, -1, -1, -1, -1, -1, -1, -1, -1, -1, -1, -1, -1, -1, -1, -1, -1, -1, -1, -1, -1, -1, -1, -1, -1, -1, -1, -1, -1, -1, -1, -1, -1, -1, -1, -1, -1, -1, -1, -1, -1, -1, -1, -1, -1, -1, -1, -1, -1, -1, -1, -1, -1, -1, -1, -1, -1, -1, -1, -1, -1, -1, -1, -1, -1, -1, -1, -1, -1, -1, -1, -1, -1]"
150,17,18,0.5,None,1,237,"[{'cluster_no': -1, 'count': 237}]","[-1, -1, -1, -1, -1, -1, -1, -1, -1, -1, -1, -1, -1, -1, -1, -1, -1, -1, -1, -1, -1, -1, -1, -1, -1, -1, -1, -1, -1, -1, -1, -1, -1, -1, -1, -1, -1, -1, -1, -1, -1, -1, -1, -1, -1, -1, -1, -1, -1, -1, -1, -1, -1, -1, -1, -1, -1, -1, -1, -1, -1, -1, -1, -1, -1, -1, -1, -1, -1, -1, -1, -1, -1, -1, -1, -1, -1, -1, -1, -1, -1, -1, -1, -1, -1, -1, -1, -1, -1, -1, -1, -1, -1, -1, -1, -1, -1, -1, -1, -1, -1, -1, -1, -1, -1, -1, -1, -1, -1, -1, -1, -1, -1, -1, -1, -1, -1, -1, -1, -1, -1, -1, -1, -1, -1, -1, -1, -1, -1, -1, -1, -1, -1, -1, -1, -1, -1, -1, -1, -1, -1, -1, -1, -1, -1, -1, -1, -1, -1, -1, -1, -1, -1, -1, -1, -1, -1, -1, -1, -1, -1, -1, -1, -1, -1, -1, -1, -1, -1, -1, -1, -1, -1, -1, -1, -1, -1, -1, -1, -1, -1, -1, -1, -1, -1, -1, -1, -1, -1, -1, -1, -1, -1, -1, -1, -1, -1, -1, -1, -1, -1, -1, -1, -1, -1, -1, -1, -1, -1, -1, -1, -1, -1, -1, -1, -1, -1, -1, -1, -1, -1, -1, -1, -1, -1, -1, -1, -1, -1, -1, -1, -1, -1, -1, -1, -1, -1]"
150,17,18,1.0,None,1,237,"[{'cluster_no': -1, 'count': 237}]","[-1, -1, -1, -1, -1, -1, -1, -1, -1, -1, -1, -1, -1, -1, -1, -1, -1, -1, -1, -1, -1, -1, -1, -1, -1, -1, -1, -1, -1, -1, -1, -1, -1, -1, -1, -1, -1, -1, -1, -1, -1, -1, -1, -1, -1, -1, -1, -1, -1, -1, -1, -1, -1, -1, -1, -1, -1, -1, -1, -1, -1, -1, -1, -1, -1, -1, -1, -1, -1, -1, -1, -1, -1, -1, -1, -1, -1, -1, -1, -1, -1, -1, -1, -1, -1, -1, -1, -1, -1, -1, -1, -1, -1, -1, -1, -1, -1, -1, -1, -1, -1, -1, -1, -1, -1, -1, -1, -1, -1, -1, -1, -1, -1, -1, -1, -1, -1, -1, -1, -1, -1, -1, -1, -1, -1, -1, -1, -1, -1, -1, -1, -1, -1, -1, -1, -1, -1, -1, -1, -1, -1, -1, -1, -1, -1, -1, -1, -1, -1, -1, -1, -1, -1, -1, -1, -1, -1, -1, -1, -1, -1, -1, -1, -1, -1, -1, -1, -1, -1, -1, -1, -1, -1, -1, -1, -1, -1, -1, -1, -1, -1, -1, -1, -1, -1, -1, -1, -1, -1, -1, -1, -1, -1, -1, -1, -1, -1, -1, -1, -1, -1, -1, -1, -1, -1, -1, -1, -1, -1, -1, -1, -1, -1, -1, -1, -1, -1, -1, -1, -1, -1, -1, -1, -1, -1, -1, -1, -1, -1, -1, -1, -1, -1, -1, -1, -1, -1]"
150,17,19,0.0,None,1,237,"[{'cluster_no': -1, 'count': 237}]","[-1, -1, -1, -1, -1, -1, -1, -1, -1, -1, -1, -1, -1, -1, -1, -1, -1, -1, -1, -1, -1, -1, -1, -1, -1, -1, -1, -1, -1, -1, -1, -1, -1, -1, -1, -1, -1, -1, -1, -1, -1, -1, -1, -1, -1, -1, -1, -1, -1, -1, -1, -1, -1, -1, -1, -1, -1, -1, -1, -1, -1, -1, -1, -1, -1, -1, -1, -1, -1, -1, -1, -1, -1, -1, -1, -1, -1, -1, -1, -1, -1, -1, -1, -1, -1, -1, -1, -1, -1, -1, -1, -1, -1, -1, -1, -1, -1, -1, -1, -1, -1, -1, -1, -1, -1, -1, -1, -1, -1, -1, -1, -1, -1, -1, -1, -1, -1, -1, -1, -1, -1, -1, -1, -1, -1, -1, -1, -1, -1, -1, -1, -1, -1, -1, -1, -1, -1, -1, -1, -1, -1, -1, -1, -1, -1, -1, -1, -1, -1, -1, -1, -1, -1, -1, -1, -1, -1, -1, -1, -1, -1, -1, -1, -1, -1, -1, -1, -1, -1, -1, -1, -1, -1, -1, -1, -1, -1, -1, -1, -1, -1, -1, -1, -1, -1, -1, -1, -1, -1, -1, -1, -1, -1, -1, -1, -1, -1, -1, -1, -1, -1, -1, -1, -1, -1, -1, -1, -1, -1, -1, -1, -1, -1, -1, -1, -1, -1, -1, -1, -1, -1, -1, -1, -1, -1, -1, -1, -1, -1, -1, -1, -1, -1, -1, -1, -1, -1]"
150,17,19,0.5,None,1,237,"[{'cluster_no': -1, 'count': 237}]","[-1, -1, -1, -1, -1, -1, -1, -1, -1, -1, -1, -1, -1, -1, -1, -1, -1, -1, -1, -1, -1, -1, -1, -1, -1, -1, -1, -1, -1, -1, -1, -1, -1, -1, -1, -1, -1, -1, -1, -1, -1, -1, -1, -1, -1, -1, -1, -1, -1, -1, -1, -1, -1, -1, -1, -1, -1, -1, -1, -1, -1, -1, -1, -1, -1, -1, -1, -1, -1, -1, -1, -1, -1, -1, -1, -1, -1, -1, -1, -1, -1, -1, -1, -1, -1, -1, -1, -1, -1, -1, -1, -1, -1, -1, -1, -1, -1, -1, -1, -1, -1, -1, -1, -1, -1, -1, -1, -1, -1, -1, -1, -1, -1, -1, -1, -1, -1, -1, -1, -1, -1, -1, -1, -1, -1, -1, -1, -1, -1, -1, -1, -1, -1, -1, -1, -1, -1, -1, -1, -1, -1, -1, -1, -1, -1, -1, -1, -1, -1, -1, -1, -1, -1, -1, -1, -1, -1, -1, -1, -1, -1, -1, -1, -1, -1, -1, -1, -1, -1, -1, -1, -1, -1, -1, -1, -1, -1, -1, -1, -1, -1, -1, -1, -1, -1, -1, -1, -1, -1, -1, -1, -1, -1, -1, -1, -1, -1, -1, -1, -1, -1, -1, -1, -1, -1, -1, -1, -1, -1, -1, -1, -1, -1, -1, -1, -1, -1, -1, -1, -1, -1, -1, -1, -1, -1, -1, -1, -1, -1, -1, -1, -1, -1, -1, -1, -1, -1]"
150,17,19,1.0,None,1,237,"[{'cluster_no': -1, 'count': 237}]","[-1, -1, -1, -1, -1, -1, -1, -1, -1, -1, -1, -1, -1, -1, -1, -1, -1, -1, -1, -1, -1, -1, -1, -1, -1, -1, -1, -1, -1, -1, -1, -1, -1, -1, -1, -1, -1, -1, -1, -1, -1, -1, -1, -1, -1, -1, -1, -1, -1, -1, -1, -1, -1, -1, -1, -1, -1, -1, -1, -1, -1, -1, -1, -1, -1, -1, -1, -1, -1, -1, -1, -1, -1, -1, -1, -1, -1, -1, -1, -1, -1, -1, -1, -1, -1, -1, -1, -1, -1, -1, -1, -1, -1, -1, -1, -1, -1, -1, -1, -1, -1, -1, -1, -1, -1, -1, -1, -1, -1, -1, -1, -1, -1, -1, -1, -1, -1, -1, -1, -1, -1, -1, -1, -1, -1, -1, -1, -1, -1, -1, -1, -1, -1, -1, -1, -1, -1, -1, -1, -1, -1, -1, -1, -1, -1, -1, -1, -1, -1, -1, -1, -1, -1, -1, -1, -1, -1, -1, -1, -1, -1, -1, -1, -1, -1, -1, -1, -1, -1, -1, -1, -1, -1, -1, -1, -1, -1, -1, -1, -1, -1, -1, -1, -1, -1, -1, -1, -1, -1, -1, -1, -1, -1, -1, -1, -1, -1, -1, -1, -1, -1, -1, -1, -1, -1, -1, -1, -1, -1, -1, -1, -1, -1, -1, -1, -1, -1, -1, -1, -1, -1, -1, -1, -1, -1, -1, -1, -1, -1, -1, -1, -1, -1, -1, -1, -1, -1]"
150,17,20,0.0,None,1,237,"[{'cluster_no': -1, 'count': 237}]","[-1, -1, -1, -1, -1, -1, -1, -1, -1, -1, -1, -1, -1, -1, -1, -1, -1, -1, -1, -1, -1, -1, -1, -1, -1, -1, -1, -1, -1, -1, -1, -1, -1, -1, -1, -1, -1, -1, -1, -1, -1, -1, -1, -1, -1, -1, -1, -1, -1, -1, -1, -1, -1, -1, -1, -1, -1, -1, -1, -1, -1, -1, -1, -1, -1, -1, -1, -1, -1, -1, -1, -1, -1, -1, -1, -1, -1, -1, -1, -1, -1, -1, -1, -1, -1, -1, -1, -1, -1, -1, -1, -1, -1, -1, -1, -1, -1, -1, -1, -1, -1, -1, -1, -1, -1, -1, -1, -1, -1, -1, -1, -1, -1, -1, -1, -1, -1, -1, -1, -1, -1, -1, -1, -1, -1, -1, -1, -1, -1, -1, -1, -1, -1, -1, -1, -1, -1, -1, -1, -1, -1, -1, -1, -1, -1, -1, -1, -1, -1, -1, -1, -1, -1, -1, -1, -1, -1, -1, -1, -1, -1, -1, -1, -1, -1, -1, -1, -1, -1, -1, -1, -1, -1, -1, -1, -1, -1, -1, -1, -1, -1, -1, -1, -1, -1, -1, -1, -1, -1, -1, -1, -1, -1, -1, -1, -1, -1, -1, -1, -1, -1, -1, -1, -1, -1, -1, -1, -1, -1, -1, -1, -1, -1, -1, -1, -1, -1, -1, -1, -1, -1, -1, -1, -1, -1, -1, -1, -1, -1, -1, -1, -1, -1, -1, -1, -1, -1]"
150,17,20,0.5,None,1,237,"[{'cluster_no': -1, 'count': 237}]","[-1, -1, -1, -1, -1, -1, -1, -1, -1, -1, -1, -1, -1, -1, -1, -1, -1, -1, -1, -1, -1, -1, -1, -1, -1, -1, -1, -1, -1, -1, -1, -1, -1, -1, -1, -1, -1, -1, -1, -1, -1, -1, -1, -1, -1, -1, -1, -1, -1, -1, -1, -1, -1, -1, -1, -1, -1, -1, -1, -1, -1, -1, -1, -1, -1, -1, -1, -1, -1, -1, -1, -1, -1, -1, -1, -1, -1, -1, -1, -1, -1, -1, -1, -1, -1, -1, -1, -1, -1, -1, -1, -1, -1, -1, -1, -1, -1, -1, -1, -1, -1, -1, -1, -1, -1, -1, -1, -1, -1, -1, -1, -1, -1, -1, -1, -1, -1, -1, -1, -1, -1, -1, -1, -1, -1, -1, -1, -1, -1, -1, -1, -1, -1, -1, -1, -1, -1, -1, -1, -1, -1, -1, -1, -1, -1, -1, -1, -1, -1, -1, -1, -1, -1, -1, -1, -1, -1, -1, -1, -1, -1, -1, -1, -1, -1, -1, -1, -1, -1, -1, -1, -1, -1, -1, -1, -1, -1, -1, -1, -1, -1, -1, -1, -1, -1, -1, -1, -1, -1, -1, -1, -1, -1, -1, -1, -1, -1, -1, -1, -1, -1, -1, -1, -1, -1, -1, -1, -1, -1, -1, -1, -1, -1, -1, -1, -1, -1, -1, -1, -1, -1, -1, -1, -1, -1, -1, -1, -1, -1, -1, -1, -1, -1, -1, -1, -1, -1]"
150,17,20,1.0,None,1,237,"[{'cluster_no': -1, 'count': 237}]","[-1, -1, -1, -1, -1, -1, -1, -1, -1, -1, -1, -1, -1, -1, -1, -1, -1, -1, -1, -1, -1, -1, -1, -1, -1, -1, -1, -1, -1, -1, -1, -1, -1, -1, -1, -1, -1, -1, -1, -1, -1, -1, -1, -1, -1, -1, -1, -1, -1, -1, -1, -1, -1, -1, -1, -1, -1, -1, -1, -1, -1, -1, -1, -1, -1, -1, -1, -1, -1, -1, -1, -1, -1, -1, -1, -1, -1, -1, -1, -1, -1, -1, -1, -1, -1, -1, -1, -1, -1, -1, -1, -1, -1, -1, -1, -1, -1, -1, -1, -1, -1, -1, -1, -1, -1, -1, -1, -1, -1, -1, -1, -1, -1, -1, -1, -1, -1, -1, -1, -1, -1, -1, -1, -1, -1, -1, -1, -1, -1, -1, -1, -1, -1, -1, -1, -1, -1, -1, -1, -1, -1, -1, -1, -1, -1, -1, -1, -1, -1, -1, -1, -1, -1, -1, -1, -1, -1, -1, -1, -1, -1, -1, -1, -1, -1, -1, -1, -1, -1, -1, -1, -1, -1, -1, -1, -1, -1, -1, -1, -1, -1, -1, -1, -1, -1, -1, -1, -1, -1, -1, -1, -1, -1, -1, -1, -1, -1, -1, -1, -1, -1, -1, -1, -1, -1, -1, -1, -1, -1, -1, -1, -1, -1, -1, -1, -1, -1, -1, -1, -1, -1, -1, -1, -1, -1, -1, -1, -1, -1, -1, -1, -1, -1, -1, -1, -1, -1]"
150,17,21,0.0,None,1,237,"[{'cluster_no': -1, 'count': 237}]","[-1, -1, -1, -1, -1, -1, -1, -1, -1, -1, -1, -1, -1, -1, -1, -1, -1, -1, -1, -1, -1, -1, -1, -1, -1, -1, -1, -1, -1, -1, -1, -1, -1, -1, -1, -1, -1, -1, -1, -1, -1, -1, -1, -1, -1, -1, -1, -1, -1, -1, -1, -1, -1, -1, -1, -1, -1, -1, -1, -1, -1, -1, -1, -1, -1, -1, -1, -1, -1, -1, -1, -1, -1, -1, -1, -1, -1, -1, -1, -1, -1, -1, -1, -1, -1, -1, -1, -1, -1, -1, -1, -1, -1, -1, -1, -1, -1, -1, -1, -1, -1, -1, -1, -1, -1, -1, -1, -1, -1, -1, -1, -1, -1, -1, -1, -1, -1, -1, -1, -1, -1, -1, -1, -1, -1, -1, -1, -1, -1, -1, -1, -1, -1, -1, -1, -1, -1, -1, -1, -1, -1, -1, -1, -1, -1, -1, -1, -1, -1, -1, -1, -1, -1, -1, -1, -1, -1, -1, -1, -1, -1, -1, -1, -1, -1, -1, -1, -1, -1, -1, -1, -1, -1, -1, -1, -1, -1, -1, -1, -1, -1, -1, -1, -1, -1, -1, -1, -1, -1, -1, -1, -1, -1, -1, -1, -1, -1, -1, -1, -1, -1, -1, -1, -1, -1, -1, -1, -1, -1, -1, -1, -1, -1, -1, -1, -1, -1, -1, -1, -1, -1, -1, -1, -1, -1, -1, -1, -1, -1, -1, -1, -1, -1, -1, -1, -1, -1]"
150,17,21,0.5,None,1,237,"[{'cluster_no': -1, 'count': 237}]","[-1, -1, -1, -1, -1, -1, -1, -1, -1, -1, -1, -1, -1, -1, -1, -1, -1, -1, -1, -1, -1, -1, -1, -1, -1, -1, -1, -1, -1, -1, -1, -1, -1, -1, -1, -1, -1, -1, -1, -1, -1, -1, -1, -1, -1, -1, -1, -1, -1, -1, -1, -1, -1, -1, -1, -1, -1, -1, -1, -1, -1, -1, -1, -1, -1, -1, -1, -1, -1, -1, -1, -1, -1, -1, -1, -1, -1, -1, -1, -1, -1, -1, -1, -1, -1, -1, -1, -1, -1, -1, -1, -1, -1, -1, -1, -1, -1, -1, -1, -1, -1, -1, -1, -1, -1, -1, -1, -1, -1, -1, -1, -1, -1, -1, -1, -1, -1, -1, -1, -1, -1, -1, -1, -1, -1, -1, -1, -1, -1, -1, -1, -1, -1, -1, -1, -1, -1, -1, -1, -1, -1, -1, -1, -1, -1, -1, -1, -1, -1, -1, -1, -1, -1, -1, -1, -1, -1, -1, -1, -1, -1, -1, -1, -1, -1, -1, -1, -1, -1, -1, -1, -1, -1, -1, -1, -1, -1, -1, -1, -1, -1, -1, -1, -1, -1, -1, -1, -1, -1, -1, -1, -1, -1, -1, -1, -1, -1, -1, -1, -1, -1, -1, -1, -1, -1, -1, -1, -1, -1, -1, -1, -1, -1, -1, -1, -1, -1, -1, -1, -1, -1, -1, -1, -1, -1, -1, -1, -1, -1, -1, -1, -1, -1, -1, -1, -1, -1]"
150,17,21,1.0,None,1,237,"[{'cluster_no': -1, 'count': 237}]","[-1, -1, -1, -1, -1, -1, -1, -1, -1, -1, -1, -1, -1, -1, -1, -1, -1, -1, -1, -1, -1, -1, -1, -1, -1, -1, -1, -1, -1, -1, -1, -1, -1, -1, -1, -1, -1, -1, -1, -1, -1, -1, -1, -1, -1, -1, -1, -1, -1, -1, -1, -1, -1, -1, -1, -1, -1, -1, -1, -1, -1, -1, -1, -1, -1, -1, -1, -1, -1, -1, -1, -1, -1, -1, -1, -1, -1, -1, -1, -1, -1, -1, -1, -1, -1, -1, -1, -1, -1, -1, -1, -1, -1, -1, -1, -1, -1, -1, -1, -1, -1, -1, -1, -1, -1, -1, -1, -1, -1, -1, -1, -1, -1, -1, -1, -1, -1, -1, -1, -1, -1, -1, -1, -1, -1, -1, -1, -1, -1, -1, -1, -1, -1, -1, -1, -1, -1, -1, -1, -1, -1, -1, -1, -1, -1, -1, -1, -1, -1, -1, -1, -1, -1, -1, -1, -1, -1, -1, -1, -1, -1, -1, -1, -1, -1, -1, -1, -1, -1, -1, -1, -1, -1, -1, -1, -1, -1, -1, -1, -1, -1, -1, -1, -1, -1, -1, -1, -1, -1, -1, -1, -1, -1, -1, -1, -1, -1, -1, -1, -1, -1, -1, -1, -1, -1, -1, -1, -1, -1, -1, -1, -1, -1, -1, -1, -1, -1, -1, -1, -1, -1, -1, -1, -1, -1, -1, -1, -1, -1, -1, -1, -1, -1, -1, -1, -1, -1]"
150,17,22,0.0,None,1,237,"[{'cluster_no': -1, 'count': 237}]","[-1, -1, -1, -1, -1, -1, -1, -1, -1, -1, -1, -1, -1, -1, -1, -1, -1, -1, -1, -1, -1, -1, -1, -1, -1, -1, -1, -1, -1, -1, -1, -1, -1, -1, -1, -1, -1, -1, -1, -1, -1, -1, -1, -1, -1, -1, -1, -1, -1, -1, -1, -1, -1, -1, -1, -1, -1, -1, -1, -1, -1, -1, -1, -1, -1, -1, -1, -1, -1, -1, -1, -1, -1, -1, -1, -1, -1, -1, -1, -1, -1, -1, -1, -1, -1, -1, -1, -1, -1, -1, -1, -1, -1, -1, -1, -1, -1, -1, -1, -1, -1, -1, -1, -1, -1, -1, -1, -1, -1, -1, -1, -1, -1, -1, -1, -1, -1, -1, -1, -1, -1, -1, -1, -1, -1, -1, -1, -1, -1, -1, -1, -1, -1, -1, -1, -1, -1, -1, -1, -1, -1, -1, -1, -1, -1, -1, -1, -1, -1, -1, -1, -1, -1, -1, -1, -1, -1, -1, -1, -1, -1, -1, -1, -1, -1, -1, -1, -1, -1, -1, -1, -1, -1, -1, -1, -1, -1, -1, -1, -1, -1, -1, -1, -1, -1, -1, -1, -1, -1, -1, -1, -1, -1, -1, -1, -1, -1, -1, -1, -1, -1, -1, -1, -1, -1, -1, -1, -1, -1, -1, -1, -1, -1, -1, -1, -1, -1, -1, -1, -1, -1, -1, -1, -1, -1, -1, -1, -1, -1, -1, -1, -1, -1, -1, -1, -1, -1]"
150,17,22,0.5,None,1,237,"[{'cluster_no': -1, 'count': 237}]","[-1, -1, -1, -1, -1, -1, -1, -1, -1, -1, -1, -1, -1, -1, -1, -1, -1, -1, -1, -1, -1, -1, -1, -1, -1, -1, -1, -1, -1, -1, -1, -1, -1, -1, -1, -1, -1, -1, -1, -1, -1, -1, -1, -1, -1, -1, -1, -1, -1, -1, -1, -1, -1, -1, -1, -1, -1, -1, -1, -1, -1, -1, -1, -1, -1, -1, -1, -1, -1, -1, -1, -1, -1, -1, -1, -1, -1, -1, -1, -1, -1, -1, -1, -1, -1, -1, -1, -1, -1, -1, -1, -1, -1, -1, -1, -1, -1, -1, -1, -1, -1, -1, -1, -1, -1, -1, -1, -1, -1, -1, -1, -1, -1, -1, -1, -1, -1, -1, -1, -1, -1, -1, -1, -1, -1, -1, -1, -1, -1, -1, -1, -1, -1, -1, -1, -1, -1, -1, -1, -1, -1, -1, -1, -1, -1, -1, -1, -1, -1, -1, -1, -1, -1, -1, -1, -1, -1, -1, -1, -1, -1, -1, -1, -1, -1, -1, -1, -1, -1, -1, -1, -1, -1, -1, -1, -1, -1, -1, -1, -1, -1, -1, -1, -1, -1, -1, -1, -1, -1, -1, -1, -1, -1, -1, -1, -1, -1, -1, -1, -1, -1, -1, -1, -1, -1, -1, -1, -1, -1, -1, -1, -1, -1, -1, -1, -1, -1, -1, -1, -1, -1, -1, -1, -1, -1, -1, -1, -1, -1, -1, -1, -1, -1, -1, -1, -1, -1]"
150,17,22,1.0,None,1,237,"[{'cluster_no': -1, 'count': 237}]","[-1, -1, -1, -1, -1, -1, -1, -1, -1, -1, -1, -1, -1, -1, -1, -1, -1, -1, -1, -1, -1, -1, -1, -1, -1, -1, -1, -1, -1, -1, -1, -1, -1, -1, -1, -1, -1, -1, -1, -1, -1, -1, -1, -1, -1, -1, -1, -1, -1, -1, -1, -1, -1, -1, -1, -1, -1, -1, -1, -1, -1, -1, -1, -1, -1, -1, -1, -1, -1, -1, -1, -1, -1, -1, -1, -1, -1, -1, -1, -1, -1, -1, -1, -1, -1, -1, -1, -1, -1, -1, -1, -1, -1, -1, -1, -1, -1, -1, -1, -1, -1, -1, -1, -1, -1, -1, -1, -1, -1, -1, -1, -1, -1, -1, -1, -1, -1, -1, -1, -1, -1, -1, -1, -1, -1, -1, -1, -1, -1, -1, -1, -1, -1, -1, -1, -1, -1, -1, -1, -1, -1, -1, -1, -1, -1, -1, -1, -1, -1, -1, -1, -1, -1, -1, -1, -1, -1, -1, -1, -1, -1, -1, -1, -1, -1, -1, -1, -1, -1, -1, -1, -1, -1, -1, -1, -1, -1, -1, -1, -1, -1, -1, -1, -1, -1, -1, -1, -1, -1, -1, -1, -1, -1, -1, -1, -1, -1, -1, -1, -1, -1, -1, -1, -1, -1, -1, -1, -1, -1, -1, -1, -1, -1, -1, -1, -1, -1, -1, -1, -1, -1, -1, -1, -1, -1, -1, -1, -1, -1, -1, -1, -1, -1, -1, -1, -1, -1]"
150,17,23,0.0,None,1,237,"[{'cluster_no': -1, 'count': 237}]","[-1, -1, -1, -1, -1, -1, -1, -1, -1, -1, -1, -1, -1, -1, -1, -1, -1, -1, -1, -1, -1, -1, -1, -1, -1, -1, -1, -1, -1, -1, -1, -1, -1, -1, -1, -1, -1, -1, -1, -1, -1, -1, -1, -1, -1, -1, -1, -1, -1, -1, -1, -1, -1, -1, -1, -1, -1, -1, -1, -1, -1, -1, -1, -1, -1, -1, -1, -1, -1, -1, -1, -1, -1, -1, -1, -1, -1, -1, -1, -1, -1, -1, -1, -1, -1, -1, -1, -1, -1, -1, -1, -1, -1, -1, -1, -1, -1, -1, -1, -1, -1, -1, -1, -1, -1, -1, -1, -1, -1, -1, -1, -1, -1, -1, -1, -1, -1, -1, -1, -1, -1, -1, -1, -1, -1, -1, -1, -1, -1, -1, -1, -1, -1, -1, -1, -1, -1, -1, -1, -1, -1, -1, -1, -1, -1, -1, -1, -1, -1, -1, -1, -1, -1, -1, -1, -1, -1, -1, -1, -1, -1, -1, -1, -1, -1, -1, -1, -1, -1, -1, -1, -1, -1, -1, -1, -1, -1, -1, -1, -1, -1, -1, -1, -1, -1, -1, -1, -1, -1, -1, -1, -1, -1, -1, -1, -1, -1, -1, -1, -1, -1, -1, -1, -1, -1, -1, -1, -1, -1, -1, -1, -1, -1, -1, -1, -1, -1, -1, -1, -1, -1, -1, -1, -1, -1, -1, -1, -1, -1, -1, -1, -1, -1, -1, -1, -1, -1]"
150,17,23,0.5,None,1,237,"[{'cluster_no': -1, 'count': 237}]","[-1, -1, -1, -1, -1, -1, -1, -1, -1, -1, -1, -1, -1, -1, -1, -1, -1, -1, -1, -1, -1, -1, -1, -1, -1, -1, -1, -1, -1, -1, -1, -1, -1, -1, -1, -1, -1, -1, -1, -1, -1, -1, -1, -1, -1, -1, -1, -1, -1, -1, -1, -1, -1, -1, -1, -1, -1, -1, -1, -1, -1, -1, -1, -1, -1, -1, -1, -1, -1, -1, -1, -1, -1, -1, -1, -1, -1, -1, -1, -1, -1, -1, -1, -1, -1, -1, -1, -1, -1, -1, -1, -1, -1, -1, -1, -1, -1, -1, -1, -1, -1, -1, -1, -1, -1, -1, -1, -1, -1, -1, -1, -1, -1, -1, -1, -1, -1, -1, -1, -1, -1, -1, -1, -1, -1, -1, -1, -1, -1, -1, -1, -1, -1, -1, -1, -1, -1, -1, -1, -1, -1, -1, -1, -1, -1, -1, -1, -1, -1, -1, -1, -1, -1, -1, -1, -1, -1, -1, -1, -1, -1, -1, -1, -1, -1, -1, -1, -1, -1, -1, -1, -1, -1, -1, -1, -1, -1, -1, -1, -1, -1, -1, -1, -1, -1, -1, -1, -1, -1, -1, -1, -1, -1, -1, -1, -1, -1, -1, -1, -1, -1, -1, -1, -1, -1, -1, -1, -1, -1, -1, -1, -1, -1, -1, -1, -1, -1, -1, -1, -1, -1, -1, -1, -1, -1, -1, -1, -1, -1, -1, -1, -1, -1, -1, -1, -1, -1]"
150,17,23,1.0,None,1,237,"[{'cluster_no': -1, 'count': 237}]","[-1, -1, -1, -1, -1, -1, -1, -1, -1, -1, -1, -1, -1, -1, -1, -1, -1, -1, -1, -1, -1, -1, -1, -1, -1, -1, -1, -1, -1, -1, -1, -1, -1, -1, -1, -1, -1, -1, -1, -1, -1, -1, -1, -1, -1, -1, -1, -1, -1, -1, -1, -1, -1, -1, -1, -1, -1, -1, -1, -1, -1, -1, -1, -1, -1, -1, -1, -1, -1, -1, -1, -1, -1, -1, -1, -1, -1, -1, -1, -1, -1, -1, -1, -1, -1, -1, -1, -1, -1, -1, -1, -1, -1, -1, -1, -1, -1, -1, -1, -1, -1, -1, -1, -1, -1, -1, -1, -1, -1, -1, -1, -1, -1, -1, -1, -1, -1, -1, -1, -1, -1, -1, -1, -1, -1, -1, -1, -1, -1, -1, -1, -1, -1, -1, -1, -1, -1, -1, -1, -1, -1, -1, -1, -1, -1, -1, -1, -1, -1, -1, -1, -1, -1, -1, -1, -1, -1, -1, -1, -1, -1, -1, -1, -1, -1, -1, -1, -1, -1, -1, -1, -1, -1, -1, -1, -1, -1, -1, -1, -1, -1, -1, -1, -1, -1, -1, -1, -1, -1, -1, -1, -1, -1, -1, -1, -1, -1, -1, -1, -1, -1, -1, -1, -1, -1, -1, -1, -1, -1, -1, -1, -1, -1, -1, -1, -1, -1, -1, -1, -1, -1, -1, -1, -1, -1, -1, -1, -1, -1, -1, -1, -1, -1, -1, -1, -1, -1]"
150,17,24,0.0,None,1,237,"[{'cluster_no': -1, 'count': 237}]","[-1, -1, -1, -1, -1, -1, -1, -1, -1, -1, -1, -1, -1, -1, -1, -1, -1, -1, -1, -1, -1, -1, -1, -1, -1, -1, -1, -1, -1, -1, -1, -1, -1, -1, -1, -1, -1, -1, -1, -1, -1, -1, -1, -1, -1, -1, -1, -1, -1, -1, -1, -1, -1, -1, -1, -1, -1, -1, -1, -1, -1, -1, -1, -1, -1, -1, -1, -1, -1, -1, -1, -1, -1, -1, -1, -1, -1, -1, -1, -1, -1, -1, -1, -1, -1, -1, -1, -1, -1, -1, -1, -1, -1, -1, -1, -1, -1, -1, -1, -1, -1, -1, -1, -1, -1, -1, -1, -1, -1, -1, -1, -1, -1, -1, -1, -1, -1, -1, -1, -1, -1, -1, -1, -1, -1, -1, -1, -1, -1, -1, -1, -1, -1, -1, -1, -1, -1, -1, -1, -1, -1, -1, -1, -1, -1, -1, -1, -1, -1, -1, -1, -1, -1, -1, -1, -1, -1, -1, -1, -1, -1, -1, -1, -1, -1, -1, -1, -1, -1, -1, -1, -1, -1, -1, -1, -1, -1, -1, -1, -1, -1, -1, -1, -1, -1, -1, -1, -1, -1, -1, -1, -1, -1, -1, -1, -1, -1, -1, -1, -1, -1, -1, -1, -1, -1, -1, -1, -1, -1, -1, -1, -1, -1, -1, -1, -1, -1, -1, -1, -1, -1, -1, -1, -1, -1, -1, -1, -1, -1, -1, -1, -1, -1, -1, -1, -1, -1]"
150,17,24,0.5,None,1,237,"[{'cluster_no': -1, 'count': 237}]","[-1, -1, -1, -1, -1, -1, -1, -1, -1, -1, -1, -1, -1, -1, -1, -1, -1, -1, -1, -1, -1, -1, -1, -1, -1, -1, -1, -1, -1, -1, -1, -1, -1, -1, -1, -1, -1, -1, -1, -1, -1, -1, -1, -1, -1, -1, -1, -1, -1, -1, -1, -1, -1, -1, -1, -1, -1, -1, -1, -1, -1, -1, -1, -1, -1, -1, -1, -1, -1, -1, -1, -1, -1, -1, -1, -1, -1, -1, -1, -1, -1, -1, -1, -1, -1, -1, -1, -1, -1, -1, -1, -1, -1, -1, -1, -1, -1, -1, -1, -1, -1, -1, -1, -1, -1, -1, -1, -1, -1, -1, -1, -1, -1, -1, -1, -1, -1, -1, -1, -1, -1, -1, -1, -1, -1, -1, -1, -1, -1, -1, -1, -1, -1, -1, -1, -1, -1, -1, -1, -1, -1, -1, -1, -1, -1, -1, -1, -1, -1, -1, -1, -1, -1, -1, -1, -1, -1, -1, -1, -1, -1, -1, -1, -1, -1, -1, -1, -1, -1, -1, -1, -1, -1, -1, -1, -1, -1, -1, -1, -1, -1, -1, -1, -1, -1, -1, -1, -1, -1, -1, -1, -1, -1, -1, -1, -1, -1, -1, -1, -1, -1, -1, -1, -1, -1, -1, -1, -1, -1, -1, -1, -1, -1, -1, -1, -1, -1, -1, -1, -1, -1, -1, -1, -1, -1, -1, -1, -1, -1, -1, -1, -1, -1, -1, -1, -1, -1]"
150,17,24,1.0,None,1,237,"[{'cluster_no': -1, 'count': 237}]","[-1, -1, -1, -1, -1, -1, -1, -1, -1, -1, -1, -1, -1, -1, -1, -1, -1, -1, -1, -1, -1, -1, -1, -1, -1, -1, -1, -1, -1, -1, -1, -1, -1, -1, -1, -1, -1, -1, -1, -1, -1, -1, -1, -1, -1, -1, -1, -1, -1, -1, -1, -1, -1, -1, -1, -1, -1, -1, -1, -1, -1, -1, -1, -1, -1, -1, -1, -1, -1, -1, -1, -1, -1, -1, -1, -1, -1, -1, -1, -1, -1, -1, -1, -1, -1, -1, -1, -1, -1, -1, -1, -1, -1, -1, -1, -1, -1, -1, -1, -1, -1, -1, -1, -1, -1, -1, -1, -1, -1, -1, -1, -1, -1, -1, -1, -1, -1, -1, -1, -1, -1, -1, -1, -1, -1, -1, -1, -1, -1, -1, -1, -1, -1, -1, -1, -1, -1, -1, -1, -1, -1, -1, -1, -1, -1, -1, -1, -1, -1, -1, -1, -1, -1, -1, -1, -1, -1, -1, -1, -1, -1, -1, -1, -1, -1, -1, -1, -1, -1, -1, -1, -1, -1, -1, -1, -1, -1, -1, -1, -1, -1, -1, -1, -1, -1, -1, -1, -1, -1, -1, -1, -1, -1, -1, -1, -1, -1, -1, -1, -1, -1, -1, -1, -1, -1, -1, -1, -1, -1, -1, -1, -1, -1, -1, -1, -1, -1, -1, -1, -1, -1, -1, -1, -1, -1, -1, -1, -1, -1, -1, -1, -1, -1, -1, -1, -1, -1]"
150,17,25,0.0,None,1,237,"[{'cluster_no': -1, 'count': 237}]","[-1, -1, -1, -1, -1, -1, -1, -1, -1, -1, -1, -1, -1, -1, -1, -1, -1, -1, -1, -1, -1, -1, -1, -1, -1, -1, -1, -1, -1, -1, -1, -1, -1, -1, -1, -1, -1, -1, -1, -1, -1, -1, -1, -1, -1, -1, -1, -1, -1, -1, -1, -1, -1, -1, -1, -1, -1, -1, -1, -1, -1, -1, -1, -1, -1, -1, -1, -1, -1, -1, -1, -1, -1, -1, -1, -1, -1, -1, -1, -1, -1, -1, -1, -1, -1, -1, -1, -1, -1, -1, -1, -1, -1, -1, -1, -1, -1, -1, -1, -1, -1, -1, -1, -1, -1, -1, -1, -1, -1, -1, -1, -1, -1, -1, -1, -1, -1, -1, -1, -1, -1, -1, -1, -1, -1, -1, -1, -1, -1, -1, -1, -1, -1, -1, -1, -1, -1, -1, -1, -1, -1, -1, -1, -1, -1, -1, -1, -1, -1, -1, -1, -1, -1, -1, -1, -1, -1, -1, -1, -1, -1, -1, -1, -1, -1, -1, -1, -1, -1, -1, -1, -1, -1, -1, -1, -1, -1, -1, -1, -1, -1, -1, -1, -1, -1, -1, -1, -1, -1, -1, -1, -1, -1, -1, -1, -1, -1, -1, -1, -1, -1, -1, -1, -1, -1, -1, -1, -1, -1, -1, -1, -1, -1, -1, -1, -1, -1, -1, -1, -1, -1, -1, -1, -1, -1, -1, -1, -1, -1, -1, -1, -1, -1, -1, -1, -1, -1]"
150,17,25,0.5,None,1,237,"[{'cluster_no': -1, 'count': 237}]","[-1, -1, -1, -1, -1, -1, -1, -1, -1, -1, -1, -1, -1, -1, -1, -1, -1, -1, -1, -1, -1, -1, -1, -1, -1, -1, -1, -1, -1, -1, -1, -1, -1, -1, -1, -1, -1, -1, -1, -1, -1, -1, -1, -1, -1, -1, -1, -1, -1, -1, -1, -1, -1, -1, -1, -1, -1, -1, -1, -1, -1, -1, -1, -1, -1, -1, -1, -1, -1, -1, -1, -1, -1, -1, -1, -1, -1, -1, -1, -1, -1, -1, -1, -1, -1, -1, -1, -1, -1, -1, -1, -1, -1, -1, -1, -1, -1, -1, -1, -1, -1, -1, -1, -1, -1, -1, -1, -1, -1, -1, -1, -1, -1, -1, -1, -1, -1, -1, -1, -1, -1, -1, -1, -1, -1, -1, -1, -1, -1, -1, -1, -1, -1, -1, -1, -1, -1, -1, -1, -1, -1, -1, -1, -1, -1, -1, -1, -1, -1, -1, -1, -1, -1, -1, -1, -1, -1, -1, -1, -1, -1, -1, -1, -1, -1, -1, -1, -1, -1, -1, -1, -1, -1, -1, -1, -1, -1, -1, -1, -1, -1, -1, -1, -1, -1, -1, -1, -1, -1, -1, -1, -1, -1, -1, -1, -1, -1, -1, -1, -1, -1, -1, -1, -1, -1, -1, -1, -1, -1, -1, -1, -1, -1, -1, -1, -1, -1, -1, -1, -1, -1, -1, -1, -1, -1, -1, -1, -1, -1, -1, -1, -1, -1, -1, -1, -1, -1]"
150,17,25,1.0,None,1,237,"[{'cluster_no': -1, 'count': 237}]","[-1, -1, -1, -1, -1, -1, -1, -1, -1, -1, -1, -1, -1, -1, -1, -1, -1, -1, -1, -1, -1, -1, -1, -1, -1, -1, -1, -1, -1, -1, -1, -1, -1, -1, -1, -1, -1, -1, -1, -1, -1, -1, -1, -1, -1, -1, -1, -1, -1, -1, -1, -1, -1, -1, -1, -1, -1, -1, -1, -1, -1, -1, -1, -1, -1, -1, -1, -1, -1, -1, -1, -1, -1, -1, -1, -1, -1, -1, -1, -1, -1, -1, -1, -1, -1, -1, -1, -1, -1, -1, -1, -1, -1, -1, -1, -1, -1, -1, -1, -1, -1, -1, -1, -1, -1, -1, -1, -1, -1, -1, -1, -1, -1, -1, -1, -1, -1, -1, -1, -1, -1, -1, -1, -1, -1, -1, -1, -1, -1, -1, -1, -1, -1, -1, -1, -1, -1, -1, -1, -1, -1, -1, -1, -1, -1, -1, -1, -1, -1, -1, -1, -1, -1, -1, -1, -1, -1, -1, -1, -1, -1, -1, -1, -1, -1, -1, -1, -1, -1, -1, -1, -1, -1, -1, -1, -1, -1, -1, -1, -1, -1, -1, -1, -1, -1, -1, -1, -1, -1, -1, -1, -1, -1, -1, -1, -1, -1, -1, -1, -1, -1, -1, -1, -1, -1, -1, -1, -1, -1, -1, -1, -1, -1, -1, -1, -1, -1, -1, -1, -1, -1, -1, -1, -1, -1, -1, -1, -1, -1, -1, -1, -1, -1, -1, -1, -1, -1]"
150,17,26,0.0,None,1,237,"[{'cluster_no': -1, 'count': 237}]","[-1, -1, -1, -1, -1, -1, -1, -1, -1, -1, -1, -1, -1, -1, -1, -1, -1, -1, -1, -1, -1, -1, -1, -1, -1, -1, -1, -1, -1, -1, -1, -1, -1, -1, -1, -1, -1, -1, -1, -1, -1, -1, -1, -1, -1, -1, -1, -1, -1, -1, -1, -1, -1, -1, -1, -1, -1, -1, -1, -1, -1, -1, -1, -1, -1, -1, -1, -1, -1, -1, -1, -1, -1, -1, -1, -1, -1, -1, -1, -1, -1, -1, -1, -1, -1, -1, -1, -1, -1, -1, -1, -1, -1, -1, -1, -1, -1, -1, -1, -1, -1, -1, -1, -1, -1, -1, -1, -1, -1, -1, -1, -1, -1, -1, -1, -1, -1, -1, -1, -1, -1, -1, -1, -1, -1, -1, -1, -1, -1, -1, -1, -1, -1, -1, -1, -1, -1, -1, -1, -1, -1, -1, -1, -1, -1, -1, -1, -1, -1, -1, -1, -1, -1, -1, -1, -1, -1, -1, -1, -1, -1, -1, -1, -1, -1, -1, -1, -1, -1, -1, -1, -1, -1, -1, -1, -1, -1, -1, -1, -1, -1, -1, -1, -1, -1, -1, -1, -1, -1, -1, -1, -1, -1, -1, -1, -1, -1, -1, -1, -1, -1, -1, -1, -1, -1, -1, -1, -1, -1, -1, -1, -1, -1, -1, -1, -1, -1, -1, -1, -1, -1, -1, -1, -1, -1, -1, -1, -1, -1, -1, -1, -1, -1, -1, -1, -1, -1]"
150,17,26,0.5,None,1,237,"[{'cluster_no': -1, 'count': 237}]","[-1, -1, -1, -1, -1, -1, -1, -1, -1, -1, -1, -1, -1, -1, -1, -1, -1, -1, -1, -1, -1, -1, -1, -1, -1, -1, -1, -1, -1, -1, -1, -1, -1, -1, -1, -1, -1, -1, -1, -1, -1, -1, -1, -1, -1, -1, -1, -1, -1, -1, -1, -1, -1, -1, -1, -1, -1, -1, -1, -1, -1, -1, -1, -1, -1, -1, -1, -1, -1, -1, -1, -1, -1, -1, -1, -1, -1, -1, -1, -1, -1, -1, -1, -1, -1, -1, -1, -1, -1, -1, -1, -1, -1, -1, -1, -1, -1, -1, -1, -1, -1, -1, -1, -1, -1, -1, -1, -1, -1, -1, -1, -1, -1, -1, -1, -1, -1, -1, -1, -1, -1, -1, -1, -1, -1, -1, -1, -1, -1, -1, -1, -1, -1, -1, -1, -1, -1, -1, -1, -1, -1, -1, -1, -1, -1, -1, -1, -1, -1, -1, -1, -1, -1, -1, -1, -1, -1, -1, -1, -1, -1, -1, -1, -1, -1, -1, -1, -1, -1, -1, -1, -1, -1, -1, -1, -1, -1, -1, -1, -1, -1, -1, -1, -1, -1, -1, -1, -1, -1, -1, -1, -1, -1, -1, -1, -1, -1, -1, -1, -1, -1, -1, -1, -1, -1, -1, -1, -1, -1, -1, -1, -1, -1, -1, -1, -1, -1, -1, -1, -1, -1, -1, -1, -1, -1, -1, -1, -1, -1, -1, -1, -1, -1, -1, -1, -1, -1]"
150,17,26,1.0,None,1,237,"[{'cluster_no': -1, 'count': 237}]","[-1, -1, -1, -1, -1, -1, -1, -1, -1, -1, -1, -1, -1, -1, -1, -1, -1, -1, -1, -1, -1, -1, -1, -1, -1, -1, -1, -1, -1, -1, -1, -1, -1, -1, -1, -1, -1, -1, -1, -1, -1, -1, -1, -1, -1, -1, -1, -1, -1, -1, -1, -1, -1, -1, -1, -1, -1, -1, -1, -1, -1, -1, -1, -1, -1, -1, -1, -1, -1, -1, -1, -1, -1, -1, -1, -1, -1, -1, -1, -1, -1, -1, -1, -1, -1, -1, -1, -1, -1, -1, -1, -1, -1, -1, -1, -1, -1, -1, -1, -1, -1, -1, -1, -1, -1, -1, -1, -1, -1, -1, -1, -1, -1, -1, -1, -1, -1, -1, -1, -1, -1, -1, -1, -1, -1, -1, -1, -1, -1, -1, -1, -1, -1, -1, -1, -1, -1, -1, -1, -1, -1, -1, -1, -1, -1, -1, -1, -1, -1, -1, -1, -1, -1, -1, -1, -1, -1, -1, -1, -1, -1, -1, -1, -1, -1, -1, -1, -1, -1, -1, -1, -1, -1, -1, -1, -1, -1, -1, -1, -1, -1, -1, -1, -1, -1, -1, -1, -1, -1, -1, -1, -1, -1, -1, -1, -1, -1, -1, -1, -1, -1, -1, -1, -1, -1, -1, -1, -1, -1, -1, -1, -1, -1, -1, -1, -1, -1, -1, -1, -1, -1, -1, -1, -1, -1, -1, -1, -1, -1, -1, -1, -1, -1, -1, -1, -1, -1]"
150,17,27,0.0,None,1,237,"[{'cluster_no': -1, 'count': 237}]","[-1, -1, -1, -1, -1, -1, -1, -1, -1, -1, -1, -1, -1, -1, -1, -1, -1, -1, -1, -1, -1, -1, -1, -1, -1, -1, -1, -1, -1, -1, -1, -1, -1, -1, -1, -1, -1, -1, -1, -1, -1, -1, -1, -1, -1, -1, -1, -1, -1, -1, -1, -1, -1, -1, -1, -1, -1, -1, -1, -1, -1, -1, -1, -1, -1, -1, -1, -1, -1, -1, -1, -1, -1, -1, -1, -1, -1, -1, -1, -1, -1, -1, -1, -1, -1, -1, -1, -1, -1, -1, -1, -1, -1, -1, -1, -1, -1, -1, -1, -1, -1, -1, -1, -1, -1, -1, -1, -1, -1, -1, -1, -1, -1, -1, -1, -1, -1, -1, -1, -1, -1, -1, -1, -1, -1, -1, -1, -1, -1, -1, -1, -1, -1, -1, -1, -1, -1, -1, -1, -1, -1, -1, -1, -1, -1, -1, -1, -1, -1, -1, -1, -1, -1, -1, -1, -1, -1, -1, -1, -1, -1, -1, -1, -1, -1, -1, -1, -1, -1, -1, -1, -1, -1, -1, -1, -1, -1, -1, -1, -1, -1, -1, -1, -1, -1, -1, -1, -1, -1, -1, -1, -1, -1, -1, -1, -1, -1, -1, -1, -1, -1, -1, -1, -1, -1, -1, -1, -1, -1, -1, -1, -1, -1, -1, -1, -1, -1, -1, -1, -1, -1, -1, -1, -1, -1, -1, -1, -1, -1, -1, -1, -1, -1, -1, -1, -1, -1]"
150,17,27,0.5,None,1,237,"[{'cluster_no': -1, 'count': 237}]","[-1, -1, -1, -1, -1, -1, -1, -1, -1, -1, -1, -1, -1, -1, -1, -1, -1, -1, -1, -1, -1, -1, -1, -1, -1, -1, -1, -1, -1, -1, -1, -1, -1, -1, -1, -1, -1, -1, -1, -1, -1, -1, -1, -1, -1, -1, -1, -1, -1, -1, -1, -1, -1, -1, -1, -1, -1, -1, -1, -1, -1, -1, -1, -1, -1, -1, -1, -1, -1, -1, -1, -1, -1, -1, -1, -1, -1, -1, -1, -1, -1, -1, -1, -1, -1, -1, -1, -1, -1, -1, -1, -1, -1, -1, -1, -1, -1, -1, -1, -1, -1, -1, -1, -1, -1, -1, -1, -1, -1, -1, -1, -1, -1, -1, -1, -1, -1, -1, -1, -1, -1, -1, -1, -1, -1, -1, -1, -1, -1, -1, -1, -1, -1, -1, -1, -1, -1, -1, -1, -1, -1, -1, -1, -1, -1, -1, -1, -1, -1, -1, -1, -1, -1, -1, -1, -1, -1, -1, -1, -1, -1, -1, -1, -1, -1, -1, -1, -1, -1, -1, -1, -1, -1, -1, -1, -1, -1, -1, -1, -1, -1, -1, -1, -1, -1, -1, -1, -1, -1, -1, -1, -1, -1, -1, -1, -1, -1, -1, -1, -1, -1, -1, -1, -1, -1, -1, -1, -1, -1, -1, -1, -1, -1, -1, -1, -1, -1, -1, -1, -1, -1, -1, -1, -1, -1, -1, -1, -1, -1, -1, -1, -1, -1, -1, -1, -1, -1]"
150,17,27,1.0,None,1,237,"[{'cluster_no': -1, 'count': 237}]","[-1, -1, -1, -1, -1, -1, -1, -1, -1, -1, -1, -1, -1, -1, -1, -1, -1, -1, -1, -1, -1, -1, -1, -1, -1, -1, -1, -1, -1, -1, -1, -1, -1, -1, -1, -1, -1, -1, -1, -1, -1, -1, -1, -1, -1, -1, -1, -1, -1, -1, -1, -1, -1, -1, -1, -1, -1, -1, -1, -1, -1, -1, -1, -1, -1, -1, -1, -1, -1, -1, -1, -1, -1, -1, -1, -1, -1, -1, -1, -1, -1, -1, -1, -1, -1, -1, -1, -1, -1, -1, -1, -1, -1, -1, -1, -1, -1, -1, -1, -1, -1, -1, -1, -1, -1, -1, -1, -1, -1, -1, -1, -1, -1, -1, -1, -1, -1, -1, -1, -1, -1, -1, -1, -1, -1, -1, -1, -1, -1, -1, -1, -1, -1, -1, -1, -1, -1, -1, -1, -1, -1, -1, -1, -1, -1, -1, -1, -1, -1, -1, -1, -1, -1, -1, -1, -1, -1, -1, -1, -1, -1, -1, -1, -1, -1, -1, -1, -1, -1, -1, -1, -1, -1, -1, -1, -1, -1, -1, -1, -1, -1, -1, -1, -1, -1, -1, -1, -1, -1, -1, -1, -1, -1, -1, -1, -1, -1, -1, -1, -1, -1, -1, -1, -1, -1, -1, -1, -1, -1, -1, -1, -1, -1, -1, -1, -1, -1, -1, -1, -1, -1, -1, -1, -1, -1, -1, -1, -1, -1, -1, -1, -1, -1, -1, -1, -1, -1]"
150,17,28,0.0,None,1,237,"[{'cluster_no': -1, 'count': 237}]","[-1, -1, -1, -1, -1, -1, -1, -1, -1, -1, -1, -1, -1, -1, -1, -1, -1, -1, -1, -1, -1, -1, -1, -1, -1, -1, -1, -1, -1, -1, -1, -1, -1, -1, -1, -1, -1, -1, -1, -1, -1, -1, -1, -1, -1, -1, -1, -1, -1, -1, -1, -1, -1, -1, -1, -1, -1, -1, -1, -1, -1, -1, -1, -1, -1, -1, -1, -1, -1, -1, -1, -1, -1, -1, -1, -1, -1, -1, -1, -1, -1, -1, -1, -1, -1, -1, -1, -1, -1, -1, -1, -1, -1, -1, -1, -1, -1, -1, -1, -1, -1, -1, -1, -1, -1, -1, -1, -1, -1, -1, -1, -1, -1, -1, -1, -1, -1, -1, -1, -1, -1, -1, -1, -1, -1, -1, -1, -1, -1, -1, -1, -1, -1, -1, -1, -1, -1, -1, -1, -1, -1, -1, -1, -1, -1, -1, -1, -1, -1, -1, -1, -1, -1, -1, -1, -1, -1, -1, -1, -1, -1, -1, -1, -1, -1, -1, -1, -1, -1, -1, -1, -1, -1, -1, -1, -1, -1, -1, -1, -1, -1, -1, -1, -1, -1, -1, -1, -1, -1, -1, -1, -1, -1, -1, -1, -1, -1, -1, -1, -1, -1, -1, -1, -1, -1, -1, -1, -1, -1, -1, -1, -1, -1, -1, -1, -1, -1, -1, -1, -1, -1, -1, -1, -1, -1, -1, -1, -1, -1, -1, -1, -1, -1, -1, -1, -1, -1]"
150,17,28,0.5,None,1,237,"[{'cluster_no': -1, 'count': 237}]","[-1, -1, -1, -1, -1, -1, -1, -1, -1, -1, -1, -1, -1, -1, -1, -1, -1, -1, -1, -1, -1, -1, -1, -1, -1, -1, -1, -1, -1, -1, -1, -1, -1, -1, -1, -1, -1, -1, -1, -1, -1, -1, -1, -1, -1, -1, -1, -1, -1, -1, -1, -1, -1, -1, -1, -1, -1, -1, -1, -1, -1, -1, -1, -1, -1, -1, -1, -1, -1, -1, -1, -1, -1, -1, -1, -1, -1, -1, -1, -1, -1, -1, -1, -1, -1, -1, -1, -1, -1, -1, -1, -1, -1, -1, -1, -1, -1, -1, -1, -1, -1, -1, -1, -1, -1, -1, -1, -1, -1, -1, -1, -1, -1, -1, -1, -1, -1, -1, -1, -1, -1, -1, -1, -1, -1, -1, -1, -1, -1, -1, -1, -1, -1, -1, -1, -1, -1, -1, -1, -1, -1, -1, -1, -1, -1, -1, -1, -1, -1, -1, -1, -1, -1, -1, -1, -1, -1, -1, -1, -1, -1, -1, -1, -1, -1, -1, -1, -1, -1, -1, -1, -1, -1, -1, -1, -1, -1, -1, -1, -1, -1, -1, -1, -1, -1, -1, -1, -1, -1, -1, -1, -1, -1, -1, -1, -1, -1, -1, -1, -1, -1, -1, -1, -1, -1, -1, -1, -1, -1, -1, -1, -1, -1, -1, -1, -1, -1, -1, -1, -1, -1, -1, -1, -1, -1, -1, -1, -1, -1, -1, -1, -1, -1, -1, -1, -1, -1]"
150,17,28,1.0,None,1,237,"[{'cluster_no': -1, 'count': 237}]","[-1, -1, -1, -1, -1, -1, -1, -1, -1, -1, -1, -1, -1, -1, -1, -1, -1, -1, -1, -1, -1, -1, -1, -1, -1, -1, -1, -1, -1, -1, -1, -1, -1, -1, -1, -1, -1, -1, -1, -1, -1, -1, -1, -1, -1, -1, -1, -1, -1, -1, -1, -1, -1, -1, -1, -1, -1, -1, -1, -1, -1, -1, -1, -1, -1, -1, -1, -1, -1, -1, -1, -1, -1, -1, -1, -1, -1, -1, -1, -1, -1, -1, -1, -1, -1, -1, -1, -1, -1, -1, -1, -1, -1, -1, -1, -1, -1, -1, -1, -1, -1, -1, -1, -1, -1, -1, -1, -1, -1, -1, -1, -1, -1, -1, -1, -1, -1, -1, -1, -1, -1, -1, -1, -1, -1, -1, -1, -1, -1, -1, -1, -1, -1, -1, -1, -1, -1, -1, -1, -1, -1, -1, -1, -1, -1, -1, -1, -1, -1, -1, -1, -1, -1, -1, -1, -1, -1, -1, -1, -1, -1, -1, -1, -1, -1, -1, -1, -1, -1, -1, -1, -1, -1, -1, -1, -1, -1, -1, -1, -1, -1, -1, -1, -1, -1, -1, -1, -1, -1, -1, -1, -1, -1, -1, -1, -1, -1, -1, -1, -1, -1, -1, -1, -1, -1, -1, -1, -1, -1, -1, -1, -1, -1, -1, -1, -1, -1, -1, -1, -1, -1, -1, -1, -1, -1, -1, -1, -1, -1, -1, -1, -1, -1, -1, -1, -1, -1]"
150,17,29,0.0,None,1,237,"[{'cluster_no': -1, 'count': 237}]","[-1, -1, -1, -1, -1, -1, -1, -1, -1, -1, -1, -1, -1, -1, -1, -1, -1, -1, -1, -1, -1, -1, -1, -1, -1, -1, -1, -1, -1, -1, -1, -1, -1, -1, -1, -1, -1, -1, -1, -1, -1, -1, -1, -1, -1, -1, -1, -1, -1, -1, -1, -1, -1, -1, -1, -1, -1, -1, -1, -1, -1, -1, -1, -1, -1, -1, -1, -1, -1, -1, -1, -1, -1, -1, -1, -1, -1, -1, -1, -1, -1, -1, -1, -1, -1, -1, -1, -1, -1, -1, -1, -1, -1, -1, -1, -1, -1, -1, -1, -1, -1, -1, -1, -1, -1, -1, -1, -1, -1, -1, -1, -1, -1, -1, -1, -1, -1, -1, -1, -1, -1, -1, -1, -1, -1, -1, -1, -1, -1, -1, -1, -1, -1, -1, -1, -1, -1, -1, -1, -1, -1, -1, -1, -1, -1, -1, -1, -1, -1, -1, -1, -1, -1, -1, -1, -1, -1, -1, -1, -1, -1, -1, -1, -1, -1, -1, -1, -1, -1, -1, -1, -1, -1, -1, -1, -1, -1, -1, -1, -1, -1, -1, -1, -1, -1, -1, -1, -1, -1, -1, -1, -1, -1, -1, -1, -1, -1, -1, -1, -1, -1, -1, -1, -1, -1, -1, -1, -1, -1, -1, -1, -1, -1, -1, -1, -1, -1, -1, -1, -1, -1, -1, -1, -1, -1, -1, -1, -1, -1, -1, -1, -1, -1, -1, -1, -1, -1]"
150,17,29,0.5,None,1,237,"[{'cluster_no': -1, 'count': 237}]","[-1, -1, -1, -1, -1, -1, -1, -1, -1, -1, -1, -1, -1, -1, -1, -1, -1, -1, -1, -1, -1, -1, -1, -1, -1, -1, -1, -1, -1, -1, -1, -1, -1, -1, -1, -1, -1, -1, -1, -1, -1, -1, -1, -1, -1, -1, -1, -1, -1, -1, -1, -1, -1, -1, -1, -1, -1, -1, -1, -1, -1, -1, -1, -1, -1, -1, -1, -1, -1, -1, -1, -1, -1, -1, -1, -1, -1, -1, -1, -1, -1, -1, -1, -1, -1, -1, -1, -1, -1, -1, -1, -1, -1, -1, -1, -1, -1, -1, -1, -1, -1, -1, -1, -1, -1, -1, -1, -1, -1, -1, -1, -1, -1, -1, -1, -1, -1, -1, -1, -1, -1, -1, -1, -1, -1, -1, -1, -1, -1, -1, -1, -1, -1, -1, -1, -1, -1, -1, -1, -1, -1, -1, -1, -1, -1, -1, -1, -1, -1, -1, -1, -1, -1, -1, -1, -1, -1, -1, -1, -1, -1, -1, -1, -1, -1, -1, -1, -1, -1, -1, -1, -1, -1, -1, -1, -1, -1, -1, -1, -1, -1, -1, -1, -1, -1, -1, -1, -1, -1, -1, -1, -1, -1, -1, -1, -1, -1, -1, -1, -1, -1, -1, -1, -1, -1, -1, -1, -1, -1, -1, -1, -1, -1, -1, -1, -1, -1, -1, -1, -1, -1, -1, -1, -1, -1, -1, -1, -1, -1, -1, -1, -1, -1, -1, -1, -1, -1]"
150,17,29,1.0,None,1,237,"[{'cluster_no': -1, 'count': 237}]","[-1, -1, -1, -1, -1, -1, -1, -1, -1, -1, -1, -1, -1, -1, -1, -1, -1, -1, -1, -1, -1, -1, -1, -1, -1, -1, -1, -1, -1, -1, -1, -1, -1, -1, -1, -1, -1, -1, -1, -1, -1, -1, -1, -1, -1, -1, -1, -1, -1, -1, -1, -1, -1, -1, -1, -1, -1, -1, -1, -1, -1, -1, -1, -1, -1, -1, -1, -1, -1, -1, -1, -1, -1, -1, -1, -1, -1, -1, -1, -1, -1, -1, -1, -1, -1, -1, -1, -1, -1, -1, -1, -1, -1, -1, -1, -1, -1, -1, -1, -1, -1, -1, -1, -1, -1, -1, -1, -1, -1, -1, -1, -1, -1, -1, -1, -1, -1, -1, -1, -1, -1, -1, -1, -1, -1, -1, -1, -1, -1, -1, -1, -1, -1, -1, -1, -1, -1, -1, -1, -1, -1, -1, -1, -1, -1, -1, -1, -1, -1, -1, -1, -1, -1, -1, -1, -1, -1, -1, -1, -1, -1, -1, -1, -1, -1, -1, -1, -1, -1, -1, -1, -1, -1, -1, -1, -1, -1, -1, -1, -1, -1, -1, -1, -1, -1, -1, -1, -1, -1, -1, -1, -1, -1, -1, -1, -1, -1, -1, -1, -1, -1, -1, -1, -1, -1, -1, -1, -1, -1, -1, -1, -1, -1, -1, -1, -1, -1, -1, -1, -1, -1, -1, -1, -1, -1, -1, -1, -1, -1, -1, -1, -1, -1, -1, -1, -1, -1]"
150,17,30,0.0,None,1,237,"[{'cluster_no': -1, 'count': 237}]","[-1, -1, -1, -1, -1, -1, -1, -1, -1, -1, -1, -1, -1, -1, -1, -1, -1, -1, -1, -1, -1, -1, -1, -1, -1, -1, -1, -1, -1, -1, -1, -1, -1, -1, -1, -1, -1, -1, -1, -1, -1, -1, -1, -1, -1, -1, -1, -1, -1, -1, -1, -1, -1, -1, -1, -1, -1, -1, -1, -1, -1, -1, -1, -1, -1, -1, -1, -1, -1, -1, -1, -1, -1, -1, -1, -1, -1, -1, -1, -1, -1, -1, -1, -1, -1, -1, -1, -1, -1, -1, -1, -1, -1, -1, -1, -1, -1, -1, -1, -1, -1, -1, -1, -1, -1, -1, -1, -1, -1, -1, -1, -1, -1, -1, -1, -1, -1, -1, -1, -1, -1, -1, -1, -1, -1, -1, -1, -1, -1, -1, -1, -1, -1, -1, -1, -1, -1, -1, -1, -1, -1, -1, -1, -1, -1, -1, -1, -1, -1, -1, -1, -1, -1, -1, -1, -1, -1, -1, -1, -1, -1, -1, -1, -1, -1, -1, -1, -1, -1, -1, -1, -1, -1, -1, -1, -1, -1, -1, -1, -1, -1, -1, -1, -1, -1, -1, -1, -1, -1, -1, -1, -1, -1, -1, -1, -1, -1, -1, -1, -1, -1, -1, -1, -1, -1, -1, -1, -1, -1, -1, -1, -1, -1, -1, -1, -1, -1, -1, -1, -1, -1, -1, -1, -1, -1, -1, -1, -1, -1, -1, -1, -1, -1, -1, -1, -1, -1]"
150,17,30,0.5,None,1,237,"[{'cluster_no': -1, 'count': 237}]","[-1, -1, -1, -1, -1, -1, -1, -1, -1, -1, -1, -1, -1, -1, -1, -1, -1, -1, -1, -1, -1, -1, -1, -1, -1, -1, -1, -1, -1, -1, -1, -1, -1, -1, -1, -1, -1, -1, -1, -1, -1, -1, -1, -1, -1, -1, -1, -1, -1, -1, -1, -1, -1, -1, -1, -1, -1, -1, -1, -1, -1, -1, -1, -1, -1, -1, -1, -1, -1, -1, -1, -1, -1, -1, -1, -1, -1, -1, -1, -1, -1, -1, -1, -1, -1, -1, -1, -1, -1, -1, -1, -1, -1, -1, -1, -1, -1, -1, -1, -1, -1, -1, -1, -1, -1, -1, -1, -1, -1, -1, -1, -1, -1, -1, -1, -1, -1, -1, -1, -1, -1, -1, -1, -1, -1, -1, -1, -1, -1, -1, -1, -1, -1, -1, -1, -1, -1, -1, -1, -1, -1, -1, -1, -1, -1, -1, -1, -1, -1, -1, -1, -1, -1, -1, -1, -1, -1, -1, -1, -1, -1, -1, -1, -1, -1, -1, -1, -1, -1, -1, -1, -1, -1, -1, -1, -1, -1, -1, -1, -1, -1, -1, -1, -1, -1, -1, -1, -1, -1, -1, -1, -1, -1, -1, -1, -1, -1, -1, -1, -1, -1, -1, -1, -1, -1, -1, -1, -1, -1, -1, -1, -1, -1, -1, -1, -1, -1, -1, -1, -1, -1, -1, -1, -1, -1, -1, -1, -1, -1, -1, -1, -1, -1, -1, -1, -1, -1]"
150,17,30,1.0,None,1,237,"[{'cluster_no': -1, 'count': 237}]","[-1, -1, -1, -1, -1, -1, -1, -1, -1, -1, -1, -1, -1, -1, -1, -1, -1, -1, -1, -1, -1, -1, -1, -1, -1, -1, -1, -1, -1, -1, -1, -1, -1, -1, -1, -1, -1, -1, -1, -1, -1, -1, -1, -1, -1, -1, -1, -1, -1, -1, -1, -1, -1, -1, -1, -1, -1, -1, -1, -1, -1, -1, -1, -1, -1, -1, -1, -1, -1, -1, -1, -1, -1, -1, -1, -1, -1, -1, -1, -1, -1, -1, -1, -1, -1, -1, -1, -1, -1, -1, -1, -1, -1, -1, -1, -1, -1, -1, -1, -1, -1, -1, -1, -1, -1, -1, -1, -1, -1, -1, -1, -1, -1, -1, -1, -1, -1, -1, -1, -1, -1, -1, -1, -1, -1, -1, -1, -1, -1, -1, -1, -1, -1, -1, -1, -1, -1, -1, -1, -1, -1, -1, -1, -1, -1, -1, -1, -1, -1, -1, -1, -1, -1, -1, -1, -1, -1, -1, -1, -1, -1, -1, -1, -1, -1, -1, -1, -1, -1, -1, -1, -1, -1, -1, -1, -1, -1, -1, -1, -1, -1, -1, -1, -1, -1, -1, -1, -1, -1, -1, -1, -1, -1, -1, -1, -1, -1, -1, -1, -1, -1, -1, -1, -1, -1, -1, -1, -1, -1, -1, -1, -1, -1, -1, -1, -1, -1, -1, -1, -1, -1, -1, -1, -1, -1, -1, -1, -1, -1, -1, -1, -1, -1, -1, -1, -1, -1]"
150,18,5,0.0,0.5676405303685499,5,203,"[{'cluster_no': -1, 'count': 203}, {'cluster_no': 0, 'count': 5}, {'cluster_no': 1, 'count': 6}, {'cluster_no': 2, 'count': 5}, {'cluster_no': 3, 'count': 18}]","[-1, 0, -1, -1, -1, -1, -1, -1, -1, -1, -1, -1, -1, -1, -1, -1, 0, -1, -1, -1, -1, -1, -1, -1, -1, -1, -1, -1, -1, 3, -1, -1, -1, -1, -1, -1, -1, -1, -1, -1, -1, -1, -1, -1, -1, 3, -1, -1, -1, -1, -1, -1, -1, -1, -1, -1, -1, 3, -1, -1, -1, -1, -1, -1, -1, -1, -1, -1, -1, -1, -1, -1, 0, -1, 1, -1, -1, -1, -1, -1, 3, -1, -1, -1, -1, -1, -1, -1, 3, -1, -1, -1, -1, -1, -1, -1, -1, -1, -1, -1, -1, -1, -1, -1, -1, -1, -1, -1, -1, -1, -1, -1, -1, -1, -1, -1, -1, -1, 1, -1, -1, -1, -1, -1, -1, 3, -1, -1, -1, -1, 1, -1, -1, -1, -1, -1, 3, -1, -1, -1, -1, -1, -1, -1, -1, -1, -1, -1, -1, 1, -1, -1, -1, -1, -1, -1, -1, -1, -1, 2, 3, -1, -1, -1, -1, 0, 3, 2, 3, -1, -1, 0, 3, -1, 3, -1, -1, -1, -1, -1, -1, 3, -1, -1, 3, -1, 3, -1, -1, -1, -1, -1, -1, -1, -1, -1, 1, -1, -1, 1, -1, -1, -1, -1, -1, -1, 3, 3, 2, 2, 2, 3, -1, -1, -1, -1, -1, -1, -1, -1, -1, -1, -1, -1, -1, -1, -1, -1, -1, -1, -1, -1, -1, -1, -1, -1, -1]"
150,18,5,0.5,0.47809540739034323,3,200,"[{'cluster_no': -1, 'count': 200}, {'cluster_no': 0, 'count': 32}, {'cluster_no': 1, 'count': 5}]","[-1, 1, -1, -1, -1, -1, -1, -1, -1, -1, -1, -1, -1, -1, -1, -1, 1, -1, -1, -1, -1, -1, -1, -1, -1, -1, -1, -1, -1, 0, -1, -1, -1, -1, -1, -1, -1, -1, -1, -1, -1, -1, -1, -1, -1, 0, -1, -1, -1, -1, -1, -1, -1, -1, -1, -1, -1, 0, -1, -1, -1, -1, -1, -1, -1, -1, -1, -1, -1, -1, -1, -1, 1, -1, 0, -1, -1, -1, -1, -1, 0, -1, -1, -1, -1, -1, -1, -1, 0, -1, -1, -1, -1, -1, -1, -1, -1, -1, -1, -1, -1, -1, -1, -1, -1, -1, -1, -1, -1, -1, -1, -1, -1, -1, -1, -1, -1, -1, 0, -1, -1, -1, -1, -1, -1, 0, -1, -1, -1, -1, 0, -1, -1, -1, -1, -1, 0, -1, -1, -1, -1, -1, -1, 0, -1, -1, -1, -1, -1, 0, -1, -1, -1, -1, -1, -1, -1, -1, -1, 0, 0, -1, -1, -1, -1, 1, 0, 0, 0, -1, -1, 1, 0, -1, 0, -1, -1, -1, -1, -1, -1, 0, -1, -1, 0, -1, 0, -1, -1, -1, -1, -1, -1, -1, 0, -1, 0, -1, -1, 0, -1, -1, -1, -1, -1, -1, 0, 0, 0, 0, 0, 0, -1, -1, -1, -1, -1, -1, 0, -1, -1, -1, -1, -1, -1, -1, -1, -1, -1, -1, -1, -1, -1, -1, -1, -1, -1]"
150,18,5,1.0,0.47809540739034323,3,200,"[{'cluster_no': -1, 'count': 200}, {'cluster_no': 0, 'count': 32}, {'cluster_no': 1, 'count': 5}]","[-1, 1, -1, -1, -1, -1, -1, -1, -1, -1, -1, -1, -1, -1, -1, -1, 1, -1, -1, -1, -1, -1, -1, -1, -1, -1, -1, -1, -1, 0, -1, -1, -1, -1, -1, -1, -1, -1, -1, -1, -1, -1, -1, -1, -1, 0, -1, -1, -1, -1, -1, -1, -1, -1, -1, -1, -1, 0, -1, -1, -1, -1, -1, -1, -1, -1, -1, -1, -1, -1, -1, -1, 1, -1, 0, -1, -1, -1, -1, -1, 0, -1, -1, -1, -1, -1, -1, -1, 0, -1, -1, -1, -1, -1, -1, -1, -1, -1, -1, -1, -1, -1, -1, -1, -1, -1, -1, -1, -1, -1, -1, -1, -1, -1, -1, -1, -1, -1, 0, -1, -1, -1, -1, -1, -1, 0, -1, -1, -1, -1, 0, -1, -1, -1, -1, -1, 0, -1, -1, -1, -1, -1, -1, 0, -1, -1, -1, -1, -1, 0, -1, -1, -1, -1, -1, -1, -1, -1, -1, 0, 0, -1, -1, -1, -1, 1, 0, 0, 0, -1, -1, 1, 0, -1, 0, -1, -1, -1, -1, -1, -1, 0, -1, -1, 0, -1, 0, -1, -1, -1, -1, -1, -1, -1, 0, -1, 0, -1, -1, 0, -1, -1, -1, -1, -1, -1, 0, 0, 0, 0, 0, 0, -1, -1, -1, -1, -1, -1, 0, -1, -1, -1, -1, -1, -1, -1, -1, -1, -1, -1, -1, -1, -1, -1, -1, -1, -1]"
150,18,6,0.0,0.6839089636023745,3,206,"[{'cluster_no': -1, 'count': 206}, {'cluster_no': 0, 'count': 6}, {'cluster_no': 1, 'count': 25}]","[-1, -1, -1, -1, -1, -1, -1, -1, -1, -1, -1, -1, -1, -1, -1, -1, -1, -1, -1, -1, -1, -1, -1, -1, -1, -1, -1, -1, -1, 1, -1, -1, -1, -1, -1, -1, -1, -1, -1, -1, -1, -1, -1, -1, -1, 1, -1, -1, -1, -1, -1, -1, -1, -1, -1, -1, -1, 1, -1, -1, -1, -1, -1, -1, -1, -1, -1, -1, -1, -1, -1, -1, -1, -1, 0, -1, -1, -1, -1, -1, 1, -1, -1, -1, -1, -1, -1, -1, 1, -1, -1, -1, -1, -1, -1, -1, -1, -1, -1, -1, -1, -1, -1, -1, -1, -1, -1, -1, -1, -1, -1, -1, -1, -1, -1, -1, -1, -1, 0, -1, -1, -1, -1, -1, -1, 1, -1, -1, -1, -1, 0, -1, -1, -1, -1, -1, 1, -1, -1, -1, -1, -1, -1, 1, -1, -1, -1, -1, -1, 0, -1, -1, -1, -1, -1, -1, -1, -1, -1, 1, 1, -1, -1, -1, -1, -1, 1, 1, 1, -1, -1, -1, 1, -1, 1, -1, -1, -1, -1, -1, -1, 1, -1, -1, 1, -1, 1, -1, -1, -1, -1, -1, -1, -1, -1, -1, 0, -1, -1, 0, -1, -1, -1, -1, -1, -1, 1, 1, 1, 1, 1, 1, -1, -1, -1, -1, -1, -1, 1, -1, -1, -1, -1, -1, -1, -1, -1, -1, -1, -1, -1, -1, -1, -1, -1, -1, -1]"
150,18,6,0.5,0.6839089636023745,3,206,"[{'cluster_no': -1, 'count': 206}, {'cluster_no': 0, 'count': 6}, {'cluster_no': 1, 'count': 25}]","[-1, -1, -1, -1, -1, -1, -1, -1, -1, -1, -1, -1, -1, -1, -1, -1, -1, -1, -1, -1, -1, -1, -1, -1, -1, -1, -1, -1, -1, 1, -1, -1, -1, -1, -1, -1, -1, -1, -1, -1, -1, -1, -1, -1, -1, 1, -1, -1, -1, -1, -1, -1, -1, -1, -1, -1, -1, 1, -1, -1, -1, -1, -1, -1, -1, -1, -1, -1, -1, -1, -1, -1, -1, -1, 0, -1, -1, -1, -1, -1, 1, -1, -1, -1, -1, -1, -1, -1, 1, -1, -1, -1, -1, -1, -1, -1, -1, -1, -1, -1, -1, -1, -1, -1, -1, -1, -1, -1, -1, -1, -1, -1, -1, -1, -1, -1, -1, -1, 0, -1, -1, -1, -1, -1, -1, 1, -1, -1, -1, -1, 0, -1, -1, -1, -1, -1, 1, -1, -1, -1, -1, -1, -1, 1, -1, -1, -1, -1, -1, 0, -1, -1, -1, -1, -1, -1, -1, -1, -1, 1, 1, -1, -1, -1, -1, -1, 1, 1, 1, -1, -1, -1, 1, -1, 1, -1, -1, -1, -1, -1, -1, 1, -1, -1, 1, -1, 1, -1, -1, -1, -1, -1, -1, -1, -1, -1, 0, -1, -1, 0, -1, -1, -1, -1, -1, -1, 1, 1, 1, 1, 1, 1, -1, -1, -1, -1, -1, -1, 1, -1, -1, -1, -1, -1, -1, -1, -1, -1, -1, -1, -1, -1, -1, -1, -1, -1, -1]"
150,18,6,1.0,0.6839089636023745,3,206,"[{'cluster_no': -1, 'count': 206}, {'cluster_no': 0, 'count': 6}, {'cluster_no': 1, 'count': 25}]","[-1, -1, -1, -1, -1, -1, -1, -1, -1, -1, -1, -1, -1, -1, -1, -1, -1, -1, -1, -1, -1, -1, -1, -1, -1, -1, -1, -1, -1, 1, -1, -1, -1, -1, -1, -1, -1, -1, -1, -1, -1, -1, -1, -1, -1, 1, -1, -1, -1, -1, -1, -1, -1, -1, -1, -1, -1, 1, -1, -1, -1, -1, -1, -1, -1, -1, -1, -1, -1, -1, -1, -1, -1, -1, 0, -1, -1, -1, -1, -1, 1, -1, -1, -1, -1, -1, -1, -1, 1, -1, -1, -1, -1, -1, -1, -1, -1, -1, -1, -1, -1, -1, -1, -1, -1, -1, -1, -1, -1, -1, -1, -1, -1, -1, -1, -1, -1, -1, 0, -1, -1, -1, -1, -1, -1, 1, -1, -1, -1, -1, 0, -1, -1, -1, -1, -1, 1, -1, -1, -1, -1, -1, -1, 1, -1, -1, -1, -1, -1, 0, -1, -1, -1, -1, -1, -1, -1, -1, -1, 1, 1, -1, -1, -1, -1, -1, 1, 1, 1, -1, -1, -1, 1, -1, 1, -1, -1, -1, -1, -1, -1, 1, -1, -1, 1, -1, 1, -1, -1, -1, -1, -1, -1, -1, -1, -1, 0, -1, -1, 0, -1, -1, -1, -1, -1, -1, 1, 1, 1, 1, 1, 1, -1, -1, -1, -1, -1, -1, 1, -1, -1, -1, -1, -1, -1, -1, -1, -1, -1, -1, -1, -1, -1, -1, -1, -1, -1]"
150,18,7,0.0,None,1,237,"[{'cluster_no': -1, 'count': 237}]","[-1, -1, -1, -1, -1, -1, -1, -1, -1, -1, -1, -1, -1, -1, -1, -1, -1, -1, -1, -1, -1, -1, -1, -1, -1, -1, -1, -1, -1, -1, -1, -1, -1, -1, -1, -1, -1, -1, -1, -1, -1, -1, -1, -1, -1, -1, -1, -1, -1, -1, -1, -1, -1, -1, -1, -1, -1, -1, -1, -1, -1, -1, -1, -1, -1, -1, -1, -1, -1, -1, -1, -1, -1, -1, -1, -1, -1, -1, -1, -1, -1, -1, -1, -1, -1, -1, -1, -1, -1, -1, -1, -1, -1, -1, -1, -1, -1, -1, -1, -1, -1, -1, -1, -1, -1, -1, -1, -1, -1, -1, -1, -1, -1, -1, -1, -1, -1, -1, -1, -1, -1, -1, -1, -1, -1, -1, -1, -1, -1, -1, -1, -1, -1, -1, -1, -1, -1, -1, -1, -1, -1, -1, -1, -1, -1, -1, -1, -1, -1, -1, -1, -1, -1, -1, -1, -1, -1, -1, -1, -1, -1, -1, -1, -1, -1, -1, -1, -1, -1, -1, -1, -1, -1, -1, -1, -1, -1, -1, -1, -1, -1, -1, -1, -1, -1, -1, -1, -1, -1, -1, -1, -1, -1, -1, -1, -1, -1, -1, -1, -1, -1, -1, -1, -1, -1, -1, -1, -1, -1, -1, -1, -1, -1, -1, -1, -1, -1, -1, -1, -1, -1, -1, -1, -1, -1, -1, -1, -1, -1, -1, -1, -1, -1, -1, -1, -1, -1]"
150,18,7,0.5,None,1,237,"[{'cluster_no': -1, 'count': 237}]","[-1, -1, -1, -1, -1, -1, -1, -1, -1, -1, -1, -1, -1, -1, -1, -1, -1, -1, -1, -1, -1, -1, -1, -1, -1, -1, -1, -1, -1, -1, -1, -1, -1, -1, -1, -1, -1, -1, -1, -1, -1, -1, -1, -1, -1, -1, -1, -1, -1, -1, -1, -1, -1, -1, -1, -1, -1, -1, -1, -1, -1, -1, -1, -1, -1, -1, -1, -1, -1, -1, -1, -1, -1, -1, -1, -1, -1, -1, -1, -1, -1, -1, -1, -1, -1, -1, -1, -1, -1, -1, -1, -1, -1, -1, -1, -1, -1, -1, -1, -1, -1, -1, -1, -1, -1, -1, -1, -1, -1, -1, -1, -1, -1, -1, -1, -1, -1, -1, -1, -1, -1, -1, -1, -1, -1, -1, -1, -1, -1, -1, -1, -1, -1, -1, -1, -1, -1, -1, -1, -1, -1, -1, -1, -1, -1, -1, -1, -1, -1, -1, -1, -1, -1, -1, -1, -1, -1, -1, -1, -1, -1, -1, -1, -1, -1, -1, -1, -1, -1, -1, -1, -1, -1, -1, -1, -1, -1, -1, -1, -1, -1, -1, -1, -1, -1, -1, -1, -1, -1, -1, -1, -1, -1, -1, -1, -1, -1, -1, -1, -1, -1, -1, -1, -1, -1, -1, -1, -1, -1, -1, -1, -1, -1, -1, -1, -1, -1, -1, -1, -1, -1, -1, -1, -1, -1, -1, -1, -1, -1, -1, -1, -1, -1, -1, -1, -1, -1]"
150,18,7,1.0,None,1,237,"[{'cluster_no': -1, 'count': 237}]","[-1, -1, -1, -1, -1, -1, -1, -1, -1, -1, -1, -1, -1, -1, -1, -1, -1, -1, -1, -1, -1, -1, -1, -1, -1, -1, -1, -1, -1, -1, -1, -1, -1, -1, -1, -1, -1, -1, -1, -1, -1, -1, -1, -1, -1, -1, -1, -1, -1, -1, -1, -1, -1, -1, -1, -1, -1, -1, -1, -1, -1, -1, -1, -1, -1, -1, -1, -1, -1, -1, -1, -1, -1, -1, -1, -1, -1, -1, -1, -1, -1, -1, -1, -1, -1, -1, -1, -1, -1, -1, -1, -1, -1, -1, -1, -1, -1, -1, -1, -1, -1, -1, -1, -1, -1, -1, -1, -1, -1, -1, -1, -1, -1, -1, -1, -1, -1, -1, -1, -1, -1, -1, -1, -1, -1, -1, -1, -1, -1, -1, -1, -1, -1, -1, -1, -1, -1, -1, -1, -1, -1, -1, -1, -1, -1, -1, -1, -1, -1, -1, -1, -1, -1, -1, -1, -1, -1, -1, -1, -1, -1, -1, -1, -1, -1, -1, -1, -1, -1, -1, -1, -1, -1, -1, -1, -1, -1, -1, -1, -1, -1, -1, -1, -1, -1, -1, -1, -1, -1, -1, -1, -1, -1, -1, -1, -1, -1, -1, -1, -1, -1, -1, -1, -1, -1, -1, -1, -1, -1, -1, -1, -1, -1, -1, -1, -1, -1, -1, -1, -1, -1, -1, -1, -1, -1, -1, -1, -1, -1, -1, -1, -1, -1, -1, -1, -1, -1]"
150,18,8,0.0,None,1,237,"[{'cluster_no': -1, 'count': 237}]","[-1, -1, -1, -1, -1, -1, -1, -1, -1, -1, -1, -1, -1, -1, -1, -1, -1, -1, -1, -1, -1, -1, -1, -1, -1, -1, -1, -1, -1, -1, -1, -1, -1, -1, -1, -1, -1, -1, -1, -1, -1, -1, -1, -1, -1, -1, -1, -1, -1, -1, -1, -1, -1, -1, -1, -1, -1, -1, -1, -1, -1, -1, -1, -1, -1, -1, -1, -1, -1, -1, -1, -1, -1, -1, -1, -1, -1, -1, -1, -1, -1, -1, -1, -1, -1, -1, -1, -1, -1, -1, -1, -1, -1, -1, -1, -1, -1, -1, -1, -1, -1, -1, -1, -1, -1, -1, -1, -1, -1, -1, -1, -1, -1, -1, -1, -1, -1, -1, -1, -1, -1, -1, -1, -1, -1, -1, -1, -1, -1, -1, -1, -1, -1, -1, -1, -1, -1, -1, -1, -1, -1, -1, -1, -1, -1, -1, -1, -1, -1, -1, -1, -1, -1, -1, -1, -1, -1, -1, -1, -1, -1, -1, -1, -1, -1, -1, -1, -1, -1, -1, -1, -1, -1, -1, -1, -1, -1, -1, -1, -1, -1, -1, -1, -1, -1, -1, -1, -1, -1, -1, -1, -1, -1, -1, -1, -1, -1, -1, -1, -1, -1, -1, -1, -1, -1, -1, -1, -1, -1, -1, -1, -1, -1, -1, -1, -1, -1, -1, -1, -1, -1, -1, -1, -1, -1, -1, -1, -1, -1, -1, -1, -1, -1, -1, -1, -1, -1]"
150,18,8,0.5,None,1,237,"[{'cluster_no': -1, 'count': 237}]","[-1, -1, -1, -1, -1, -1, -1, -1, -1, -1, -1, -1, -1, -1, -1, -1, -1, -1, -1, -1, -1, -1, -1, -1, -1, -1, -1, -1, -1, -1, -1, -1, -1, -1, -1, -1, -1, -1, -1, -1, -1, -1, -1, -1, -1, -1, -1, -1, -1, -1, -1, -1, -1, -1, -1, -1, -1, -1, -1, -1, -1, -1, -1, -1, -1, -1, -1, -1, -1, -1, -1, -1, -1, -1, -1, -1, -1, -1, -1, -1, -1, -1, -1, -1, -1, -1, -1, -1, -1, -1, -1, -1, -1, -1, -1, -1, -1, -1, -1, -1, -1, -1, -1, -1, -1, -1, -1, -1, -1, -1, -1, -1, -1, -1, -1, -1, -1, -1, -1, -1, -1, -1, -1, -1, -1, -1, -1, -1, -1, -1, -1, -1, -1, -1, -1, -1, -1, -1, -1, -1, -1, -1, -1, -1, -1, -1, -1, -1, -1, -1, -1, -1, -1, -1, -1, -1, -1, -1, -1, -1, -1, -1, -1, -1, -1, -1, -1, -1, -1, -1, -1, -1, -1, -1, -1, -1, -1, -1, -1, -1, -1, -1, -1, -1, -1, -1, -1, -1, -1, -1, -1, -1, -1, -1, -1, -1, -1, -1, -1, -1, -1, -1, -1, -1, -1, -1, -1, -1, -1, -1, -1, -1, -1, -1, -1, -1, -1, -1, -1, -1, -1, -1, -1, -1, -1, -1, -1, -1, -1, -1, -1, -1, -1, -1, -1, -1, -1]"
150,18,8,1.0,None,1,237,"[{'cluster_no': -1, 'count': 237}]","[-1, -1, -1, -1, -1, -1, -1, -1, -1, -1, -1, -1, -1, -1, -1, -1, -1, -1, -1, -1, -1, -1, -1, -1, -1, -1, -1, -1, -1, -1, -1, -1, -1, -1, -1, -1, -1, -1, -1, -1, -1, -1, -1, -1, -1, -1, -1, -1, -1, -1, -1, -1, -1, -1, -1, -1, -1, -1, -1, -1, -1, -1, -1, -1, -1, -1, -1, -1, -1, -1, -1, -1, -1, -1, -1, -1, -1, -1, -1, -1, -1, -1, -1, -1, -1, -1, -1, -1, -1, -1, -1, -1, -1, -1, -1, -1, -1, -1, -1, -1, -1, -1, -1, -1, -1, -1, -1, -1, -1, -1, -1, -1, -1, -1, -1, -1, -1, -1, -1, -1, -1, -1, -1, -1, -1, -1, -1, -1, -1, -1, -1, -1, -1, -1, -1, -1, -1, -1, -1, -1, -1, -1, -1, -1, -1, -1, -1, -1, -1, -1, -1, -1, -1, -1, -1, -1, -1, -1, -1, -1, -1, -1, -1, -1, -1, -1, -1, -1, -1, -1, -1, -1, -1, -1, -1, -1, -1, -1, -1, -1, -1, -1, -1, -1, -1, -1, -1, -1, -1, -1, -1, -1, -1, -1, -1, -1, -1, -1, -1, -1, -1, -1, -1, -1, -1, -1, -1, -1, -1, -1, -1, -1, -1, -1, -1, -1, -1, -1, -1, -1, -1, -1, -1, -1, -1, -1, -1, -1, -1, -1, -1, -1, -1, -1, -1, -1, -1]"
150,18,9,0.0,None,1,237,"[{'cluster_no': -1, 'count': 237}]","[-1, -1, -1, -1, -1, -1, -1, -1, -1, -1, -1, -1, -1, -1, -1, -1, -1, -1, -1, -1, -1, -1, -1, -1, -1, -1, -1, -1, -1, -1, -1, -1, -1, -1, -1, -1, -1, -1, -1, -1, -1, -1, -1, -1, -1, -1, -1, -1, -1, -1, -1, -1, -1, -1, -1, -1, -1, -1, -1, -1, -1, -1, -1, -1, -1, -1, -1, -1, -1, -1, -1, -1, -1, -1, -1, -1, -1, -1, -1, -1, -1, -1, -1, -1, -1, -1, -1, -1, -1, -1, -1, -1, -1, -1, -1, -1, -1, -1, -1, -1, -1, -1, -1, -1, -1, -1, -1, -1, -1, -1, -1, -1, -1, -1, -1, -1, -1, -1, -1, -1, -1, -1, -1, -1, -1, -1, -1, -1, -1, -1, -1, -1, -1, -1, -1, -1, -1, -1, -1, -1, -1, -1, -1, -1, -1, -1, -1, -1, -1, -1, -1, -1, -1, -1, -1, -1, -1, -1, -1, -1, -1, -1, -1, -1, -1, -1, -1, -1, -1, -1, -1, -1, -1, -1, -1, -1, -1, -1, -1, -1, -1, -1, -1, -1, -1, -1, -1, -1, -1, -1, -1, -1, -1, -1, -1, -1, -1, -1, -1, -1, -1, -1, -1, -1, -1, -1, -1, -1, -1, -1, -1, -1, -1, -1, -1, -1, -1, -1, -1, -1, -1, -1, -1, -1, -1, -1, -1, -1, -1, -1, -1, -1, -1, -1, -1, -1, -1]"
150,18,9,0.5,None,1,237,"[{'cluster_no': -1, 'count': 237}]","[-1, -1, -1, -1, -1, -1, -1, -1, -1, -1, -1, -1, -1, -1, -1, -1, -1, -1, -1, -1, -1, -1, -1, -1, -1, -1, -1, -1, -1, -1, -1, -1, -1, -1, -1, -1, -1, -1, -1, -1, -1, -1, -1, -1, -1, -1, -1, -1, -1, -1, -1, -1, -1, -1, -1, -1, -1, -1, -1, -1, -1, -1, -1, -1, -1, -1, -1, -1, -1, -1, -1, -1, -1, -1, -1, -1, -1, -1, -1, -1, -1, -1, -1, -1, -1, -1, -1, -1, -1, -1, -1, -1, -1, -1, -1, -1, -1, -1, -1, -1, -1, -1, -1, -1, -1, -1, -1, -1, -1, -1, -1, -1, -1, -1, -1, -1, -1, -1, -1, -1, -1, -1, -1, -1, -1, -1, -1, -1, -1, -1, -1, -1, -1, -1, -1, -1, -1, -1, -1, -1, -1, -1, -1, -1, -1, -1, -1, -1, -1, -1, -1, -1, -1, -1, -1, -1, -1, -1, -1, -1, -1, -1, -1, -1, -1, -1, -1, -1, -1, -1, -1, -1, -1, -1, -1, -1, -1, -1, -1, -1, -1, -1, -1, -1, -1, -1, -1, -1, -1, -1, -1, -1, -1, -1, -1, -1, -1, -1, -1, -1, -1, -1, -1, -1, -1, -1, -1, -1, -1, -1, -1, -1, -1, -1, -1, -1, -1, -1, -1, -1, -1, -1, -1, -1, -1, -1, -1, -1, -1, -1, -1, -1, -1, -1, -1, -1, -1]"
150,18,9,1.0,None,1,237,"[{'cluster_no': -1, 'count': 237}]","[-1, -1, -1, -1, -1, -1, -1, -1, -1, -1, -1, -1, -1, -1, -1, -1, -1, -1, -1, -1, -1, -1, -1, -1, -1, -1, -1, -1, -1, -1, -1, -1, -1, -1, -1, -1, -1, -1, -1, -1, -1, -1, -1, -1, -1, -1, -1, -1, -1, -1, -1, -1, -1, -1, -1, -1, -1, -1, -1, -1, -1, -1, -1, -1, -1, -1, -1, -1, -1, -1, -1, -1, -1, -1, -1, -1, -1, -1, -1, -1, -1, -1, -1, -1, -1, -1, -1, -1, -1, -1, -1, -1, -1, -1, -1, -1, -1, -1, -1, -1, -1, -1, -1, -1, -1, -1, -1, -1, -1, -1, -1, -1, -1, -1, -1, -1, -1, -1, -1, -1, -1, -1, -1, -1, -1, -1, -1, -1, -1, -1, -1, -1, -1, -1, -1, -1, -1, -1, -1, -1, -1, -1, -1, -1, -1, -1, -1, -1, -1, -1, -1, -1, -1, -1, -1, -1, -1, -1, -1, -1, -1, -1, -1, -1, -1, -1, -1, -1, -1, -1, -1, -1, -1, -1, -1, -1, -1, -1, -1, -1, -1, -1, -1, -1, -1, -1, -1, -1, -1, -1, -1, -1, -1, -1, -1, -1, -1, -1, -1, -1, -1, -1, -1, -1, -1, -1, -1, -1, -1, -1, -1, -1, -1, -1, -1, -1, -1, -1, -1, -1, -1, -1, -1, -1, -1, -1, -1, -1, -1, -1, -1, -1, -1, -1, -1, -1, -1]"
150,18,10,0.0,None,1,237,"[{'cluster_no': -1, 'count': 237}]","[-1, -1, -1, -1, -1, -1, -1, -1, -1, -1, -1, -1, -1, -1, -1, -1, -1, -1, -1, -1, -1, -1, -1, -1, -1, -1, -1, -1, -1, -1, -1, -1, -1, -1, -1, -1, -1, -1, -1, -1, -1, -1, -1, -1, -1, -1, -1, -1, -1, -1, -1, -1, -1, -1, -1, -1, -1, -1, -1, -1, -1, -1, -1, -1, -1, -1, -1, -1, -1, -1, -1, -1, -1, -1, -1, -1, -1, -1, -1, -1, -1, -1, -1, -1, -1, -1, -1, -1, -1, -1, -1, -1, -1, -1, -1, -1, -1, -1, -1, -1, -1, -1, -1, -1, -1, -1, -1, -1, -1, -1, -1, -1, -1, -1, -1, -1, -1, -1, -1, -1, -1, -1, -1, -1, -1, -1, -1, -1, -1, -1, -1, -1, -1, -1, -1, -1, -1, -1, -1, -1, -1, -1, -1, -1, -1, -1, -1, -1, -1, -1, -1, -1, -1, -1, -1, -1, -1, -1, -1, -1, -1, -1, -1, -1, -1, -1, -1, -1, -1, -1, -1, -1, -1, -1, -1, -1, -1, -1, -1, -1, -1, -1, -1, -1, -1, -1, -1, -1, -1, -1, -1, -1, -1, -1, -1, -1, -1, -1, -1, -1, -1, -1, -1, -1, -1, -1, -1, -1, -1, -1, -1, -1, -1, -1, -1, -1, -1, -1, -1, -1, -1, -1, -1, -1, -1, -1, -1, -1, -1, -1, -1, -1, -1, -1, -1, -1, -1]"
150,18,10,0.5,None,1,237,"[{'cluster_no': -1, 'count': 237}]","[-1, -1, -1, -1, -1, -1, -1, -1, -1, -1, -1, -1, -1, -1, -1, -1, -1, -1, -1, -1, -1, -1, -1, -1, -1, -1, -1, -1, -1, -1, -1, -1, -1, -1, -1, -1, -1, -1, -1, -1, -1, -1, -1, -1, -1, -1, -1, -1, -1, -1, -1, -1, -1, -1, -1, -1, -1, -1, -1, -1, -1, -1, -1, -1, -1, -1, -1, -1, -1, -1, -1, -1, -1, -1, -1, -1, -1, -1, -1, -1, -1, -1, -1, -1, -1, -1, -1, -1, -1, -1, -1, -1, -1, -1, -1, -1, -1, -1, -1, -1, -1, -1, -1, -1, -1, -1, -1, -1, -1, -1, -1, -1, -1, -1, -1, -1, -1, -1, -1, -1, -1, -1, -1, -1, -1, -1, -1, -1, -1, -1, -1, -1, -1, -1, -1, -1, -1, -1, -1, -1, -1, -1, -1, -1, -1, -1, -1, -1, -1, -1, -1, -1, -1, -1, -1, -1, -1, -1, -1, -1, -1, -1, -1, -1, -1, -1, -1, -1, -1, -1, -1, -1, -1, -1, -1, -1, -1, -1, -1, -1, -1, -1, -1, -1, -1, -1, -1, -1, -1, -1, -1, -1, -1, -1, -1, -1, -1, -1, -1, -1, -1, -1, -1, -1, -1, -1, -1, -1, -1, -1, -1, -1, -1, -1, -1, -1, -1, -1, -1, -1, -1, -1, -1, -1, -1, -1, -1, -1, -1, -1, -1, -1, -1, -1, -1, -1, -1]"
150,18,10,1.0,None,1,237,"[{'cluster_no': -1, 'count': 237}]","[-1, -1, -1, -1, -1, -1, -1, -1, -1, -1, -1, -1, -1, -1, -1, -1, -1, -1, -1, -1, -1, -1, -1, -1, -1, -1, -1, -1, -1, -1, -1, -1, -1, -1, -1, -1, -1, -1, -1, -1, -1, -1, -1, -1, -1, -1, -1, -1, -1, -1, -1, -1, -1, -1, -1, -1, -1, -1, -1, -1, -1, -1, -1, -1, -1, -1, -1, -1, -1, -1, -1, -1, -1, -1, -1, -1, -1, -1, -1, -1, -1, -1, -1, -1, -1, -1, -1, -1, -1, -1, -1, -1, -1, -1, -1, -1, -1, -1, -1, -1, -1, -1, -1, -1, -1, -1, -1, -1, -1, -1, -1, -1, -1, -1, -1, -1, -1, -1, -1, -1, -1, -1, -1, -1, -1, -1, -1, -1, -1, -1, -1, -1, -1, -1, -1, -1, -1, -1, -1, -1, -1, -1, -1, -1, -1, -1, -1, -1, -1, -1, -1, -1, -1, -1, -1, -1, -1, -1, -1, -1, -1, -1, -1, -1, -1, -1, -1, -1, -1, -1, -1, -1, -1, -1, -1, -1, -1, -1, -1, -1, -1, -1, -1, -1, -1, -1, -1, -1, -1, -1, -1, -1, -1, -1, -1, -1, -1, -1, -1, -1, -1, -1, -1, -1, -1, -1, -1, -1, -1, -1, -1, -1, -1, -1, -1, -1, -1, -1, -1, -1, -1, -1, -1, -1, -1, -1, -1, -1, -1, -1, -1, -1, -1, -1, -1, -1, -1]"
150,18,11,0.0,None,1,237,"[{'cluster_no': -1, 'count': 237}]","[-1, -1, -1, -1, -1, -1, -1, -1, -1, -1, -1, -1, -1, -1, -1, -1, -1, -1, -1, -1, -1, -1, -1, -1, -1, -1, -1, -1, -1, -1, -1, -1, -1, -1, -1, -1, -1, -1, -1, -1, -1, -1, -1, -1, -1, -1, -1, -1, -1, -1, -1, -1, -1, -1, -1, -1, -1, -1, -1, -1, -1, -1, -1, -1, -1, -1, -1, -1, -1, -1, -1, -1, -1, -1, -1, -1, -1, -1, -1, -1, -1, -1, -1, -1, -1, -1, -1, -1, -1, -1, -1, -1, -1, -1, -1, -1, -1, -1, -1, -1, -1, -1, -1, -1, -1, -1, -1, -1, -1, -1, -1, -1, -1, -1, -1, -1, -1, -1, -1, -1, -1, -1, -1, -1, -1, -1, -1, -1, -1, -1, -1, -1, -1, -1, -1, -1, -1, -1, -1, -1, -1, -1, -1, -1, -1, -1, -1, -1, -1, -1, -1, -1, -1, -1, -1, -1, -1, -1, -1, -1, -1, -1, -1, -1, -1, -1, -1, -1, -1, -1, -1, -1, -1, -1, -1, -1, -1, -1, -1, -1, -1, -1, -1, -1, -1, -1, -1, -1, -1, -1, -1, -1, -1, -1, -1, -1, -1, -1, -1, -1, -1, -1, -1, -1, -1, -1, -1, -1, -1, -1, -1, -1, -1, -1, -1, -1, -1, -1, -1, -1, -1, -1, -1, -1, -1, -1, -1, -1, -1, -1, -1, -1, -1, -1, -1, -1, -1]"
150,18,11,0.5,None,1,237,"[{'cluster_no': -1, 'count': 237}]","[-1, -1, -1, -1, -1, -1, -1, -1, -1, -1, -1, -1, -1, -1, -1, -1, -1, -1, -1, -1, -1, -1, -1, -1, -1, -1, -1, -1, -1, -1, -1, -1, -1, -1, -1, -1, -1, -1, -1, -1, -1, -1, -1, -1, -1, -1, -1, -1, -1, -1, -1, -1, -1, -1, -1, -1, -1, -1, -1, -1, -1, -1, -1, -1, -1, -1, -1, -1, -1, -1, -1, -1, -1, -1, -1, -1, -1, -1, -1, -1, -1, -1, -1, -1, -1, -1, -1, -1, -1, -1, -1, -1, -1, -1, -1, -1, -1, -1, -1, -1, -1, -1, -1, -1, -1, -1, -1, -1, -1, -1, -1, -1, -1, -1, -1, -1, -1, -1, -1, -1, -1, -1, -1, -1, -1, -1, -1, -1, -1, -1, -1, -1, -1, -1, -1, -1, -1, -1, -1, -1, -1, -1, -1, -1, -1, -1, -1, -1, -1, -1, -1, -1, -1, -1, -1, -1, -1, -1, -1, -1, -1, -1, -1, -1, -1, -1, -1, -1, -1, -1, -1, -1, -1, -1, -1, -1, -1, -1, -1, -1, -1, -1, -1, -1, -1, -1, -1, -1, -1, -1, -1, -1, -1, -1, -1, -1, -1, -1, -1, -1, -1, -1, -1, -1, -1, -1, -1, -1, -1, -1, -1, -1, -1, -1, -1, -1, -1, -1, -1, -1, -1, -1, -1, -1, -1, -1, -1, -1, -1, -1, -1, -1, -1, -1, -1, -1, -1]"
150,18,11,1.0,None,1,237,"[{'cluster_no': -1, 'count': 237}]","[-1, -1, -1, -1, -1, -1, -1, -1, -1, -1, -1, -1, -1, -1, -1, -1, -1, -1, -1, -1, -1, -1, -1, -1, -1, -1, -1, -1, -1, -1, -1, -1, -1, -1, -1, -1, -1, -1, -1, -1, -1, -1, -1, -1, -1, -1, -1, -1, -1, -1, -1, -1, -1, -1, -1, -1, -1, -1, -1, -1, -1, -1, -1, -1, -1, -1, -1, -1, -1, -1, -1, -1, -1, -1, -1, -1, -1, -1, -1, -1, -1, -1, -1, -1, -1, -1, -1, -1, -1, -1, -1, -1, -1, -1, -1, -1, -1, -1, -1, -1, -1, -1, -1, -1, -1, -1, -1, -1, -1, -1, -1, -1, -1, -1, -1, -1, -1, -1, -1, -1, -1, -1, -1, -1, -1, -1, -1, -1, -1, -1, -1, -1, -1, -1, -1, -1, -1, -1, -1, -1, -1, -1, -1, -1, -1, -1, -1, -1, -1, -1, -1, -1, -1, -1, -1, -1, -1, -1, -1, -1, -1, -1, -1, -1, -1, -1, -1, -1, -1, -1, -1, -1, -1, -1, -1, -1, -1, -1, -1, -1, -1, -1, -1, -1, -1, -1, -1, -1, -1, -1, -1, -1, -1, -1, -1, -1, -1, -1, -1, -1, -1, -1, -1, -1, -1, -1, -1, -1, -1, -1, -1, -1, -1, -1, -1, -1, -1, -1, -1, -1, -1, -1, -1, -1, -1, -1, -1, -1, -1, -1, -1, -1, -1, -1, -1, -1, -1]"
150,18,12,0.0,None,1,237,"[{'cluster_no': -1, 'count': 237}]","[-1, -1, -1, -1, -1, -1, -1, -1, -1, -1, -1, -1, -1, -1, -1, -1, -1, -1, -1, -1, -1, -1, -1, -1, -1, -1, -1, -1, -1, -1, -1, -1, -1, -1, -1, -1, -1, -1, -1, -1, -1, -1, -1, -1, -1, -1, -1, -1, -1, -1, -1, -1, -1, -1, -1, -1, -1, -1, -1, -1, -1, -1, -1, -1, -1, -1, -1, -1, -1, -1, -1, -1, -1, -1, -1, -1, -1, -1, -1, -1, -1, -1, -1, -1, -1, -1, -1, -1, -1, -1, -1, -1, -1, -1, -1, -1, -1, -1, -1, -1, -1, -1, -1, -1, -1, -1, -1, -1, -1, -1, -1, -1, -1, -1, -1, -1, -1, -1, -1, -1, -1, -1, -1, -1, -1, -1, -1, -1, -1, -1, -1, -1, -1, -1, -1, -1, -1, -1, -1, -1, -1, -1, -1, -1, -1, -1, -1, -1, -1, -1, -1, -1, -1, -1, -1, -1, -1, -1, -1, -1, -1, -1, -1, -1, -1, -1, -1, -1, -1, -1, -1, -1, -1, -1, -1, -1, -1, -1, -1, -1, -1, -1, -1, -1, -1, -1, -1, -1, -1, -1, -1, -1, -1, -1, -1, -1, -1, -1, -1, -1, -1, -1, -1, -1, -1, -1, -1, -1, -1, -1, -1, -1, -1, -1, -1, -1, -1, -1, -1, -1, -1, -1, -1, -1, -1, -1, -1, -1, -1, -1, -1, -1, -1, -1, -1, -1, -1]"
150,18,12,0.5,None,1,237,"[{'cluster_no': -1, 'count': 237}]","[-1, -1, -1, -1, -1, -1, -1, -1, -1, -1, -1, -1, -1, -1, -1, -1, -1, -1, -1, -1, -1, -1, -1, -1, -1, -1, -1, -1, -1, -1, -1, -1, -1, -1, -1, -1, -1, -1, -1, -1, -1, -1, -1, -1, -1, -1, -1, -1, -1, -1, -1, -1, -1, -1, -1, -1, -1, -1, -1, -1, -1, -1, -1, -1, -1, -1, -1, -1, -1, -1, -1, -1, -1, -1, -1, -1, -1, -1, -1, -1, -1, -1, -1, -1, -1, -1, -1, -1, -1, -1, -1, -1, -1, -1, -1, -1, -1, -1, -1, -1, -1, -1, -1, -1, -1, -1, -1, -1, -1, -1, -1, -1, -1, -1, -1, -1, -1, -1, -1, -1, -1, -1, -1, -1, -1, -1, -1, -1, -1, -1, -1, -1, -1, -1, -1, -1, -1, -1, -1, -1, -1, -1, -1, -1, -1, -1, -1, -1, -1, -1, -1, -1, -1, -1, -1, -1, -1, -1, -1, -1, -1, -1, -1, -1, -1, -1, -1, -1, -1, -1, -1, -1, -1, -1, -1, -1, -1, -1, -1, -1, -1, -1, -1, -1, -1, -1, -1, -1, -1, -1, -1, -1, -1, -1, -1, -1, -1, -1, -1, -1, -1, -1, -1, -1, -1, -1, -1, -1, -1, -1, -1, -1, -1, -1, -1, -1, -1, -1, -1, -1, -1, -1, -1, -1, -1, -1, -1, -1, -1, -1, -1, -1, -1, -1, -1, -1, -1]"
150,18,12,1.0,None,1,237,"[{'cluster_no': -1, 'count': 237}]","[-1, -1, -1, -1, -1, -1, -1, -1, -1, -1, -1, -1, -1, -1, -1, -1, -1, -1, -1, -1, -1, -1, -1, -1, -1, -1, -1, -1, -1, -1, -1, -1, -1, -1, -1, -1, -1, -1, -1, -1, -1, -1, -1, -1, -1, -1, -1, -1, -1, -1, -1, -1, -1, -1, -1, -1, -1, -1, -1, -1, -1, -1, -1, -1, -1, -1, -1, -1, -1, -1, -1, -1, -1, -1, -1, -1, -1, -1, -1, -1, -1, -1, -1, -1, -1, -1, -1, -1, -1, -1, -1, -1, -1, -1, -1, -1, -1, -1, -1, -1, -1, -1, -1, -1, -1, -1, -1, -1, -1, -1, -1, -1, -1, -1, -1, -1, -1, -1, -1, -1, -1, -1, -1, -1, -1, -1, -1, -1, -1, -1, -1, -1, -1, -1, -1, -1, -1, -1, -1, -1, -1, -1, -1, -1, -1, -1, -1, -1, -1, -1, -1, -1, -1, -1, -1, -1, -1, -1, -1, -1, -1, -1, -1, -1, -1, -1, -1, -1, -1, -1, -1, -1, -1, -1, -1, -1, -1, -1, -1, -1, -1, -1, -1, -1, -1, -1, -1, -1, -1, -1, -1, -1, -1, -1, -1, -1, -1, -1, -1, -1, -1, -1, -1, -1, -1, -1, -1, -1, -1, -1, -1, -1, -1, -1, -1, -1, -1, -1, -1, -1, -1, -1, -1, -1, -1, -1, -1, -1, -1, -1, -1, -1, -1, -1, -1, -1, -1]"
150,18,13,0.0,None,1,237,"[{'cluster_no': -1, 'count': 237}]","[-1, -1, -1, -1, -1, -1, -1, -1, -1, -1, -1, -1, -1, -1, -1, -1, -1, -1, -1, -1, -1, -1, -1, -1, -1, -1, -1, -1, -1, -1, -1, -1, -1, -1, -1, -1, -1, -1, -1, -1, -1, -1, -1, -1, -1, -1, -1, -1, -1, -1, -1, -1, -1, -1, -1, -1, -1, -1, -1, -1, -1, -1, -1, -1, -1, -1, -1, -1, -1, -1, -1, -1, -1, -1, -1, -1, -1, -1, -1, -1, -1, -1, -1, -1, -1, -1, -1, -1, -1, -1, -1, -1, -1, -1, -1, -1, -1, -1, -1, -1, -1, -1, -1, -1, -1, -1, -1, -1, -1, -1, -1, -1, -1, -1, -1, -1, -1, -1, -1, -1, -1, -1, -1, -1, -1, -1, -1, -1, -1, -1, -1, -1, -1, -1, -1, -1, -1, -1, -1, -1, -1, -1, -1, -1, -1, -1, -1, -1, -1, -1, -1, -1, -1, -1, -1, -1, -1, -1, -1, -1, -1, -1, -1, -1, -1, -1, -1, -1, -1, -1, -1, -1, -1, -1, -1, -1, -1, -1, -1, -1, -1, -1, -1, -1, -1, -1, -1, -1, -1, -1, -1, -1, -1, -1, -1, -1, -1, -1, -1, -1, -1, -1, -1, -1, -1, -1, -1, -1, -1, -1, -1, -1, -1, -1, -1, -1, -1, -1, -1, -1, -1, -1, -1, -1, -1, -1, -1, -1, -1, -1, -1, -1, -1, -1, -1, -1, -1]"
150,18,13,0.5,None,1,237,"[{'cluster_no': -1, 'count': 237}]","[-1, -1, -1, -1, -1, -1, -1, -1, -1, -1, -1, -1, -1, -1, -1, -1, -1, -1, -1, -1, -1, -1, -1, -1, -1, -1, -1, -1, -1, -1, -1, -1, -1, -1, -1, -1, -1, -1, -1, -1, -1, -1, -1, -1, -1, -1, -1, -1, -1, -1, -1, -1, -1, -1, -1, -1, -1, -1, -1, -1, -1, -1, -1, -1, -1, -1, -1, -1, -1, -1, -1, -1, -1, -1, -1, -1, -1, -1, -1, -1, -1, -1, -1, -1, -1, -1, -1, -1, -1, -1, -1, -1, -1, -1, -1, -1, -1, -1, -1, -1, -1, -1, -1, -1, -1, -1, -1, -1, -1, -1, -1, -1, -1, -1, -1, -1, -1, -1, -1, -1, -1, -1, -1, -1, -1, -1, -1, -1, -1, -1, -1, -1, -1, -1, -1, -1, -1, -1, -1, -1, -1, -1, -1, -1, -1, -1, -1, -1, -1, -1, -1, -1, -1, -1, -1, -1, -1, -1, -1, -1, -1, -1, -1, -1, -1, -1, -1, -1, -1, -1, -1, -1, -1, -1, -1, -1, -1, -1, -1, -1, -1, -1, -1, -1, -1, -1, -1, -1, -1, -1, -1, -1, -1, -1, -1, -1, -1, -1, -1, -1, -1, -1, -1, -1, -1, -1, -1, -1, -1, -1, -1, -1, -1, -1, -1, -1, -1, -1, -1, -1, -1, -1, -1, -1, -1, -1, -1, -1, -1, -1, -1, -1, -1, -1, -1, -1, -1]"
150,18,13,1.0,None,1,237,"[{'cluster_no': -1, 'count': 237}]","[-1, -1, -1, -1, -1, -1, -1, -1, -1, -1, -1, -1, -1, -1, -1, -1, -1, -1, -1, -1, -1, -1, -1, -1, -1, -1, -1, -1, -1, -1, -1, -1, -1, -1, -1, -1, -1, -1, -1, -1, -1, -1, -1, -1, -1, -1, -1, -1, -1, -1, -1, -1, -1, -1, -1, -1, -1, -1, -1, -1, -1, -1, -1, -1, -1, -1, -1, -1, -1, -1, -1, -1, -1, -1, -1, -1, -1, -1, -1, -1, -1, -1, -1, -1, -1, -1, -1, -1, -1, -1, -1, -1, -1, -1, -1, -1, -1, -1, -1, -1, -1, -1, -1, -1, -1, -1, -1, -1, -1, -1, -1, -1, -1, -1, -1, -1, -1, -1, -1, -1, -1, -1, -1, -1, -1, -1, -1, -1, -1, -1, -1, -1, -1, -1, -1, -1, -1, -1, -1, -1, -1, -1, -1, -1, -1, -1, -1, -1, -1, -1, -1, -1, -1, -1, -1, -1, -1, -1, -1, -1, -1, -1, -1, -1, -1, -1, -1, -1, -1, -1, -1, -1, -1, -1, -1, -1, -1, -1, -1, -1, -1, -1, -1, -1, -1, -1, -1, -1, -1, -1, -1, -1, -1, -1, -1, -1, -1, -1, -1, -1, -1, -1, -1, -1, -1, -1, -1, -1, -1, -1, -1, -1, -1, -1, -1, -1, -1, -1, -1, -1, -1, -1, -1, -1, -1, -1, -1, -1, -1, -1, -1, -1, -1, -1, -1, -1, -1]"
150,18,14,0.0,None,1,237,"[{'cluster_no': -1, 'count': 237}]","[-1, -1, -1, -1, -1, -1, -1, -1, -1, -1, -1, -1, -1, -1, -1, -1, -1, -1, -1, -1, -1, -1, -1, -1, -1, -1, -1, -1, -1, -1, -1, -1, -1, -1, -1, -1, -1, -1, -1, -1, -1, -1, -1, -1, -1, -1, -1, -1, -1, -1, -1, -1, -1, -1, -1, -1, -1, -1, -1, -1, -1, -1, -1, -1, -1, -1, -1, -1, -1, -1, -1, -1, -1, -1, -1, -1, -1, -1, -1, -1, -1, -1, -1, -1, -1, -1, -1, -1, -1, -1, -1, -1, -1, -1, -1, -1, -1, -1, -1, -1, -1, -1, -1, -1, -1, -1, -1, -1, -1, -1, -1, -1, -1, -1, -1, -1, -1, -1, -1, -1, -1, -1, -1, -1, -1, -1, -1, -1, -1, -1, -1, -1, -1, -1, -1, -1, -1, -1, -1, -1, -1, -1, -1, -1, -1, -1, -1, -1, -1, -1, -1, -1, -1, -1, -1, -1, -1, -1, -1, -1, -1, -1, -1, -1, -1, -1, -1, -1, -1, -1, -1, -1, -1, -1, -1, -1, -1, -1, -1, -1, -1, -1, -1, -1, -1, -1, -1, -1, -1, -1, -1, -1, -1, -1, -1, -1, -1, -1, -1, -1, -1, -1, -1, -1, -1, -1, -1, -1, -1, -1, -1, -1, -1, -1, -1, -1, -1, -1, -1, -1, -1, -1, -1, -1, -1, -1, -1, -1, -1, -1, -1, -1, -1, -1, -1, -1, -1]"
150,18,14,0.5,None,1,237,"[{'cluster_no': -1, 'count': 237}]","[-1, -1, -1, -1, -1, -1, -1, -1, -1, -1, -1, -1, -1, -1, -1, -1, -1, -1, -1, -1, -1, -1, -1, -1, -1, -1, -1, -1, -1, -1, -1, -1, -1, -1, -1, -1, -1, -1, -1, -1, -1, -1, -1, -1, -1, -1, -1, -1, -1, -1, -1, -1, -1, -1, -1, -1, -1, -1, -1, -1, -1, -1, -1, -1, -1, -1, -1, -1, -1, -1, -1, -1, -1, -1, -1, -1, -1, -1, -1, -1, -1, -1, -1, -1, -1, -1, -1, -1, -1, -1, -1, -1, -1, -1, -1, -1, -1, -1, -1, -1, -1, -1, -1, -1, -1, -1, -1, -1, -1, -1, -1, -1, -1, -1, -1, -1, -1, -1, -1, -1, -1, -1, -1, -1, -1, -1, -1, -1, -1, -1, -1, -1, -1, -1, -1, -1, -1, -1, -1, -1, -1, -1, -1, -1, -1, -1, -1, -1, -1, -1, -1, -1, -1, -1, -1, -1, -1, -1, -1, -1, -1, -1, -1, -1, -1, -1, -1, -1, -1, -1, -1, -1, -1, -1, -1, -1, -1, -1, -1, -1, -1, -1, -1, -1, -1, -1, -1, -1, -1, -1, -1, -1, -1, -1, -1, -1, -1, -1, -1, -1, -1, -1, -1, -1, -1, -1, -1, -1, -1, -1, -1, -1, -1, -1, -1, -1, -1, -1, -1, -1, -1, -1, -1, -1, -1, -1, -1, -1, -1, -1, -1, -1, -1, -1, -1, -1, -1]"
150,18,14,1.0,None,1,237,"[{'cluster_no': -1, 'count': 237}]","[-1, -1, -1, -1, -1, -1, -1, -1, -1, -1, -1, -1, -1, -1, -1, -1, -1, -1, -1, -1, -1, -1, -1, -1, -1, -1, -1, -1, -1, -1, -1, -1, -1, -1, -1, -1, -1, -1, -1, -1, -1, -1, -1, -1, -1, -1, -1, -1, -1, -1, -1, -1, -1, -1, -1, -1, -1, -1, -1, -1, -1, -1, -1, -1, -1, -1, -1, -1, -1, -1, -1, -1, -1, -1, -1, -1, -1, -1, -1, -1, -1, -1, -1, -1, -1, -1, -1, -1, -1, -1, -1, -1, -1, -1, -1, -1, -1, -1, -1, -1, -1, -1, -1, -1, -1, -1, -1, -1, -1, -1, -1, -1, -1, -1, -1, -1, -1, -1, -1, -1, -1, -1, -1, -1, -1, -1, -1, -1, -1, -1, -1, -1, -1, -1, -1, -1, -1, -1, -1, -1, -1, -1, -1, -1, -1, -1, -1, -1, -1, -1, -1, -1, -1, -1, -1, -1, -1, -1, -1, -1, -1, -1, -1, -1, -1, -1, -1, -1, -1, -1, -1, -1, -1, -1, -1, -1, -1, -1, -1, -1, -1, -1, -1, -1, -1, -1, -1, -1, -1, -1, -1, -1, -1, -1, -1, -1, -1, -1, -1, -1, -1, -1, -1, -1, -1, -1, -1, -1, -1, -1, -1, -1, -1, -1, -1, -1, -1, -1, -1, -1, -1, -1, -1, -1, -1, -1, -1, -1, -1, -1, -1, -1, -1, -1, -1, -1, -1]"
150,18,15,0.0,None,1,237,"[{'cluster_no': -1, 'count': 237}]","[-1, -1, -1, -1, -1, -1, -1, -1, -1, -1, -1, -1, -1, -1, -1, -1, -1, -1, -1, -1, -1, -1, -1, -1, -1, -1, -1, -1, -1, -1, -1, -1, -1, -1, -1, -1, -1, -1, -1, -1, -1, -1, -1, -1, -1, -1, -1, -1, -1, -1, -1, -1, -1, -1, -1, -1, -1, -1, -1, -1, -1, -1, -1, -1, -1, -1, -1, -1, -1, -1, -1, -1, -1, -1, -1, -1, -1, -1, -1, -1, -1, -1, -1, -1, -1, -1, -1, -1, -1, -1, -1, -1, -1, -1, -1, -1, -1, -1, -1, -1, -1, -1, -1, -1, -1, -1, -1, -1, -1, -1, -1, -1, -1, -1, -1, -1, -1, -1, -1, -1, -1, -1, -1, -1, -1, -1, -1, -1, -1, -1, -1, -1, -1, -1, -1, -1, -1, -1, -1, -1, -1, -1, -1, -1, -1, -1, -1, -1, -1, -1, -1, -1, -1, -1, -1, -1, -1, -1, -1, -1, -1, -1, -1, -1, -1, -1, -1, -1, -1, -1, -1, -1, -1, -1, -1, -1, -1, -1, -1, -1, -1, -1, -1, -1, -1, -1, -1, -1, -1, -1, -1, -1, -1, -1, -1, -1, -1, -1, -1, -1, -1, -1, -1, -1, -1, -1, -1, -1, -1, -1, -1, -1, -1, -1, -1, -1, -1, -1, -1, -1, -1, -1, -1, -1, -1, -1, -1, -1, -1, -1, -1, -1, -1, -1, -1, -1, -1]"
150,18,15,0.5,None,1,237,"[{'cluster_no': -1, 'count': 237}]","[-1, -1, -1, -1, -1, -1, -1, -1, -1, -1, -1, -1, -1, -1, -1, -1, -1, -1, -1, -1, -1, -1, -1, -1, -1, -1, -1, -1, -1, -1, -1, -1, -1, -1, -1, -1, -1, -1, -1, -1, -1, -1, -1, -1, -1, -1, -1, -1, -1, -1, -1, -1, -1, -1, -1, -1, -1, -1, -1, -1, -1, -1, -1, -1, -1, -1, -1, -1, -1, -1, -1, -1, -1, -1, -1, -1, -1, -1, -1, -1, -1, -1, -1, -1, -1, -1, -1, -1, -1, -1, -1, -1, -1, -1, -1, -1, -1, -1, -1, -1, -1, -1, -1, -1, -1, -1, -1, -1, -1, -1, -1, -1, -1, -1, -1, -1, -1, -1, -1, -1, -1, -1, -1, -1, -1, -1, -1, -1, -1, -1, -1, -1, -1, -1, -1, -1, -1, -1, -1, -1, -1, -1, -1, -1, -1, -1, -1, -1, -1, -1, -1, -1, -1, -1, -1, -1, -1, -1, -1, -1, -1, -1, -1, -1, -1, -1, -1, -1, -1, -1, -1, -1, -1, -1, -1, -1, -1, -1, -1, -1, -1, -1, -1, -1, -1, -1, -1, -1, -1, -1, -1, -1, -1, -1, -1, -1, -1, -1, -1, -1, -1, -1, -1, -1, -1, -1, -1, -1, -1, -1, -1, -1, -1, -1, -1, -1, -1, -1, -1, -1, -1, -1, -1, -1, -1, -1, -1, -1, -1, -1, -1, -1, -1, -1, -1, -1, -1]"
150,18,15,1.0,None,1,237,"[{'cluster_no': -1, 'count': 237}]","[-1, -1, -1, -1, -1, -1, -1, -1, -1, -1, -1, -1, -1, -1, -1, -1, -1, -1, -1, -1, -1, -1, -1, -1, -1, -1, -1, -1, -1, -1, -1, -1, -1, -1, -1, -1, -1, -1, -1, -1, -1, -1, -1, -1, -1, -1, -1, -1, -1, -1, -1, -1, -1, -1, -1, -1, -1, -1, -1, -1, -1, -1, -1, -1, -1, -1, -1, -1, -1, -1, -1, -1, -1, -1, -1, -1, -1, -1, -1, -1, -1, -1, -1, -1, -1, -1, -1, -1, -1, -1, -1, -1, -1, -1, -1, -1, -1, -1, -1, -1, -1, -1, -1, -1, -1, -1, -1, -1, -1, -1, -1, -1, -1, -1, -1, -1, -1, -1, -1, -1, -1, -1, -1, -1, -1, -1, -1, -1, -1, -1, -1, -1, -1, -1, -1, -1, -1, -1, -1, -1, -1, -1, -1, -1, -1, -1, -1, -1, -1, -1, -1, -1, -1, -1, -1, -1, -1, -1, -1, -1, -1, -1, -1, -1, -1, -1, -1, -1, -1, -1, -1, -1, -1, -1, -1, -1, -1, -1, -1, -1, -1, -1, -1, -1, -1, -1, -1, -1, -1, -1, -1, -1, -1, -1, -1, -1, -1, -1, -1, -1, -1, -1, -1, -1, -1, -1, -1, -1, -1, -1, -1, -1, -1, -1, -1, -1, -1, -1, -1, -1, -1, -1, -1, -1, -1, -1, -1, -1, -1, -1, -1, -1, -1, -1, -1, -1, -1]"
150,18,16,0.0,None,1,237,"[{'cluster_no': -1, 'count': 237}]","[-1, -1, -1, -1, -1, -1, -1, -1, -1, -1, -1, -1, -1, -1, -1, -1, -1, -1, -1, -1, -1, -1, -1, -1, -1, -1, -1, -1, -1, -1, -1, -1, -1, -1, -1, -1, -1, -1, -1, -1, -1, -1, -1, -1, -1, -1, -1, -1, -1, -1, -1, -1, -1, -1, -1, -1, -1, -1, -1, -1, -1, -1, -1, -1, -1, -1, -1, -1, -1, -1, -1, -1, -1, -1, -1, -1, -1, -1, -1, -1, -1, -1, -1, -1, -1, -1, -1, -1, -1, -1, -1, -1, -1, -1, -1, -1, -1, -1, -1, -1, -1, -1, -1, -1, -1, -1, -1, -1, -1, -1, -1, -1, -1, -1, -1, -1, -1, -1, -1, -1, -1, -1, -1, -1, -1, -1, -1, -1, -1, -1, -1, -1, -1, -1, -1, -1, -1, -1, -1, -1, -1, -1, -1, -1, -1, -1, -1, -1, -1, -1, -1, -1, -1, -1, -1, -1, -1, -1, -1, -1, -1, -1, -1, -1, -1, -1, -1, -1, -1, -1, -1, -1, -1, -1, -1, -1, -1, -1, -1, -1, -1, -1, -1, -1, -1, -1, -1, -1, -1, -1, -1, -1, -1, -1, -1, -1, -1, -1, -1, -1, -1, -1, -1, -1, -1, -1, -1, -1, -1, -1, -1, -1, -1, -1, -1, -1, -1, -1, -1, -1, -1, -1, -1, -1, -1, -1, -1, -1, -1, -1, -1, -1, -1, -1, -1, -1, -1]"
150,18,16,0.5,None,1,237,"[{'cluster_no': -1, 'count': 237}]","[-1, -1, -1, -1, -1, -1, -1, -1, -1, -1, -1, -1, -1, -1, -1, -1, -1, -1, -1, -1, -1, -1, -1, -1, -1, -1, -1, -1, -1, -1, -1, -1, -1, -1, -1, -1, -1, -1, -1, -1, -1, -1, -1, -1, -1, -1, -1, -1, -1, -1, -1, -1, -1, -1, -1, -1, -1, -1, -1, -1, -1, -1, -1, -1, -1, -1, -1, -1, -1, -1, -1, -1, -1, -1, -1, -1, -1, -1, -1, -1, -1, -1, -1, -1, -1, -1, -1, -1, -1, -1, -1, -1, -1, -1, -1, -1, -1, -1, -1, -1, -1, -1, -1, -1, -1, -1, -1, -1, -1, -1, -1, -1, -1, -1, -1, -1, -1, -1, -1, -1, -1, -1, -1, -1, -1, -1, -1, -1, -1, -1, -1, -1, -1, -1, -1, -1, -1, -1, -1, -1, -1, -1, -1, -1, -1, -1, -1, -1, -1, -1, -1, -1, -1, -1, -1, -1, -1, -1, -1, -1, -1, -1, -1, -1, -1, -1, -1, -1, -1, -1, -1, -1, -1, -1, -1, -1, -1, -1, -1, -1, -1, -1, -1, -1, -1, -1, -1, -1, -1, -1, -1, -1, -1, -1, -1, -1, -1, -1, -1, -1, -1, -1, -1, -1, -1, -1, -1, -1, -1, -1, -1, -1, -1, -1, -1, -1, -1, -1, -1, -1, -1, -1, -1, -1, -1, -1, -1, -1, -1, -1, -1, -1, -1, -1, -1, -1, -1]"
150,18,16,1.0,None,1,237,"[{'cluster_no': -1, 'count': 237}]","[-1, -1, -1, -1, -1, -1, -1, -1, -1, -1, -1, -1, -1, -1, -1, -1, -1, -1, -1, -1, -1, -1, -1, -1, -1, -1, -1, -1, -1, -1, -1, -1, -1, -1, -1, -1, -1, -1, -1, -1, -1, -1, -1, -1, -1, -1, -1, -1, -1, -1, -1, -1, -1, -1, -1, -1, -1, -1, -1, -1, -1, -1, -1, -1, -1, -1, -1, -1, -1, -1, -1, -1, -1, -1, -1, -1, -1, -1, -1, -1, -1, -1, -1, -1, -1, -1, -1, -1, -1, -1, -1, -1, -1, -1, -1, -1, -1, -1, -1, -1, -1, -1, -1, -1, -1, -1, -1, -1, -1, -1, -1, -1, -1, -1, -1, -1, -1, -1, -1, -1, -1, -1, -1, -1, -1, -1, -1, -1, -1, -1, -1, -1, -1, -1, -1, -1, -1, -1, -1, -1, -1, -1, -1, -1, -1, -1, -1, -1, -1, -1, -1, -1, -1, -1, -1, -1, -1, -1, -1, -1, -1, -1, -1, -1, -1, -1, -1, -1, -1, -1, -1, -1, -1, -1, -1, -1, -1, -1, -1, -1, -1, -1, -1, -1, -1, -1, -1, -1, -1, -1, -1, -1, -1, -1, -1, -1, -1, -1, -1, -1, -1, -1, -1, -1, -1, -1, -1, -1, -1, -1, -1, -1, -1, -1, -1, -1, -1, -1, -1, -1, -1, -1, -1, -1, -1, -1, -1, -1, -1, -1, -1, -1, -1, -1, -1, -1, -1]"
150,18,17,0.0,None,1,237,"[{'cluster_no': -1, 'count': 237}]","[-1, -1, -1, -1, -1, -1, -1, -1, -1, -1, -1, -1, -1, -1, -1, -1, -1, -1, -1, -1, -1, -1, -1, -1, -1, -1, -1, -1, -1, -1, -1, -1, -1, -1, -1, -1, -1, -1, -1, -1, -1, -1, -1, -1, -1, -1, -1, -1, -1, -1, -1, -1, -1, -1, -1, -1, -1, -1, -1, -1, -1, -1, -1, -1, -1, -1, -1, -1, -1, -1, -1, -1, -1, -1, -1, -1, -1, -1, -1, -1, -1, -1, -1, -1, -1, -1, -1, -1, -1, -1, -1, -1, -1, -1, -1, -1, -1, -1, -1, -1, -1, -1, -1, -1, -1, -1, -1, -1, -1, -1, -1, -1, -1, -1, -1, -1, -1, -1, -1, -1, -1, -1, -1, -1, -1, -1, -1, -1, -1, -1, -1, -1, -1, -1, -1, -1, -1, -1, -1, -1, -1, -1, -1, -1, -1, -1, -1, -1, -1, -1, -1, -1, -1, -1, -1, -1, -1, -1, -1, -1, -1, -1, -1, -1, -1, -1, -1, -1, -1, -1, -1, -1, -1, -1, -1, -1, -1, -1, -1, -1, -1, -1, -1, -1, -1, -1, -1, -1, -1, -1, -1, -1, -1, -1, -1, -1, -1, -1, -1, -1, -1, -1, -1, -1, -1, -1, -1, -1, -1, -1, -1, -1, -1, -1, -1, -1, -1, -1, -1, -1, -1, -1, -1, -1, -1, -1, -1, -1, -1, -1, -1, -1, -1, -1, -1, -1, -1]"
150,18,17,0.5,None,1,237,"[{'cluster_no': -1, 'count': 237}]","[-1, -1, -1, -1, -1, -1, -1, -1, -1, -1, -1, -1, -1, -1, -1, -1, -1, -1, -1, -1, -1, -1, -1, -1, -1, -1, -1, -1, -1, -1, -1, -1, -1, -1, -1, -1, -1, -1, -1, -1, -1, -1, -1, -1, -1, -1, -1, -1, -1, -1, -1, -1, -1, -1, -1, -1, -1, -1, -1, -1, -1, -1, -1, -1, -1, -1, -1, -1, -1, -1, -1, -1, -1, -1, -1, -1, -1, -1, -1, -1, -1, -1, -1, -1, -1, -1, -1, -1, -1, -1, -1, -1, -1, -1, -1, -1, -1, -1, -1, -1, -1, -1, -1, -1, -1, -1, -1, -1, -1, -1, -1, -1, -1, -1, -1, -1, -1, -1, -1, -1, -1, -1, -1, -1, -1, -1, -1, -1, -1, -1, -1, -1, -1, -1, -1, -1, -1, -1, -1, -1, -1, -1, -1, -1, -1, -1, -1, -1, -1, -1, -1, -1, -1, -1, -1, -1, -1, -1, -1, -1, -1, -1, -1, -1, -1, -1, -1, -1, -1, -1, -1, -1, -1, -1, -1, -1, -1, -1, -1, -1, -1, -1, -1, -1, -1, -1, -1, -1, -1, -1, -1, -1, -1, -1, -1, -1, -1, -1, -1, -1, -1, -1, -1, -1, -1, -1, -1, -1, -1, -1, -1, -1, -1, -1, -1, -1, -1, -1, -1, -1, -1, -1, -1, -1, -1, -1, -1, -1, -1, -1, -1, -1, -1, -1, -1, -1, -1]"
150,18,17,1.0,None,1,237,"[{'cluster_no': -1, 'count': 237}]","[-1, -1, -1, -1, -1, -1, -1, -1, -1, -1, -1, -1, -1, -1, -1, -1, -1, -1, -1, -1, -1, -1, -1, -1, -1, -1, -1, -1, -1, -1, -1, -1, -1, -1, -1, -1, -1, -1, -1, -1, -1, -1, -1, -1, -1, -1, -1, -1, -1, -1, -1, -1, -1, -1, -1, -1, -1, -1, -1, -1, -1, -1, -1, -1, -1, -1, -1, -1, -1, -1, -1, -1, -1, -1, -1, -1, -1, -1, -1, -1, -1, -1, -1, -1, -1, -1, -1, -1, -1, -1, -1, -1, -1, -1, -1, -1, -1, -1, -1, -1, -1, -1, -1, -1, -1, -1, -1, -1, -1, -1, -1, -1, -1, -1, -1, -1, -1, -1, -1, -1, -1, -1, -1, -1, -1, -1, -1, -1, -1, -1, -1, -1, -1, -1, -1, -1, -1, -1, -1, -1, -1, -1, -1, -1, -1, -1, -1, -1, -1, -1, -1, -1, -1, -1, -1, -1, -1, -1, -1, -1, -1, -1, -1, -1, -1, -1, -1, -1, -1, -1, -1, -1, -1, -1, -1, -1, -1, -1, -1, -1, -1, -1, -1, -1, -1, -1, -1, -1, -1, -1, -1, -1, -1, -1, -1, -1, -1, -1, -1, -1, -1, -1, -1, -1, -1, -1, -1, -1, -1, -1, -1, -1, -1, -1, -1, -1, -1, -1, -1, -1, -1, -1, -1, -1, -1, -1, -1, -1, -1, -1, -1, -1, -1, -1, -1, -1, -1]"
150,18,18,0.0,None,1,237,"[{'cluster_no': -1, 'count': 237}]","[-1, -1, -1, -1, -1, -1, -1, -1, -1, -1, -1, -1, -1, -1, -1, -1, -1, -1, -1, -1, -1, -1, -1, -1, -1, -1, -1, -1, -1, -1, -1, -1, -1, -1, -1, -1, -1, -1, -1, -1, -1, -1, -1, -1, -1, -1, -1, -1, -1, -1, -1, -1, -1, -1, -1, -1, -1, -1, -1, -1, -1, -1, -1, -1, -1, -1, -1, -1, -1, -1, -1, -1, -1, -1, -1, -1, -1, -1, -1, -1, -1, -1, -1, -1, -1, -1, -1, -1, -1, -1, -1, -1, -1, -1, -1, -1, -1, -1, -1, -1, -1, -1, -1, -1, -1, -1, -1, -1, -1, -1, -1, -1, -1, -1, -1, -1, -1, -1, -1, -1, -1, -1, -1, -1, -1, -1, -1, -1, -1, -1, -1, -1, -1, -1, -1, -1, -1, -1, -1, -1, -1, -1, -1, -1, -1, -1, -1, -1, -1, -1, -1, -1, -1, -1, -1, -1, -1, -1, -1, -1, -1, -1, -1, -1, -1, -1, -1, -1, -1, -1, -1, -1, -1, -1, -1, -1, -1, -1, -1, -1, -1, -1, -1, -1, -1, -1, -1, -1, -1, -1, -1, -1, -1, -1, -1, -1, -1, -1, -1, -1, -1, -1, -1, -1, -1, -1, -1, -1, -1, -1, -1, -1, -1, -1, -1, -1, -1, -1, -1, -1, -1, -1, -1, -1, -1, -1, -1, -1, -1, -1, -1, -1, -1, -1, -1, -1, -1]"
150,18,18,0.5,None,1,237,"[{'cluster_no': -1, 'count': 237}]","[-1, -1, -1, -1, -1, -1, -1, -1, -1, -1, -1, -1, -1, -1, -1, -1, -1, -1, -1, -1, -1, -1, -1, -1, -1, -1, -1, -1, -1, -1, -1, -1, -1, -1, -1, -1, -1, -1, -1, -1, -1, -1, -1, -1, -1, -1, -1, -1, -1, -1, -1, -1, -1, -1, -1, -1, -1, -1, -1, -1, -1, -1, -1, -1, -1, -1, -1, -1, -1, -1, -1, -1, -1, -1, -1, -1, -1, -1, -1, -1, -1, -1, -1, -1, -1, -1, -1, -1, -1, -1, -1, -1, -1, -1, -1, -1, -1, -1, -1, -1, -1, -1, -1, -1, -1, -1, -1, -1, -1, -1, -1, -1, -1, -1, -1, -1, -1, -1, -1, -1, -1, -1, -1, -1, -1, -1, -1, -1, -1, -1, -1, -1, -1, -1, -1, -1, -1, -1, -1, -1, -1, -1, -1, -1, -1, -1, -1, -1, -1, -1, -1, -1, -1, -1, -1, -1, -1, -1, -1, -1, -1, -1, -1, -1, -1, -1, -1, -1, -1, -1, -1, -1, -1, -1, -1, -1, -1, -1, -1, -1, -1, -1, -1, -1, -1, -1, -1, -1, -1, -1, -1, -1, -1, -1, -1, -1, -1, -1, -1, -1, -1, -1, -1, -1, -1, -1, -1, -1, -1, -1, -1, -1, -1, -1, -1, -1, -1, -1, -1, -1, -1, -1, -1, -1, -1, -1, -1, -1, -1, -1, -1, -1, -1, -1, -1, -1, -1]"
150,18,18,1.0,None,1,237,"[{'cluster_no': -1, 'count': 237}]","[-1, -1, -1, -1, -1, -1, -1, -1, -1, -1, -1, -1, -1, -1, -1, -1, -1, -1, -1, -1, -1, -1, -1, -1, -1, -1, -1, -1, -1, -1, -1, -1, -1, -1, -1, -1, -1, -1, -1, -1, -1, -1, -1, -1, -1, -1, -1, -1, -1, -1, -1, -1, -1, -1, -1, -1, -1, -1, -1, -1, -1, -1, -1, -1, -1, -1, -1, -1, -1, -1, -1, -1, -1, -1, -1, -1, -1, -1, -1, -1, -1, -1, -1, -1, -1, -1, -1, -1, -1, -1, -1, -1, -1, -1, -1, -1, -1, -1, -1, -1, -1, -1, -1, -1, -1, -1, -1, -1, -1, -1, -1, -1, -1, -1, -1, -1, -1, -1, -1, -1, -1, -1, -1, -1, -1, -1, -1, -1, -1, -1, -1, -1, -1, -1, -1, -1, -1, -1, -1, -1, -1, -1, -1, -1, -1, -1, -1, -1, -1, -1, -1, -1, -1, -1, -1, -1, -1, -1, -1, -1, -1, -1, -1, -1, -1, -1, -1, -1, -1, -1, -1, -1, -1, -1, -1, -1, -1, -1, -1, -1, -1, -1, -1, -1, -1, -1, -1, -1, -1, -1, -1, -1, -1, -1, -1, -1, -1, -1, -1, -1, -1, -1, -1, -1, -1, -1, -1, -1, -1, -1, -1, -1, -1, -1, -1, -1, -1, -1, -1, -1, -1, -1, -1, -1, -1, -1, -1, -1, -1, -1, -1, -1, -1, -1, -1, -1, -1]"
150,18,19,0.0,None,1,237,"[{'cluster_no': -1, 'count': 237}]","[-1, -1, -1, -1, -1, -1, -1, -1, -1, -1, -1, -1, -1, -1, -1, -1, -1, -1, -1, -1, -1, -1, -1, -1, -1, -1, -1, -1, -1, -1, -1, -1, -1, -1, -1, -1, -1, -1, -1, -1, -1, -1, -1, -1, -1, -1, -1, -1, -1, -1, -1, -1, -1, -1, -1, -1, -1, -1, -1, -1, -1, -1, -1, -1, -1, -1, -1, -1, -1, -1, -1, -1, -1, -1, -1, -1, -1, -1, -1, -1, -1, -1, -1, -1, -1, -1, -1, -1, -1, -1, -1, -1, -1, -1, -1, -1, -1, -1, -1, -1, -1, -1, -1, -1, -1, -1, -1, -1, -1, -1, -1, -1, -1, -1, -1, -1, -1, -1, -1, -1, -1, -1, -1, -1, -1, -1, -1, -1, -1, -1, -1, -1, -1, -1, -1, -1, -1, -1, -1, -1, -1, -1, -1, -1, -1, -1, -1, -1, -1, -1, -1, -1, -1, -1, -1, -1, -1, -1, -1, -1, -1, -1, -1, -1, -1, -1, -1, -1, -1, -1, -1, -1, -1, -1, -1, -1, -1, -1, -1, -1, -1, -1, -1, -1, -1, -1, -1, -1, -1, -1, -1, -1, -1, -1, -1, -1, -1, -1, -1, -1, -1, -1, -1, -1, -1, -1, -1, -1, -1, -1, -1, -1, -1, -1, -1, -1, -1, -1, -1, -1, -1, -1, -1, -1, -1, -1, -1, -1, -1, -1, -1, -1, -1, -1, -1, -1, -1]"
150,18,19,0.5,None,1,237,"[{'cluster_no': -1, 'count': 237}]","[-1, -1, -1, -1, -1, -1, -1, -1, -1, -1, -1, -1, -1, -1, -1, -1, -1, -1, -1, -1, -1, -1, -1, -1, -1, -1, -1, -1, -1, -1, -1, -1, -1, -1, -1, -1, -1, -1, -1, -1, -1, -1, -1, -1, -1, -1, -1, -1, -1, -1, -1, -1, -1, -1, -1, -1, -1, -1, -1, -1, -1, -1, -1, -1, -1, -1, -1, -1, -1, -1, -1, -1, -1, -1, -1, -1, -1, -1, -1, -1, -1, -1, -1, -1, -1, -1, -1, -1, -1, -1, -1, -1, -1, -1, -1, -1, -1, -1, -1, -1, -1, -1, -1, -1, -1, -1, -1, -1, -1, -1, -1, -1, -1, -1, -1, -1, -1, -1, -1, -1, -1, -1, -1, -1, -1, -1, -1, -1, -1, -1, -1, -1, -1, -1, -1, -1, -1, -1, -1, -1, -1, -1, -1, -1, -1, -1, -1, -1, -1, -1, -1, -1, -1, -1, -1, -1, -1, -1, -1, -1, -1, -1, -1, -1, -1, -1, -1, -1, -1, -1, -1, -1, -1, -1, -1, -1, -1, -1, -1, -1, -1, -1, -1, -1, -1, -1, -1, -1, -1, -1, -1, -1, -1, -1, -1, -1, -1, -1, -1, -1, -1, -1, -1, -1, -1, -1, -1, -1, -1, -1, -1, -1, -1, -1, -1, -1, -1, -1, -1, -1, -1, -1, -1, -1, -1, -1, -1, -1, -1, -1, -1, -1, -1, -1, -1, -1, -1]"
150,18,19,1.0,None,1,237,"[{'cluster_no': -1, 'count': 237}]","[-1, -1, -1, -1, -1, -1, -1, -1, -1, -1, -1, -1, -1, -1, -1, -1, -1, -1, -1, -1, -1, -1, -1, -1, -1, -1, -1, -1, -1, -1, -1, -1, -1, -1, -1, -1, -1, -1, -1, -1, -1, -1, -1, -1, -1, -1, -1, -1, -1, -1, -1, -1, -1, -1, -1, -1, -1, -1, -1, -1, -1, -1, -1, -1, -1, -1, -1, -1, -1, -1, -1, -1, -1, -1, -1, -1, -1, -1, -1, -1, -1, -1, -1, -1, -1, -1, -1, -1, -1, -1, -1, -1, -1, -1, -1, -1, -1, -1, -1, -1, -1, -1, -1, -1, -1, -1, -1, -1, -1, -1, -1, -1, -1, -1, -1, -1, -1, -1, -1, -1, -1, -1, -1, -1, -1, -1, -1, -1, -1, -1, -1, -1, -1, -1, -1, -1, -1, -1, -1, -1, -1, -1, -1, -1, -1, -1, -1, -1, -1, -1, -1, -1, -1, -1, -1, -1, -1, -1, -1, -1, -1, -1, -1, -1, -1, -1, -1, -1, -1, -1, -1, -1, -1, -1, -1, -1, -1, -1, -1, -1, -1, -1, -1, -1, -1, -1, -1, -1, -1, -1, -1, -1, -1, -1, -1, -1, -1, -1, -1, -1, -1, -1, -1, -1, -1, -1, -1, -1, -1, -1, -1, -1, -1, -1, -1, -1, -1, -1, -1, -1, -1, -1, -1, -1, -1, -1, -1, -1, -1, -1, -1, -1, -1, -1, -1, -1, -1]"
150,18,20,0.0,None,1,237,"[{'cluster_no': -1, 'count': 237}]","[-1, -1, -1, -1, -1, -1, -1, -1, -1, -1, -1, -1, -1, -1, -1, -1, -1, -1, -1, -1, -1, -1, -1, -1, -1, -1, -1, -1, -1, -1, -1, -1, -1, -1, -1, -1, -1, -1, -1, -1, -1, -1, -1, -1, -1, -1, -1, -1, -1, -1, -1, -1, -1, -1, -1, -1, -1, -1, -1, -1, -1, -1, -1, -1, -1, -1, -1, -1, -1, -1, -1, -1, -1, -1, -1, -1, -1, -1, -1, -1, -1, -1, -1, -1, -1, -1, -1, -1, -1, -1, -1, -1, -1, -1, -1, -1, -1, -1, -1, -1, -1, -1, -1, -1, -1, -1, -1, -1, -1, -1, -1, -1, -1, -1, -1, -1, -1, -1, -1, -1, -1, -1, -1, -1, -1, -1, -1, -1, -1, -1, -1, -1, -1, -1, -1, -1, -1, -1, -1, -1, -1, -1, -1, -1, -1, -1, -1, -1, -1, -1, -1, -1, -1, -1, -1, -1, -1, -1, -1, -1, -1, -1, -1, -1, -1, -1, -1, -1, -1, -1, -1, -1, -1, -1, -1, -1, -1, -1, -1, -1, -1, -1, -1, -1, -1, -1, -1, -1, -1, -1, -1, -1, -1, -1, -1, -1, -1, -1, -1, -1, -1, -1, -1, -1, -1, -1, -1, -1, -1, -1, -1, -1, -1, -1, -1, -1, -1, -1, -1, -1, -1, -1, -1, -1, -1, -1, -1, -1, -1, -1, -1, -1, -1, -1, -1, -1, -1]"
150,18,20,0.5,None,1,237,"[{'cluster_no': -1, 'count': 237}]","[-1, -1, -1, -1, -1, -1, -1, -1, -1, -1, -1, -1, -1, -1, -1, -1, -1, -1, -1, -1, -1, -1, -1, -1, -1, -1, -1, -1, -1, -1, -1, -1, -1, -1, -1, -1, -1, -1, -1, -1, -1, -1, -1, -1, -1, -1, -1, -1, -1, -1, -1, -1, -1, -1, -1, -1, -1, -1, -1, -1, -1, -1, -1, -1, -1, -1, -1, -1, -1, -1, -1, -1, -1, -1, -1, -1, -1, -1, -1, -1, -1, -1, -1, -1, -1, -1, -1, -1, -1, -1, -1, -1, -1, -1, -1, -1, -1, -1, -1, -1, -1, -1, -1, -1, -1, -1, -1, -1, -1, -1, -1, -1, -1, -1, -1, -1, -1, -1, -1, -1, -1, -1, -1, -1, -1, -1, -1, -1, -1, -1, -1, -1, -1, -1, -1, -1, -1, -1, -1, -1, -1, -1, -1, -1, -1, -1, -1, -1, -1, -1, -1, -1, -1, -1, -1, -1, -1, -1, -1, -1, -1, -1, -1, -1, -1, -1, -1, -1, -1, -1, -1, -1, -1, -1, -1, -1, -1, -1, -1, -1, -1, -1, -1, -1, -1, -1, -1, -1, -1, -1, -1, -1, -1, -1, -1, -1, -1, -1, -1, -1, -1, -1, -1, -1, -1, -1, -1, -1, -1, -1, -1, -1, -1, -1, -1, -1, -1, -1, -1, -1, -1, -1, -1, -1, -1, -1, -1, -1, -1, -1, -1, -1, -1, -1, -1, -1, -1]"
150,18,20,1.0,None,1,237,"[{'cluster_no': -1, 'count': 237}]","[-1, -1, -1, -1, -1, -1, -1, -1, -1, -1, -1, -1, -1, -1, -1, -1, -1, -1, -1, -1, -1, -1, -1, -1, -1, -1, -1, -1, -1, -1, -1, -1, -1, -1, -1, -1, -1, -1, -1, -1, -1, -1, -1, -1, -1, -1, -1, -1, -1, -1, -1, -1, -1, -1, -1, -1, -1, -1, -1, -1, -1, -1, -1, -1, -1, -1, -1, -1, -1, -1, -1, -1, -1, -1, -1, -1, -1, -1, -1, -1, -1, -1, -1, -1, -1, -1, -1, -1, -1, -1, -1, -1, -1, -1, -1, -1, -1, -1, -1, -1, -1, -1, -1, -1, -1, -1, -1, -1, -1, -1, -1, -1, -1, -1, -1, -1, -1, -1, -1, -1, -1, -1, -1, -1, -1, -1, -1, -1, -1, -1, -1, -1, -1, -1, -1, -1, -1, -1, -1, -1, -1, -1, -1, -1, -1, -1, -1, -1, -1, -1, -1, -1, -1, -1, -1, -1, -1, -1, -1, -1, -1, -1, -1, -1, -1, -1, -1, -1, -1, -1, -1, -1, -1, -1, -1, -1, -1, -1, -1, -1, -1, -1, -1, -1, -1, -1, -1, -1, -1, -1, -1, -1, -1, -1, -1, -1, -1, -1, -1, -1, -1, -1, -1, -1, -1, -1, -1, -1, -1, -1, -1, -1, -1, -1, -1, -1, -1, -1, -1, -1, -1, -1, -1, -1, -1, -1, -1, -1, -1, -1, -1, -1, -1, -1, -1, -1, -1]"
150,18,21,0.0,None,1,237,"[{'cluster_no': -1, 'count': 237}]","[-1, -1, -1, -1, -1, -1, -1, -1, -1, -1, -1, -1, -1, -1, -1, -1, -1, -1, -1, -1, -1, -1, -1, -1, -1, -1, -1, -1, -1, -1, -1, -1, -1, -1, -1, -1, -1, -1, -1, -1, -1, -1, -1, -1, -1, -1, -1, -1, -1, -1, -1, -1, -1, -1, -1, -1, -1, -1, -1, -1, -1, -1, -1, -1, -1, -1, -1, -1, -1, -1, -1, -1, -1, -1, -1, -1, -1, -1, -1, -1, -1, -1, -1, -1, -1, -1, -1, -1, -1, -1, -1, -1, -1, -1, -1, -1, -1, -1, -1, -1, -1, -1, -1, -1, -1, -1, -1, -1, -1, -1, -1, -1, -1, -1, -1, -1, -1, -1, -1, -1, -1, -1, -1, -1, -1, -1, -1, -1, -1, -1, -1, -1, -1, -1, -1, -1, -1, -1, -1, -1, -1, -1, -1, -1, -1, -1, -1, -1, -1, -1, -1, -1, -1, -1, -1, -1, -1, -1, -1, -1, -1, -1, -1, -1, -1, -1, -1, -1, -1, -1, -1, -1, -1, -1, -1, -1, -1, -1, -1, -1, -1, -1, -1, -1, -1, -1, -1, -1, -1, -1, -1, -1, -1, -1, -1, -1, -1, -1, -1, -1, -1, -1, -1, -1, -1, -1, -1, -1, -1, -1, -1, -1, -1, -1, -1, -1, -1, -1, -1, -1, -1, -1, -1, -1, -1, -1, -1, -1, -1, -1, -1, -1, -1, -1, -1, -1, -1]"
150,18,21,0.5,None,1,237,"[{'cluster_no': -1, 'count': 237}]","[-1, -1, -1, -1, -1, -1, -1, -1, -1, -1, -1, -1, -1, -1, -1, -1, -1, -1, -1, -1, -1, -1, -1, -1, -1, -1, -1, -1, -1, -1, -1, -1, -1, -1, -1, -1, -1, -1, -1, -1, -1, -1, -1, -1, -1, -1, -1, -1, -1, -1, -1, -1, -1, -1, -1, -1, -1, -1, -1, -1, -1, -1, -1, -1, -1, -1, -1, -1, -1, -1, -1, -1, -1, -1, -1, -1, -1, -1, -1, -1, -1, -1, -1, -1, -1, -1, -1, -1, -1, -1, -1, -1, -1, -1, -1, -1, -1, -1, -1, -1, -1, -1, -1, -1, -1, -1, -1, -1, -1, -1, -1, -1, -1, -1, -1, -1, -1, -1, -1, -1, -1, -1, -1, -1, -1, -1, -1, -1, -1, -1, -1, -1, -1, -1, -1, -1, -1, -1, -1, -1, -1, -1, -1, -1, -1, -1, -1, -1, -1, -1, -1, -1, -1, -1, -1, -1, -1, -1, -1, -1, -1, -1, -1, -1, -1, -1, -1, -1, -1, -1, -1, -1, -1, -1, -1, -1, -1, -1, -1, -1, -1, -1, -1, -1, -1, -1, -1, -1, -1, -1, -1, -1, -1, -1, -1, -1, -1, -1, -1, -1, -1, -1, -1, -1, -1, -1, -1, -1, -1, -1, -1, -1, -1, -1, -1, -1, -1, -1, -1, -1, -1, -1, -1, -1, -1, -1, -1, -1, -1, -1, -1, -1, -1, -1, -1, -1, -1]"
150,18,21,1.0,None,1,237,"[{'cluster_no': -1, 'count': 237}]","[-1, -1, -1, -1, -1, -1, -1, -1, -1, -1, -1, -1, -1, -1, -1, -1, -1, -1, -1, -1, -1, -1, -1, -1, -1, -1, -1, -1, -1, -1, -1, -1, -1, -1, -1, -1, -1, -1, -1, -1, -1, -1, -1, -1, -1, -1, -1, -1, -1, -1, -1, -1, -1, -1, -1, -1, -1, -1, -1, -1, -1, -1, -1, -1, -1, -1, -1, -1, -1, -1, -1, -1, -1, -1, -1, -1, -1, -1, -1, -1, -1, -1, -1, -1, -1, -1, -1, -1, -1, -1, -1, -1, -1, -1, -1, -1, -1, -1, -1, -1, -1, -1, -1, -1, -1, -1, -1, -1, -1, -1, -1, -1, -1, -1, -1, -1, -1, -1, -1, -1, -1, -1, -1, -1, -1, -1, -1, -1, -1, -1, -1, -1, -1, -1, -1, -1, -1, -1, -1, -1, -1, -1, -1, -1, -1, -1, -1, -1, -1, -1, -1, -1, -1, -1, -1, -1, -1, -1, -1, -1, -1, -1, -1, -1, -1, -1, -1, -1, -1, -1, -1, -1, -1, -1, -1, -1, -1, -1, -1, -1, -1, -1, -1, -1, -1, -1, -1, -1, -1, -1, -1, -1, -1, -1, -1, -1, -1, -1, -1, -1, -1, -1, -1, -1, -1, -1, -1, -1, -1, -1, -1, -1, -1, -1, -1, -1, -1, -1, -1, -1, -1, -1, -1, -1, -1, -1, -1, -1, -1, -1, -1, -1, -1, -1, -1, -1, -1]"
150,18,22,0.0,None,1,237,"[{'cluster_no': -1, 'count': 237}]","[-1, -1, -1, -1, -1, -1, -1, -1, -1, -1, -1, -1, -1, -1, -1, -1, -1, -1, -1, -1, -1, -1, -1, -1, -1, -1, -1, -1, -1, -1, -1, -1, -1, -1, -1, -1, -1, -1, -1, -1, -1, -1, -1, -1, -1, -1, -1, -1, -1, -1, -1, -1, -1, -1, -1, -1, -1, -1, -1, -1, -1, -1, -1, -1, -1, -1, -1, -1, -1, -1, -1, -1, -1, -1, -1, -1, -1, -1, -1, -1, -1, -1, -1, -1, -1, -1, -1, -1, -1, -1, -1, -1, -1, -1, -1, -1, -1, -1, -1, -1, -1, -1, -1, -1, -1, -1, -1, -1, -1, -1, -1, -1, -1, -1, -1, -1, -1, -1, -1, -1, -1, -1, -1, -1, -1, -1, -1, -1, -1, -1, -1, -1, -1, -1, -1, -1, -1, -1, -1, -1, -1, -1, -1, -1, -1, -1, -1, -1, -1, -1, -1, -1, -1, -1, -1, -1, -1, -1, -1, -1, -1, -1, -1, -1, -1, -1, -1, -1, -1, -1, -1, -1, -1, -1, -1, -1, -1, -1, -1, -1, -1, -1, -1, -1, -1, -1, -1, -1, -1, -1, -1, -1, -1, -1, -1, -1, -1, -1, -1, -1, -1, -1, -1, -1, -1, -1, -1, -1, -1, -1, -1, -1, -1, -1, -1, -1, -1, -1, -1, -1, -1, -1, -1, -1, -1, -1, -1, -1, -1, -1, -1, -1, -1, -1, -1, -1, -1]"
150,18,22,0.5,None,1,237,"[{'cluster_no': -1, 'count': 237}]","[-1, -1, -1, -1, -1, -1, -1, -1, -1, -1, -1, -1, -1, -1, -1, -1, -1, -1, -1, -1, -1, -1, -1, -1, -1, -1, -1, -1, -1, -1, -1, -1, -1, -1, -1, -1, -1, -1, -1, -1, -1, -1, -1, -1, -1, -1, -1, -1, -1, -1, -1, -1, -1, -1, -1, -1, -1, -1, -1, -1, -1, -1, -1, -1, -1, -1, -1, -1, -1, -1, -1, -1, -1, -1, -1, -1, -1, -1, -1, -1, -1, -1, -1, -1, -1, -1, -1, -1, -1, -1, -1, -1, -1, -1, -1, -1, -1, -1, -1, -1, -1, -1, -1, -1, -1, -1, -1, -1, -1, -1, -1, -1, -1, -1, -1, -1, -1, -1, -1, -1, -1, -1, -1, -1, -1, -1, -1, -1, -1, -1, -1, -1, -1, -1, -1, -1, -1, -1, -1, -1, -1, -1, -1, -1, -1, -1, -1, -1, -1, -1, -1, -1, -1, -1, -1, -1, -1, -1, -1, -1, -1, -1, -1, -1, -1, -1, -1, -1, -1, -1, -1, -1, -1, -1, -1, -1, -1, -1, -1, -1, -1, -1, -1, -1, -1, -1, -1, -1, -1, -1, -1, -1, -1, -1, -1, -1, -1, -1, -1, -1, -1, -1, -1, -1, -1, -1, -1, -1, -1, -1, -1, -1, -1, -1, -1, -1, -1, -1, -1, -1, -1, -1, -1, -1, -1, -1, -1, -1, -1, -1, -1, -1, -1, -1, -1, -1, -1]"
150,18,22,1.0,None,1,237,"[{'cluster_no': -1, 'count': 237}]","[-1, -1, -1, -1, -1, -1, -1, -1, -1, -1, -1, -1, -1, -1, -1, -1, -1, -1, -1, -1, -1, -1, -1, -1, -1, -1, -1, -1, -1, -1, -1, -1, -1, -1, -1, -1, -1, -1, -1, -1, -1, -1, -1, -1, -1, -1, -1, -1, -1, -1, -1, -1, -1, -1, -1, -1, -1, -1, -1, -1, -1, -1, -1, -1, -1, -1, -1, -1, -1, -1, -1, -1, -1, -1, -1, -1, -1, -1, -1, -1, -1, -1, -1, -1, -1, -1, -1, -1, -1, -1, -1, -1, -1, -1, -1, -1, -1, -1, -1, -1, -1, -1, -1, -1, -1, -1, -1, -1, -1, -1, -1, -1, -1, -1, -1, -1, -1, -1, -1, -1, -1, -1, -1, -1, -1, -1, -1, -1, -1, -1, -1, -1, -1, -1, -1, -1, -1, -1, -1, -1, -1, -1, -1, -1, -1, -1, -1, -1, -1, -1, -1, -1, -1, -1, -1, -1, -1, -1, -1, -1, -1, -1, -1, -1, -1, -1, -1, -1, -1, -1, -1, -1, -1, -1, -1, -1, -1, -1, -1, -1, -1, -1, -1, -1, -1, -1, -1, -1, -1, -1, -1, -1, -1, -1, -1, -1, -1, -1, -1, -1, -1, -1, -1, -1, -1, -1, -1, -1, -1, -1, -1, -1, -1, -1, -1, -1, -1, -1, -1, -1, -1, -1, -1, -1, -1, -1, -1, -1, -1, -1, -1, -1, -1, -1, -1, -1, -1]"
150,18,23,0.0,None,1,237,"[{'cluster_no': -1, 'count': 237}]","[-1, -1, -1, -1, -1, -1, -1, -1, -1, -1, -1, -1, -1, -1, -1, -1, -1, -1, -1, -1, -1, -1, -1, -1, -1, -1, -1, -1, -1, -1, -1, -1, -1, -1, -1, -1, -1, -1, -1, -1, -1, -1, -1, -1, -1, -1, -1, -1, -1, -1, -1, -1, -1, -1, -1, -1, -1, -1, -1, -1, -1, -1, -1, -1, -1, -1, -1, -1, -1, -1, -1, -1, -1, -1, -1, -1, -1, -1, -1, -1, -1, -1, -1, -1, -1, -1, -1, -1, -1, -1, -1, -1, -1, -1, -1, -1, -1, -1, -1, -1, -1, -1, -1, -1, -1, -1, -1, -1, -1, -1, -1, -1, -1, -1, -1, -1, -1, -1, -1, -1, -1, -1, -1, -1, -1, -1, -1, -1, -1, -1, -1, -1, -1, -1, -1, -1, -1, -1, -1, -1, -1, -1, -1, -1, -1, -1, -1, -1, -1, -1, -1, -1, -1, -1, -1, -1, -1, -1, -1, -1, -1, -1, -1, -1, -1, -1, -1, -1, -1, -1, -1, -1, -1, -1, -1, -1, -1, -1, -1, -1, -1, -1, -1, -1, -1, -1, -1, -1, -1, -1, -1, -1, -1, -1, -1, -1, -1, -1, -1, -1, -1, -1, -1, -1, -1, -1, -1, -1, -1, -1, -1, -1, -1, -1, -1, -1, -1, -1, -1, -1, -1, -1, -1, -1, -1, -1, -1, -1, -1, -1, -1, -1, -1, -1, -1, -1, -1]"
150,18,23,0.5,None,1,237,"[{'cluster_no': -1, 'count': 237}]","[-1, -1, -1, -1, -1, -1, -1, -1, -1, -1, -1, -1, -1, -1, -1, -1, -1, -1, -1, -1, -1, -1, -1, -1, -1, -1, -1, -1, -1, -1, -1, -1, -1, -1, -1, -1, -1, -1, -1, -1, -1, -1, -1, -1, -1, -1, -1, -1, -1, -1, -1, -1, -1, -1, -1, -1, -1, -1, -1, -1, -1, -1, -1, -1, -1, -1, -1, -1, -1, -1, -1, -1, -1, -1, -1, -1, -1, -1, -1, -1, -1, -1, -1, -1, -1, -1, -1, -1, -1, -1, -1, -1, -1, -1, -1, -1, -1, -1, -1, -1, -1, -1, -1, -1, -1, -1, -1, -1, -1, -1, -1, -1, -1, -1, -1, -1, -1, -1, -1, -1, -1, -1, -1, -1, -1, -1, -1, -1, -1, -1, -1, -1, -1, -1, -1, -1, -1, -1, -1, -1, -1, -1, -1, -1, -1, -1, -1, -1, -1, -1, -1, -1, -1, -1, -1, -1, -1, -1, -1, -1, -1, -1, -1, -1, -1, -1, -1, -1, -1, -1, -1, -1, -1, -1, -1, -1, -1, -1, -1, -1, -1, -1, -1, -1, -1, -1, -1, -1, -1, -1, -1, -1, -1, -1, -1, -1, -1, -1, -1, -1, -1, -1, -1, -1, -1, -1, -1, -1, -1, -1, -1, -1, -1, -1, -1, -1, -1, -1, -1, -1, -1, -1, -1, -1, -1, -1, -1, -1, -1, -1, -1, -1, -1, -1, -1, -1, -1]"
150,18,23,1.0,None,1,237,"[{'cluster_no': -1, 'count': 237}]","[-1, -1, -1, -1, -1, -1, -1, -1, -1, -1, -1, -1, -1, -1, -1, -1, -1, -1, -1, -1, -1, -1, -1, -1, -1, -1, -1, -1, -1, -1, -1, -1, -1, -1, -1, -1, -1, -1, -1, -1, -1, -1, -1, -1, -1, -1, -1, -1, -1, -1, -1, -1, -1, -1, -1, -1, -1, -1, -1, -1, -1, -1, -1, -1, -1, -1, -1, -1, -1, -1, -1, -1, -1, -1, -1, -1, -1, -1, -1, -1, -1, -1, -1, -1, -1, -1, -1, -1, -1, -1, -1, -1, -1, -1, -1, -1, -1, -1, -1, -1, -1, -1, -1, -1, -1, -1, -1, -1, -1, -1, -1, -1, -1, -1, -1, -1, -1, -1, -1, -1, -1, -1, -1, -1, -1, -1, -1, -1, -1, -1, -1, -1, -1, -1, -1, -1, -1, -1, -1, -1, -1, -1, -1, -1, -1, -1, -1, -1, -1, -1, -1, -1, -1, -1, -1, -1, -1, -1, -1, -1, -1, -1, -1, -1, -1, -1, -1, -1, -1, -1, -1, -1, -1, -1, -1, -1, -1, -1, -1, -1, -1, -1, -1, -1, -1, -1, -1, -1, -1, -1, -1, -1, -1, -1, -1, -1, -1, -1, -1, -1, -1, -1, -1, -1, -1, -1, -1, -1, -1, -1, -1, -1, -1, -1, -1, -1, -1, -1, -1, -1, -1, -1, -1, -1, -1, -1, -1, -1, -1, -1, -1, -1, -1, -1, -1, -1, -1]"
150,18,24,0.0,None,1,237,"[{'cluster_no': -1, 'count': 237}]","[-1, -1, -1, -1, -1, -1, -1, -1, -1, -1, -1, -1, -1, -1, -1, -1, -1, -1, -1, -1, -1, -1, -1, -1, -1, -1, -1, -1, -1, -1, -1, -1, -1, -1, -1, -1, -1, -1, -1, -1, -1, -1, -1, -1, -1, -1, -1, -1, -1, -1, -1, -1, -1, -1, -1, -1, -1, -1, -1, -1, -1, -1, -1, -1, -1, -1, -1, -1, -1, -1, -1, -1, -1, -1, -1, -1, -1, -1, -1, -1, -1, -1, -1, -1, -1, -1, -1, -1, -1, -1, -1, -1, -1, -1, -1, -1, -1, -1, -1, -1, -1, -1, -1, -1, -1, -1, -1, -1, -1, -1, -1, -1, -1, -1, -1, -1, -1, -1, -1, -1, -1, -1, -1, -1, -1, -1, -1, -1, -1, -1, -1, -1, -1, -1, -1, -1, -1, -1, -1, -1, -1, -1, -1, -1, -1, -1, -1, -1, -1, -1, -1, -1, -1, -1, -1, -1, -1, -1, -1, -1, -1, -1, -1, -1, -1, -1, -1, -1, -1, -1, -1, -1, -1, -1, -1, -1, -1, -1, -1, -1, -1, -1, -1, -1, -1, -1, -1, -1, -1, -1, -1, -1, -1, -1, -1, -1, -1, -1, -1, -1, -1, -1, -1, -1, -1, -1, -1, -1, -1, -1, -1, -1, -1, -1, -1, -1, -1, -1, -1, -1, -1, -1, -1, -1, -1, -1, -1, -1, -1, -1, -1, -1, -1, -1, -1, -1, -1]"
150,18,24,0.5,None,1,237,"[{'cluster_no': -1, 'count': 237}]","[-1, -1, -1, -1, -1, -1, -1, -1, -1, -1, -1, -1, -1, -1, -1, -1, -1, -1, -1, -1, -1, -1, -1, -1, -1, -1, -1, -1, -1, -1, -1, -1, -1, -1, -1, -1, -1, -1, -1, -1, -1, -1, -1, -1, -1, -1, -1, -1, -1, -1, -1, -1, -1, -1, -1, -1, -1, -1, -1, -1, -1, -1, -1, -1, -1, -1, -1, -1, -1, -1, -1, -1, -1, -1, -1, -1, -1, -1, -1, -1, -1, -1, -1, -1, -1, -1, -1, -1, -1, -1, -1, -1, -1, -1, -1, -1, -1, -1, -1, -1, -1, -1, -1, -1, -1, -1, -1, -1, -1, -1, -1, -1, -1, -1, -1, -1, -1, -1, -1, -1, -1, -1, -1, -1, -1, -1, -1, -1, -1, -1, -1, -1, -1, -1, -1, -1, -1, -1, -1, -1, -1, -1, -1, -1, -1, -1, -1, -1, -1, -1, -1, -1, -1, -1, -1, -1, -1, -1, -1, -1, -1, -1, -1, -1, -1, -1, -1, -1, -1, -1, -1, -1, -1, -1, -1, -1, -1, -1, -1, -1, -1, -1, -1, -1, -1, -1, -1, -1, -1, -1, -1, -1, -1, -1, -1, -1, -1, -1, -1, -1, -1, -1, -1, -1, -1, -1, -1, -1, -1, -1, -1, -1, -1, -1, -1, -1, -1, -1, -1, -1, -1, -1, -1, -1, -1, -1, -1, -1, -1, -1, -1, -1, -1, -1, -1, -1, -1]"
150,18,24,1.0,None,1,237,"[{'cluster_no': -1, 'count': 237}]","[-1, -1, -1, -1, -1, -1, -1, -1, -1, -1, -1, -1, -1, -1, -1, -1, -1, -1, -1, -1, -1, -1, -1, -1, -1, -1, -1, -1, -1, -1, -1, -1, -1, -1, -1, -1, -1, -1, -1, -1, -1, -1, -1, -1, -1, -1, -1, -1, -1, -1, -1, -1, -1, -1, -1, -1, -1, -1, -1, -1, -1, -1, -1, -1, -1, -1, -1, -1, -1, -1, -1, -1, -1, -1, -1, -1, -1, -1, -1, -1, -1, -1, -1, -1, -1, -1, -1, -1, -1, -1, -1, -1, -1, -1, -1, -1, -1, -1, -1, -1, -1, -1, -1, -1, -1, -1, -1, -1, -1, -1, -1, -1, -1, -1, -1, -1, -1, -1, -1, -1, -1, -1, -1, -1, -1, -1, -1, -1, -1, -1, -1, -1, -1, -1, -1, -1, -1, -1, -1, -1, -1, -1, -1, -1, -1, -1, -1, -1, -1, -1, -1, -1, -1, -1, -1, -1, -1, -1, -1, -1, -1, -1, -1, -1, -1, -1, -1, -1, -1, -1, -1, -1, -1, -1, -1, -1, -1, -1, -1, -1, -1, -1, -1, -1, -1, -1, -1, -1, -1, -1, -1, -1, -1, -1, -1, -1, -1, -1, -1, -1, -1, -1, -1, -1, -1, -1, -1, -1, -1, -1, -1, -1, -1, -1, -1, -1, -1, -1, -1, -1, -1, -1, -1, -1, -1, -1, -1, -1, -1, -1, -1, -1, -1, -1, -1, -1, -1]"
150,18,25,0.0,None,1,237,"[{'cluster_no': -1, 'count': 237}]","[-1, -1, -1, -1, -1, -1, -1, -1, -1, -1, -1, -1, -1, -1, -1, -1, -1, -1, -1, -1, -1, -1, -1, -1, -1, -1, -1, -1, -1, -1, -1, -1, -1, -1, -1, -1, -1, -1, -1, -1, -1, -1, -1, -1, -1, -1, -1, -1, -1, -1, -1, -1, -1, -1, -1, -1, -1, -1, -1, -1, -1, -1, -1, -1, -1, -1, -1, -1, -1, -1, -1, -1, -1, -1, -1, -1, -1, -1, -1, -1, -1, -1, -1, -1, -1, -1, -1, -1, -1, -1, -1, -1, -1, -1, -1, -1, -1, -1, -1, -1, -1, -1, -1, -1, -1, -1, -1, -1, -1, -1, -1, -1, -1, -1, -1, -1, -1, -1, -1, -1, -1, -1, -1, -1, -1, -1, -1, -1, -1, -1, -1, -1, -1, -1, -1, -1, -1, -1, -1, -1, -1, -1, -1, -1, -1, -1, -1, -1, -1, -1, -1, -1, -1, -1, -1, -1, -1, -1, -1, -1, -1, -1, -1, -1, -1, -1, -1, -1, -1, -1, -1, -1, -1, -1, -1, -1, -1, -1, -1, -1, -1, -1, -1, -1, -1, -1, -1, -1, -1, -1, -1, -1, -1, -1, -1, -1, -1, -1, -1, -1, -1, -1, -1, -1, -1, -1, -1, -1, -1, -1, -1, -1, -1, -1, -1, -1, -1, -1, -1, -1, -1, -1, -1, -1, -1, -1, -1, -1, -1, -1, -1, -1, -1, -1, -1, -1, -1]"
150,18,25,0.5,None,1,237,"[{'cluster_no': -1, 'count': 237}]","[-1, -1, -1, -1, -1, -1, -1, -1, -1, -1, -1, -1, -1, -1, -1, -1, -1, -1, -1, -1, -1, -1, -1, -1, -1, -1, -1, -1, -1, -1, -1, -1, -1, -1, -1, -1, -1, -1, -1, -1, -1, -1, -1, -1, -1, -1, -1, -1, -1, -1, -1, -1, -1, -1, -1, -1, -1, -1, -1, -1, -1, -1, -1, -1, -1, -1, -1, -1, -1, -1, -1, -1, -1, -1, -1, -1, -1, -1, -1, -1, -1, -1, -1, -1, -1, -1, -1, -1, -1, -1, -1, -1, -1, -1, -1, -1, -1, -1, -1, -1, -1, -1, -1, -1, -1, -1, -1, -1, -1, -1, -1, -1, -1, -1, -1, -1, -1, -1, -1, -1, -1, -1, -1, -1, -1, -1, -1, -1, -1, -1, -1, -1, -1, -1, -1, -1, -1, -1, -1, -1, -1, -1, -1, -1, -1, -1, -1, -1, -1, -1, -1, -1, -1, -1, -1, -1, -1, -1, -1, -1, -1, -1, -1, -1, -1, -1, -1, -1, -1, -1, -1, -1, -1, -1, -1, -1, -1, -1, -1, -1, -1, -1, -1, -1, -1, -1, -1, -1, -1, -1, -1, -1, -1, -1, -1, -1, -1, -1, -1, -1, -1, -1, -1, -1, -1, -1, -1, -1, -1, -1, -1, -1, -1, -1, -1, -1, -1, -1, -1, -1, -1, -1, -1, -1, -1, -1, -1, -1, -1, -1, -1, -1, -1, -1, -1, -1, -1]"
150,18,25,1.0,None,1,237,"[{'cluster_no': -1, 'count': 237}]","[-1, -1, -1, -1, -1, -1, -1, -1, -1, -1, -1, -1, -1, -1, -1, -1, -1, -1, -1, -1, -1, -1, -1, -1, -1, -1, -1, -1, -1, -1, -1, -1, -1, -1, -1, -1, -1, -1, -1, -1, -1, -1, -1, -1, -1, -1, -1, -1, -1, -1, -1, -1, -1, -1, -1, -1, -1, -1, -1, -1, -1, -1, -1, -1, -1, -1, -1, -1, -1, -1, -1, -1, -1, -1, -1, -1, -1, -1, -1, -1, -1, -1, -1, -1, -1, -1, -1, -1, -1, -1, -1, -1, -1, -1, -1, -1, -1, -1, -1, -1, -1, -1, -1, -1, -1, -1, -1, -1, -1, -1, -1, -1, -1, -1, -1, -1, -1, -1, -1, -1, -1, -1, -1, -1, -1, -1, -1, -1, -1, -1, -1, -1, -1, -1, -1, -1, -1, -1, -1, -1, -1, -1, -1, -1, -1, -1, -1, -1, -1, -1, -1, -1, -1, -1, -1, -1, -1, -1, -1, -1, -1, -1, -1, -1, -1, -1, -1, -1, -1, -1, -1, -1, -1, -1, -1, -1, -1, -1, -1, -1, -1, -1, -1, -1, -1, -1, -1, -1, -1, -1, -1, -1, -1, -1, -1, -1, -1, -1, -1, -1, -1, -1, -1, -1, -1, -1, -1, -1, -1, -1, -1, -1, -1, -1, -1, -1, -1, -1, -1, -1, -1, -1, -1, -1, -1, -1, -1, -1, -1, -1, -1, -1, -1, -1, -1, -1, -1]"
150,18,26,0.0,None,1,237,"[{'cluster_no': -1, 'count': 237}]","[-1, -1, -1, -1, -1, -1, -1, -1, -1, -1, -1, -1, -1, -1, -1, -1, -1, -1, -1, -1, -1, -1, -1, -1, -1, -1, -1, -1, -1, -1, -1, -1, -1, -1, -1, -1, -1, -1, -1, -1, -1, -1, -1, -1, -1, -1, -1, -1, -1, -1, -1, -1, -1, -1, -1, -1, -1, -1, -1, -1, -1, -1, -1, -1, -1, -1, -1, -1, -1, -1, -1, -1, -1, -1, -1, -1, -1, -1, -1, -1, -1, -1, -1, -1, -1, -1, -1, -1, -1, -1, -1, -1, -1, -1, -1, -1, -1, -1, -1, -1, -1, -1, -1, -1, -1, -1, -1, -1, -1, -1, -1, -1, -1, -1, -1, -1, -1, -1, -1, -1, -1, -1, -1, -1, -1, -1, -1, -1, -1, -1, -1, -1, -1, -1, -1, -1, -1, -1, -1, -1, -1, -1, -1, -1, -1, -1, -1, -1, -1, -1, -1, -1, -1, -1, -1, -1, -1, -1, -1, -1, -1, -1, -1, -1, -1, -1, -1, -1, -1, -1, -1, -1, -1, -1, -1, -1, -1, -1, -1, -1, -1, -1, -1, -1, -1, -1, -1, -1, -1, -1, -1, -1, -1, -1, -1, -1, -1, -1, -1, -1, -1, -1, -1, -1, -1, -1, -1, -1, -1, -1, -1, -1, -1, -1, -1, -1, -1, -1, -1, -1, -1, -1, -1, -1, -1, -1, -1, -1, -1, -1, -1, -1, -1, -1, -1, -1, -1]"
150,18,26,0.5,None,1,237,"[{'cluster_no': -1, 'count': 237}]","[-1, -1, -1, -1, -1, -1, -1, -1, -1, -1, -1, -1, -1, -1, -1, -1, -1, -1, -1, -1, -1, -1, -1, -1, -1, -1, -1, -1, -1, -1, -1, -1, -1, -1, -1, -1, -1, -1, -1, -1, -1, -1, -1, -1, -1, -1, -1, -1, -1, -1, -1, -1, -1, -1, -1, -1, -1, -1, -1, -1, -1, -1, -1, -1, -1, -1, -1, -1, -1, -1, -1, -1, -1, -1, -1, -1, -1, -1, -1, -1, -1, -1, -1, -1, -1, -1, -1, -1, -1, -1, -1, -1, -1, -1, -1, -1, -1, -1, -1, -1, -1, -1, -1, -1, -1, -1, -1, -1, -1, -1, -1, -1, -1, -1, -1, -1, -1, -1, -1, -1, -1, -1, -1, -1, -1, -1, -1, -1, -1, -1, -1, -1, -1, -1, -1, -1, -1, -1, -1, -1, -1, -1, -1, -1, -1, -1, -1, -1, -1, -1, -1, -1, -1, -1, -1, -1, -1, -1, -1, -1, -1, -1, -1, -1, -1, -1, -1, -1, -1, -1, -1, -1, -1, -1, -1, -1, -1, -1, -1, -1, -1, -1, -1, -1, -1, -1, -1, -1, -1, -1, -1, -1, -1, -1, -1, -1, -1, -1, -1, -1, -1, -1, -1, -1, -1, -1, -1, -1, -1, -1, -1, -1, -1, -1, -1, -1, -1, -1, -1, -1, -1, -1, -1, -1, -1, -1, -1, -1, -1, -1, -1, -1, -1, -1, -1, -1, -1]"
150,18,26,1.0,None,1,237,"[{'cluster_no': -1, 'count': 237}]","[-1, -1, -1, -1, -1, -1, -1, -1, -1, -1, -1, -1, -1, -1, -1, -1, -1, -1, -1, -1, -1, -1, -1, -1, -1, -1, -1, -1, -1, -1, -1, -1, -1, -1, -1, -1, -1, -1, -1, -1, -1, -1, -1, -1, -1, -1, -1, -1, -1, -1, -1, -1, -1, -1, -1, -1, -1, -1, -1, -1, -1, -1, -1, -1, -1, -1, -1, -1, -1, -1, -1, -1, -1, -1, -1, -1, -1, -1, -1, -1, -1, -1, -1, -1, -1, -1, -1, -1, -1, -1, -1, -1, -1, -1, -1, -1, -1, -1, -1, -1, -1, -1, -1, -1, -1, -1, -1, -1, -1, -1, -1, -1, -1, -1, -1, -1, -1, -1, -1, -1, -1, -1, -1, -1, -1, -1, -1, -1, -1, -1, -1, -1, -1, -1, -1, -1, -1, -1, -1, -1, -1, -1, -1, -1, -1, -1, -1, -1, -1, -1, -1, -1, -1, -1, -1, -1, -1, -1, -1, -1, -1, -1, -1, -1, -1, -1, -1, -1, -1, -1, -1, -1, -1, -1, -1, -1, -1, -1, -1, -1, -1, -1, -1, -1, -1, -1, -1, -1, -1, -1, -1, -1, -1, -1, -1, -1, -1, -1, -1, -1, -1, -1, -1, -1, -1, -1, -1, -1, -1, -1, -1, -1, -1, -1, -1, -1, -1, -1, -1, -1, -1, -1, -1, -1, -1, -1, -1, -1, -1, -1, -1, -1, -1, -1, -1, -1, -1]"
150,18,27,0.0,None,1,237,"[{'cluster_no': -1, 'count': 237}]","[-1, -1, -1, -1, -1, -1, -1, -1, -1, -1, -1, -1, -1, -1, -1, -1, -1, -1, -1, -1, -1, -1, -1, -1, -1, -1, -1, -1, -1, -1, -1, -1, -1, -1, -1, -1, -1, -1, -1, -1, -1, -1, -1, -1, -1, -1, -1, -1, -1, -1, -1, -1, -1, -1, -1, -1, -1, -1, -1, -1, -1, -1, -1, -1, -1, -1, -1, -1, -1, -1, -1, -1, -1, -1, -1, -1, -1, -1, -1, -1, -1, -1, -1, -1, -1, -1, -1, -1, -1, -1, -1, -1, -1, -1, -1, -1, -1, -1, -1, -1, -1, -1, -1, -1, -1, -1, -1, -1, -1, -1, -1, -1, -1, -1, -1, -1, -1, -1, -1, -1, -1, -1, -1, -1, -1, -1, -1, -1, -1, -1, -1, -1, -1, -1, -1, -1, -1, -1, -1, -1, -1, -1, -1, -1, -1, -1, -1, -1, -1, -1, -1, -1, -1, -1, -1, -1, -1, -1, -1, -1, -1, -1, -1, -1, -1, -1, -1, -1, -1, -1, -1, -1, -1, -1, -1, -1, -1, -1, -1, -1, -1, -1, -1, -1, -1, -1, -1, -1, -1, -1, -1, -1, -1, -1, -1, -1, -1, -1, -1, -1, -1, -1, -1, -1, -1, -1, -1, -1, -1, -1, -1, -1, -1, -1, -1, -1, -1, -1, -1, -1, -1, -1, -1, -1, -1, -1, -1, -1, -1, -1, -1, -1, -1, -1, -1, -1, -1]"
150,18,27,0.5,None,1,237,"[{'cluster_no': -1, 'count': 237}]","[-1, -1, -1, -1, -1, -1, -1, -1, -1, -1, -1, -1, -1, -1, -1, -1, -1, -1, -1, -1, -1, -1, -1, -1, -1, -1, -1, -1, -1, -1, -1, -1, -1, -1, -1, -1, -1, -1, -1, -1, -1, -1, -1, -1, -1, -1, -1, -1, -1, -1, -1, -1, -1, -1, -1, -1, -1, -1, -1, -1, -1, -1, -1, -1, -1, -1, -1, -1, -1, -1, -1, -1, -1, -1, -1, -1, -1, -1, -1, -1, -1, -1, -1, -1, -1, -1, -1, -1, -1, -1, -1, -1, -1, -1, -1, -1, -1, -1, -1, -1, -1, -1, -1, -1, -1, -1, -1, -1, -1, -1, -1, -1, -1, -1, -1, -1, -1, -1, -1, -1, -1, -1, -1, -1, -1, -1, -1, -1, -1, -1, -1, -1, -1, -1, -1, -1, -1, -1, -1, -1, -1, -1, -1, -1, -1, -1, -1, -1, -1, -1, -1, -1, -1, -1, -1, -1, -1, -1, -1, -1, -1, -1, -1, -1, -1, -1, -1, -1, -1, -1, -1, -1, -1, -1, -1, -1, -1, -1, -1, -1, -1, -1, -1, -1, -1, -1, -1, -1, -1, -1, -1, -1, -1, -1, -1, -1, -1, -1, -1, -1, -1, -1, -1, -1, -1, -1, -1, -1, -1, -1, -1, -1, -1, -1, -1, -1, -1, -1, -1, -1, -1, -1, -1, -1, -1, -1, -1, -1, -1, -1, -1, -1, -1, -1, -1, -1, -1]"
150,18,27,1.0,None,1,237,"[{'cluster_no': -1, 'count': 237}]","[-1, -1, -1, -1, -1, -1, -1, -1, -1, -1, -1, -1, -1, -1, -1, -1, -1, -1, -1, -1, -1, -1, -1, -1, -1, -1, -1, -1, -1, -1, -1, -1, -1, -1, -1, -1, -1, -1, -1, -1, -1, -1, -1, -1, -1, -1, -1, -1, -1, -1, -1, -1, -1, -1, -1, -1, -1, -1, -1, -1, -1, -1, -1, -1, -1, -1, -1, -1, -1, -1, -1, -1, -1, -1, -1, -1, -1, -1, -1, -1, -1, -1, -1, -1, -1, -1, -1, -1, -1, -1, -1, -1, -1, -1, -1, -1, -1, -1, -1, -1, -1, -1, -1, -1, -1, -1, -1, -1, -1, -1, -1, -1, -1, -1, -1, -1, -1, -1, -1, -1, -1, -1, -1, -1, -1, -1, -1, -1, -1, -1, -1, -1, -1, -1, -1, -1, -1, -1, -1, -1, -1, -1, -1, -1, -1, -1, -1, -1, -1, -1, -1, -1, -1, -1, -1, -1, -1, -1, -1, -1, -1, -1, -1, -1, -1, -1, -1, -1, -1, -1, -1, -1, -1, -1, -1, -1, -1, -1, -1, -1, -1, -1, -1, -1, -1, -1, -1, -1, -1, -1, -1, -1, -1, -1, -1, -1, -1, -1, -1, -1, -1, -1, -1, -1, -1, -1, -1, -1, -1, -1, -1, -1, -1, -1, -1, -1, -1, -1, -1, -1, -1, -1, -1, -1, -1, -1, -1, -1, -1, -1, -1, -1, -1, -1, -1, -1, -1]"
150,18,28,0.0,None,1,237,"[{'cluster_no': -1, 'count': 237}]","[-1, -1, -1, -1, -1, -1, -1, -1, -1, -1, -1, -1, -1, -1, -1, -1, -1, -1, -1, -1, -1, -1, -1, -1, -1, -1, -1, -1, -1, -1, -1, -1, -1, -1, -1, -1, -1, -1, -1, -1, -1, -1, -1, -1, -1, -1, -1, -1, -1, -1, -1, -1, -1, -1, -1, -1, -1, -1, -1, -1, -1, -1, -1, -1, -1, -1, -1, -1, -1, -1, -1, -1, -1, -1, -1, -1, -1, -1, -1, -1, -1, -1, -1, -1, -1, -1, -1, -1, -1, -1, -1, -1, -1, -1, -1, -1, -1, -1, -1, -1, -1, -1, -1, -1, -1, -1, -1, -1, -1, -1, -1, -1, -1, -1, -1, -1, -1, -1, -1, -1, -1, -1, -1, -1, -1, -1, -1, -1, -1, -1, -1, -1, -1, -1, -1, -1, -1, -1, -1, -1, -1, -1, -1, -1, -1, -1, -1, -1, -1, -1, -1, -1, -1, -1, -1, -1, -1, -1, -1, -1, -1, -1, -1, -1, -1, -1, -1, -1, -1, -1, -1, -1, -1, -1, -1, -1, -1, -1, -1, -1, -1, -1, -1, -1, -1, -1, -1, -1, -1, -1, -1, -1, -1, -1, -1, -1, -1, -1, -1, -1, -1, -1, -1, -1, -1, -1, -1, -1, -1, -1, -1, -1, -1, -1, -1, -1, -1, -1, -1, -1, -1, -1, -1, -1, -1, -1, -1, -1, -1, -1, -1, -1, -1, -1, -1, -1, -1]"
150,18,28,0.5,None,1,237,"[{'cluster_no': -1, 'count': 237}]","[-1, -1, -1, -1, -1, -1, -1, -1, -1, -1, -1, -1, -1, -1, -1, -1, -1, -1, -1, -1, -1, -1, -1, -1, -1, -1, -1, -1, -1, -1, -1, -1, -1, -1, -1, -1, -1, -1, -1, -1, -1, -1, -1, -1, -1, -1, -1, -1, -1, -1, -1, -1, -1, -1, -1, -1, -1, -1, -1, -1, -1, -1, -1, -1, -1, -1, -1, -1, -1, -1, -1, -1, -1, -1, -1, -1, -1, -1, -1, -1, -1, -1, -1, -1, -1, -1, -1, -1, -1, -1, -1, -1, -1, -1, -1, -1, -1, -1, -1, -1, -1, -1, -1, -1, -1, -1, -1, -1, -1, -1, -1, -1, -1, -1, -1, -1, -1, -1, -1, -1, -1, -1, -1, -1, -1, -1, -1, -1, -1, -1, -1, -1, -1, -1, -1, -1, -1, -1, -1, -1, -1, -1, -1, -1, -1, -1, -1, -1, -1, -1, -1, -1, -1, -1, -1, -1, -1, -1, -1, -1, -1, -1, -1, -1, -1, -1, -1, -1, -1, -1, -1, -1, -1, -1, -1, -1, -1, -1, -1, -1, -1, -1, -1, -1, -1, -1, -1, -1, -1, -1, -1, -1, -1, -1, -1, -1, -1, -1, -1, -1, -1, -1, -1, -1, -1, -1, -1, -1, -1, -1, -1, -1, -1, -1, -1, -1, -1, -1, -1, -1, -1, -1, -1, -1, -1, -1, -1, -1, -1, -1, -1, -1, -1, -1, -1, -1, -1]"
150,18,28,1.0,None,1,237,"[{'cluster_no': -1, 'count': 237}]","[-1, -1, -1, -1, -1, -1, -1, -1, -1, -1, -1, -1, -1, -1, -1, -1, -1, -1, -1, -1, -1, -1, -1, -1, -1, -1, -1, -1, -1, -1, -1, -1, -1, -1, -1, -1, -1, -1, -1, -1, -1, -1, -1, -1, -1, -1, -1, -1, -1, -1, -1, -1, -1, -1, -1, -1, -1, -1, -1, -1, -1, -1, -1, -1, -1, -1, -1, -1, -1, -1, -1, -1, -1, -1, -1, -1, -1, -1, -1, -1, -1, -1, -1, -1, -1, -1, -1, -1, -1, -1, -1, -1, -1, -1, -1, -1, -1, -1, -1, -1, -1, -1, -1, -1, -1, -1, -1, -1, -1, -1, -1, -1, -1, -1, -1, -1, -1, -1, -1, -1, -1, -1, -1, -1, -1, -1, -1, -1, -1, -1, -1, -1, -1, -1, -1, -1, -1, -1, -1, -1, -1, -1, -1, -1, -1, -1, -1, -1, -1, -1, -1, -1, -1, -1, -1, -1, -1, -1, -1, -1, -1, -1, -1, -1, -1, -1, -1, -1, -1, -1, -1, -1, -1, -1, -1, -1, -1, -1, -1, -1, -1, -1, -1, -1, -1, -1, -1, -1, -1, -1, -1, -1, -1, -1, -1, -1, -1, -1, -1, -1, -1, -1, -1, -1, -1, -1, -1, -1, -1, -1, -1, -1, -1, -1, -1, -1, -1, -1, -1, -1, -1, -1, -1, -1, -1, -1, -1, -1, -1, -1, -1, -1, -1, -1, -1, -1, -1]"
150,18,29,0.0,None,1,237,"[{'cluster_no': -1, 'count': 237}]","[-1, -1, -1, -1, -1, -1, -1, -1, -1, -1, -1, -1, -1, -1, -1, -1, -1, -1, -1, -1, -1, -1, -1, -1, -1, -1, -1, -1, -1, -1, -1, -1, -1, -1, -1, -1, -1, -1, -1, -1, -1, -1, -1, -1, -1, -1, -1, -1, -1, -1, -1, -1, -1, -1, -1, -1, -1, -1, -1, -1, -1, -1, -1, -1, -1, -1, -1, -1, -1, -1, -1, -1, -1, -1, -1, -1, -1, -1, -1, -1, -1, -1, -1, -1, -1, -1, -1, -1, -1, -1, -1, -1, -1, -1, -1, -1, -1, -1, -1, -1, -1, -1, -1, -1, -1, -1, -1, -1, -1, -1, -1, -1, -1, -1, -1, -1, -1, -1, -1, -1, -1, -1, -1, -1, -1, -1, -1, -1, -1, -1, -1, -1, -1, -1, -1, -1, -1, -1, -1, -1, -1, -1, -1, -1, -1, -1, -1, -1, -1, -1, -1, -1, -1, -1, -1, -1, -1, -1, -1, -1, -1, -1, -1, -1, -1, -1, -1, -1, -1, -1, -1, -1, -1, -1, -1, -1, -1, -1, -1, -1, -1, -1, -1, -1, -1, -1, -1, -1, -1, -1, -1, -1, -1, -1, -1, -1, -1, -1, -1, -1, -1, -1, -1, -1, -1, -1, -1, -1, -1, -1, -1, -1, -1, -1, -1, -1, -1, -1, -1, -1, -1, -1, -1, -1, -1, -1, -1, -1, -1, -1, -1, -1, -1, -1, -1, -1, -1]"
150,18,29,0.5,None,1,237,"[{'cluster_no': -1, 'count': 237}]","[-1, -1, -1, -1, -1, -1, -1, -1, -1, -1, -1, -1, -1, -1, -1, -1, -1, -1, -1, -1, -1, -1, -1, -1, -1, -1, -1, -1, -1, -1, -1, -1, -1, -1, -1, -1, -1, -1, -1, -1, -1, -1, -1, -1, -1, -1, -1, -1, -1, -1, -1, -1, -1, -1, -1, -1, -1, -1, -1, -1, -1, -1, -1, -1, -1, -1, -1, -1, -1, -1, -1, -1, -1, -1, -1, -1, -1, -1, -1, -1, -1, -1, -1, -1, -1, -1, -1, -1, -1, -1, -1, -1, -1, -1, -1, -1, -1, -1, -1, -1, -1, -1, -1, -1, -1, -1, -1, -1, -1, -1, -1, -1, -1, -1, -1, -1, -1, -1, -1, -1, -1, -1, -1, -1, -1, -1, -1, -1, -1, -1, -1, -1, -1, -1, -1, -1, -1, -1, -1, -1, -1, -1, -1, -1, -1, -1, -1, -1, -1, -1, -1, -1, -1, -1, -1, -1, -1, -1, -1, -1, -1, -1, -1, -1, -1, -1, -1, -1, -1, -1, -1, -1, -1, -1, -1, -1, -1, -1, -1, -1, -1, -1, -1, -1, -1, -1, -1, -1, -1, -1, -1, -1, -1, -1, -1, -1, -1, -1, -1, -1, -1, -1, -1, -1, -1, -1, -1, -1, -1, -1, -1, -1, -1, -1, -1, -1, -1, -1, -1, -1, -1, -1, -1, -1, -1, -1, -1, -1, -1, -1, -1, -1, -1, -1, -1, -1, -1]"
150,18,29,1.0,None,1,237,"[{'cluster_no': -1, 'count': 237}]","[-1, -1, -1, -1, -1, -1, -1, -1, -1, -1, -1, -1, -1, -1, -1, -1, -1, -1, -1, -1, -1, -1, -1, -1, -1, -1, -1, -1, -1, -1, -1, -1, -1, -1, -1, -1, -1, -1, -1, -1, -1, -1, -1, -1, -1, -1, -1, -1, -1, -1, -1, -1, -1, -1, -1, -1, -1, -1, -1, -1, -1, -1, -1, -1, -1, -1, -1, -1, -1, -1, -1, -1, -1, -1, -1, -1, -1, -1, -1, -1, -1, -1, -1, -1, -1, -1, -1, -1, -1, -1, -1, -1, -1, -1, -1, -1, -1, -1, -1, -1, -1, -1, -1, -1, -1, -1, -1, -1, -1, -1, -1, -1, -1, -1, -1, -1, -1, -1, -1, -1, -1, -1, -1, -1, -1, -1, -1, -1, -1, -1, -1, -1, -1, -1, -1, -1, -1, -1, -1, -1, -1, -1, -1, -1, -1, -1, -1, -1, -1, -1, -1, -1, -1, -1, -1, -1, -1, -1, -1, -1, -1, -1, -1, -1, -1, -1, -1, -1, -1, -1, -1, -1, -1, -1, -1, -1, -1, -1, -1, -1, -1, -1, -1, -1, -1, -1, -1, -1, -1, -1, -1, -1, -1, -1, -1, -1, -1, -1, -1, -1, -1, -1, -1, -1, -1, -1, -1, -1, -1, -1, -1, -1, -1, -1, -1, -1, -1, -1, -1, -1, -1, -1, -1, -1, -1, -1, -1, -1, -1, -1, -1, -1, -1, -1, -1, -1, -1]"
150,18,30,0.0,None,1,237,"[{'cluster_no': -1, 'count': 237}]","[-1, -1, -1, -1, -1, -1, -1, -1, -1, -1, -1, -1, -1, -1, -1, -1, -1, -1, -1, -1, -1, -1, -1, -1, -1, -1, -1, -1, -1, -1, -1, -1, -1, -1, -1, -1, -1, -1, -1, -1, -1, -1, -1, -1, -1, -1, -1, -1, -1, -1, -1, -1, -1, -1, -1, -1, -1, -1, -1, -1, -1, -1, -1, -1, -1, -1, -1, -1, -1, -1, -1, -1, -1, -1, -1, -1, -1, -1, -1, -1, -1, -1, -1, -1, -1, -1, -1, -1, -1, -1, -1, -1, -1, -1, -1, -1, -1, -1, -1, -1, -1, -1, -1, -1, -1, -1, -1, -1, -1, -1, -1, -1, -1, -1, -1, -1, -1, -1, -1, -1, -1, -1, -1, -1, -1, -1, -1, -1, -1, -1, -1, -1, -1, -1, -1, -1, -1, -1, -1, -1, -1, -1, -1, -1, -1, -1, -1, -1, -1, -1, -1, -1, -1, -1, -1, -1, -1, -1, -1, -1, -1, -1, -1, -1, -1, -1, -1, -1, -1, -1, -1, -1, -1, -1, -1, -1, -1, -1, -1, -1, -1, -1, -1, -1, -1, -1, -1, -1, -1, -1, -1, -1, -1, -1, -1, -1, -1, -1, -1, -1, -1, -1, -1, -1, -1, -1, -1, -1, -1, -1, -1, -1, -1, -1, -1, -1, -1, -1, -1, -1, -1, -1, -1, -1, -1, -1, -1, -1, -1, -1, -1, -1, -1, -1, -1, -1, -1]"
150,18,30,0.5,None,1,237,"[{'cluster_no': -1, 'count': 237}]","[-1, -1, -1, -1, -1, -1, -1, -1, -1, -1, -1, -1, -1, -1, -1, -1, -1, -1, -1, -1, -1, -1, -1, -1, -1, -1, -1, -1, -1, -1, -1, -1, -1, -1, -1, -1, -1, -1, -1, -1, -1, -1, -1, -1, -1, -1, -1, -1, -1, -1, -1, -1, -1, -1, -1, -1, -1, -1, -1, -1, -1, -1, -1, -1, -1, -1, -1, -1, -1, -1, -1, -1, -1, -1, -1, -1, -1, -1, -1, -1, -1, -1, -1, -1, -1, -1, -1, -1, -1, -1, -1, -1, -1, -1, -1, -1, -1, -1, -1, -1, -1, -1, -1, -1, -1, -1, -1, -1, -1, -1, -1, -1, -1, -1, -1, -1, -1, -1, -1, -1, -1, -1, -1, -1, -1, -1, -1, -1, -1, -1, -1, -1, -1, -1, -1, -1, -1, -1, -1, -1, -1, -1, -1, -1, -1, -1, -1, -1, -1, -1, -1, -1, -1, -1, -1, -1, -1, -1, -1, -1, -1, -1, -1, -1, -1, -1, -1, -1, -1, -1, -1, -1, -1, -1, -1, -1, -1, -1, -1, -1, -1, -1, -1, -1, -1, -1, -1, -1, -1, -1, -1, -1, -1, -1, -1, -1, -1, -1, -1, -1, -1, -1, -1, -1, -1, -1, -1, -1, -1, -1, -1, -1, -1, -1, -1, -1, -1, -1, -1, -1, -1, -1, -1, -1, -1, -1, -1, -1, -1, -1, -1, -1, -1, -1, -1, -1, -1]"
150,18,30,1.0,None,1,237,"[{'cluster_no': -1, 'count': 237}]","[-1, -1, -1, -1, -1, -1, -1, -1, -1, -1, -1, -1, -1, -1, -1, -1, -1, -1, -1, -1, -1, -1, -1, -1, -1, -1, -1, -1, -1, -1, -1, -1, -1, -1, -1, -1, -1, -1, -1, -1, -1, -1, -1, -1, -1, -1, -1, -1, -1, -1, -1, -1, -1, -1, -1, -1, -1, -1, -1, -1, -1, -1, -1, -1, -1, -1, -1, -1, -1, -1, -1, -1, -1, -1, -1, -1, -1, -1, -1, -1, -1, -1, -1, -1, -1, -1, -1, -1, -1, -1, -1, -1, -1, -1, -1, -1, -1, -1, -1, -1, -1, -1, -1, -1, -1, -1, -1, -1, -1, -1, -1, -1, -1, -1, -1, -1, -1, -1, -1, -1, -1, -1, -1, -1, -1, -1, -1, -1, -1, -1, -1, -1, -1, -1, -1, -1, -1, -1, -1, -1, -1, -1, -1, -1, -1, -1, -1, -1, -1, -1, -1, -1, -1, -1, -1, -1, -1, -1, -1, -1, -1, -1, -1, -1, -1, -1, -1, -1, -1, -1, -1, -1, -1, -1, -1, -1, -1, -1, -1, -1, -1, -1, -1, -1, -1, -1, -1, -1, -1, -1, -1, -1, -1, -1, -1, -1, -1, -1, -1, -1, -1, -1, -1, -1, -1, -1, -1, -1, -1, -1, -1, -1, -1, -1, -1, -1, -1, -1, -1, -1, -1, -1, -1, -1, -1, -1, -1, -1, -1, -1, -1, -1, -1, -1, -1, -1, -1]"
150,19,5,0.0,0.3534090365577159,3,219,"[{'cluster_no': -1, 'count': 219}, {'cluster_no': 0, 'count': 6}, {'cluster_no': 1, 'count': 12}]","[-1, -1, -1, -1, -1, -1, -1, -1, -1, -1, -1, -1, -1, -1, -1, -1, -1, -1, -1, -1, -1, -1, -1, -1, -1, -1, -1, -1, -1, 1, -1, -1, -1, -1, -1, -1, -1, -1, -1, -1, -1, -1, -1, -1, -1, 1, -1, -1, -1, -1, -1, -1, -1, -1, -1, -1, -1, -1, -1, -1, -1, -1, -1, -1, -1, -1, -1, -1, -1, -1, -1, -1, -1, -1, -1, -1, -1, -1, -1, -1, 1, -1, -1, -1, -1, -1, -1, -1, 0, -1, -1, -1, -1, -1, -1, -1, -1, -1, -1, -1, -1, -1, -1, -1, -1, -1, -1, -1, -1, -1, -1, -1, -1, -1, -1, -1, -1, -1, -1, -1, -1, -1, -1, -1, -1, 1, -1, -1, -1, -1, -1, -1, -1, -1, -1, -1, 1, -1, -1, -1, -1, -1, -1, -1, -1, -1, -1, -1, -1, -1, -1, -1, -1, -1, -1, -1, -1, -1, -1, 0, 1, -1, -1, -1, -1, -1, 1, 0, -1, -1, -1, -1, 1, -1, 1, -1, -1, -1, -1, -1, -1, 1, -1, -1, 1, -1, -1, -1, -1, -1, -1, -1, -1, -1, -1, -1, -1, -1, -1, -1, -1, -1, -1, -1, -1, -1, -1, -1, 0, 0, 0, 1, -1, -1, -1, -1, -1, -1, -1, -1, -1, -1, -1, -1, -1, -1, -1, -1, -1, -1, -1, -1, -1, -1, -1, -1, -1]"
150,19,5,0.5,0.3534090365577159,3,219,"[{'cluster_no': -1, 'count': 219}, {'cluster_no': 0, 'count': 6}, {'cluster_no': 1, 'count': 12}]","[-1, -1, -1, -1, -1, -1, -1, -1, -1, -1, -1, -1, -1, -1, -1, -1, -1, -1, -1, -1, -1, -1, -1, -1, -1, -1, -1, -1, -1, 1, -1, -1, -1, -1, -1, -1, -1, -1, -1, -1, -1, -1, -1, -1, -1, 1, -1, -1, -1, -1, -1, -1, -1, -1, -1, -1, -1, -1, -1, -1, -1, -1, -1, -1, -1, -1, -1, -1, -1, -1, -1, -1, -1, -1, -1, -1, -1, -1, -1, -1, 1, -1, -1, -1, -1, -1, -1, -1, 0, -1, -1, -1, -1, -1, -1, -1, -1, -1, -1, -1, -1, -1, -1, -1, -1, -1, -1, -1, -1, -1, -1, -1, -1, -1, -1, -1, -1, -1, -1, -1, -1, -1, -1, -1, -1, 1, -1, -1, -1, -1, -1, -1, -1, -1, -1, -1, 1, -1, -1, -1, -1, -1, -1, -1, -1, -1, -1, -1, -1, -1, -1, -1, -1, -1, -1, -1, -1, -1, -1, 0, 1, -1, -1, -1, -1, -1, 1, 0, -1, -1, -1, -1, 1, -1, 1, -1, -1, -1, -1, -1, -1, 1, -1, -1, 1, -1, -1, -1, -1, -1, -1, -1, -1, -1, -1, -1, -1, -1, -1, -1, -1, -1, -1, -1, -1, -1, -1, -1, 0, 0, 0, 1, -1, -1, -1, -1, -1, -1, -1, -1, -1, -1, -1, -1, -1, -1, -1, -1, -1, -1, -1, -1, -1, -1, -1, -1, -1]"
150,19,5,1.0,0.3534090365577159,3,219,"[{'cluster_no': -1, 'count': 219}, {'cluster_no': 0, 'count': 6}, {'cluster_no': 1, 'count': 12}]","[-1, -1, -1, -1, -1, -1, -1, -1, -1, -1, -1, -1, -1, -1, -1, -1, -1, -1, -1, -1, -1, -1, -1, -1, -1, -1, -1, -1, -1, 1, -1, -1, -1, -1, -1, -1, -1, -1, -1, -1, -1, -1, -1, -1, -1, 1, -1, -1, -1, -1, -1, -1, -1, -1, -1, -1, -1, -1, -1, -1, -1, -1, -1, -1, -1, -1, -1, -1, -1, -1, -1, -1, -1, -1, -1, -1, -1, -1, -1, -1, 1, -1, -1, -1, -1, -1, -1, -1, 0, -1, -1, -1, -1, -1, -1, -1, -1, -1, -1, -1, -1, -1, -1, -1, -1, -1, -1, -1, -1, -1, -1, -1, -1, -1, -1, -1, -1, -1, -1, -1, -1, -1, -1, -1, -1, 1, -1, -1, -1, -1, -1, -1, -1, -1, -1, -1, 1, -1, -1, -1, -1, -1, -1, -1, -1, -1, -1, -1, -1, -1, -1, -1, -1, -1, -1, -1, -1, -1, -1, 0, 1, -1, -1, -1, -1, -1, 1, 0, -1, -1, -1, -1, 1, -1, 1, -1, -1, -1, -1, -1, -1, 1, -1, -1, 1, -1, -1, -1, -1, -1, -1, -1, -1, -1, -1, -1, -1, -1, -1, -1, -1, -1, -1, -1, -1, -1, -1, -1, 0, 0, 0, 1, -1, -1, -1, -1, -1, -1, -1, -1, -1, -1, -1, -1, -1, -1, -1, -1, -1, -1, -1, -1, -1, -1, -1, -1, -1]"
150,19,6,0.0,0.3534090365577159,3,219,"[{'cluster_no': -1, 'count': 219}, {'cluster_no': 0, 'count': 6}, {'cluster_no': 1, 'count': 12}]","[-1, -1, -1, -1, -1, -1, -1, -1, -1, -1, -1, -1, -1, -1, -1, -1, -1, -1, -1, -1, -1, -1, -1, -1, -1, -1, -1, -1, -1, 1, -1, -1, -1, -1, -1, -1, -1, -1, -1, -1, -1, -1, -1, -1, -1, 1, -1, -1, -1, -1, -1, -1, -1, -1, -1, -1, -1, -1, -1, -1, -1, -1, -1, -1, -1, -1, -1, -1, -1, -1, -1, -1, -1, -1, -1, -1, -1, -1, -1, -1, 1, -1, -1, -1, -1, -1, -1, -1, 0, -1, -1, -1, -1, -1, -1, -1, -1, -1, -1, -1, -1, -1, -1, -1, -1, -1, -1, -1, -1, -1, -1, -1, -1, -1, -1, -1, -1, -1, -1, -1, -1, -1, -1, -1, -1, 1, -1, -1, -1, -1, -1, -1, -1, -1, -1, -1, 1, -1, -1, -1, -1, -1, -1, -1, -1, -1, -1, -1, -1, -1, -1, -1, -1, -1, -1, -1, -1, -1, -1, 0, 1, -1, -1, -1, -1, -1, 1, 0, -1, -1, -1, -1, 1, -1, 1, -1, -1, -1, -1, -1, -1, 1, -1, -1, 1, -1, -1, -1, -1, -1, -1, -1, -1, -1, -1, -1, -1, -1, -1, -1, -1, -1, -1, -1, -1, -1, -1, -1, 0, 0, 0, 1, -1, -1, -1, -1, -1, -1, -1, -1, -1, -1, -1, -1, -1, -1, -1, -1, -1, -1, -1, -1, -1, -1, -1, -1, -1]"
150,19,6,0.5,0.3534090365577159,3,219,"[{'cluster_no': -1, 'count': 219}, {'cluster_no': 0, 'count': 6}, {'cluster_no': 1, 'count': 12}]","[-1, -1, -1, -1, -1, -1, -1, -1, -1, -1, -1, -1, -1, -1, -1, -1, -1, -1, -1, -1, -1, -1, -1, -1, -1, -1, -1, -1, -1, 1, -1, -1, -1, -1, -1, -1, -1, -1, -1, -1, -1, -1, -1, -1, -1, 1, -1, -1, -1, -1, -1, -1, -1, -1, -1, -1, -1, -1, -1, -1, -1, -1, -1, -1, -1, -1, -1, -1, -1, -1, -1, -1, -1, -1, -1, -1, -1, -1, -1, -1, 1, -1, -1, -1, -1, -1, -1, -1, 0, -1, -1, -1, -1, -1, -1, -1, -1, -1, -1, -1, -1, -1, -1, -1, -1, -1, -1, -1, -1, -1, -1, -1, -1, -1, -1, -1, -1, -1, -1, -1, -1, -1, -1, -1, -1, 1, -1, -1, -1, -1, -1, -1, -1, -1, -1, -1, 1, -1, -1, -1, -1, -1, -1, -1, -1, -1, -1, -1, -1, -1, -1, -1, -1, -1, -1, -1, -1, -1, -1, 0, 1, -1, -1, -1, -1, -1, 1, 0, -1, -1, -1, -1, 1, -1, 1, -1, -1, -1, -1, -1, -1, 1, -1, -1, 1, -1, -1, -1, -1, -1, -1, -1, -1, -1, -1, -1, -1, -1, -1, -1, -1, -1, -1, -1, -1, -1, -1, -1, 0, 0, 0, 1, -1, -1, -1, -1, -1, -1, -1, -1, -1, -1, -1, -1, -1, -1, -1, -1, -1, -1, -1, -1, -1, -1, -1, -1, -1]"
150,19,6,1.0,0.3534090365577159,3,219,"[{'cluster_no': -1, 'count': 219}, {'cluster_no': 0, 'count': 6}, {'cluster_no': 1, 'count': 12}]","[-1, -1, -1, -1, -1, -1, -1, -1, -1, -1, -1, -1, -1, -1, -1, -1, -1, -1, -1, -1, -1, -1, -1, -1, -1, -1, -1, -1, -1, 1, -1, -1, -1, -1, -1, -1, -1, -1, -1, -1, -1, -1, -1, -1, -1, 1, -1, -1, -1, -1, -1, -1, -1, -1, -1, -1, -1, -1, -1, -1, -1, -1, -1, -1, -1, -1, -1, -1, -1, -1, -1, -1, -1, -1, -1, -1, -1, -1, -1, -1, 1, -1, -1, -1, -1, -1, -1, -1, 0, -1, -1, -1, -1, -1, -1, -1, -1, -1, -1, -1, -1, -1, -1, -1, -1, -1, -1, -1, -1, -1, -1, -1, -1, -1, -1, -1, -1, -1, -1, -1, -1, -1, -1, -1, -1, 1, -1, -1, -1, -1, -1, -1, -1, -1, -1, -1, 1, -1, -1, -1, -1, -1, -1, -1, -1, -1, -1, -1, -1, -1, -1, -1, -1, -1, -1, -1, -1, -1, -1, 0, 1, -1, -1, -1, -1, -1, 1, 0, -1, -1, -1, -1, 1, -1, 1, -1, -1, -1, -1, -1, -1, 1, -1, -1, 1, -1, -1, -1, -1, -1, -1, -1, -1, -1, -1, -1, -1, -1, -1, -1, -1, -1, -1, -1, -1, -1, -1, -1, 0, 0, 0, 1, -1, -1, -1, -1, -1, -1, -1, -1, -1, -1, -1, -1, -1, -1, -1, -1, -1, -1, -1, -1, -1, -1, -1, -1, -1]"
150,19,7,0.0,None,1,237,"[{'cluster_no': -1, 'count': 237}]","[-1, -1, -1, -1, -1, -1, -1, -1, -1, -1, -1, -1, -1, -1, -1, -1, -1, -1, -1, -1, -1, -1, -1, -1, -1, -1, -1, -1, -1, -1, -1, -1, -1, -1, -1, -1, -1, -1, -1, -1, -1, -1, -1, -1, -1, -1, -1, -1, -1, -1, -1, -1, -1, -1, -1, -1, -1, -1, -1, -1, -1, -1, -1, -1, -1, -1, -1, -1, -1, -1, -1, -1, -1, -1, -1, -1, -1, -1, -1, -1, -1, -1, -1, -1, -1, -1, -1, -1, -1, -1, -1, -1, -1, -1, -1, -1, -1, -1, -1, -1, -1, -1, -1, -1, -1, -1, -1, -1, -1, -1, -1, -1, -1, -1, -1, -1, -1, -1, -1, -1, -1, -1, -1, -1, -1, -1, -1, -1, -1, -1, -1, -1, -1, -1, -1, -1, -1, -1, -1, -1, -1, -1, -1, -1, -1, -1, -1, -1, -1, -1, -1, -1, -1, -1, -1, -1, -1, -1, -1, -1, -1, -1, -1, -1, -1, -1, -1, -1, -1, -1, -1, -1, -1, -1, -1, -1, -1, -1, -1, -1, -1, -1, -1, -1, -1, -1, -1, -1, -1, -1, -1, -1, -1, -1, -1, -1, -1, -1, -1, -1, -1, -1, -1, -1, -1, -1, -1, -1, -1, -1, -1, -1, -1, -1, -1, -1, -1, -1, -1, -1, -1, -1, -1, -1, -1, -1, -1, -1, -1, -1, -1, -1, -1, -1, -1, -1, -1]"
150,19,7,0.5,None,1,237,"[{'cluster_no': -1, 'count': 237}]","[-1, -1, -1, -1, -1, -1, -1, -1, -1, -1, -1, -1, -1, -1, -1, -1, -1, -1, -1, -1, -1, -1, -1, -1, -1, -1, -1, -1, -1, -1, -1, -1, -1, -1, -1, -1, -1, -1, -1, -1, -1, -1, -1, -1, -1, -1, -1, -1, -1, -1, -1, -1, -1, -1, -1, -1, -1, -1, -1, -1, -1, -1, -1, -1, -1, -1, -1, -1, -1, -1, -1, -1, -1, -1, -1, -1, -1, -1, -1, -1, -1, -1, -1, -1, -1, -1, -1, -1, -1, -1, -1, -1, -1, -1, -1, -1, -1, -1, -1, -1, -1, -1, -1, -1, -1, -1, -1, -1, -1, -1, -1, -1, -1, -1, -1, -1, -1, -1, -1, -1, -1, -1, -1, -1, -1, -1, -1, -1, -1, -1, -1, -1, -1, -1, -1, -1, -1, -1, -1, -1, -1, -1, -1, -1, -1, -1, -1, -1, -1, -1, -1, -1, -1, -1, -1, -1, -1, -1, -1, -1, -1, -1, -1, -1, -1, -1, -1, -1, -1, -1, -1, -1, -1, -1, -1, -1, -1, -1, -1, -1, -1, -1, -1, -1, -1, -1, -1, -1, -1, -1, -1, -1, -1, -1, -1, -1, -1, -1, -1, -1, -1, -1, -1, -1, -1, -1, -1, -1, -1, -1, -1, -1, -1, -1, -1, -1, -1, -1, -1, -1, -1, -1, -1, -1, -1, -1, -1, -1, -1, -1, -1, -1, -1, -1, -1, -1, -1]"
150,19,7,1.0,None,1,237,"[{'cluster_no': -1, 'count': 237}]","[-1, -1, -1, -1, -1, -1, -1, -1, -1, -1, -1, -1, -1, -1, -1, -1, -1, -1, -1, -1, -1, -1, -1, -1, -1, -1, -1, -1, -1, -1, -1, -1, -1, -1, -1, -1, -1, -1, -1, -1, -1, -1, -1, -1, -1, -1, -1, -1, -1, -1, -1, -1, -1, -1, -1, -1, -1, -1, -1, -1, -1, -1, -1, -1, -1, -1, -1, -1, -1, -1, -1, -1, -1, -1, -1, -1, -1, -1, -1, -1, -1, -1, -1, -1, -1, -1, -1, -1, -1, -1, -1, -1, -1, -1, -1, -1, -1, -1, -1, -1, -1, -1, -1, -1, -1, -1, -1, -1, -1, -1, -1, -1, -1, -1, -1, -1, -1, -1, -1, -1, -1, -1, -1, -1, -1, -1, -1, -1, -1, -1, -1, -1, -1, -1, -1, -1, -1, -1, -1, -1, -1, -1, -1, -1, -1, -1, -1, -1, -1, -1, -1, -1, -1, -1, -1, -1, -1, -1, -1, -1, -1, -1, -1, -1, -1, -1, -1, -1, -1, -1, -1, -1, -1, -1, -1, -1, -1, -1, -1, -1, -1, -1, -1, -1, -1, -1, -1, -1, -1, -1, -1, -1, -1, -1, -1, -1, -1, -1, -1, -1, -1, -1, -1, -1, -1, -1, -1, -1, -1, -1, -1, -1, -1, -1, -1, -1, -1, -1, -1, -1, -1, -1, -1, -1, -1, -1, -1, -1, -1, -1, -1, -1, -1, -1, -1, -1, -1]"
150,19,8,0.0,None,1,237,"[{'cluster_no': -1, 'count': 237}]","[-1, -1, -1, -1, -1, -1, -1, -1, -1, -1, -1, -1, -1, -1, -1, -1, -1, -1, -1, -1, -1, -1, -1, -1, -1, -1, -1, -1, -1, -1, -1, -1, -1, -1, -1, -1, -1, -1, -1, -1, -1, -1, -1, -1, -1, -1, -1, -1, -1, -1, -1, -1, -1, -1, -1, -1, -1, -1, -1, -1, -1, -1, -1, -1, -1, -1, -1, -1, -1, -1, -1, -1, -1, -1, -1, -1, -1, -1, -1, -1, -1, -1, -1, -1, -1, -1, -1, -1, -1, -1, -1, -1, -1, -1, -1, -1, -1, -1, -1, -1, -1, -1, -1, -1, -1, -1, -1, -1, -1, -1, -1, -1, -1, -1, -1, -1, -1, -1, -1, -1, -1, -1, -1, -1, -1, -1, -1, -1, -1, -1, -1, -1, -1, -1, -1, -1, -1, -1, -1, -1, -1, -1, -1, -1, -1, -1, -1, -1, -1, -1, -1, -1, -1, -1, -1, -1, -1, -1, -1, -1, -1, -1, -1, -1, -1, -1, -1, -1, -1, -1, -1, -1, -1, -1, -1, -1, -1, -1, -1, -1, -1, -1, -1, -1, -1, -1, -1, -1, -1, -1, -1, -1, -1, -1, -1, -1, -1, -1, -1, -1, -1, -1, -1, -1, -1, -1, -1, -1, -1, -1, -1, -1, -1, -1, -1, -1, -1, -1, -1, -1, -1, -1, -1, -1, -1, -1, -1, -1, -1, -1, -1, -1, -1, -1, -1, -1, -1]"
150,19,8,0.5,None,1,237,"[{'cluster_no': -1, 'count': 237}]","[-1, -1, -1, -1, -1, -1, -1, -1, -1, -1, -1, -1, -1, -1, -1, -1, -1, -1, -1, -1, -1, -1, -1, -1, -1, -1, -1, -1, -1, -1, -1, -1, -1, -1, -1, -1, -1, -1, -1, -1, -1, -1, -1, -1, -1, -1, -1, -1, -1, -1, -1, -1, -1, -1, -1, -1, -1, -1, -1, -1, -1, -1, -1, -1, -1, -1, -1, -1, -1, -1, -1, -1, -1, -1, -1, -1, -1, -1, -1, -1, -1, -1, -1, -1, -1, -1, -1, -1, -1, -1, -1, -1, -1, -1, -1, -1, -1, -1, -1, -1, -1, -1, -1, -1, -1, -1, -1, -1, -1, -1, -1, -1, -1, -1, -1, -1, -1, -1, -1, -1, -1, -1, -1, -1, -1, -1, -1, -1, -1, -1, -1, -1, -1, -1, -1, -1, -1, -1, -1, -1, -1, -1, -1, -1, -1, -1, -1, -1, -1, -1, -1, -1, -1, -1, -1, -1, -1, -1, -1, -1, -1, -1, -1, -1, -1, -1, -1, -1, -1, -1, -1, -1, -1, -1, -1, -1, -1, -1, -1, -1, -1, -1, -1, -1, -1, -1, -1, -1, -1, -1, -1, -1, -1, -1, -1, -1, -1, -1, -1, -1, -1, -1, -1, -1, -1, -1, -1, -1, -1, -1, -1, -1, -1, -1, -1, -1, -1, -1, -1, -1, -1, -1, -1, -1, -1, -1, -1, -1, -1, -1, -1, -1, -1, -1, -1, -1, -1]"
150,19,8,1.0,None,1,237,"[{'cluster_no': -1, 'count': 237}]","[-1, -1, -1, -1, -1, -1, -1, -1, -1, -1, -1, -1, -1, -1, -1, -1, -1, -1, -1, -1, -1, -1, -1, -1, -1, -1, -1, -1, -1, -1, -1, -1, -1, -1, -1, -1, -1, -1, -1, -1, -1, -1, -1, -1, -1, -1, -1, -1, -1, -1, -1, -1, -1, -1, -1, -1, -1, -1, -1, -1, -1, -1, -1, -1, -1, -1, -1, -1, -1, -1, -1, -1, -1, -1, -1, -1, -1, -1, -1, -1, -1, -1, -1, -1, -1, -1, -1, -1, -1, -1, -1, -1, -1, -1, -1, -1, -1, -1, -1, -1, -1, -1, -1, -1, -1, -1, -1, -1, -1, -1, -1, -1, -1, -1, -1, -1, -1, -1, -1, -1, -1, -1, -1, -1, -1, -1, -1, -1, -1, -1, -1, -1, -1, -1, -1, -1, -1, -1, -1, -1, -1, -1, -1, -1, -1, -1, -1, -1, -1, -1, -1, -1, -1, -1, -1, -1, -1, -1, -1, -1, -1, -1, -1, -1, -1, -1, -1, -1, -1, -1, -1, -1, -1, -1, -1, -1, -1, -1, -1, -1, -1, -1, -1, -1, -1, -1, -1, -1, -1, -1, -1, -1, -1, -1, -1, -1, -1, -1, -1, -1, -1, -1, -1, -1, -1, -1, -1, -1, -1, -1, -1, -1, -1, -1, -1, -1, -1, -1, -1, -1, -1, -1, -1, -1, -1, -1, -1, -1, -1, -1, -1, -1, -1, -1, -1, -1, -1]"
150,19,9,0.0,None,1,237,"[{'cluster_no': -1, 'count': 237}]","[-1, -1, -1, -1, -1, -1, -1, -1, -1, -1, -1, -1, -1, -1, -1, -1, -1, -1, -1, -1, -1, -1, -1, -1, -1, -1, -1, -1, -1, -1, -1, -1, -1, -1, -1, -1, -1, -1, -1, -1, -1, -1, -1, -1, -1, -1, -1, -1, -1, -1, -1, -1, -1, -1, -1, -1, -1, -1, -1, -1, -1, -1, -1, -1, -1, -1, -1, -1, -1, -1, -1, -1, -1, -1, -1, -1, -1, -1, -1, -1, -1, -1, -1, -1, -1, -1, -1, -1, -1, -1, -1, -1, -1, -1, -1, -1, -1, -1, -1, -1, -1, -1, -1, -1, -1, -1, -1, -1, -1, -1, -1, -1, -1, -1, -1, -1, -1, -1, -1, -1, -1, -1, -1, -1, -1, -1, -1, -1, -1, -1, -1, -1, -1, -1, -1, -1, -1, -1, -1, -1, -1, -1, -1, -1, -1, -1, -1, -1, -1, -1, -1, -1, -1, -1, -1, -1, -1, -1, -1, -1, -1, -1, -1, -1, -1, -1, -1, -1, -1, -1, -1, -1, -1, -1, -1, -1, -1, -1, -1, -1, -1, -1, -1, -1, -1, -1, -1, -1, -1, -1, -1, -1, -1, -1, -1, -1, -1, -1, -1, -1, -1, -1, -1, -1, -1, -1, -1, -1, -1, -1, -1, -1, -1, -1, -1, -1, -1, -1, -1, -1, -1, -1, -1, -1, -1, -1, -1, -1, -1, -1, -1, -1, -1, -1, -1, -1, -1]"
150,19,9,0.5,None,1,237,"[{'cluster_no': -1, 'count': 237}]","[-1, -1, -1, -1, -1, -1, -1, -1, -1, -1, -1, -1, -1, -1, -1, -1, -1, -1, -1, -1, -1, -1, -1, -1, -1, -1, -1, -1, -1, -1, -1, -1, -1, -1, -1, -1, -1, -1, -1, -1, -1, -1, -1, -1, -1, -1, -1, -1, -1, -1, -1, -1, -1, -1, -1, -1, -1, -1, -1, -1, -1, -1, -1, -1, -1, -1, -1, -1, -1, -1, -1, -1, -1, -1, -1, -1, -1, -1, -1, -1, -1, -1, -1, -1, -1, -1, -1, -1, -1, -1, -1, -1, -1, -1, -1, -1, -1, -1, -1, -1, -1, -1, -1, -1, -1, -1, -1, -1, -1, -1, -1, -1, -1, -1, -1, -1, -1, -1, -1, -1, -1, -1, -1, -1, -1, -1, -1, -1, -1, -1, -1, -1, -1, -1, -1, -1, -1, -1, -1, -1, -1, -1, -1, -1, -1, -1, -1, -1, -1, -1, -1, -1, -1, -1, -1, -1, -1, -1, -1, -1, -1, -1, -1, -1, -1, -1, -1, -1, -1, -1, -1, -1, -1, -1, -1, -1, -1, -1, -1, -1, -1, -1, -1, -1, -1, -1, -1, -1, -1, -1, -1, -1, -1, -1, -1, -1, -1, -1, -1, -1, -1, -1, -1, -1, -1, -1, -1, -1, -1, -1, -1, -1, -1, -1, -1, -1, -1, -1, -1, -1, -1, -1, -1, -1, -1, -1, -1, -1, -1, -1, -1, -1, -1, -1, -1, -1, -1]"
150,19,9,1.0,None,1,237,"[{'cluster_no': -1, 'count': 237}]","[-1, -1, -1, -1, -1, -1, -1, -1, -1, -1, -1, -1, -1, -1, -1, -1, -1, -1, -1, -1, -1, -1, -1, -1, -1, -1, -1, -1, -1, -1, -1, -1, -1, -1, -1, -1, -1, -1, -1, -1, -1, -1, -1, -1, -1, -1, -1, -1, -1, -1, -1, -1, -1, -1, -1, -1, -1, -1, -1, -1, -1, -1, -1, -1, -1, -1, -1, -1, -1, -1, -1, -1, -1, -1, -1, -1, -1, -1, -1, -1, -1, -1, -1, -1, -1, -1, -1, -1, -1, -1, -1, -1, -1, -1, -1, -1, -1, -1, -1, -1, -1, -1, -1, -1, -1, -1, -1, -1, -1, -1, -1, -1, -1, -1, -1, -1, -1, -1, -1, -1, -1, -1, -1, -1, -1, -1, -1, -1, -1, -1, -1, -1, -1, -1, -1, -1, -1, -1, -1, -1, -1, -1, -1, -1, -1, -1, -1, -1, -1, -1, -1, -1, -1, -1, -1, -1, -1, -1, -1, -1, -1, -1, -1, -1, -1, -1, -1, -1, -1, -1, -1, -1, -1, -1, -1, -1, -1, -1, -1, -1, -1, -1, -1, -1, -1, -1, -1, -1, -1, -1, -1, -1, -1, -1, -1, -1, -1, -1, -1, -1, -1, -1, -1, -1, -1, -1, -1, -1, -1, -1, -1, -1, -1, -1, -1, -1, -1, -1, -1, -1, -1, -1, -1, -1, -1, -1, -1, -1, -1, -1, -1, -1, -1, -1, -1, -1, -1]"
150,19,10,0.0,None,1,237,"[{'cluster_no': -1, 'count': 237}]","[-1, -1, -1, -1, -1, -1, -1, -1, -1, -1, -1, -1, -1, -1, -1, -1, -1, -1, -1, -1, -1, -1, -1, -1, -1, -1, -1, -1, -1, -1, -1, -1, -1, -1, -1, -1, -1, -1, -1, -1, -1, -1, -1, -1, -1, -1, -1, -1, -1, -1, -1, -1, -1, -1, -1, -1, -1, -1, -1, -1, -1, -1, -1, -1, -1, -1, -1, -1, -1, -1, -1, -1, -1, -1, -1, -1, -1, -1, -1, -1, -1, -1, -1, -1, -1, -1, -1, -1, -1, -1, -1, -1, -1, -1, -1, -1, -1, -1, -1, -1, -1, -1, -1, -1, -1, -1, -1, -1, -1, -1, -1, -1, -1, -1, -1, -1, -1, -1, -1, -1, -1, -1, -1, -1, -1, -1, -1, -1, -1, -1, -1, -1, -1, -1, -1, -1, -1, -1, -1, -1, -1, -1, -1, -1, -1, -1, -1, -1, -1, -1, -1, -1, -1, -1, -1, -1, -1, -1, -1, -1, -1, -1, -1, -1, -1, -1, -1, -1, -1, -1, -1, -1, -1, -1, -1, -1, -1, -1, -1, -1, -1, -1, -1, -1, -1, -1, -1, -1, -1, -1, -1, -1, -1, -1, -1, -1, -1, -1, -1, -1, -1, -1, -1, -1, -1, -1, -1, -1, -1, -1, -1, -1, -1, -1, -1, -1, -1, -1, -1, -1, -1, -1, -1, -1, -1, -1, -1, -1, -1, -1, -1, -1, -1, -1, -1, -1, -1]"
150,19,10,0.5,None,1,237,"[{'cluster_no': -1, 'count': 237}]","[-1, -1, -1, -1, -1, -1, -1, -1, -1, -1, -1, -1, -1, -1, -1, -1, -1, -1, -1, -1, -1, -1, -1, -1, -1, -1, -1, -1, -1, -1, -1, -1, -1, -1, -1, -1, -1, -1, -1, -1, -1, -1, -1, -1, -1, -1, -1, -1, -1, -1, -1, -1, -1, -1, -1, -1, -1, -1, -1, -1, -1, -1, -1, -1, -1, -1, -1, -1, -1, -1, -1, -1, -1, -1, -1, -1, -1, -1, -1, -1, -1, -1, -1, -1, -1, -1, -1, -1, -1, -1, -1, -1, -1, -1, -1, -1, -1, -1, -1, -1, -1, -1, -1, -1, -1, -1, -1, -1, -1, -1, -1, -1, -1, -1, -1, -1, -1, -1, -1, -1, -1, -1, -1, -1, -1, -1, -1, -1, -1, -1, -1, -1, -1, -1, -1, -1, -1, -1, -1, -1, -1, -1, -1, -1, -1, -1, -1, -1, -1, -1, -1, -1, -1, -1, -1, -1, -1, -1, -1, -1, -1, -1, -1, -1, -1, -1, -1, -1, -1, -1, -1, -1, -1, -1, -1, -1, -1, -1, -1, -1, -1, -1, -1, -1, -1, -1, -1, -1, -1, -1, -1, -1, -1, -1, -1, -1, -1, -1, -1, -1, -1, -1, -1, -1, -1, -1, -1, -1, -1, -1, -1, -1, -1, -1, -1, -1, -1, -1, -1, -1, -1, -1, -1, -1, -1, -1, -1, -1, -1, -1, -1, -1, -1, -1, -1, -1, -1]"
150,19,10,1.0,None,1,237,"[{'cluster_no': -1, 'count': 237}]","[-1, -1, -1, -1, -1, -1, -1, -1, -1, -1, -1, -1, -1, -1, -1, -1, -1, -1, -1, -1, -1, -1, -1, -1, -1, -1, -1, -1, -1, -1, -1, -1, -1, -1, -1, -1, -1, -1, -1, -1, -1, -1, -1, -1, -1, -1, -1, -1, -1, -1, -1, -1, -1, -1, -1, -1, -1, -1, -1, -1, -1, -1, -1, -1, -1, -1, -1, -1, -1, -1, -1, -1, -1, -1, -1, -1, -1, -1, -1, -1, -1, -1, -1, -1, -1, -1, -1, -1, -1, -1, -1, -1, -1, -1, -1, -1, -1, -1, -1, -1, -1, -1, -1, -1, -1, -1, -1, -1, -1, -1, -1, -1, -1, -1, -1, -1, -1, -1, -1, -1, -1, -1, -1, -1, -1, -1, -1, -1, -1, -1, -1, -1, -1, -1, -1, -1, -1, -1, -1, -1, -1, -1, -1, -1, -1, -1, -1, -1, -1, -1, -1, -1, -1, -1, -1, -1, -1, -1, -1, -1, -1, -1, -1, -1, -1, -1, -1, -1, -1, -1, -1, -1, -1, -1, -1, -1, -1, -1, -1, -1, -1, -1, -1, -1, -1, -1, -1, -1, -1, -1, -1, -1, -1, -1, -1, -1, -1, -1, -1, -1, -1, -1, -1, -1, -1, -1, -1, -1, -1, -1, -1, -1, -1, -1, -1, -1, -1, -1, -1, -1, -1, -1, -1, -1, -1, -1, -1, -1, -1, -1, -1, -1, -1, -1, -1, -1, -1]"
150,19,11,0.0,None,1,237,"[{'cluster_no': -1, 'count': 237}]","[-1, -1, -1, -1, -1, -1, -1, -1, -1, -1, -1, -1, -1, -1, -1, -1, -1, -1, -1, -1, -1, -1, -1, -1, -1, -1, -1, -1, -1, -1, -1, -1, -1, -1, -1, -1, -1, -1, -1, -1, -1, -1, -1, -1, -1, -1, -1, -1, -1, -1, -1, -1, -1, -1, -1, -1, -1, -1, -1, -1, -1, -1, -1, -1, -1, -1, -1, -1, -1, -1, -1, -1, -1, -1, -1, -1, -1, -1, -1, -1, -1, -1, -1, -1, -1, -1, -1, -1, -1, -1, -1, -1, -1, -1, -1, -1, -1, -1, -1, -1, -1, -1, -1, -1, -1, -1, -1, -1, -1, -1, -1, -1, -1, -1, -1, -1, -1, -1, -1, -1, -1, -1, -1, -1, -1, -1, -1, -1, -1, -1, -1, -1, -1, -1, -1, -1, -1, -1, -1, -1, -1, -1, -1, -1, -1, -1, -1, -1, -1, -1, -1, -1, -1, -1, -1, -1, -1, -1, -1, -1, -1, -1, -1, -1, -1, -1, -1, -1, -1, -1, -1, -1, -1, -1, -1, -1, -1, -1, -1, -1, -1, -1, -1, -1, -1, -1, -1, -1, -1, -1, -1, -1, -1, -1, -1, -1, -1, -1, -1, -1, -1, -1, -1, -1, -1, -1, -1, -1, -1, -1, -1, -1, -1, -1, -1, -1, -1, -1, -1, -1, -1, -1, -1, -1, -1, -1, -1, -1, -1, -1, -1, -1, -1, -1, -1, -1, -1]"
150,19,11,0.5,None,1,237,"[{'cluster_no': -1, 'count': 237}]","[-1, -1, -1, -1, -1, -1, -1, -1, -1, -1, -1, -1, -1, -1, -1, -1, -1, -1, -1, -1, -1, -1, -1, -1, -1, -1, -1, -1, -1, -1, -1, -1, -1, -1, -1, -1, -1, -1, -1, -1, -1, -1, -1, -1, -1, -1, -1, -1, -1, -1, -1, -1, -1, -1, -1, -1, -1, -1, -1, -1, -1, -1, -1, -1, -1, -1, -1, -1, -1, -1, -1, -1, -1, -1, -1, -1, -1, -1, -1, -1, -1, -1, -1, -1, -1, -1, -1, -1, -1, -1, -1, -1, -1, -1, -1, -1, -1, -1, -1, -1, -1, -1, -1, -1, -1, -1, -1, -1, -1, -1, -1, -1, -1, -1, -1, -1, -1, -1, -1, -1, -1, -1, -1, -1, -1, -1, -1, -1, -1, -1, -1, -1, -1, -1, -1, -1, -1, -1, -1, -1, -1, -1, -1, -1, -1, -1, -1, -1, -1, -1, -1, -1, -1, -1, -1, -1, -1, -1, -1, -1, -1, -1, -1, -1, -1, -1, -1, -1, -1, -1, -1, -1, -1, -1, -1, -1, -1, -1, -1, -1, -1, -1, -1, -1, -1, -1, -1, -1, -1, -1, -1, -1, -1, -1, -1, -1, -1, -1, -1, -1, -1, -1, -1, -1, -1, -1, -1, -1, -1, -1, -1, -1, -1, -1, -1, -1, -1, -1, -1, -1, -1, -1, -1, -1, -1, -1, -1, -1, -1, -1, -1, -1, -1, -1, -1, -1, -1]"
150,19,11,1.0,None,1,237,"[{'cluster_no': -1, 'count': 237}]","[-1, -1, -1, -1, -1, -1, -1, -1, -1, -1, -1, -1, -1, -1, -1, -1, -1, -1, -1, -1, -1, -1, -1, -1, -1, -1, -1, -1, -1, -1, -1, -1, -1, -1, -1, -1, -1, -1, -1, -1, -1, -1, -1, -1, -1, -1, -1, -1, -1, -1, -1, -1, -1, -1, -1, -1, -1, -1, -1, -1, -1, -1, -1, -1, -1, -1, -1, -1, -1, -1, -1, -1, -1, -1, -1, -1, -1, -1, -1, -1, -1, -1, -1, -1, -1, -1, -1, -1, -1, -1, -1, -1, -1, -1, -1, -1, -1, -1, -1, -1, -1, -1, -1, -1, -1, -1, -1, -1, -1, -1, -1, -1, -1, -1, -1, -1, -1, -1, -1, -1, -1, -1, -1, -1, -1, -1, -1, -1, -1, -1, -1, -1, -1, -1, -1, -1, -1, -1, -1, -1, -1, -1, -1, -1, -1, -1, -1, -1, -1, -1, -1, -1, -1, -1, -1, -1, -1, -1, -1, -1, -1, -1, -1, -1, -1, -1, -1, -1, -1, -1, -1, -1, -1, -1, -1, -1, -1, -1, -1, -1, -1, -1, -1, -1, -1, -1, -1, -1, -1, -1, -1, -1, -1, -1, -1, -1, -1, -1, -1, -1, -1, -1, -1, -1, -1, -1, -1, -1, -1, -1, -1, -1, -1, -1, -1, -1, -1, -1, -1, -1, -1, -1, -1, -1, -1, -1, -1, -1, -1, -1, -1, -1, -1, -1, -1, -1, -1]"
150,19,12,0.0,None,1,237,"[{'cluster_no': -1, 'count': 237}]","[-1, -1, -1, -1, -1, -1, -1, -1, -1, -1, -1, -1, -1, -1, -1, -1, -1, -1, -1, -1, -1, -1, -1, -1, -1, -1, -1, -1, -1, -1, -1, -1, -1, -1, -1, -1, -1, -1, -1, -1, -1, -1, -1, -1, -1, -1, -1, -1, -1, -1, -1, -1, -1, -1, -1, -1, -1, -1, -1, -1, -1, -1, -1, -1, -1, -1, -1, -1, -1, -1, -1, -1, -1, -1, -1, -1, -1, -1, -1, -1, -1, -1, -1, -1, -1, -1, -1, -1, -1, -1, -1, -1, -1, -1, -1, -1, -1, -1, -1, -1, -1, -1, -1, -1, -1, -1, -1, -1, -1, -1, -1, -1, -1, -1, -1, -1, -1, -1, -1, -1, -1, -1, -1, -1, -1, -1, -1, -1, -1, -1, -1, -1, -1, -1, -1, -1, -1, -1, -1, -1, -1, -1, -1, -1, -1, -1, -1, -1, -1, -1, -1, -1, -1, -1, -1, -1, -1, -1, -1, -1, -1, -1, -1, -1, -1, -1, -1, -1, -1, -1, -1, -1, -1, -1, -1, -1, -1, -1, -1, -1, -1, -1, -1, -1, -1, -1, -1, -1, -1, -1, -1, -1, -1, -1, -1, -1, -1, -1, -1, -1, -1, -1, -1, -1, -1, -1, -1, -1, -1, -1, -1, -1, -1, -1, -1, -1, -1, -1, -1, -1, -1, -1, -1, -1, -1, -1, -1, -1, -1, -1, -1, -1, -1, -1, -1, -1, -1]"
150,19,12,0.5,None,1,237,"[{'cluster_no': -1, 'count': 237}]","[-1, -1, -1, -1, -1, -1, -1, -1, -1, -1, -1, -1, -1, -1, -1, -1, -1, -1, -1, -1, -1, -1, -1, -1, -1, -1, -1, -1, -1, -1, -1, -1, -1, -1, -1, -1, -1, -1, -1, -1, -1, -1, -1, -1, -1, -1, -1, -1, -1, -1, -1, -1, -1, -1, -1, -1, -1, -1, -1, -1, -1, -1, -1, -1, -1, -1, -1, -1, -1, -1, -1, -1, -1, -1, -1, -1, -1, -1, -1, -1, -1, -1, -1, -1, -1, -1, -1, -1, -1, -1, -1, -1, -1, -1, -1, -1, -1, -1, -1, -1, -1, -1, -1, -1, -1, -1, -1, -1, -1, -1, -1, -1, -1, -1, -1, -1, -1, -1, -1, -1, -1, -1, -1, -1, -1, -1, -1, -1, -1, -1, -1, -1, -1, -1, -1, -1, -1, -1, -1, -1, -1, -1, -1, -1, -1, -1, -1, -1, -1, -1, -1, -1, -1, -1, -1, -1, -1, -1, -1, -1, -1, -1, -1, -1, -1, -1, -1, -1, -1, -1, -1, -1, -1, -1, -1, -1, -1, -1, -1, -1, -1, -1, -1, -1, -1, -1, -1, -1, -1, -1, -1, -1, -1, -1, -1, -1, -1, -1, -1, -1, -1, -1, -1, -1, -1, -1, -1, -1, -1, -1, -1, -1, -1, -1, -1, -1, -1, -1, -1, -1, -1, -1, -1, -1, -1, -1, -1, -1, -1, -1, -1, -1, -1, -1, -1, -1, -1]"
150,19,12,1.0,None,1,237,"[{'cluster_no': -1, 'count': 237}]","[-1, -1, -1, -1, -1, -1, -1, -1, -1, -1, -1, -1, -1, -1, -1, -1, -1, -1, -1, -1, -1, -1, -1, -1, -1, -1, -1, -1, -1, -1, -1, -1, -1, -1, -1, -1, -1, -1, -1, -1, -1, -1, -1, -1, -1, -1, -1, -1, -1, -1, -1, -1, -1, -1, -1, -1, -1, -1, -1, -1, -1, -1, -1, -1, -1, -1, -1, -1, -1, -1, -1, -1, -1, -1, -1, -1, -1, -1, -1, -1, -1, -1, -1, -1, -1, -1, -1, -1, -1, -1, -1, -1, -1, -1, -1, -1, -1, -1, -1, -1, -1, -1, -1, -1, -1, -1, -1, -1, -1, -1, -1, -1, -1, -1, -1, -1, -1, -1, -1, -1, -1, -1, -1, -1, -1, -1, -1, -1, -1, -1, -1, -1, -1, -1, -1, -1, -1, -1, -1, -1, -1, -1, -1, -1, -1, -1, -1, -1, -1, -1, -1, -1, -1, -1, -1, -1, -1, -1, -1, -1, -1, -1, -1, -1, -1, -1, -1, -1, -1, -1, -1, -1, -1, -1, -1, -1, -1, -1, -1, -1, -1, -1, -1, -1, -1, -1, -1, -1, -1, -1, -1, -1, -1, -1, -1, -1, -1, -1, -1, -1, -1, -1, -1, -1, -1, -1, -1, -1, -1, -1, -1, -1, -1, -1, -1, -1, -1, -1, -1, -1, -1, -1, -1, -1, -1, -1, -1, -1, -1, -1, -1, -1, -1, -1, -1, -1, -1]"
150,19,13,0.0,None,1,237,"[{'cluster_no': -1, 'count': 237}]","[-1, -1, -1, -1, -1, -1, -1, -1, -1, -1, -1, -1, -1, -1, -1, -1, -1, -1, -1, -1, -1, -1, -1, -1, -1, -1, -1, -1, -1, -1, -1, -1, -1, -1, -1, -1, -1, -1, -1, -1, -1, -1, -1, -1, -1, -1, -1, -1, -1, -1, -1, -1, -1, -1, -1, -1, -1, -1, -1, -1, -1, -1, -1, -1, -1, -1, -1, -1, -1, -1, -1, -1, -1, -1, -1, -1, -1, -1, -1, -1, -1, -1, -1, -1, -1, -1, -1, -1, -1, -1, -1, -1, -1, -1, -1, -1, -1, -1, -1, -1, -1, -1, -1, -1, -1, -1, -1, -1, -1, -1, -1, -1, -1, -1, -1, -1, -1, -1, -1, -1, -1, -1, -1, -1, -1, -1, -1, -1, -1, -1, -1, -1, -1, -1, -1, -1, -1, -1, -1, -1, -1, -1, -1, -1, -1, -1, -1, -1, -1, -1, -1, -1, -1, -1, -1, -1, -1, -1, -1, -1, -1, -1, -1, -1, -1, -1, -1, -1, -1, -1, -1, -1, -1, -1, -1, -1, -1, -1, -1, -1, -1, -1, -1, -1, -1, -1, -1, -1, -1, -1, -1, -1, -1, -1, -1, -1, -1, -1, -1, -1, -1, -1, -1, -1, -1, -1, -1, -1, -1, -1, -1, -1, -1, -1, -1, -1, -1, -1, -1, -1, -1, -1, -1, -1, -1, -1, -1, -1, -1, -1, -1, -1, -1, -1, -1, -1, -1]"
150,19,13,0.5,None,1,237,"[{'cluster_no': -1, 'count': 237}]","[-1, -1, -1, -1, -1, -1, -1, -1, -1, -1, -1, -1, -1, -1, -1, -1, -1, -1, -1, -1, -1, -1, -1, -1, -1, -1, -1, -1, -1, -1, -1, -1, -1, -1, -1, -1, -1, -1, -1, -1, -1, -1, -1, -1, -1, -1, -1, -1, -1, -1, -1, -1, -1, -1, -1, -1, -1, -1, -1, -1, -1, -1, -1, -1, -1, -1, -1, -1, -1, -1, -1, -1, -1, -1, -1, -1, -1, -1, -1, -1, -1, -1, -1, -1, -1, -1, -1, -1, -1, -1, -1, -1, -1, -1, -1, -1, -1, -1, -1, -1, -1, -1, -1, -1, -1, -1, -1, -1, -1, -1, -1, -1, -1, -1, -1, -1, -1, -1, -1, -1, -1, -1, -1, -1, -1, -1, -1, -1, -1, -1, -1, -1, -1, -1, -1, -1, -1, -1, -1, -1, -1, -1, -1, -1, -1, -1, -1, -1, -1, -1, -1, -1, -1, -1, -1, -1, -1, -1, -1, -1, -1, -1, -1, -1, -1, -1, -1, -1, -1, -1, -1, -1, -1, -1, -1, -1, -1, -1, -1, -1, -1, -1, -1, -1, -1, -1, -1, -1, -1, -1, -1, -1, -1, -1, -1, -1, -1, -1, -1, -1, -1, -1, -1, -1, -1, -1, -1, -1, -1, -1, -1, -1, -1, -1, -1, -1, -1, -1, -1, -1, -1, -1, -1, -1, -1, -1, -1, -1, -1, -1, -1, -1, -1, -1, -1, -1, -1]"
150,19,13,1.0,None,1,237,"[{'cluster_no': -1, 'count': 237}]","[-1, -1, -1, -1, -1, -1, -1, -1, -1, -1, -1, -1, -1, -1, -1, -1, -1, -1, -1, -1, -1, -1, -1, -1, -1, -1, -1, -1, -1, -1, -1, -1, -1, -1, -1, -1, -1, -1, -1, -1, -1, -1, -1, -1, -1, -1, -1, -1, -1, -1, -1, -1, -1, -1, -1, -1, -1, -1, -1, -1, -1, -1, -1, -1, -1, -1, -1, -1, -1, -1, -1, -1, -1, -1, -1, -1, -1, -1, -1, -1, -1, -1, -1, -1, -1, -1, -1, -1, -1, -1, -1, -1, -1, -1, -1, -1, -1, -1, -1, -1, -1, -1, -1, -1, -1, -1, -1, -1, -1, -1, -1, -1, -1, -1, -1, -1, -1, -1, -1, -1, -1, -1, -1, -1, -1, -1, -1, -1, -1, -1, -1, -1, -1, -1, -1, -1, -1, -1, -1, -1, -1, -1, -1, -1, -1, -1, -1, -1, -1, -1, -1, -1, -1, -1, -1, -1, -1, -1, -1, -1, -1, -1, -1, -1, -1, -1, -1, -1, -1, -1, -1, -1, -1, -1, -1, -1, -1, -1, -1, -1, -1, -1, -1, -1, -1, -1, -1, -1, -1, -1, -1, -1, -1, -1, -1, -1, -1, -1, -1, -1, -1, -1, -1, -1, -1, -1, -1, -1, -1, -1, -1, -1, -1, -1, -1, -1, -1, -1, -1, -1, -1, -1, -1, -1, -1, -1, -1, -1, -1, -1, -1, -1, -1, -1, -1, -1, -1]"
150,19,14,0.0,None,1,237,"[{'cluster_no': -1, 'count': 237}]","[-1, -1, -1, -1, -1, -1, -1, -1, -1, -1, -1, -1, -1, -1, -1, -1, -1, -1, -1, -1, -1, -1, -1, -1, -1, -1, -1, -1, -1, -1, -1, -1, -1, -1, -1, -1, -1, -1, -1, -1, -1, -1, -1, -1, -1, -1, -1, -1, -1, -1, -1, -1, -1, -1, -1, -1, -1, -1, -1, -1, -1, -1, -1, -1, -1, -1, -1, -1, -1, -1, -1, -1, -1, -1, -1, -1, -1, -1, -1, -1, -1, -1, -1, -1, -1, -1, -1, -1, -1, -1, -1, -1, -1, -1, -1, -1, -1, -1, -1, -1, -1, -1, -1, -1, -1, -1, -1, -1, -1, -1, -1, -1, -1, -1, -1, -1, -1, -1, -1, -1, -1, -1, -1, -1, -1, -1, -1, -1, -1, -1, -1, -1, -1, -1, -1, -1, -1, -1, -1, -1, -1, -1, -1, -1, -1, -1, -1, -1, -1, -1, -1, -1, -1, -1, -1, -1, -1, -1, -1, -1, -1, -1, -1, -1, -1, -1, -1, -1, -1, -1, -1, -1, -1, -1, -1, -1, -1, -1, -1, -1, -1, -1, -1, -1, -1, -1, -1, -1, -1, -1, -1, -1, -1, -1, -1, -1, -1, -1, -1, -1, -1, -1, -1, -1, -1, -1, -1, -1, -1, -1, -1, -1, -1, -1, -1, -1, -1, -1, -1, -1, -1, -1, -1, -1, -1, -1, -1, -1, -1, -1, -1, -1, -1, -1, -1, -1, -1]"
150,19,14,0.5,None,1,237,"[{'cluster_no': -1, 'count': 237}]","[-1, -1, -1, -1, -1, -1, -1, -1, -1, -1, -1, -1, -1, -1, -1, -1, -1, -1, -1, -1, -1, -1, -1, -1, -1, -1, -1, -1, -1, -1, -1, -1, -1, -1, -1, -1, -1, -1, -1, -1, -1, -1, -1, -1, -1, -1, -1, -1, -1, -1, -1, -1, -1, -1, -1, -1, -1, -1, -1, -1, -1, -1, -1, -1, -1, -1, -1, -1, -1, -1, -1, -1, -1, -1, -1, -1, -1, -1, -1, -1, -1, -1, -1, -1, -1, -1, -1, -1, -1, -1, -1, -1, -1, -1, -1, -1, -1, -1, -1, -1, -1, -1, -1, -1, -1, -1, -1, -1, -1, -1, -1, -1, -1, -1, -1, -1, -1, -1, -1, -1, -1, -1, -1, -1, -1, -1, -1, -1, -1, -1, -1, -1, -1, -1, -1, -1, -1, -1, -1, -1, -1, -1, -1, -1, -1, -1, -1, -1, -1, -1, -1, -1, -1, -1, -1, -1, -1, -1, -1, -1, -1, -1, -1, -1, -1, -1, -1, -1, -1, -1, -1, -1, -1, -1, -1, -1, -1, -1, -1, -1, -1, -1, -1, -1, -1, -1, -1, -1, -1, -1, -1, -1, -1, -1, -1, -1, -1, -1, -1, -1, -1, -1, -1, -1, -1, -1, -1, -1, -1, -1, -1, -1, -1, -1, -1, -1, -1, -1, -1, -1, -1, -1, -1, -1, -1, -1, -1, -1, -1, -1, -1, -1, -1, -1, -1, -1, -1]"
150,19,14,1.0,None,1,237,"[{'cluster_no': -1, 'count': 237}]","[-1, -1, -1, -1, -1, -1, -1, -1, -1, -1, -1, -1, -1, -1, -1, -1, -1, -1, -1, -1, -1, -1, -1, -1, -1, -1, -1, -1, -1, -1, -1, -1, -1, -1, -1, -1, -1, -1, -1, -1, -1, -1, -1, -1, -1, -1, -1, -1, -1, -1, -1, -1, -1, -1, -1, -1, -1, -1, -1, -1, -1, -1, -1, -1, -1, -1, -1, -1, -1, -1, -1, -1, -1, -1, -1, -1, -1, -1, -1, -1, -1, -1, -1, -1, -1, -1, -1, -1, -1, -1, -1, -1, -1, -1, -1, -1, -1, -1, -1, -1, -1, -1, -1, -1, -1, -1, -1, -1, -1, -1, -1, -1, -1, -1, -1, -1, -1, -1, -1, -1, -1, -1, -1, -1, -1, -1, -1, -1, -1, -1, -1, -1, -1, -1, -1, -1, -1, -1, -1, -1, -1, -1, -1, -1, -1, -1, -1, -1, -1, -1, -1, -1, -1, -1, -1, -1, -1, -1, -1, -1, -1, -1, -1, -1, -1, -1, -1, -1, -1, -1, -1, -1, -1, -1, -1, -1, -1, -1, -1, -1, -1, -1, -1, -1, -1, -1, -1, -1, -1, -1, -1, -1, -1, -1, -1, -1, -1, -1, -1, -1, -1, -1, -1, -1, -1, -1, -1, -1, -1, -1, -1, -1, -1, -1, -1, -1, -1, -1, -1, -1, -1, -1, -1, -1, -1, -1, -1, -1, -1, -1, -1, -1, -1, -1, -1, -1, -1]"
150,19,15,0.0,None,1,237,"[{'cluster_no': -1, 'count': 237}]","[-1, -1, -1, -1, -1, -1, -1, -1, -1, -1, -1, -1, -1, -1, -1, -1, -1, -1, -1, -1, -1, -1, -1, -1, -1, -1, -1, -1, -1, -1, -1, -1, -1, -1, -1, -1, -1, -1, -1, -1, -1, -1, -1, -1, -1, -1, -1, -1, -1, -1, -1, -1, -1, -1, -1, -1, -1, -1, -1, -1, -1, -1, -1, -1, -1, -1, -1, -1, -1, -1, -1, -1, -1, -1, -1, -1, -1, -1, -1, -1, -1, -1, -1, -1, -1, -1, -1, -1, -1, -1, -1, -1, -1, -1, -1, -1, -1, -1, -1, -1, -1, -1, -1, -1, -1, -1, -1, -1, -1, -1, -1, -1, -1, -1, -1, -1, -1, -1, -1, -1, -1, -1, -1, -1, -1, -1, -1, -1, -1, -1, -1, -1, -1, -1, -1, -1, -1, -1, -1, -1, -1, -1, -1, -1, -1, -1, -1, -1, -1, -1, -1, -1, -1, -1, -1, -1, -1, -1, -1, -1, -1, -1, -1, -1, -1, -1, -1, -1, -1, -1, -1, -1, -1, -1, -1, -1, -1, -1, -1, -1, -1, -1, -1, -1, -1, -1, -1, -1, -1, -1, -1, -1, -1, -1, -1, -1, -1, -1, -1, -1, -1, -1, -1, -1, -1, -1, -1, -1, -1, -1, -1, -1, -1, -1, -1, -1, -1, -1, -1, -1, -1, -1, -1, -1, -1, -1, -1, -1, -1, -1, -1, -1, -1, -1, -1, -1, -1]"
150,19,15,0.5,None,1,237,"[{'cluster_no': -1, 'count': 237}]","[-1, -1, -1, -1, -1, -1, -1, -1, -1, -1, -1, -1, -1, -1, -1, -1, -1, -1, -1, -1, -1, -1, -1, -1, -1, -1, -1, -1, -1, -1, -1, -1, -1, -1, -1, -1, -1, -1, -1, -1, -1, -1, -1, -1, -1, -1, -1, -1, -1, -1, -1, -1, -1, -1, -1, -1, -1, -1, -1, -1, -1, -1, -1, -1, -1, -1, -1, -1, -1, -1, -1, -1, -1, -1, -1, -1, -1, -1, -1, -1, -1, -1, -1, -1, -1, -1, -1, -1, -1, -1, -1, -1, -1, -1, -1, -1, -1, -1, -1, -1, -1, -1, -1, -1, -1, -1, -1, -1, -1, -1, -1, -1, -1, -1, -1, -1, -1, -1, -1, -1, -1, -1, -1, -1, -1, -1, -1, -1, -1, -1, -1, -1, -1, -1, -1, -1, -1, -1, -1, -1, -1, -1, -1, -1, -1, -1, -1, -1, -1, -1, -1, -1, -1, -1, -1, -1, -1, -1, -1, -1, -1, -1, -1, -1, -1, -1, -1, -1, -1, -1, -1, -1, -1, -1, -1, -1, -1, -1, -1, -1, -1, -1, -1, -1, -1, -1, -1, -1, -1, -1, -1, -1, -1, -1, -1, -1, -1, -1, -1, -1, -1, -1, -1, -1, -1, -1, -1, -1, -1, -1, -1, -1, -1, -1, -1, -1, -1, -1, -1, -1, -1, -1, -1, -1, -1, -1, -1, -1, -1, -1, -1, -1, -1, -1, -1, -1, -1]"
150,19,15,1.0,None,1,237,"[{'cluster_no': -1, 'count': 237}]","[-1, -1, -1, -1, -1, -1, -1, -1, -1, -1, -1, -1, -1, -1, -1, -1, -1, -1, -1, -1, -1, -1, -1, -1, -1, -1, -1, -1, -1, -1, -1, -1, -1, -1, -1, -1, -1, -1, -1, -1, -1, -1, -1, -1, -1, -1, -1, -1, -1, -1, -1, -1, -1, -1, -1, -1, -1, -1, -1, -1, -1, -1, -1, -1, -1, -1, -1, -1, -1, -1, -1, -1, -1, -1, -1, -1, -1, -1, -1, -1, -1, -1, -1, -1, -1, -1, -1, -1, -1, -1, -1, -1, -1, -1, -1, -1, -1, -1, -1, -1, -1, -1, -1, -1, -1, -1, -1, -1, -1, -1, -1, -1, -1, -1, -1, -1, -1, -1, -1, -1, -1, -1, -1, -1, -1, -1, -1, -1, -1, -1, -1, -1, -1, -1, -1, -1, -1, -1, -1, -1, -1, -1, -1, -1, -1, -1, -1, -1, -1, -1, -1, -1, -1, -1, -1, -1, -1, -1, -1, -1, -1, -1, -1, -1, -1, -1, -1, -1, -1, -1, -1, -1, -1, -1, -1, -1, -1, -1, -1, -1, -1, -1, -1, -1, -1, -1, -1, -1, -1, -1, -1, -1, -1, -1, -1, -1, -1, -1, -1, -1, -1, -1, -1, -1, -1, -1, -1, -1, -1, -1, -1, -1, -1, -1, -1, -1, -1, -1, -1, -1, -1, -1, -1, -1, -1, -1, -1, -1, -1, -1, -1, -1, -1, -1, -1, -1, -1]"
150,19,16,0.0,None,1,237,"[{'cluster_no': -1, 'count': 237}]","[-1, -1, -1, -1, -1, -1, -1, -1, -1, -1, -1, -1, -1, -1, -1, -1, -1, -1, -1, -1, -1, -1, -1, -1, -1, -1, -1, -1, -1, -1, -1, -1, -1, -1, -1, -1, -1, -1, -1, -1, -1, -1, -1, -1, -1, -1, -1, -1, -1, -1, -1, -1, -1, -1, -1, -1, -1, -1, -1, -1, -1, -1, -1, -1, -1, -1, -1, -1, -1, -1, -1, -1, -1, -1, -1, -1, -1, -1, -1, -1, -1, -1, -1, -1, -1, -1, -1, -1, -1, -1, -1, -1, -1, -1, -1, -1, -1, -1, -1, -1, -1, -1, -1, -1, -1, -1, -1, -1, -1, -1, -1, -1, -1, -1, -1, -1, -1, -1, -1, -1, -1, -1, -1, -1, -1, -1, -1, -1, -1, -1, -1, -1, -1, -1, -1, -1, -1, -1, -1, -1, -1, -1, -1, -1, -1, -1, -1, -1, -1, -1, -1, -1, -1, -1, -1, -1, -1, -1, -1, -1, -1, -1, -1, -1, -1, -1, -1, -1, -1, -1, -1, -1, -1, -1, -1, -1, -1, -1, -1, -1, -1, -1, -1, -1, -1, -1, -1, -1, -1, -1, -1, -1, -1, -1, -1, -1, -1, -1, -1, -1, -1, -1, -1, -1, -1, -1, -1, -1, -1, -1, -1, -1, -1, -1, -1, -1, -1, -1, -1, -1, -1, -1, -1, -1, -1, -1, -1, -1, -1, -1, -1, -1, -1, -1, -1, -1, -1]"
150,19,16,0.5,None,1,237,"[{'cluster_no': -1, 'count': 237}]","[-1, -1, -1, -1, -1, -1, -1, -1, -1, -1, -1, -1, -1, -1, -1, -1, -1, -1, -1, -1, -1, -1, -1, -1, -1, -1, -1, -1, -1, -1, -1, -1, -1, -1, -1, -1, -1, -1, -1, -1, -1, -1, -1, -1, -1, -1, -1, -1, -1, -1, -1, -1, -1, -1, -1, -1, -1, -1, -1, -1, -1, -1, -1, -1, -1, -1, -1, -1, -1, -1, -1, -1, -1, -1, -1, -1, -1, -1, -1, -1, -1, -1, -1, -1, -1, -1, -1, -1, -1, -1, -1, -1, -1, -1, -1, -1, -1, -1, -1, -1, -1, -1, -1, -1, -1, -1, -1, -1, -1, -1, -1, -1, -1, -1, -1, -1, -1, -1, -1, -1, -1, -1, -1, -1, -1, -1, -1, -1, -1, -1, -1, -1, -1, -1, -1, -1, -1, -1, -1, -1, -1, -1, -1, -1, -1, -1, -1, -1, -1, -1, -1, -1, -1, -1, -1, -1, -1, -1, -1, -1, -1, -1, -1, -1, -1, -1, -1, -1, -1, -1, -1, -1, -1, -1, -1, -1, -1, -1, -1, -1, -1, -1, -1, -1, -1, -1, -1, -1, -1, -1, -1, -1, -1, -1, -1, -1, -1, -1, -1, -1, -1, -1, -1, -1, -1, -1, -1, -1, -1, -1, -1, -1, -1, -1, -1, -1, -1, -1, -1, -1, -1, -1, -1, -1, -1, -1, -1, -1, -1, -1, -1, -1, -1, -1, -1, -1, -1]"
150,19,16,1.0,None,1,237,"[{'cluster_no': -1, 'count': 237}]","[-1, -1, -1, -1, -1, -1, -1, -1, -1, -1, -1, -1, -1, -1, -1, -1, -1, -1, -1, -1, -1, -1, -1, -1, -1, -1, -1, -1, -1, -1, -1, -1, -1, -1, -1, -1, -1, -1, -1, -1, -1, -1, -1, -1, -1, -1, -1, -1, -1, -1, -1, -1, -1, -1, -1, -1, -1, -1, -1, -1, -1, -1, -1, -1, -1, -1, -1, -1, -1, -1, -1, -1, -1, -1, -1, -1, -1, -1, -1, -1, -1, -1, -1, -1, -1, -1, -1, -1, -1, -1, -1, -1, -1, -1, -1, -1, -1, -1, -1, -1, -1, -1, -1, -1, -1, -1, -1, -1, -1, -1, -1, -1, -1, -1, -1, -1, -1, -1, -1, -1, -1, -1, -1, -1, -1, -1, -1, -1, -1, -1, -1, -1, -1, -1, -1, -1, -1, -1, -1, -1, -1, -1, -1, -1, -1, -1, -1, -1, -1, -1, -1, -1, -1, -1, -1, -1, -1, -1, -1, -1, -1, -1, -1, -1, -1, -1, -1, -1, -1, -1, -1, -1, -1, -1, -1, -1, -1, -1, -1, -1, -1, -1, -1, -1, -1, -1, -1, -1, -1, -1, -1, -1, -1, -1, -1, -1, -1, -1, -1, -1, -1, -1, -1, -1, -1, -1, -1, -1, -1, -1, -1, -1, -1, -1, -1, -1, -1, -1, -1, -1, -1, -1, -1, -1, -1, -1, -1, -1, -1, -1, -1, -1, -1, -1, -1, -1, -1]"
150,19,17,0.0,None,1,237,"[{'cluster_no': -1, 'count': 237}]","[-1, -1, -1, -1, -1, -1, -1, -1, -1, -1, -1, -1, -1, -1, -1, -1, -1, -1, -1, -1, -1, -1, -1, -1, -1, -1, -1, -1, -1, -1, -1, -1, -1, -1, -1, -1, -1, -1, -1, -1, -1, -1, -1, -1, -1, -1, -1, -1, -1, -1, -1, -1, -1, -1, -1, -1, -1, -1, -1, -1, -1, -1, -1, -1, -1, -1, -1, -1, -1, -1, -1, -1, -1, -1, -1, -1, -1, -1, -1, -1, -1, -1, -1, -1, -1, -1, -1, -1, -1, -1, -1, -1, -1, -1, -1, -1, -1, -1, -1, -1, -1, -1, -1, -1, -1, -1, -1, -1, -1, -1, -1, -1, -1, -1, -1, -1, -1, -1, -1, -1, -1, -1, -1, -1, -1, -1, -1, -1, -1, -1, -1, -1, -1, -1, -1, -1, -1, -1, -1, -1, -1, -1, -1, -1, -1, -1, -1, -1, -1, -1, -1, -1, -1, -1, -1, -1, -1, -1, -1, -1, -1, -1, -1, -1, -1, -1, -1, -1, -1, -1, -1, -1, -1, -1, -1, -1, -1, -1, -1, -1, -1, -1, -1, -1, -1, -1, -1, -1, -1, -1, -1, -1, -1, -1, -1, -1, -1, -1, -1, -1, -1, -1, -1, -1, -1, -1, -1, -1, -1, -1, -1, -1, -1, -1, -1, -1, -1, -1, -1, -1, -1, -1, -1, -1, -1, -1, -1, -1, -1, -1, -1, -1, -1, -1, -1, -1, -1]"
150,19,17,0.5,None,1,237,"[{'cluster_no': -1, 'count': 237}]","[-1, -1, -1, -1, -1, -1, -1, -1, -1, -1, -1, -1, -1, -1, -1, -1, -1, -1, -1, -1, -1, -1, -1, -1, -1, -1, -1, -1, -1, -1, -1, -1, -1, -1, -1, -1, -1, -1, -1, -1, -1, -1, -1, -1, -1, -1, -1, -1, -1, -1, -1, -1, -1, -1, -1, -1, -1, -1, -1, -1, -1, -1, -1, -1, -1, -1, -1, -1, -1, -1, -1, -1, -1, -1, -1, -1, -1, -1, -1, -1, -1, -1, -1, -1, -1, -1, -1, -1, -1, -1, -1, -1, -1, -1, -1, -1, -1, -1, -1, -1, -1, -1, -1, -1, -1, -1, -1, -1, -1, -1, -1, -1, -1, -1, -1, -1, -1, -1, -1, -1, -1, -1, -1, -1, -1, -1, -1, -1, -1, -1, -1, -1, -1, -1, -1, -1, -1, -1, -1, -1, -1, -1, -1, -1, -1, -1, -1, -1, -1, -1, -1, -1, -1, -1, -1, -1, -1, -1, -1, -1, -1, -1, -1, -1, -1, -1, -1, -1, -1, -1, -1, -1, -1, -1, -1, -1, -1, -1, -1, -1, -1, -1, -1, -1, -1, -1, -1, -1, -1, -1, -1, -1, -1, -1, -1, -1, -1, -1, -1, -1, -1, -1, -1, -1, -1, -1, -1, -1, -1, -1, -1, -1, -1, -1, -1, -1, -1, -1, -1, -1, -1, -1, -1, -1, -1, -1, -1, -1, -1, -1, -1, -1, -1, -1, -1, -1, -1]"
150,19,17,1.0,None,1,237,"[{'cluster_no': -1, 'count': 237}]","[-1, -1, -1, -1, -1, -1, -1, -1, -1, -1, -1, -1, -1, -1, -1, -1, -1, -1, -1, -1, -1, -1, -1, -1, -1, -1, -1, -1, -1, -1, -1, -1, -1, -1, -1, -1, -1, -1, -1, -1, -1, -1, -1, -1, -1, -1, -1, -1, -1, -1, -1, -1, -1, -1, -1, -1, -1, -1, -1, -1, -1, -1, -1, -1, -1, -1, -1, -1, -1, -1, -1, -1, -1, -1, -1, -1, -1, -1, -1, -1, -1, -1, -1, -1, -1, -1, -1, -1, -1, -1, -1, -1, -1, -1, -1, -1, -1, -1, -1, -1, -1, -1, -1, -1, -1, -1, -1, -1, -1, -1, -1, -1, -1, -1, -1, -1, -1, -1, -1, -1, -1, -1, -1, -1, -1, -1, -1, -1, -1, -1, -1, -1, -1, -1, -1, -1, -1, -1, -1, -1, -1, -1, -1, -1, -1, -1, -1, -1, -1, -1, -1, -1, -1, -1, -1, -1, -1, -1, -1, -1, -1, -1, -1, -1, -1, -1, -1, -1, -1, -1, -1, -1, -1, -1, -1, -1, -1, -1, -1, -1, -1, -1, -1, -1, -1, -1, -1, -1, -1, -1, -1, -1, -1, -1, -1, -1, -1, -1, -1, -1, -1, -1, -1, -1, -1, -1, -1, -1, -1, -1, -1, -1, -1, -1, -1, -1, -1, -1, -1, -1, -1, -1, -1, -1, -1, -1, -1, -1, -1, -1, -1, -1, -1, -1, -1, -1, -1]"
150,19,18,0.0,None,1,237,"[{'cluster_no': -1, 'count': 237}]","[-1, -1, -1, -1, -1, -1, -1, -1, -1, -1, -1, -1, -1, -1, -1, -1, -1, -1, -1, -1, -1, -1, -1, -1, -1, -1, -1, -1, -1, -1, -1, -1, -1, -1, -1, -1, -1, -1, -1, -1, -1, -1, -1, -1, -1, -1, -1, -1, -1, -1, -1, -1, -1, -1, -1, -1, -1, -1, -1, -1, -1, -1, -1, -1, -1, -1, -1, -1, -1, -1, -1, -1, -1, -1, -1, -1, -1, -1, -1, -1, -1, -1, -1, -1, -1, -1, -1, -1, -1, -1, -1, -1, -1, -1, -1, -1, -1, -1, -1, -1, -1, -1, -1, -1, -1, -1, -1, -1, -1, -1, -1, -1, -1, -1, -1, -1, -1, -1, -1, -1, -1, -1, -1, -1, -1, -1, -1, -1, -1, -1, -1, -1, -1, -1, -1, -1, -1, -1, -1, -1, -1, -1, -1, -1, -1, -1, -1, -1, -1, -1, -1, -1, -1, -1, -1, -1, -1, -1, -1, -1, -1, -1, -1, -1, -1, -1, -1, -1, -1, -1, -1, -1, -1, -1, -1, -1, -1, -1, -1, -1, -1, -1, -1, -1, -1, -1, -1, -1, -1, -1, -1, -1, -1, -1, -1, -1, -1, -1, -1, -1, -1, -1, -1, -1, -1, -1, -1, -1, -1, -1, -1, -1, -1, -1, -1, -1, -1, -1, -1, -1, -1, -1, -1, -1, -1, -1, -1, -1, -1, -1, -1, -1, -1, -1, -1, -1, -1]"
150,19,18,0.5,None,1,237,"[{'cluster_no': -1, 'count': 237}]","[-1, -1, -1, -1, -1, -1, -1, -1, -1, -1, -1, -1, -1, -1, -1, -1, -1, -1, -1, -1, -1, -1, -1, -1, -1, -1, -1, -1, -1, -1, -1, -1, -1, -1, -1, -1, -1, -1, -1, -1, -1, -1, -1, -1, -1, -1, -1, -1, -1, -1, -1, -1, -1, -1, -1, -1, -1, -1, -1, -1, -1, -1, -1, -1, -1, -1, -1, -1, -1, -1, -1, -1, -1, -1, -1, -1, -1, -1, -1, -1, -1, -1, -1, -1, -1, -1, -1, -1, -1, -1, -1, -1, -1, -1, -1, -1, -1, -1, -1, -1, -1, -1, -1, -1, -1, -1, -1, -1, -1, -1, -1, -1, -1, -1, -1, -1, -1, -1, -1, -1, -1, -1, -1, -1, -1, -1, -1, -1, -1, -1, -1, -1, -1, -1, -1, -1, -1, -1, -1, -1, -1, -1, -1, -1, -1, -1, -1, -1, -1, -1, -1, -1, -1, -1, -1, -1, -1, -1, -1, -1, -1, -1, -1, -1, -1, -1, -1, -1, -1, -1, -1, -1, -1, -1, -1, -1, -1, -1, -1, -1, -1, -1, -1, -1, -1, -1, -1, -1, -1, -1, -1, -1, -1, -1, -1, -1, -1, -1, -1, -1, -1, -1, -1, -1, -1, -1, -1, -1, -1, -1, -1, -1, -1, -1, -1, -1, -1, -1, -1, -1, -1, -1, -1, -1, -1, -1, -1, -1, -1, -1, -1, -1, -1, -1, -1, -1, -1]"
150,19,18,1.0,None,1,237,"[{'cluster_no': -1, 'count': 237}]","[-1, -1, -1, -1, -1, -1, -1, -1, -1, -1, -1, -1, -1, -1, -1, -1, -1, -1, -1, -1, -1, -1, -1, -1, -1, -1, -1, -1, -1, -1, -1, -1, -1, -1, -1, -1, -1, -1, -1, -1, -1, -1, -1, -1, -1, -1, -1, -1, -1, -1, -1, -1, -1, -1, -1, -1, -1, -1, -1, -1, -1, -1, -1, -1, -1, -1, -1, -1, -1, -1, -1, -1, -1, -1, -1, -1, -1, -1, -1, -1, -1, -1, -1, -1, -1, -1, -1, -1, -1, -1, -1, -1, -1, -1, -1, -1, -1, -1, -1, -1, -1, -1, -1, -1, -1, -1, -1, -1, -1, -1, -1, -1, -1, -1, -1, -1, -1, -1, -1, -1, -1, -1, -1, -1, -1, -1, -1, -1, -1, -1, -1, -1, -1, -1, -1, -1, -1, -1, -1, -1, -1, -1, -1, -1, -1, -1, -1, -1, -1, -1, -1, -1, -1, -1, -1, -1, -1, -1, -1, -1, -1, -1, -1, -1, -1, -1, -1, -1, -1, -1, -1, -1, -1, -1, -1, -1, -1, -1, -1, -1, -1, -1, -1, -1, -1, -1, -1, -1, -1, -1, -1, -1, -1, -1, -1, -1, -1, -1, -1, -1, -1, -1, -1, -1, -1, -1, -1, -1, -1, -1, -1, -1, -1, -1, -1, -1, -1, -1, -1, -1, -1, -1, -1, -1, -1, -1, -1, -1, -1, -1, -1, -1, -1, -1, -1, -1, -1]"
150,19,19,0.0,None,1,237,"[{'cluster_no': -1, 'count': 237}]","[-1, -1, -1, -1, -1, -1, -1, -1, -1, -1, -1, -1, -1, -1, -1, -1, -1, -1, -1, -1, -1, -1, -1, -1, -1, -1, -1, -1, -1, -1, -1, -1, -1, -1, -1, -1, -1, -1, -1, -1, -1, -1, -1, -1, -1, -1, -1, -1, -1, -1, -1, -1, -1, -1, -1, -1, -1, -1, -1, -1, -1, -1, -1, -1, -1, -1, -1, -1, -1, -1, -1, -1, -1, -1, -1, -1, -1, -1, -1, -1, -1, -1, -1, -1, -1, -1, -1, -1, -1, -1, -1, -1, -1, -1, -1, -1, -1, -1, -1, -1, -1, -1, -1, -1, -1, -1, -1, -1, -1, -1, -1, -1, -1, -1, -1, -1, -1, -1, -1, -1, -1, -1, -1, -1, -1, -1, -1, -1, -1, -1, -1, -1, -1, -1, -1, -1, -1, -1, -1, -1, -1, -1, -1, -1, -1, -1, -1, -1, -1, -1, -1, -1, -1, -1, -1, -1, -1, -1, -1, -1, -1, -1, -1, -1, -1, -1, -1, -1, -1, -1, -1, -1, -1, -1, -1, -1, -1, -1, -1, -1, -1, -1, -1, -1, -1, -1, -1, -1, -1, -1, -1, -1, -1, -1, -1, -1, -1, -1, -1, -1, -1, -1, -1, -1, -1, -1, -1, -1, -1, -1, -1, -1, -1, -1, -1, -1, -1, -1, -1, -1, -1, -1, -1, -1, -1, -1, -1, -1, -1, -1, -1, -1, -1, -1, -1, -1, -1]"
150,19,19,0.5,None,1,237,"[{'cluster_no': -1, 'count': 237}]","[-1, -1, -1, -1, -1, -1, -1, -1, -1, -1, -1, -1, -1, -1, -1, -1, -1, -1, -1, -1, -1, -1, -1, -1, -1, -1, -1, -1, -1, -1, -1, -1, -1, -1, -1, -1, -1, -1, -1, -1, -1, -1, -1, -1, -1, -1, -1, -1, -1, -1, -1, -1, -1, -1, -1, -1, -1, -1, -1, -1, -1, -1, -1, -1, -1, -1, -1, -1, -1, -1, -1, -1, -1, -1, -1, -1, -1, -1, -1, -1, -1, -1, -1, -1, -1, -1, -1, -1, -1, -1, -1, -1, -1, -1, -1, -1, -1, -1, -1, -1, -1, -1, -1, -1, -1, -1, -1, -1, -1, -1, -1, -1, -1, -1, -1, -1, -1, -1, -1, -1, -1, -1, -1, -1, -1, -1, -1, -1, -1, -1, -1, -1, -1, -1, -1, -1, -1, -1, -1, -1, -1, -1, -1, -1, -1, -1, -1, -1, -1, -1, -1, -1, -1, -1, -1, -1, -1, -1, -1, -1, -1, -1, -1, -1, -1, -1, -1, -1, -1, -1, -1, -1, -1, -1, -1, -1, -1, -1, -1, -1, -1, -1, -1, -1, -1, -1, -1, -1, -1, -1, -1, -1, -1, -1, -1, -1, -1, -1, -1, -1, -1, -1, -1, -1, -1, -1, -1, -1, -1, -1, -1, -1, -1, -1, -1, -1, -1, -1, -1, -1, -1, -1, -1, -1, -1, -1, -1, -1, -1, -1, -1, -1, -1, -1, -1, -1, -1]"
150,19,19,1.0,None,1,237,"[{'cluster_no': -1, 'count': 237}]","[-1, -1, -1, -1, -1, -1, -1, -1, -1, -1, -1, -1, -1, -1, -1, -1, -1, -1, -1, -1, -1, -1, -1, -1, -1, -1, -1, -1, -1, -1, -1, -1, -1, -1, -1, -1, -1, -1, -1, -1, -1, -1, -1, -1, -1, -1, -1, -1, -1, -1, -1, -1, -1, -1, -1, -1, -1, -1, -1, -1, -1, -1, -1, -1, -1, -1, -1, -1, -1, -1, -1, -1, -1, -1, -1, -1, -1, -1, -1, -1, -1, -1, -1, -1, -1, -1, -1, -1, -1, -1, -1, -1, -1, -1, -1, -1, -1, -1, -1, -1, -1, -1, -1, -1, -1, -1, -1, -1, -1, -1, -1, -1, -1, -1, -1, -1, -1, -1, -1, -1, -1, -1, -1, -1, -1, -1, -1, -1, -1, -1, -1, -1, -1, -1, -1, -1, -1, -1, -1, -1, -1, -1, -1, -1, -1, -1, -1, -1, -1, -1, -1, -1, -1, -1, -1, -1, -1, -1, -1, -1, -1, -1, -1, -1, -1, -1, -1, -1, -1, -1, -1, -1, -1, -1, -1, -1, -1, -1, -1, -1, -1, -1, -1, -1, -1, -1, -1, -1, -1, -1, -1, -1, -1, -1, -1, -1, -1, -1, -1, -1, -1, -1, -1, -1, -1, -1, -1, -1, -1, -1, -1, -1, -1, -1, -1, -1, -1, -1, -1, -1, -1, -1, -1, -1, -1, -1, -1, -1, -1, -1, -1, -1, -1, -1, -1, -1, -1]"
150,19,20,0.0,None,1,237,"[{'cluster_no': -1, 'count': 237}]","[-1, -1, -1, -1, -1, -1, -1, -1, -1, -1, -1, -1, -1, -1, -1, -1, -1, -1, -1, -1, -1, -1, -1, -1, -1, -1, -1, -1, -1, -1, -1, -1, -1, -1, -1, -1, -1, -1, -1, -1, -1, -1, -1, -1, -1, -1, -1, -1, -1, -1, -1, -1, -1, -1, -1, -1, -1, -1, -1, -1, -1, -1, -1, -1, -1, -1, -1, -1, -1, -1, -1, -1, -1, -1, -1, -1, -1, -1, -1, -1, -1, -1, -1, -1, -1, -1, -1, -1, -1, -1, -1, -1, -1, -1, -1, -1, -1, -1, -1, -1, -1, -1, -1, -1, -1, -1, -1, -1, -1, -1, -1, -1, -1, -1, -1, -1, -1, -1, -1, -1, -1, -1, -1, -1, -1, -1, -1, -1, -1, -1, -1, -1, -1, -1, -1, -1, -1, -1, -1, -1, -1, -1, -1, -1, -1, -1, -1, -1, -1, -1, -1, -1, -1, -1, -1, -1, -1, -1, -1, -1, -1, -1, -1, -1, -1, -1, -1, -1, -1, -1, -1, -1, -1, -1, -1, -1, -1, -1, -1, -1, -1, -1, -1, -1, -1, -1, -1, -1, -1, -1, -1, -1, -1, -1, -1, -1, -1, -1, -1, -1, -1, -1, -1, -1, -1, -1, -1, -1, -1, -1, -1, -1, -1, -1, -1, -1, -1, -1, -1, -1, -1, -1, -1, -1, -1, -1, -1, -1, -1, -1, -1, -1, -1, -1, -1, -1, -1]"
150,19,20,0.5,None,1,237,"[{'cluster_no': -1, 'count': 237}]","[-1, -1, -1, -1, -1, -1, -1, -1, -1, -1, -1, -1, -1, -1, -1, -1, -1, -1, -1, -1, -1, -1, -1, -1, -1, -1, -1, -1, -1, -1, -1, -1, -1, -1, -1, -1, -1, -1, -1, -1, -1, -1, -1, -1, -1, -1, -1, -1, -1, -1, -1, -1, -1, -1, -1, -1, -1, -1, -1, -1, -1, -1, -1, -1, -1, -1, -1, -1, -1, -1, -1, -1, -1, -1, -1, -1, -1, -1, -1, -1, -1, -1, -1, -1, -1, -1, -1, -1, -1, -1, -1, -1, -1, -1, -1, -1, -1, -1, -1, -1, -1, -1, -1, -1, -1, -1, -1, -1, -1, -1, -1, -1, -1, -1, -1, -1, -1, -1, -1, -1, -1, -1, -1, -1, -1, -1, -1, -1, -1, -1, -1, -1, -1, -1, -1, -1, -1, -1, -1, -1, -1, -1, -1, -1, -1, -1, -1, -1, -1, -1, -1, -1, -1, -1, -1, -1, -1, -1, -1, -1, -1, -1, -1, -1, -1, -1, -1, -1, -1, -1, -1, -1, -1, -1, -1, -1, -1, -1, -1, -1, -1, -1, -1, -1, -1, -1, -1, -1, -1, -1, -1, -1, -1, -1, -1, -1, -1, -1, -1, -1, -1, -1, -1, -1, -1, -1, -1, -1, -1, -1, -1, -1, -1, -1, -1, -1, -1, -1, -1, -1, -1, -1, -1, -1, -1, -1, -1, -1, -1, -1, -1, -1, -1, -1, -1, -1, -1]"
150,19,20,1.0,None,1,237,"[{'cluster_no': -1, 'count': 237}]","[-1, -1, -1, -1, -1, -1, -1, -1, -1, -1, -1, -1, -1, -1, -1, -1, -1, -1, -1, -1, -1, -1, -1, -1, -1, -1, -1, -1, -1, -1, -1, -1, -1, -1, -1, -1, -1, -1, -1, -1, -1, -1, -1, -1, -1, -1, -1, -1, -1, -1, -1, -1, -1, -1, -1, -1, -1, -1, -1, -1, -1, -1, -1, -1, -1, -1, -1, -1, -1, -1, -1, -1, -1, -1, -1, -1, -1, -1, -1, -1, -1, -1, -1, -1, -1, -1, -1, -1, -1, -1, -1, -1, -1, -1, -1, -1, -1, -1, -1, -1, -1, -1, -1, -1, -1, -1, -1, -1, -1, -1, -1, -1, -1, -1, -1, -1, -1, -1, -1, -1, -1, -1, -1, -1, -1, -1, -1, -1, -1, -1, -1, -1, -1, -1, -1, -1, -1, -1, -1, -1, -1, -1, -1, -1, -1, -1, -1, -1, -1, -1, -1, -1, -1, -1, -1, -1, -1, -1, -1, -1, -1, -1, -1, -1, -1, -1, -1, -1, -1, -1, -1, -1, -1, -1, -1, -1, -1, -1, -1, -1, -1, -1, -1, -1, -1, -1, -1, -1, -1, -1, -1, -1, -1, -1, -1, -1, -1, -1, -1, -1, -1, -1, -1, -1, -1, -1, -1, -1, -1, -1, -1, -1, -1, -1, -1, -1, -1, -1, -1, -1, -1, -1, -1, -1, -1, -1, -1, -1, -1, -1, -1, -1, -1, -1, -1, -1, -1]"
150,19,21,0.0,None,1,237,"[{'cluster_no': -1, 'count': 237}]","[-1, -1, -1, -1, -1, -1, -1, -1, -1, -1, -1, -1, -1, -1, -1, -1, -1, -1, -1, -1, -1, -1, -1, -1, -1, -1, -1, -1, -1, -1, -1, -1, -1, -1, -1, -1, -1, -1, -1, -1, -1, -1, -1, -1, -1, -1, -1, -1, -1, -1, -1, -1, -1, -1, -1, -1, -1, -1, -1, -1, -1, -1, -1, -1, -1, -1, -1, -1, -1, -1, -1, -1, -1, -1, -1, -1, -1, -1, -1, -1, -1, -1, -1, -1, -1, -1, -1, -1, -1, -1, -1, -1, -1, -1, -1, -1, -1, -1, -1, -1, -1, -1, -1, -1, -1, -1, -1, -1, -1, -1, -1, -1, -1, -1, -1, -1, -1, -1, -1, -1, -1, -1, -1, -1, -1, -1, -1, -1, -1, -1, -1, -1, -1, -1, -1, -1, -1, -1, -1, -1, -1, -1, -1, -1, -1, -1, -1, -1, -1, -1, -1, -1, -1, -1, -1, -1, -1, -1, -1, -1, -1, -1, -1, -1, -1, -1, -1, -1, -1, -1, -1, -1, -1, -1, -1, -1, -1, -1, -1, -1, -1, -1, -1, -1, -1, -1, -1, -1, -1, -1, -1, -1, -1, -1, -1, -1, -1, -1, -1, -1, -1, -1, -1, -1, -1, -1, -1, -1, -1, -1, -1, -1, -1, -1, -1, -1, -1, -1, -1, -1, -1, -1, -1, -1, -1, -1, -1, -1, -1, -1, -1, -1, -1, -1, -1, -1, -1]"
150,19,21,0.5,None,1,237,"[{'cluster_no': -1, 'count': 237}]","[-1, -1, -1, -1, -1, -1, -1, -1, -1, -1, -1, -1, -1, -1, -1, -1, -1, -1, -1, -1, -1, -1, -1, -1, -1, -1, -1, -1, -1, -1, -1, -1, -1, -1, -1, -1, -1, -1, -1, -1, -1, -1, -1, -1, -1, -1, -1, -1, -1, -1, -1, -1, -1, -1, -1, -1, -1, -1, -1, -1, -1, -1, -1, -1, -1, -1, -1, -1, -1, -1, -1, -1, -1, -1, -1, -1, -1, -1, -1, -1, -1, -1, -1, -1, -1, -1, -1, -1, -1, -1, -1, -1, -1, -1, -1, -1, -1, -1, -1, -1, -1, -1, -1, -1, -1, -1, -1, -1, -1, -1, -1, -1, -1, -1, -1, -1, -1, -1, -1, -1, -1, -1, -1, -1, -1, -1, -1, -1, -1, -1, -1, -1, -1, -1, -1, -1, -1, -1, -1, -1, -1, -1, -1, -1, -1, -1, -1, -1, -1, -1, -1, -1, -1, -1, -1, -1, -1, -1, -1, -1, -1, -1, -1, -1, -1, -1, -1, -1, -1, -1, -1, -1, -1, -1, -1, -1, -1, -1, -1, -1, -1, -1, -1, -1, -1, -1, -1, -1, -1, -1, -1, -1, -1, -1, -1, -1, -1, -1, -1, -1, -1, -1, -1, -1, -1, -1, -1, -1, -1, -1, -1, -1, -1, -1, -1, -1, -1, -1, -1, -1, -1, -1, -1, -1, -1, -1, -1, -1, -1, -1, -1, -1, -1, -1, -1, -1, -1]"
150,19,21,1.0,None,1,237,"[{'cluster_no': -1, 'count': 237}]","[-1, -1, -1, -1, -1, -1, -1, -1, -1, -1, -1, -1, -1, -1, -1, -1, -1, -1, -1, -1, -1, -1, -1, -1, -1, -1, -1, -1, -1, -1, -1, -1, -1, -1, -1, -1, -1, -1, -1, -1, -1, -1, -1, -1, -1, -1, -1, -1, -1, -1, -1, -1, -1, -1, -1, -1, -1, -1, -1, -1, -1, -1, -1, -1, -1, -1, -1, -1, -1, -1, -1, -1, -1, -1, -1, -1, -1, -1, -1, -1, -1, -1, -1, -1, -1, -1, -1, -1, -1, -1, -1, -1, -1, -1, -1, -1, -1, -1, -1, -1, -1, -1, -1, -1, -1, -1, -1, -1, -1, -1, -1, -1, -1, -1, -1, -1, -1, -1, -1, -1, -1, -1, -1, -1, -1, -1, -1, -1, -1, -1, -1, -1, -1, -1, -1, -1, -1, -1, -1, -1, -1, -1, -1, -1, -1, -1, -1, -1, -1, -1, -1, -1, -1, -1, -1, -1, -1, -1, -1, -1, -1, -1, -1, -1, -1, -1, -1, -1, -1, -1, -1, -1, -1, -1, -1, -1, -1, -1, -1, -1, -1, -1, -1, -1, -1, -1, -1, -1, -1, -1, -1, -1, -1, -1, -1, -1, -1, -1, -1, -1, -1, -1, -1, -1, -1, -1, -1, -1, -1, -1, -1, -1, -1, -1, -1, -1, -1, -1, -1, -1, -1, -1, -1, -1, -1, -1, -1, -1, -1, -1, -1, -1, -1, -1, -1, -1, -1]"
150,19,22,0.0,None,1,237,"[{'cluster_no': -1, 'count': 237}]","[-1, -1, -1, -1, -1, -1, -1, -1, -1, -1, -1, -1, -1, -1, -1, -1, -1, -1, -1, -1, -1, -1, -1, -1, -1, -1, -1, -1, -1, -1, -1, -1, -1, -1, -1, -1, -1, -1, -1, -1, -1, -1, -1, -1, -1, -1, -1, -1, -1, -1, -1, -1, -1, -1, -1, -1, -1, -1, -1, -1, -1, -1, -1, -1, -1, -1, -1, -1, -1, -1, -1, -1, -1, -1, -1, -1, -1, -1, -1, -1, -1, -1, -1, -1, -1, -1, -1, -1, -1, -1, -1, -1, -1, -1, -1, -1, -1, -1, -1, -1, -1, -1, -1, -1, -1, -1, -1, -1, -1, -1, -1, -1, -1, -1, -1, -1, -1, -1, -1, -1, -1, -1, -1, -1, -1, -1, -1, -1, -1, -1, -1, -1, -1, -1, -1, -1, -1, -1, -1, -1, -1, -1, -1, -1, -1, -1, -1, -1, -1, -1, -1, -1, -1, -1, -1, -1, -1, -1, -1, -1, -1, -1, -1, -1, -1, -1, -1, -1, -1, -1, -1, -1, -1, -1, -1, -1, -1, -1, -1, -1, -1, -1, -1, -1, -1, -1, -1, -1, -1, -1, -1, -1, -1, -1, -1, -1, -1, -1, -1, -1, -1, -1, -1, -1, -1, -1, -1, -1, -1, -1, -1, -1, -1, -1, -1, -1, -1, -1, -1, -1, -1, -1, -1, -1, -1, -1, -1, -1, -1, -1, -1, -1, -1, -1, -1, -1, -1]"
150,19,22,0.5,None,1,237,"[{'cluster_no': -1, 'count': 237}]","[-1, -1, -1, -1, -1, -1, -1, -1, -1, -1, -1, -1, -1, -1, -1, -1, -1, -1, -1, -1, -1, -1, -1, -1, -1, -1, -1, -1, -1, -1, -1, -1, -1, -1, -1, -1, -1, -1, -1, -1, -1, -1, -1, -1, -1, -1, -1, -1, -1, -1, -1, -1, -1, -1, -1, -1, -1, -1, -1, -1, -1, -1, -1, -1, -1, -1, -1, -1, -1, -1, -1, -1, -1, -1, -1, -1, -1, -1, -1, -1, -1, -1, -1, -1, -1, -1, -1, -1, -1, -1, -1, -1, -1, -1, -1, -1, -1, -1, -1, -1, -1, -1, -1, -1, -1, -1, -1, -1, -1, -1, -1, -1, -1, -1, -1, -1, -1, -1, -1, -1, -1, -1, -1, -1, -1, -1, -1, -1, -1, -1, -1, -1, -1, -1, -1, -1, -1, -1, -1, -1, -1, -1, -1, -1, -1, -1, -1, -1, -1, -1, -1, -1, -1, -1, -1, -1, -1, -1, -1, -1, -1, -1, -1, -1, -1, -1, -1, -1, -1, -1, -1, -1, -1, -1, -1, -1, -1, -1, -1, -1, -1, -1, -1, -1, -1, -1, -1, -1, -1, -1, -1, -1, -1, -1, -1, -1, -1, -1, -1, -1, -1, -1, -1, -1, -1, -1, -1, -1, -1, -1, -1, -1, -1, -1, -1, -1, -1, -1, -1, -1, -1, -1, -1, -1, -1, -1, -1, -1, -1, -1, -1, -1, -1, -1, -1, -1, -1]"
150,19,22,1.0,None,1,237,"[{'cluster_no': -1, 'count': 237}]","[-1, -1, -1, -1, -1, -1, -1, -1, -1, -1, -1, -1, -1, -1, -1, -1, -1, -1, -1, -1, -1, -1, -1, -1, -1, -1, -1, -1, -1, -1, -1, -1, -1, -1, -1, -1, -1, -1, -1, -1, -1, -1, -1, -1, -1, -1, -1, -1, -1, -1, -1, -1, -1, -1, -1, -1, -1, -1, -1, -1, -1, -1, -1, -1, -1, -1, -1, -1, -1, -1, -1, -1, -1, -1, -1, -1, -1, -1, -1, -1, -1, -1, -1, -1, -1, -1, -1, -1, -1, -1, -1, -1, -1, -1, -1, -1, -1, -1, -1, -1, -1, -1, -1, -1, -1, -1, -1, -1, -1, -1, -1, -1, -1, -1, -1, -1, -1, -1, -1, -1, -1, -1, -1, -1, -1, -1, -1, -1, -1, -1, -1, -1, -1, -1, -1, -1, -1, -1, -1, -1, -1, -1, -1, -1, -1, -1, -1, -1, -1, -1, -1, -1, -1, -1, -1, -1, -1, -1, -1, -1, -1, -1, -1, -1, -1, -1, -1, -1, -1, -1, -1, -1, -1, -1, -1, -1, -1, -1, -1, -1, -1, -1, -1, -1, -1, -1, -1, -1, -1, -1, -1, -1, -1, -1, -1, -1, -1, -1, -1, -1, -1, -1, -1, -1, -1, -1, -1, -1, -1, -1, -1, -1, -1, -1, -1, -1, -1, -1, -1, -1, -1, -1, -1, -1, -1, -1, -1, -1, -1, -1, -1, -1, -1, -1, -1, -1, -1]"
150,19,23,0.0,None,1,237,"[{'cluster_no': -1, 'count': 237}]","[-1, -1, -1, -1, -1, -1, -1, -1, -1, -1, -1, -1, -1, -1, -1, -1, -1, -1, -1, -1, -1, -1, -1, -1, -1, -1, -1, -1, -1, -1, -1, -1, -1, -1, -1, -1, -1, -1, -1, -1, -1, -1, -1, -1, -1, -1, -1, -1, -1, -1, -1, -1, -1, -1, -1, -1, -1, -1, -1, -1, -1, -1, -1, -1, -1, -1, -1, -1, -1, -1, -1, -1, -1, -1, -1, -1, -1, -1, -1, -1, -1, -1, -1, -1, -1, -1, -1, -1, -1, -1, -1, -1, -1, -1, -1, -1, -1, -1, -1, -1, -1, -1, -1, -1, -1, -1, -1, -1, -1, -1, -1, -1, -1, -1, -1, -1, -1, -1, -1, -1, -1, -1, -1, -1, -1, -1, -1, -1, -1, -1, -1, -1, -1, -1, -1, -1, -1, -1, -1, -1, -1, -1, -1, -1, -1, -1, -1, -1, -1, -1, -1, -1, -1, -1, -1, -1, -1, -1, -1, -1, -1, -1, -1, -1, -1, -1, -1, -1, -1, -1, -1, -1, -1, -1, -1, -1, -1, -1, -1, -1, -1, -1, -1, -1, -1, -1, -1, -1, -1, -1, -1, -1, -1, -1, -1, -1, -1, -1, -1, -1, -1, -1, -1, -1, -1, -1, -1, -1, -1, -1, -1, -1, -1, -1, -1, -1, -1, -1, -1, -1, -1, -1, -1, -1, -1, -1, -1, -1, -1, -1, -1, -1, -1, -1, -1, -1, -1]"
150,19,23,0.5,None,1,237,"[{'cluster_no': -1, 'count': 237}]","[-1, -1, -1, -1, -1, -1, -1, -1, -1, -1, -1, -1, -1, -1, -1, -1, -1, -1, -1, -1, -1, -1, -1, -1, -1, -1, -1, -1, -1, -1, -1, -1, -1, -1, -1, -1, -1, -1, -1, -1, -1, -1, -1, -1, -1, -1, -1, -1, -1, -1, -1, -1, -1, -1, -1, -1, -1, -1, -1, -1, -1, -1, -1, -1, -1, -1, -1, -1, -1, -1, -1, -1, -1, -1, -1, -1, -1, -1, -1, -1, -1, -1, -1, -1, -1, -1, -1, -1, -1, -1, -1, -1, -1, -1, -1, -1, -1, -1, -1, -1, -1, -1, -1, -1, -1, -1, -1, -1, -1, -1, -1, -1, -1, -1, -1, -1, -1, -1, -1, -1, -1, -1, -1, -1, -1, -1, -1, -1, -1, -1, -1, -1, -1, -1, -1, -1, -1, -1, -1, -1, -1, -1, -1, -1, -1, -1, -1, -1, -1, -1, -1, -1, -1, -1, -1, -1, -1, -1, -1, -1, -1, -1, -1, -1, -1, -1, -1, -1, -1, -1, -1, -1, -1, -1, -1, -1, -1, -1, -1, -1, -1, -1, -1, -1, -1, -1, -1, -1, -1, -1, -1, -1, -1, -1, -1, -1, -1, -1, -1, -1, -1, -1, -1, -1, -1, -1, -1, -1, -1, -1, -1, -1, -1, -1, -1, -1, -1, -1, -1, -1, -1, -1, -1, -1, -1, -1, -1, -1, -1, -1, -1, -1, -1, -1, -1, -1, -1]"
150,19,23,1.0,None,1,237,"[{'cluster_no': -1, 'count': 237}]","[-1, -1, -1, -1, -1, -1, -1, -1, -1, -1, -1, -1, -1, -1, -1, -1, -1, -1, -1, -1, -1, -1, -1, -1, -1, -1, -1, -1, -1, -1, -1, -1, -1, -1, -1, -1, -1, -1, -1, -1, -1, -1, -1, -1, -1, -1, -1, -1, -1, -1, -1, -1, -1, -1, -1, -1, -1, -1, -1, -1, -1, -1, -1, -1, -1, -1, -1, -1, -1, -1, -1, -1, -1, -1, -1, -1, -1, -1, -1, -1, -1, -1, -1, -1, -1, -1, -1, -1, -1, -1, -1, -1, -1, -1, -1, -1, -1, -1, -1, -1, -1, -1, -1, -1, -1, -1, -1, -1, -1, -1, -1, -1, -1, -1, -1, -1, -1, -1, -1, -1, -1, -1, -1, -1, -1, -1, -1, -1, -1, -1, -1, -1, -1, -1, -1, -1, -1, -1, -1, -1, -1, -1, -1, -1, -1, -1, -1, -1, -1, -1, -1, -1, -1, -1, -1, -1, -1, -1, -1, -1, -1, -1, -1, -1, -1, -1, -1, -1, -1, -1, -1, -1, -1, -1, -1, -1, -1, -1, -1, -1, -1, -1, -1, -1, -1, -1, -1, -1, -1, -1, -1, -1, -1, -1, -1, -1, -1, -1, -1, -1, -1, -1, -1, -1, -1, -1, -1, -1, -1, -1, -1, -1, -1, -1, -1, -1, -1, -1, -1, -1, -1, -1, -1, -1, -1, -1, -1, -1, -1, -1, -1, -1, -1, -1, -1, -1, -1]"
150,19,24,0.0,None,1,237,"[{'cluster_no': -1, 'count': 237}]","[-1, -1, -1, -1, -1, -1, -1, -1, -1, -1, -1, -1, -1, -1, -1, -1, -1, -1, -1, -1, -1, -1, -1, -1, -1, -1, -1, -1, -1, -1, -1, -1, -1, -1, -1, -1, -1, -1, -1, -1, -1, -1, -1, -1, -1, -1, -1, -1, -1, -1, -1, -1, -1, -1, -1, -1, -1, -1, -1, -1, -1, -1, -1, -1, -1, -1, -1, -1, -1, -1, -1, -1, -1, -1, -1, -1, -1, -1, -1, -1, -1, -1, -1, -1, -1, -1, -1, -1, -1, -1, -1, -1, -1, -1, -1, -1, -1, -1, -1, -1, -1, -1, -1, -1, -1, -1, -1, -1, -1, -1, -1, -1, -1, -1, -1, -1, -1, -1, -1, -1, -1, -1, -1, -1, -1, -1, -1, -1, -1, -1, -1, -1, -1, -1, -1, -1, -1, -1, -1, -1, -1, -1, -1, -1, -1, -1, -1, -1, -1, -1, -1, -1, -1, -1, -1, -1, -1, -1, -1, -1, -1, -1, -1, -1, -1, -1, -1, -1, -1, -1, -1, -1, -1, -1, -1, -1, -1, -1, -1, -1, -1, -1, -1, -1, -1, -1, -1, -1, -1, -1, -1, -1, -1, -1, -1, -1, -1, -1, -1, -1, -1, -1, -1, -1, -1, -1, -1, -1, -1, -1, -1, -1, -1, -1, -1, -1, -1, -1, -1, -1, -1, -1, -1, -1, -1, -1, -1, -1, -1, -1, -1, -1, -1, -1, -1, -1, -1]"
150,19,24,0.5,None,1,237,"[{'cluster_no': -1, 'count': 237}]","[-1, -1, -1, -1, -1, -1, -1, -1, -1, -1, -1, -1, -1, -1, -1, -1, -1, -1, -1, -1, -1, -1, -1, -1, -1, -1, -1, -1, -1, -1, -1, -1, -1, -1, -1, -1, -1, -1, -1, -1, -1, -1, -1, -1, -1, -1, -1, -1, -1, -1, -1, -1, -1, -1, -1, -1, -1, -1, -1, -1, -1, -1, -1, -1, -1, -1, -1, -1, -1, -1, -1, -1, -1, -1, -1, -1, -1, -1, -1, -1, -1, -1, -1, -1, -1, -1, -1, -1, -1, -1, -1, -1, -1, -1, -1, -1, -1, -1, -1, -1, -1, -1, -1, -1, -1, -1, -1, -1, -1, -1, -1, -1, -1, -1, -1, -1, -1, -1, -1, -1, -1, -1, -1, -1, -1, -1, -1, -1, -1, -1, -1, -1, -1, -1, -1, -1, -1, -1, -1, -1, -1, -1, -1, -1, -1, -1, -1, -1, -1, -1, -1, -1, -1, -1, -1, -1, -1, -1, -1, -1, -1, -1, -1, -1, -1, -1, -1, -1, -1, -1, -1, -1, -1, -1, -1, -1, -1, -1, -1, -1, -1, -1, -1, -1, -1, -1, -1, -1, -1, -1, -1, -1, -1, -1, -1, -1, -1, -1, -1, -1, -1, -1, -1, -1, -1, -1, -1, -1, -1, -1, -1, -1, -1, -1, -1, -1, -1, -1, -1, -1, -1, -1, -1, -1, -1, -1, -1, -1, -1, -1, -1, -1, -1, -1, -1, -1, -1]"
150,19,24,1.0,None,1,237,"[{'cluster_no': -1, 'count': 237}]","[-1, -1, -1, -1, -1, -1, -1, -1, -1, -1, -1, -1, -1, -1, -1, -1, -1, -1, -1, -1, -1, -1, -1, -1, -1, -1, -1, -1, -1, -1, -1, -1, -1, -1, -1, -1, -1, -1, -1, -1, -1, -1, -1, -1, -1, -1, -1, -1, -1, -1, -1, -1, -1, -1, -1, -1, -1, -1, -1, -1, -1, -1, -1, -1, -1, -1, -1, -1, -1, -1, -1, -1, -1, -1, -1, -1, -1, -1, -1, -1, -1, -1, -1, -1, -1, -1, -1, -1, -1, -1, -1, -1, -1, -1, -1, -1, -1, -1, -1, -1, -1, -1, -1, -1, -1, -1, -1, -1, -1, -1, -1, -1, -1, -1, -1, -1, -1, -1, -1, -1, -1, -1, -1, -1, -1, -1, -1, -1, -1, -1, -1, -1, -1, -1, -1, -1, -1, -1, -1, -1, -1, -1, -1, -1, -1, -1, -1, -1, -1, -1, -1, -1, -1, -1, -1, -1, -1, -1, -1, -1, -1, -1, -1, -1, -1, -1, -1, -1, -1, -1, -1, -1, -1, -1, -1, -1, -1, -1, -1, -1, -1, -1, -1, -1, -1, -1, -1, -1, -1, -1, -1, -1, -1, -1, -1, -1, -1, -1, -1, -1, -1, -1, -1, -1, -1, -1, -1, -1, -1, -1, -1, -1, -1, -1, -1, -1, -1, -1, -1, -1, -1, -1, -1, -1, -1, -1, -1, -1, -1, -1, -1, -1, -1, -1, -1, -1, -1]"
150,19,25,0.0,None,1,237,"[{'cluster_no': -1, 'count': 237}]","[-1, -1, -1, -1, -1, -1, -1, -1, -1, -1, -1, -1, -1, -1, -1, -1, -1, -1, -1, -1, -1, -1, -1, -1, -1, -1, -1, -1, -1, -1, -1, -1, -1, -1, -1, -1, -1, -1, -1, -1, -1, -1, -1, -1, -1, -1, -1, -1, -1, -1, -1, -1, -1, -1, -1, -1, -1, -1, -1, -1, -1, -1, -1, -1, -1, -1, -1, -1, -1, -1, -1, -1, -1, -1, -1, -1, -1, -1, -1, -1, -1, -1, -1, -1, -1, -1, -1, -1, -1, -1, -1, -1, -1, -1, -1, -1, -1, -1, -1, -1, -1, -1, -1, -1, -1, -1, -1, -1, -1, -1, -1, -1, -1, -1, -1, -1, -1, -1, -1, -1, -1, -1, -1, -1, -1, -1, -1, -1, -1, -1, -1, -1, -1, -1, -1, -1, -1, -1, -1, -1, -1, -1, -1, -1, -1, -1, -1, -1, -1, -1, -1, -1, -1, -1, -1, -1, -1, -1, -1, -1, -1, -1, -1, -1, -1, -1, -1, -1, -1, -1, -1, -1, -1, -1, -1, -1, -1, -1, -1, -1, -1, -1, -1, -1, -1, -1, -1, -1, -1, -1, -1, -1, -1, -1, -1, -1, -1, -1, -1, -1, -1, -1, -1, -1, -1, -1, -1, -1, -1, -1, -1, -1, -1, -1, -1, -1, -1, -1, -1, -1, -1, -1, -1, -1, -1, -1, -1, -1, -1, -1, -1, -1, -1, -1, -1, -1, -1]"
150,19,25,0.5,None,1,237,"[{'cluster_no': -1, 'count': 237}]","[-1, -1, -1, -1, -1, -1, -1, -1, -1, -1, -1, -1, -1, -1, -1, -1, -1, -1, -1, -1, -1, -1, -1, -1, -1, -1, -1, -1, -1, -1, -1, -1, -1, -1, -1, -1, -1, -1, -1, -1, -1, -1, -1, -1, -1, -1, -1, -1, -1, -1, -1, -1, -1, -1, -1, -1, -1, -1, -1, -1, -1, -1, -1, -1, -1, -1, -1, -1, -1, -1, -1, -1, -1, -1, -1, -1, -1, -1, -1, -1, -1, -1, -1, -1, -1, -1, -1, -1, -1, -1, -1, -1, -1, -1, -1, -1, -1, -1, -1, -1, -1, -1, -1, -1, -1, -1, -1, -1, -1, -1, -1, -1, -1, -1, -1, -1, -1, -1, -1, -1, -1, -1, -1, -1, -1, -1, -1, -1, -1, -1, -1, -1, -1, -1, -1, -1, -1, -1, -1, -1, -1, -1, -1, -1, -1, -1, -1, -1, -1, -1, -1, -1, -1, -1, -1, -1, -1, -1, -1, -1, -1, -1, -1, -1, -1, -1, -1, -1, -1, -1, -1, -1, -1, -1, -1, -1, -1, -1, -1, -1, -1, -1, -1, -1, -1, -1, -1, -1, -1, -1, -1, -1, -1, -1, -1, -1, -1, -1, -1, -1, -1, -1, -1, -1, -1, -1, -1, -1, -1, -1, -1, -1, -1, -1, -1, -1, -1, -1, -1, -1, -1, -1, -1, -1, -1, -1, -1, -1, -1, -1, -1, -1, -1, -1, -1, -1, -1]"
150,19,25,1.0,None,1,237,"[{'cluster_no': -1, 'count': 237}]","[-1, -1, -1, -1, -1, -1, -1, -1, -1, -1, -1, -1, -1, -1, -1, -1, -1, -1, -1, -1, -1, -1, -1, -1, -1, -1, -1, -1, -1, -1, -1, -1, -1, -1, -1, -1, -1, -1, -1, -1, -1, -1, -1, -1, -1, -1, -1, -1, -1, -1, -1, -1, -1, -1, -1, -1, -1, -1, -1, -1, -1, -1, -1, -1, -1, -1, -1, -1, -1, -1, -1, -1, -1, -1, -1, -1, -1, -1, -1, -1, -1, -1, -1, -1, -1, -1, -1, -1, -1, -1, -1, -1, -1, -1, -1, -1, -1, -1, -1, -1, -1, -1, -1, -1, -1, -1, -1, -1, -1, -1, -1, -1, -1, -1, -1, -1, -1, -1, -1, -1, -1, -1, -1, -1, -1, -1, -1, -1, -1, -1, -1, -1, -1, -1, -1, -1, -1, -1, -1, -1, -1, -1, -1, -1, -1, -1, -1, -1, -1, -1, -1, -1, -1, -1, -1, -1, -1, -1, -1, -1, -1, -1, -1, -1, -1, -1, -1, -1, -1, -1, -1, -1, -1, -1, -1, -1, -1, -1, -1, -1, -1, -1, -1, -1, -1, -1, -1, -1, -1, -1, -1, -1, -1, -1, -1, -1, -1, -1, -1, -1, -1, -1, -1, -1, -1, -1, -1, -1, -1, -1, -1, -1, -1, -1, -1, -1, -1, -1, -1, -1, -1, -1, -1, -1, -1, -1, -1, -1, -1, -1, -1, -1, -1, -1, -1, -1, -1]"
150,19,26,0.0,None,1,237,"[{'cluster_no': -1, 'count': 237}]","[-1, -1, -1, -1, -1, -1, -1, -1, -1, -1, -1, -1, -1, -1, -1, -1, -1, -1, -1, -1, -1, -1, -1, -1, -1, -1, -1, -1, -1, -1, -1, -1, -1, -1, -1, -1, -1, -1, -1, -1, -1, -1, -1, -1, -1, -1, -1, -1, -1, -1, -1, -1, -1, -1, -1, -1, -1, -1, -1, -1, -1, -1, -1, -1, -1, -1, -1, -1, -1, -1, -1, -1, -1, -1, -1, -1, -1, -1, -1, -1, -1, -1, -1, -1, -1, -1, -1, -1, -1, -1, -1, -1, -1, -1, -1, -1, -1, -1, -1, -1, -1, -1, -1, -1, -1, -1, -1, -1, -1, -1, -1, -1, -1, -1, -1, -1, -1, -1, -1, -1, -1, -1, -1, -1, -1, -1, -1, -1, -1, -1, -1, -1, -1, -1, -1, -1, -1, -1, -1, -1, -1, -1, -1, -1, -1, -1, -1, -1, -1, -1, -1, -1, -1, -1, -1, -1, -1, -1, -1, -1, -1, -1, -1, -1, -1, -1, -1, -1, -1, -1, -1, -1, -1, -1, -1, -1, -1, -1, -1, -1, -1, -1, -1, -1, -1, -1, -1, -1, -1, -1, -1, -1, -1, -1, -1, -1, -1, -1, -1, -1, -1, -1, -1, -1, -1, -1, -1, -1, -1, -1, -1, -1, -1, -1, -1, -1, -1, -1, -1, -1, -1, -1, -1, -1, -1, -1, -1, -1, -1, -1, -1, -1, -1, -1, -1, -1, -1]"
150,19,26,0.5,None,1,237,"[{'cluster_no': -1, 'count': 237}]","[-1, -1, -1, -1, -1, -1, -1, -1, -1, -1, -1, -1, -1, -1, -1, -1, -1, -1, -1, -1, -1, -1, -1, -1, -1, -1, -1, -1, -1, -1, -1, -1, -1, -1, -1, -1, -1, -1, -1, -1, -1, -1, -1, -1, -1, -1, -1, -1, -1, -1, -1, -1, -1, -1, -1, -1, -1, -1, -1, -1, -1, -1, -1, -1, -1, -1, -1, -1, -1, -1, -1, -1, -1, -1, -1, -1, -1, -1, -1, -1, -1, -1, -1, -1, -1, -1, -1, -1, -1, -1, -1, -1, -1, -1, -1, -1, -1, -1, -1, -1, -1, -1, -1, -1, -1, -1, -1, -1, -1, -1, -1, -1, -1, -1, -1, -1, -1, -1, -1, -1, -1, -1, -1, -1, -1, -1, -1, -1, -1, -1, -1, -1, -1, -1, -1, -1, -1, -1, -1, -1, -1, -1, -1, -1, -1, -1, -1, -1, -1, -1, -1, -1, -1, -1, -1, -1, -1, -1, -1, -1, -1, -1, -1, -1, -1, -1, -1, -1, -1, -1, -1, -1, -1, -1, -1, -1, -1, -1, -1, -1, -1, -1, -1, -1, -1, -1, -1, -1, -1, -1, -1, -1, -1, -1, -1, -1, -1, -1, -1, -1, -1, -1, -1, -1, -1, -1, -1, -1, -1, -1, -1, -1, -1, -1, -1, -1, -1, -1, -1, -1, -1, -1, -1, -1, -1, -1, -1, -1, -1, -1, -1, -1, -1, -1, -1, -1, -1]"
150,19,26,1.0,None,1,237,"[{'cluster_no': -1, 'count': 237}]","[-1, -1, -1, -1, -1, -1, -1, -1, -1, -1, -1, -1, -1, -1, -1, -1, -1, -1, -1, -1, -1, -1, -1, -1, -1, -1, -1, -1, -1, -1, -1, -1, -1, -1, -1, -1, -1, -1, -1, -1, -1, -1, -1, -1, -1, -1, -1, -1, -1, -1, -1, -1, -1, -1, -1, -1, -1, -1, -1, -1, -1, -1, -1, -1, -1, -1, -1, -1, -1, -1, -1, -1, -1, -1, -1, -1, -1, -1, -1, -1, -1, -1, -1, -1, -1, -1, -1, -1, -1, -1, -1, -1, -1, -1, -1, -1, -1, -1, -1, -1, -1, -1, -1, -1, -1, -1, -1, -1, -1, -1, -1, -1, -1, -1, -1, -1, -1, -1, -1, -1, -1, -1, -1, -1, -1, -1, -1, -1, -1, -1, -1, -1, -1, -1, -1, -1, -1, -1, -1, -1, -1, -1, -1, -1, -1, -1, -1, -1, -1, -1, -1, -1, -1, -1, -1, -1, -1, -1, -1, -1, -1, -1, -1, -1, -1, -1, -1, -1, -1, -1, -1, -1, -1, -1, -1, -1, -1, -1, -1, -1, -1, -1, -1, -1, -1, -1, -1, -1, -1, -1, -1, -1, -1, -1, -1, -1, -1, -1, -1, -1, -1, -1, -1, -1, -1, -1, -1, -1, -1, -1, -1, -1, -1, -1, -1, -1, -1, -1, -1, -1, -1, -1, -1, -1, -1, -1, -1, -1, -1, -1, -1, -1, -1, -1, -1, -1, -1]"
150,19,27,0.0,None,1,237,"[{'cluster_no': -1, 'count': 237}]","[-1, -1, -1, -1, -1, -1, -1, -1, -1, -1, -1, -1, -1, -1, -1, -1, -1, -1, -1, -1, -1, -1, -1, -1, -1, -1, -1, -1, -1, -1, -1, -1, -1, -1, -1, -1, -1, -1, -1, -1, -1, -1, -1, -1, -1, -1, -1, -1, -1, -1, -1, -1, -1, -1, -1, -1, -1, -1, -1, -1, -1, -1, -1, -1, -1, -1, -1, -1, -1, -1, -1, -1, -1, -1, -1, -1, -1, -1, -1, -1, -1, -1, -1, -1, -1, -1, -1, -1, -1, -1, -1, -1, -1, -1, -1, -1, -1, -1, -1, -1, -1, -1, -1, -1, -1, -1, -1, -1, -1, -1, -1, -1, -1, -1, -1, -1, -1, -1, -1, -1, -1, -1, -1, -1, -1, -1, -1, -1, -1, -1, -1, -1, -1, -1, -1, -1, -1, -1, -1, -1, -1, -1, -1, -1, -1, -1, -1, -1, -1, -1, -1, -1, -1, -1, -1, -1, -1, -1, -1, -1, -1, -1, -1, -1, -1, -1, -1, -1, -1, -1, -1, -1, -1, -1, -1, -1, -1, -1, -1, -1, -1, -1, -1, -1, -1, -1, -1, -1, -1, -1, -1, -1, -1, -1, -1, -1, -1, -1, -1, -1, -1, -1, -1, -1, -1, -1, -1, -1, -1, -1, -1, -1, -1, -1, -1, -1, -1, -1, -1, -1, -1, -1, -1, -1, -1, -1, -1, -1, -1, -1, -1, -1, -1, -1, -1, -1, -1]"
150,19,27,0.5,None,1,237,"[{'cluster_no': -1, 'count': 237}]","[-1, -1, -1, -1, -1, -1, -1, -1, -1, -1, -1, -1, -1, -1, -1, -1, -1, -1, -1, -1, -1, -1, -1, -1, -1, -1, -1, -1, -1, -1, -1, -1, -1, -1, -1, -1, -1, -1, -1, -1, -1, -1, -1, -1, -1, -1, -1, -1, -1, -1, -1, -1, -1, -1, -1, -1, -1, -1, -1, -1, -1, -1, -1, -1, -1, -1, -1, -1, -1, -1, -1, -1, -1, -1, -1, -1, -1, -1, -1, -1, -1, -1, -1, -1, -1, -1, -1, -1, -1, -1, -1, -1, -1, -1, -1, -1, -1, -1, -1, -1, -1, -1, -1, -1, -1, -1, -1, -1, -1, -1, -1, -1, -1, -1, -1, -1, -1, -1, -1, -1, -1, -1, -1, -1, -1, -1, -1, -1, -1, -1, -1, -1, -1, -1, -1, -1, -1, -1, -1, -1, -1, -1, -1, -1, -1, -1, -1, -1, -1, -1, -1, -1, -1, -1, -1, -1, -1, -1, -1, -1, -1, -1, -1, -1, -1, -1, -1, -1, -1, -1, -1, -1, -1, -1, -1, -1, -1, -1, -1, -1, -1, -1, -1, -1, -1, -1, -1, -1, -1, -1, -1, -1, -1, -1, -1, -1, -1, -1, -1, -1, -1, -1, -1, -1, -1, -1, -1, -1, -1, -1, -1, -1, -1, -1, -1, -1, -1, -1, -1, -1, -1, -1, -1, -1, -1, -1, -1, -1, -1, -1, -1, -1, -1, -1, -1, -1, -1]"
150,19,27,1.0,None,1,237,"[{'cluster_no': -1, 'count': 237}]","[-1, -1, -1, -1, -1, -1, -1, -1, -1, -1, -1, -1, -1, -1, -1, -1, -1, -1, -1, -1, -1, -1, -1, -1, -1, -1, -1, -1, -1, -1, -1, -1, -1, -1, -1, -1, -1, -1, -1, -1, -1, -1, -1, -1, -1, -1, -1, -1, -1, -1, -1, -1, -1, -1, -1, -1, -1, -1, -1, -1, -1, -1, -1, -1, -1, -1, -1, -1, -1, -1, -1, -1, -1, -1, -1, -1, -1, -1, -1, -1, -1, -1, -1, -1, -1, -1, -1, -1, -1, -1, -1, -1, -1, -1, -1, -1, -1, -1, -1, -1, -1, -1, -1, -1, -1, -1, -1, -1, -1, -1, -1, -1, -1, -1, -1, -1, -1, -1, -1, -1, -1, -1, -1, -1, -1, -1, -1, -1, -1, -1, -1, -1, -1, -1, -1, -1, -1, -1, -1, -1, -1, -1, -1, -1, -1, -1, -1, -1, -1, -1, -1, -1, -1, -1, -1, -1, -1, -1, -1, -1, -1, -1, -1, -1, -1, -1, -1, -1, -1, -1, -1, -1, -1, -1, -1, -1, -1, -1, -1, -1, -1, -1, -1, -1, -1, -1, -1, -1, -1, -1, -1, -1, -1, -1, -1, -1, -1, -1, -1, -1, -1, -1, -1, -1, -1, -1, -1, -1, -1, -1, -1, -1, -1, -1, -1, -1, -1, -1, -1, -1, -1, -1, -1, -1, -1, -1, -1, -1, -1, -1, -1, -1, -1, -1, -1, -1, -1]"
150,19,28,0.0,None,1,237,"[{'cluster_no': -1, 'count': 237}]","[-1, -1, -1, -1, -1, -1, -1, -1, -1, -1, -1, -1, -1, -1, -1, -1, -1, -1, -1, -1, -1, -1, -1, -1, -1, -1, -1, -1, -1, -1, -1, -1, -1, -1, -1, -1, -1, -1, -1, -1, -1, -1, -1, -1, -1, -1, -1, -1, -1, -1, -1, -1, -1, -1, -1, -1, -1, -1, -1, -1, -1, -1, -1, -1, -1, -1, -1, -1, -1, -1, -1, -1, -1, -1, -1, -1, -1, -1, -1, -1, -1, -1, -1, -1, -1, -1, -1, -1, -1, -1, -1, -1, -1, -1, -1, -1, -1, -1, -1, -1, -1, -1, -1, -1, -1, -1, -1, -1, -1, -1, -1, -1, -1, -1, -1, -1, -1, -1, -1, -1, -1, -1, -1, -1, -1, -1, -1, -1, -1, -1, -1, -1, -1, -1, -1, -1, -1, -1, -1, -1, -1, -1, -1, -1, -1, -1, -1, -1, -1, -1, -1, -1, -1, -1, -1, -1, -1, -1, -1, -1, -1, -1, -1, -1, -1, -1, -1, -1, -1, -1, -1, -1, -1, -1, -1, -1, -1, -1, -1, -1, -1, -1, -1, -1, -1, -1, -1, -1, -1, -1, -1, -1, -1, -1, -1, -1, -1, -1, -1, -1, -1, -1, -1, -1, -1, -1, -1, -1, -1, -1, -1, -1, -1, -1, -1, -1, -1, -1, -1, -1, -1, -1, -1, -1, -1, -1, -1, -1, -1, -1, -1, -1, -1, -1, -1, -1, -1]"
150,19,28,0.5,None,1,237,"[{'cluster_no': -1, 'count': 237}]","[-1, -1, -1, -1, -1, -1, -1, -1, -1, -1, -1, -1, -1, -1, -1, -1, -1, -1, -1, -1, -1, -1, -1, -1, -1, -1, -1, -1, -1, -1, -1, -1, -1, -1, -1, -1, -1, -1, -1, -1, -1, -1, -1, -1, -1, -1, -1, -1, -1, -1, -1, -1, -1, -1, -1, -1, -1, -1, -1, -1, -1, -1, -1, -1, -1, -1, -1, -1, -1, -1, -1, -1, -1, -1, -1, -1, -1, -1, -1, -1, -1, -1, -1, -1, -1, -1, -1, -1, -1, -1, -1, -1, -1, -1, -1, -1, -1, -1, -1, -1, -1, -1, -1, -1, -1, -1, -1, -1, -1, -1, -1, -1, -1, -1, -1, -1, -1, -1, -1, -1, -1, -1, -1, -1, -1, -1, -1, -1, -1, -1, -1, -1, -1, -1, -1, -1, -1, -1, -1, -1, -1, -1, -1, -1, -1, -1, -1, -1, -1, -1, -1, -1, -1, -1, -1, -1, -1, -1, -1, -1, -1, -1, -1, -1, -1, -1, -1, -1, -1, -1, -1, -1, -1, -1, -1, -1, -1, -1, -1, -1, -1, -1, -1, -1, -1, -1, -1, -1, -1, -1, -1, -1, -1, -1, -1, -1, -1, -1, -1, -1, -1, -1, -1, -1, -1, -1, -1, -1, -1, -1, -1, -1, -1, -1, -1, -1, -1, -1, -1, -1, -1, -1, -1, -1, -1, -1, -1, -1, -1, -1, -1, -1, -1, -1, -1, -1, -1]"
150,19,28,1.0,None,1,237,"[{'cluster_no': -1, 'count': 237}]","[-1, -1, -1, -1, -1, -1, -1, -1, -1, -1, -1, -1, -1, -1, -1, -1, -1, -1, -1, -1, -1, -1, -1, -1, -1, -1, -1, -1, -1, -1, -1, -1, -1, -1, -1, -1, -1, -1, -1, -1, -1, -1, -1, -1, -1, -1, -1, -1, -1, -1, -1, -1, -1, -1, -1, -1, -1, -1, -1, -1, -1, -1, -1, -1, -1, -1, -1, -1, -1, -1, -1, -1, -1, -1, -1, -1, -1, -1, -1, -1, -1, -1, -1, -1, -1, -1, -1, -1, -1, -1, -1, -1, -1, -1, -1, -1, -1, -1, -1, -1, -1, -1, -1, -1, -1, -1, -1, -1, -1, -1, -1, -1, -1, -1, -1, -1, -1, -1, -1, -1, -1, -1, -1, -1, -1, -1, -1, -1, -1, -1, -1, -1, -1, -1, -1, -1, -1, -1, -1, -1, -1, -1, -1, -1, -1, -1, -1, -1, -1, -1, -1, -1, -1, -1, -1, -1, -1, -1, -1, -1, -1, -1, -1, -1, -1, -1, -1, -1, -1, -1, -1, -1, -1, -1, -1, -1, -1, -1, -1, -1, -1, -1, -1, -1, -1, -1, -1, -1, -1, -1, -1, -1, -1, -1, -1, -1, -1, -1, -1, -1, -1, -1, -1, -1, -1, -1, -1, -1, -1, -1, -1, -1, -1, -1, -1, -1, -1, -1, -1, -1, -1, -1, -1, -1, -1, -1, -1, -1, -1, -1, -1, -1, -1, -1, -1, -1, -1]"
150,19,29,0.0,None,1,237,"[{'cluster_no': -1, 'count': 237}]","[-1, -1, -1, -1, -1, -1, -1, -1, -1, -1, -1, -1, -1, -1, -1, -1, -1, -1, -1, -1, -1, -1, -1, -1, -1, -1, -1, -1, -1, -1, -1, -1, -1, -1, -1, -1, -1, -1, -1, -1, -1, -1, -1, -1, -1, -1, -1, -1, -1, -1, -1, -1, -1, -1, -1, -1, -1, -1, -1, -1, -1, -1, -1, -1, -1, -1, -1, -1, -1, -1, -1, -1, -1, -1, -1, -1, -1, -1, -1, -1, -1, -1, -1, -1, -1, -1, -1, -1, -1, -1, -1, -1, -1, -1, -1, -1, -1, -1, -1, -1, -1, -1, -1, -1, -1, -1, -1, -1, -1, -1, -1, -1, -1, -1, -1, -1, -1, -1, -1, -1, -1, -1, -1, -1, -1, -1, -1, -1, -1, -1, -1, -1, -1, -1, -1, -1, -1, -1, -1, -1, -1, -1, -1, -1, -1, -1, -1, -1, -1, -1, -1, -1, -1, -1, -1, -1, -1, -1, -1, -1, -1, -1, -1, -1, -1, -1, -1, -1, -1, -1, -1, -1, -1, -1, -1, -1, -1, -1, -1, -1, -1, -1, -1, -1, -1, -1, -1, -1, -1, -1, -1, -1, -1, -1, -1, -1, -1, -1, -1, -1, -1, -1, -1, -1, -1, -1, -1, -1, -1, -1, -1, -1, -1, -1, -1, -1, -1, -1, -1, -1, -1, -1, -1, -1, -1, -1, -1, -1, -1, -1, -1, -1, -1, -1, -1, -1, -1]"
150,19,29,0.5,None,1,237,"[{'cluster_no': -1, 'count': 237}]","[-1, -1, -1, -1, -1, -1, -1, -1, -1, -1, -1, -1, -1, -1, -1, -1, -1, -1, -1, -1, -1, -1, -1, -1, -1, -1, -1, -1, -1, -1, -1, -1, -1, -1, -1, -1, -1, -1, -1, -1, -1, -1, -1, -1, -1, -1, -1, -1, -1, -1, -1, -1, -1, -1, -1, -1, -1, -1, -1, -1, -1, -1, -1, -1, -1, -1, -1, -1, -1, -1, -1, -1, -1, -1, -1, -1, -1, -1, -1, -1, -1, -1, -1, -1, -1, -1, -1, -1, -1, -1, -1, -1, -1, -1, -1, -1, -1, -1, -1, -1, -1, -1, -1, -1, -1, -1, -1, -1, -1, -1, -1, -1, -1, -1, -1, -1, -1, -1, -1, -1, -1, -1, -1, -1, -1, -1, -1, -1, -1, -1, -1, -1, -1, -1, -1, -1, -1, -1, -1, -1, -1, -1, -1, -1, -1, -1, -1, -1, -1, -1, -1, -1, -1, -1, -1, -1, -1, -1, -1, -1, -1, -1, -1, -1, -1, -1, -1, -1, -1, -1, -1, -1, -1, -1, -1, -1, -1, -1, -1, -1, -1, -1, -1, -1, -1, -1, -1, -1, -1, -1, -1, -1, -1, -1, -1, -1, -1, -1, -1, -1, -1, -1, -1, -1, -1, -1, -1, -1, -1, -1, -1, -1, -1, -1, -1, -1, -1, -1, -1, -1, -1, -1, -1, -1, -1, -1, -1, -1, -1, -1, -1, -1, -1, -1, -1, -1, -1]"
150,19,29,1.0,None,1,237,"[{'cluster_no': -1, 'count': 237}]","[-1, -1, -1, -1, -1, -1, -1, -1, -1, -1, -1, -1, -1, -1, -1, -1, -1, -1, -1, -1, -1, -1, -1, -1, -1, -1, -1, -1, -1, -1, -1, -1, -1, -1, -1, -1, -1, -1, -1, -1, -1, -1, -1, -1, -1, -1, -1, -1, -1, -1, -1, -1, -1, -1, -1, -1, -1, -1, -1, -1, -1, -1, -1, -1, -1, -1, -1, -1, -1, -1, -1, -1, -1, -1, -1, -1, -1, -1, -1, -1, -1, -1, -1, -1, -1, -1, -1, -1, -1, -1, -1, -1, -1, -1, -1, -1, -1, -1, -1, -1, -1, -1, -1, -1, -1, -1, -1, -1, -1, -1, -1, -1, -1, -1, -1, -1, -1, -1, -1, -1, -1, -1, -1, -1, -1, -1, -1, -1, -1, -1, -1, -1, -1, -1, -1, -1, -1, -1, -1, -1, -1, -1, -1, -1, -1, -1, -1, -1, -1, -1, -1, -1, -1, -1, -1, -1, -1, -1, -1, -1, -1, -1, -1, -1, -1, -1, -1, -1, -1, -1, -1, -1, -1, -1, -1, -1, -1, -1, -1, -1, -1, -1, -1, -1, -1, -1, -1, -1, -1, -1, -1, -1, -1, -1, -1, -1, -1, -1, -1, -1, -1, -1, -1, -1, -1, -1, -1, -1, -1, -1, -1, -1, -1, -1, -1, -1, -1, -1, -1, -1, -1, -1, -1, -1, -1, -1, -1, -1, -1, -1, -1, -1, -1, -1, -1, -1, -1]"
150,19,30,0.0,None,1,237,"[{'cluster_no': -1, 'count': 237}]","[-1, -1, -1, -1, -1, -1, -1, -1, -1, -1, -1, -1, -1, -1, -1, -1, -1, -1, -1, -1, -1, -1, -1, -1, -1, -1, -1, -1, -1, -1, -1, -1, -1, -1, -1, -1, -1, -1, -1, -1, -1, -1, -1, -1, -1, -1, -1, -1, -1, -1, -1, -1, -1, -1, -1, -1, -1, -1, -1, -1, -1, -1, -1, -1, -1, -1, -1, -1, -1, -1, -1, -1, -1, -1, -1, -1, -1, -1, -1, -1, -1, -1, -1, -1, -1, -1, -1, -1, -1, -1, -1, -1, -1, -1, -1, -1, -1, -1, -1, -1, -1, -1, -1, -1, -1, -1, -1, -1, -1, -1, -1, -1, -1, -1, -1, -1, -1, -1, -1, -1, -1, -1, -1, -1, -1, -1, -1, -1, -1, -1, -1, -1, -1, -1, -1, -1, -1, -1, -1, -1, -1, -1, -1, -1, -1, -1, -1, -1, -1, -1, -1, -1, -1, -1, -1, -1, -1, -1, -1, -1, -1, -1, -1, -1, -1, -1, -1, -1, -1, -1, -1, -1, -1, -1, -1, -1, -1, -1, -1, -1, -1, -1, -1, -1, -1, -1, -1, -1, -1, -1, -1, -1, -1, -1, -1, -1, -1, -1, -1, -1, -1, -1, -1, -1, -1, -1, -1, -1, -1, -1, -1, -1, -1, -1, -1, -1, -1, -1, -1, -1, -1, -1, -1, -1, -1, -1, -1, -1, -1, -1, -1, -1, -1, -1, -1, -1, -1]"
150,19,30,0.5,None,1,237,"[{'cluster_no': -1, 'count': 237}]","[-1, -1, -1, -1, -1, -1, -1, -1, -1, -1, -1, -1, -1, -1, -1, -1, -1, -1, -1, -1, -1, -1, -1, -1, -1, -1, -1, -1, -1, -1, -1, -1, -1, -1, -1, -1, -1, -1, -1, -1, -1, -1, -1, -1, -1, -1, -1, -1, -1, -1, -1, -1, -1, -1, -1, -1, -1, -1, -1, -1, -1, -1, -1, -1, -1, -1, -1, -1, -1, -1, -1, -1, -1, -1, -1, -1, -1, -1, -1, -1, -1, -1, -1, -1, -1, -1, -1, -1, -1, -1, -1, -1, -1, -1, -1, -1, -1, -1, -1, -1, -1, -1, -1, -1, -1, -1, -1, -1, -1, -1, -1, -1, -1, -1, -1, -1, -1, -1, -1, -1, -1, -1, -1, -1, -1, -1, -1, -1, -1, -1, -1, -1, -1, -1, -1, -1, -1, -1, -1, -1, -1, -1, -1, -1, -1, -1, -1, -1, -1, -1, -1, -1, -1, -1, -1, -1, -1, -1, -1, -1, -1, -1, -1, -1, -1, -1, -1, -1, -1, -1, -1, -1, -1, -1, -1, -1, -1, -1, -1, -1, -1, -1, -1, -1, -1, -1, -1, -1, -1, -1, -1, -1, -1, -1, -1, -1, -1, -1, -1, -1, -1, -1, -1, -1, -1, -1, -1, -1, -1, -1, -1, -1, -1, -1, -1, -1, -1, -1, -1, -1, -1, -1, -1, -1, -1, -1, -1, -1, -1, -1, -1, -1, -1, -1, -1, -1, -1]"
150,19,30,1.0,None,1,237,"[{'cluster_no': -1, 'count': 237}]","[-1, -1, -1, -1, -1, -1, -1, -1, -1, -1, -1, -1, -1, -1, -1, -1, -1, -1, -1, -1, -1, -1, -1, -1, -1, -1, -1, -1, -1, -1, -1, -1, -1, -1, -1, -1, -1, -1, -1, -1, -1, -1, -1, -1, -1, -1, -1, -1, -1, -1, -1, -1, -1, -1, -1, -1, -1, -1, -1, -1, -1, -1, -1, -1, -1, -1, -1, -1, -1, -1, -1, -1, -1, -1, -1, -1, -1, -1, -1, -1, -1, -1, -1, -1, -1, -1, -1, -1, -1, -1, -1, -1, -1, -1, -1, -1, -1, -1, -1, -1, -1, -1, -1, -1, -1, -1, -1, -1, -1, -1, -1, -1, -1, -1, -1, -1, -1, -1, -1, -1, -1, -1, -1, -1, -1, -1, -1, -1, -1, -1, -1, -1, -1, -1, -1, -1, -1, -1, -1, -1, -1, -1, -1, -1, -1, -1, -1, -1, -1, -1, -1, -1, -1, -1, -1, -1, -1, -1, -1, -1, -1, -1, -1, -1, -1, -1, -1, -1, -1, -1, -1, -1, -1, -1, -1, -1, -1, -1, -1, -1, -1, -1, -1, -1, -1, -1, -1, -1, -1, -1, -1, -1, -1, -1, -1, -1, -1, -1, -1, -1, -1, -1, -1, -1, -1, -1, -1, -1, -1, -1, -1, -1, -1, -1, -1, -1, -1, -1, -1, -1, -1, -1, -1, -1, -1, -1, -1, -1, -1, -1, -1, -1, -1, -1, -1, -1, -1]"
150,20,5,0.0,0.6391408421326114,3,219,"[{'cluster_no': -1, 'count': 219}, {'cluster_no': 0, 'count': 7}, {'cluster_no': 1, 'count': 11}]","[-1, -1, -1, -1, -1, -1, -1, -1, -1, -1, -1, -1, -1, -1, -1, -1, -1, -1, -1, -1, -1, -1, -1, -1, -1, -1, -1, -1, -1, -1, -1, -1, -1, -1, -1, -1, -1, -1, -1, -1, -1, -1, -1, -1, -1, -1, -1, -1, -1, -1, -1, -1, -1, -1, -1, -1, -1, 1, -1, -1, -1, -1, -1, -1, -1, -1, -1, -1, -1, -1, -1, -1, -1, -1, 0, -1, -1, -1, -1, -1, -1, -1, -1, -1, -1, -1, -1, -1, -1, -1, -1, -1, -1, -1, -1, -1, -1, -1, -1, -1, -1, -1, -1, -1, -1, -1, -1, -1, -1, -1, -1, -1, -1, -1, -1, -1, -1, -1, -1, -1, -1, -1, -1, -1, -1, -1, -1, -1, -1, -1, 0, -1, -1, -1, -1, -1, 1, -1, -1, -1, -1, -1, -1, 0, -1, -1, -1, -1, -1, -1, -1, -1, -1, -1, -1, -1, -1, -1, -1, -1, 1, -1, -1, -1, -1, -1, 1, 0, 1, -1, -1, -1, 1, -1, 1, -1, -1, -1, -1, -1, -1, 1, -1, 0, 1, -1, -1, -1, -1, -1, -1, -1, -1, -1, -1, -1, -1, -1, -1, -1, -1, -1, -1, -1, -1, -1, -1, -1, 0, 0, 1, 1, -1, -1, -1, -1, -1, -1, -1, -1, -1, -1, -1, -1, -1, -1, -1, -1, -1, -1, -1, -1, -1, -1, -1, -1, -1]"
150,20,5,0.5,0.6391408421326114,3,219,"[{'cluster_no': -1, 'count': 219}, {'cluster_no': 0, 'count': 7}, {'cluster_no': 1, 'count': 11}]","[-1, -1, -1, -1, -1, -1, -1, -1, -1, -1, -1, -1, -1, -1, -1, -1, -1, -1, -1, -1, -1, -1, -1, -1, -1, -1, -1, -1, -1, -1, -1, -1, -1, -1, -1, -1, -1, -1, -1, -1, -1, -1, -1, -1, -1, -1, -1, -1, -1, -1, -1, -1, -1, -1, -1, -1, -1, 1, -1, -1, -1, -1, -1, -1, -1, -1, -1, -1, -1, -1, -1, -1, -1, -1, 0, -1, -1, -1, -1, -1, -1, -1, -1, -1, -1, -1, -1, -1, -1, -1, -1, -1, -1, -1, -1, -1, -1, -1, -1, -1, -1, -1, -1, -1, -1, -1, -1, -1, -1, -1, -1, -1, -1, -1, -1, -1, -1, -1, -1, -1, -1, -1, -1, -1, -1, -1, -1, -1, -1, -1, 0, -1, -1, -1, -1, -1, 1, -1, -1, -1, -1, -1, -1, 0, -1, -1, -1, -1, -1, -1, -1, -1, -1, -1, -1, -1, -1, -1, -1, -1, 1, -1, -1, -1, -1, -1, 1, 0, 1, -1, -1, -1, 1, -1, 1, -1, -1, -1, -1, -1, -1, 1, -1, 0, 1, -1, -1, -1, -1, -1, -1, -1, -1, -1, -1, -1, -1, -1, -1, -1, -1, -1, -1, -1, -1, -1, -1, -1, 0, 0, 1, 1, -1, -1, -1, -1, -1, -1, -1, -1, -1, -1, -1, -1, -1, -1, -1, -1, -1, -1, -1, -1, -1, -1, -1, -1, -1]"
150,20,5,1.0,0.6391408421326114,3,219,"[{'cluster_no': -1, 'count': 219}, {'cluster_no': 0, 'count': 7}, {'cluster_no': 1, 'count': 11}]","[-1, -1, -1, -1, -1, -1, -1, -1, -1, -1, -1, -1, -1, -1, -1, -1, -1, -1, -1, -1, -1, -1, -1, -1, -1, -1, -1, -1, -1, -1, -1, -1, -1, -1, -1, -1, -1, -1, -1, -1, -1, -1, -1, -1, -1, -1, -1, -1, -1, -1, -1, -1, -1, -1, -1, -1, -1, 1, -1, -1, -1, -1, -1, -1, -1, -1, -1, -1, -1, -1, -1, -1, -1, -1, 0, -1, -1, -1, -1, -1, -1, -1, -1, -1, -1, -1, -1, -1, -1, -1, -1, -1, -1, -1, -1, -1, -1, -1, -1, -1, -1, -1, -1, -1, -1, -1, -1, -1, -1, -1, -1, -1, -1, -1, -1, -1, -1, -1, -1, -1, -1, -1, -1, -1, -1, -1, -1, -1, -1, -1, 0, -1, -1, -1, -1, -1, 1, -1, -1, -1, -1, -1, -1, 0, -1, -1, -1, -1, -1, -1, -1, -1, -1, -1, -1, -1, -1, -1, -1, -1, 1, -1, -1, -1, -1, -1, 1, 0, 1, -1, -1, -1, 1, -1, 1, -1, -1, -1, -1, -1, -1, 1, -1, 0, 1, -1, -1, -1, -1, -1, -1, -1, -1, -1, -1, -1, -1, -1, -1, -1, -1, -1, -1, -1, -1, -1, -1, -1, 0, 0, 1, 1, -1, -1, -1, -1, -1, -1, -1, -1, -1, -1, -1, -1, -1, -1, -1, -1, -1, -1, -1, -1, -1, -1, -1, -1, -1]"
150,20,6,0.0,0.6391408421326114,3,219,"[{'cluster_no': -1, 'count': 219}, {'cluster_no': 0, 'count': 7}, {'cluster_no': 1, 'count': 11}]","[-1, -1, -1, -1, -1, -1, -1, -1, -1, -1, -1, -1, -1, -1, -1, -1, -1, -1, -1, -1, -1, -1, -1, -1, -1, -1, -1, -1, -1, -1, -1, -1, -1, -1, -1, -1, -1, -1, -1, -1, -1, -1, -1, -1, -1, -1, -1, -1, -1, -1, -1, -1, -1, -1, -1, -1, -1, 1, -1, -1, -1, -1, -1, -1, -1, -1, -1, -1, -1, -1, -1, -1, -1, -1, 0, -1, -1, -1, -1, -1, -1, -1, -1, -1, -1, -1, -1, -1, -1, -1, -1, -1, -1, -1, -1, -1, -1, -1, -1, -1, -1, -1, -1, -1, -1, -1, -1, -1, -1, -1, -1, -1, -1, -1, -1, -1, -1, -1, -1, -1, -1, -1, -1, -1, -1, -1, -1, -1, -1, -1, 0, -1, -1, -1, -1, -1, 1, -1, -1, -1, -1, -1, -1, 0, -1, -1, -1, -1, -1, -1, -1, -1, -1, -1, -1, -1, -1, -1, -1, -1, 1, -1, -1, -1, -1, -1, 1, 0, 1, -1, -1, -1, 1, -1, 1, -1, -1, -1, -1, -1, -1, 1, -1, 0, 1, -1, -1, -1, -1, -1, -1, -1, -1, -1, -1, -1, -1, -1, -1, -1, -1, -1, -1, -1, -1, -1, -1, -1, 0, 0, 1, 1, -1, -1, -1, -1, -1, -1, -1, -1, -1, -1, -1, -1, -1, -1, -1, -1, -1, -1, -1, -1, -1, -1, -1, -1, -1]"
150,20,6,0.5,0.6391408421326114,3,219,"[{'cluster_no': -1, 'count': 219}, {'cluster_no': 0, 'count': 7}, {'cluster_no': 1, 'count': 11}]","[-1, -1, -1, -1, -1, -1, -1, -1, -1, -1, -1, -1, -1, -1, -1, -1, -1, -1, -1, -1, -1, -1, -1, -1, -1, -1, -1, -1, -1, -1, -1, -1, -1, -1, -1, -1, -1, -1, -1, -1, -1, -1, -1, -1, -1, -1, -1, -1, -1, -1, -1, -1, -1, -1, -1, -1, -1, 1, -1, -1, -1, -1, -1, -1, -1, -1, -1, -1, -1, -1, -1, -1, -1, -1, 0, -1, -1, -1, -1, -1, -1, -1, -1, -1, -1, -1, -1, -1, -1, -1, -1, -1, -1, -1, -1, -1, -1, -1, -1, -1, -1, -1, -1, -1, -1, -1, -1, -1, -1, -1, -1, -1, -1, -1, -1, -1, -1, -1, -1, -1, -1, -1, -1, -1, -1, -1, -1, -1, -1, -1, 0, -1, -1, -1, -1, -1, 1, -1, -1, -1, -1, -1, -1, 0, -1, -1, -1, -1, -1, -1, -1, -1, -1, -1, -1, -1, -1, -1, -1, -1, 1, -1, -1, -1, -1, -1, 1, 0, 1, -1, -1, -1, 1, -1, 1, -1, -1, -1, -1, -1, -1, 1, -1, 0, 1, -1, -1, -1, -1, -1, -1, -1, -1, -1, -1, -1, -1, -1, -1, -1, -1, -1, -1, -1, -1, -1, -1, -1, 0, 0, 1, 1, -1, -1, -1, -1, -1, -1, -1, -1, -1, -1, -1, -1, -1, -1, -1, -1, -1, -1, -1, -1, -1, -1, -1, -1, -1]"
150,20,6,1.0,0.6391408421326114,3,219,"[{'cluster_no': -1, 'count': 219}, {'cluster_no': 0, 'count': 7}, {'cluster_no': 1, 'count': 11}]","[-1, -1, -1, -1, -1, -1, -1, -1, -1, -1, -1, -1, -1, -1, -1, -1, -1, -1, -1, -1, -1, -1, -1, -1, -1, -1, -1, -1, -1, -1, -1, -1, -1, -1, -1, -1, -1, -1, -1, -1, -1, -1, -1, -1, -1, -1, -1, -1, -1, -1, -1, -1, -1, -1, -1, -1, -1, 1, -1, -1, -1, -1, -1, -1, -1, -1, -1, -1, -1, -1, -1, -1, -1, -1, 0, -1, -1, -1, -1, -1, -1, -1, -1, -1, -1, -1, -1, -1, -1, -1, -1, -1, -1, -1, -1, -1, -1, -1, -1, -1, -1, -1, -1, -1, -1, -1, -1, -1, -1, -1, -1, -1, -1, -1, -1, -1, -1, -1, -1, -1, -1, -1, -1, -1, -1, -1, -1, -1, -1, -1, 0, -1, -1, -1, -1, -1, 1, -1, -1, -1, -1, -1, -1, 0, -1, -1, -1, -1, -1, -1, -1, -1, -1, -1, -1, -1, -1, -1, -1, -1, 1, -1, -1, -1, -1, -1, 1, 0, 1, -1, -1, -1, 1, -1, 1, -1, -1, -1, -1, -1, -1, 1, -1, 0, 1, -1, -1, -1, -1, -1, -1, -1, -1, -1, -1, -1, -1, -1, -1, -1, -1, -1, -1, -1, -1, -1, -1, -1, 0, 0, 1, 1, -1, -1, -1, -1, -1, -1, -1, -1, -1, -1, -1, -1, -1, -1, -1, -1, -1, -1, -1, -1, -1, -1, -1, -1, -1]"
150,20,7,0.0,0.6391408421326114,3,219,"[{'cluster_no': -1, 'count': 219}, {'cluster_no': 0, 'count': 7}, {'cluster_no': 1, 'count': 11}]","[-1, -1, -1, -1, -1, -1, -1, -1, -1, -1, -1, -1, -1, -1, -1, -1, -1, -1, -1, -1, -1, -1, -1, -1, -1, -1, -1, -1, -1, -1, -1, -1, -1, -1, -1, -1, -1, -1, -1, -1, -1, -1, -1, -1, -1, -1, -1, -1, -1, -1, -1, -1, -1, -1, -1, -1, -1, 1, -1, -1, -1, -1, -1, -1, -1, -1, -1, -1, -1, -1, -1, -1, -1, -1, 0, -1, -1, -1, -1, -1, -1, -1, -1, -1, -1, -1, -1, -1, -1, -1, -1, -1, -1, -1, -1, -1, -1, -1, -1, -1, -1, -1, -1, -1, -1, -1, -1, -1, -1, -1, -1, -1, -1, -1, -1, -1, -1, -1, -1, -1, -1, -1, -1, -1, -1, -1, -1, -1, -1, -1, 0, -1, -1, -1, -1, -1, 1, -1, -1, -1, -1, -1, -1, 0, -1, -1, -1, -1, -1, -1, -1, -1, -1, -1, -1, -1, -1, -1, -1, -1, 1, -1, -1, -1, -1, -1, 1, 0, 1, -1, -1, -1, 1, -1, 1, -1, -1, -1, -1, -1, -1, 1, -1, 0, 1, -1, -1, -1, -1, -1, -1, -1, -1, -1, -1, -1, -1, -1, -1, -1, -1, -1, -1, -1, -1, -1, -1, -1, 0, 0, 1, 1, -1, -1, -1, -1, -1, -1, -1, -1, -1, -1, -1, -1, -1, -1, -1, -1, -1, -1, -1, -1, -1, -1, -1, -1, -1]"
150,20,7,0.5,0.6391408421326114,3,219,"[{'cluster_no': -1, 'count': 219}, {'cluster_no': 0, 'count': 7}, {'cluster_no': 1, 'count': 11}]","[-1, -1, -1, -1, -1, -1, -1, -1, -1, -1, -1, -1, -1, -1, -1, -1, -1, -1, -1, -1, -1, -1, -1, -1, -1, -1, -1, -1, -1, -1, -1, -1, -1, -1, -1, -1, -1, -1, -1, -1, -1, -1, -1, -1, -1, -1, -1, -1, -1, -1, -1, -1, -1, -1, -1, -1, -1, 1, -1, -1, -1, -1, -1, -1, -1, -1, -1, -1, -1, -1, -1, -1, -1, -1, 0, -1, -1, -1, -1, -1, -1, -1, -1, -1, -1, -1, -1, -1, -1, -1, -1, -1, -1, -1, -1, -1, -1, -1, -1, -1, -1, -1, -1, -1, -1, -1, -1, -1, -1, -1, -1, -1, -1, -1, -1, -1, -1, -1, -1, -1, -1, -1, -1, -1, -1, -1, -1, -1, -1, -1, 0, -1, -1, -1, -1, -1, 1, -1, -1, -1, -1, -1, -1, 0, -1, -1, -1, -1, -1, -1, -1, -1, -1, -1, -1, -1, -1, -1, -1, -1, 1, -1, -1, -1, -1, -1, 1, 0, 1, -1, -1, -1, 1, -1, 1, -1, -1, -1, -1, -1, -1, 1, -1, 0, 1, -1, -1, -1, -1, -1, -1, -1, -1, -1, -1, -1, -1, -1, -1, -1, -1, -1, -1, -1, -1, -1, -1, -1, 0, 0, 1, 1, -1, -1, -1, -1, -1, -1, -1, -1, -1, -1, -1, -1, -1, -1, -1, -1, -1, -1, -1, -1, -1, -1, -1, -1, -1]"
150,20,7,1.0,0.6391408421326114,3,219,"[{'cluster_no': -1, 'count': 219}, {'cluster_no': 0, 'count': 7}, {'cluster_no': 1, 'count': 11}]","[-1, -1, -1, -1, -1, -1, -1, -1, -1, -1, -1, -1, -1, -1, -1, -1, -1, -1, -1, -1, -1, -1, -1, -1, -1, -1, -1, -1, -1, -1, -1, -1, -1, -1, -1, -1, -1, -1, -1, -1, -1, -1, -1, -1, -1, -1, -1, -1, -1, -1, -1, -1, -1, -1, -1, -1, -1, 1, -1, -1, -1, -1, -1, -1, -1, -1, -1, -1, -1, -1, -1, -1, -1, -1, 0, -1, -1, -1, -1, -1, -1, -1, -1, -1, -1, -1, -1, -1, -1, -1, -1, -1, -1, -1, -1, -1, -1, -1, -1, -1, -1, -1, -1, -1, -1, -1, -1, -1, -1, -1, -1, -1, -1, -1, -1, -1, -1, -1, -1, -1, -1, -1, -1, -1, -1, -1, -1, -1, -1, -1, 0, -1, -1, -1, -1, -1, 1, -1, -1, -1, -1, -1, -1, 0, -1, -1, -1, -1, -1, -1, -1, -1, -1, -1, -1, -1, -1, -1, -1, -1, 1, -1, -1, -1, -1, -1, 1, 0, 1, -1, -1, -1, 1, -1, 1, -1, -1, -1, -1, -1, -1, 1, -1, 0, 1, -1, -1, -1, -1, -1, -1, -1, -1, -1, -1, -1, -1, -1, -1, -1, -1, -1, -1, -1, -1, -1, -1, -1, 0, 0, 1, 1, -1, -1, -1, -1, -1, -1, -1, -1, -1, -1, -1, -1, -1, -1, -1, -1, -1, -1, -1, -1, -1, -1, -1, -1, -1]"
150,20,8,0.0,None,1,237,"[{'cluster_no': -1, 'count': 237}]","[-1, -1, -1, -1, -1, -1, -1, -1, -1, -1, -1, -1, -1, -1, -1, -1, -1, -1, -1, -1, -1, -1, -1, -1, -1, -1, -1, -1, -1, -1, -1, -1, -1, -1, -1, -1, -1, -1, -1, -1, -1, -1, -1, -1, -1, -1, -1, -1, -1, -1, -1, -1, -1, -1, -1, -1, -1, -1, -1, -1, -1, -1, -1, -1, -1, -1, -1, -1, -1, -1, -1, -1, -1, -1, -1, -1, -1, -1, -1, -1, -1, -1, -1, -1, -1, -1, -1, -1, -1, -1, -1, -1, -1, -1, -1, -1, -1, -1, -1, -1, -1, -1, -1, -1, -1, -1, -1, -1, -1, -1, -1, -1, -1, -1, -1, -1, -1, -1, -1, -1, -1, -1, -1, -1, -1, -1, -1, -1, -1, -1, -1, -1, -1, -1, -1, -1, -1, -1, -1, -1, -1, -1, -1, -1, -1, -1, -1, -1, -1, -1, -1, -1, -1, -1, -1, -1, -1, -1, -1, -1, -1, -1, -1, -1, -1, -1, -1, -1, -1, -1, -1, -1, -1, -1, -1, -1, -1, -1, -1, -1, -1, -1, -1, -1, -1, -1, -1, -1, -1, -1, -1, -1, -1, -1, -1, -1, -1, -1, -1, -1, -1, -1, -1, -1, -1, -1, -1, -1, -1, -1, -1, -1, -1, -1, -1, -1, -1, -1, -1, -1, -1, -1, -1, -1, -1, -1, -1, -1, -1, -1, -1, -1, -1, -1, -1, -1, -1]"
150,20,8,0.5,None,1,237,"[{'cluster_no': -1, 'count': 237}]","[-1, -1, -1, -1, -1, -1, -1, -1, -1, -1, -1, -1, -1, -1, -1, -1, -1, -1, -1, -1, -1, -1, -1, -1, -1, -1, -1, -1, -1, -1, -1, -1, -1, -1, -1, -1, -1, -1, -1, -1, -1, -1, -1, -1, -1, -1, -1, -1, -1, -1, -1, -1, -1, -1, -1, -1, -1, -1, -1, -1, -1, -1, -1, -1, -1, -1, -1, -1, -1, -1, -1, -1, -1, -1, -1, -1, -1, -1, -1, -1, -1, -1, -1, -1, -1, -1, -1, -1, -1, -1, -1, -1, -1, -1, -1, -1, -1, -1, -1, -1, -1, -1, -1, -1, -1, -1, -1, -1, -1, -1, -1, -1, -1, -1, -1, -1, -1, -1, -1, -1, -1, -1, -1, -1, -1, -1, -1, -1, -1, -1, -1, -1, -1, -1, -1, -1, -1, -1, -1, -1, -1, -1, -1, -1, -1, -1, -1, -1, -1, -1, -1, -1, -1, -1, -1, -1, -1, -1, -1, -1, -1, -1, -1, -1, -1, -1, -1, -1, -1, -1, -1, -1, -1, -1, -1, -1, -1, -1, -1, -1, -1, -1, -1, -1, -1, -1, -1, -1, -1, -1, -1, -1, -1, -1, -1, -1, -1, -1, -1, -1, -1, -1, -1, -1, -1, -1, -1, -1, -1, -1, -1, -1, -1, -1, -1, -1, -1, -1, -1, -1, -1, -1, -1, -1, -1, -1, -1, -1, -1, -1, -1, -1, -1, -1, -1, -1, -1]"
150,20,8,1.0,None,1,237,"[{'cluster_no': -1, 'count': 237}]","[-1, -1, -1, -1, -1, -1, -1, -1, -1, -1, -1, -1, -1, -1, -1, -1, -1, -1, -1, -1, -1, -1, -1, -1, -1, -1, -1, -1, -1, -1, -1, -1, -1, -1, -1, -1, -1, -1, -1, -1, -1, -1, -1, -1, -1, -1, -1, -1, -1, -1, -1, -1, -1, -1, -1, -1, -1, -1, -1, -1, -1, -1, -1, -1, -1, -1, -1, -1, -1, -1, -1, -1, -1, -1, -1, -1, -1, -1, -1, -1, -1, -1, -1, -1, -1, -1, -1, -1, -1, -1, -1, -1, -1, -1, -1, -1, -1, -1, -1, -1, -1, -1, -1, -1, -1, -1, -1, -1, -1, -1, -1, -1, -1, -1, -1, -1, -1, -1, -1, -1, -1, -1, -1, -1, -1, -1, -1, -1, -1, -1, -1, -1, -1, -1, -1, -1, -1, -1, -1, -1, -1, -1, -1, -1, -1, -1, -1, -1, -1, -1, -1, -1, -1, -1, -1, -1, -1, -1, -1, -1, -1, -1, -1, -1, -1, -1, -1, -1, -1, -1, -1, -1, -1, -1, -1, -1, -1, -1, -1, -1, -1, -1, -1, -1, -1, -1, -1, -1, -1, -1, -1, -1, -1, -1, -1, -1, -1, -1, -1, -1, -1, -1, -1, -1, -1, -1, -1, -1, -1, -1, -1, -1, -1, -1, -1, -1, -1, -1, -1, -1, -1, -1, -1, -1, -1, -1, -1, -1, -1, -1, -1, -1, -1, -1, -1, -1, -1]"
150,20,9,0.0,None,1,237,"[{'cluster_no': -1, 'count': 237}]","[-1, -1, -1, -1, -1, -1, -1, -1, -1, -1, -1, -1, -1, -1, -1, -1, -1, -1, -1, -1, -1, -1, -1, -1, -1, -1, -1, -1, -1, -1, -1, -1, -1, -1, -1, -1, -1, -1, -1, -1, -1, -1, -1, -1, -1, -1, -1, -1, -1, -1, -1, -1, -1, -1, -1, -1, -1, -1, -1, -1, -1, -1, -1, -1, -1, -1, -1, -1, -1, -1, -1, -1, -1, -1, -1, -1, -1, -1, -1, -1, -1, -1, -1, -1, -1, -1, -1, -1, -1, -1, -1, -1, -1, -1, -1, -1, -1, -1, -1, -1, -1, -1, -1, -1, -1, -1, -1, -1, -1, -1, -1, -1, -1, -1, -1, -1, -1, -1, -1, -1, -1, -1, -1, -1, -1, -1, -1, -1, -1, -1, -1, -1, -1, -1, -1, -1, -1, -1, -1, -1, -1, -1, -1, -1, -1, -1, -1, -1, -1, -1, -1, -1, -1, -1, -1, -1, -1, -1, -1, -1, -1, -1, -1, -1, -1, -1, -1, -1, -1, -1, -1, -1, -1, -1, -1, -1, -1, -1, -1, -1, -1, -1, -1, -1, -1, -1, -1, -1, -1, -1, -1, -1, -1, -1, -1, -1, -1, -1, -1, -1, -1, -1, -1, -1, -1, -1, -1, -1, -1, -1, -1, -1, -1, -1, -1, -1, -1, -1, -1, -1, -1, -1, -1, -1, -1, -1, -1, -1, -1, -1, -1, -1, -1, -1, -1, -1, -1]"
150,20,9,0.5,None,1,237,"[{'cluster_no': -1, 'count': 237}]","[-1, -1, -1, -1, -1, -1, -1, -1, -1, -1, -1, -1, -1, -1, -1, -1, -1, -1, -1, -1, -1, -1, -1, -1, -1, -1, -1, -1, -1, -1, -1, -1, -1, -1, -1, -1, -1, -1, -1, -1, -1, -1, -1, -1, -1, -1, -1, -1, -1, -1, -1, -1, -1, -1, -1, -1, -1, -1, -1, -1, -1, -1, -1, -1, -1, -1, -1, -1, -1, -1, -1, -1, -1, -1, -1, -1, -1, -1, -1, -1, -1, -1, -1, -1, -1, -1, -1, -1, -1, -1, -1, -1, -1, -1, -1, -1, -1, -1, -1, -1, -1, -1, -1, -1, -1, -1, -1, -1, -1, -1, -1, -1, -1, -1, -1, -1, -1, -1, -1, -1, -1, -1, -1, -1, -1, -1, -1, -1, -1, -1, -1, -1, -1, -1, -1, -1, -1, -1, -1, -1, -1, -1, -1, -1, -1, -1, -1, -1, -1, -1, -1, -1, -1, -1, -1, -1, -1, -1, -1, -1, -1, -1, -1, -1, -1, -1, -1, -1, -1, -1, -1, -1, -1, -1, -1, -1, -1, -1, -1, -1, -1, -1, -1, -1, -1, -1, -1, -1, -1, -1, -1, -1, -1, -1, -1, -1, -1, -1, -1, -1, -1, -1, -1, -1, -1, -1, -1, -1, -1, -1, -1, -1, -1, -1, -1, -1, -1, -1, -1, -1, -1, -1, -1, -1, -1, -1, -1, -1, -1, -1, -1, -1, -1, -1, -1, -1, -1]"
150,20,9,1.0,None,1,237,"[{'cluster_no': -1, 'count': 237}]","[-1, -1, -1, -1, -1, -1, -1, -1, -1, -1, -1, -1, -1, -1, -1, -1, -1, -1, -1, -1, -1, -1, -1, -1, -1, -1, -1, -1, -1, -1, -1, -1, -1, -1, -1, -1, -1, -1, -1, -1, -1, -1, -1, -1, -1, -1, -1, -1, -1, -1, -1, -1, -1, -1, -1, -1, -1, -1, -1, -1, -1, -1, -1, -1, -1, -1, -1, -1, -1, -1, -1, -1, -1, -1, -1, -1, -1, -1, -1, -1, -1, -1, -1, -1, -1, -1, -1, -1, -1, -1, -1, -1, -1, -1, -1, -1, -1, -1, -1, -1, -1, -1, -1, -1, -1, -1, -1, -1, -1, -1, -1, -1, -1, -1, -1, -1, -1, -1, -1, -1, -1, -1, -1, -1, -1, -1, -1, -1, -1, -1, -1, -1, -1, -1, -1, -1, -1, -1, -1, -1, -1, -1, -1, -1, -1, -1, -1, -1, -1, -1, -1, -1, -1, -1, -1, -1, -1, -1, -1, -1, -1, -1, -1, -1, -1, -1, -1, -1, -1, -1, -1, -1, -1, -1, -1, -1, -1, -1, -1, -1, -1, -1, -1, -1, -1, -1, -1, -1, -1, -1, -1, -1, -1, -1, -1, -1, -1, -1, -1, -1, -1, -1, -1, -1, -1, -1, -1, -1, -1, -1, -1, -1, -1, -1, -1, -1, -1, -1, -1, -1, -1, -1, -1, -1, -1, -1, -1, -1, -1, -1, -1, -1, -1, -1, -1, -1, -1]"
150,20,10,0.0,None,1,237,"[{'cluster_no': -1, 'count': 237}]","[-1, -1, -1, -1, -1, -1, -1, -1, -1, -1, -1, -1, -1, -1, -1, -1, -1, -1, -1, -1, -1, -1, -1, -1, -1, -1, -1, -1, -1, -1, -1, -1, -1, -1, -1, -1, -1, -1, -1, -1, -1, -1, -1, -1, -1, -1, -1, -1, -1, -1, -1, -1, -1, -1, -1, -1, -1, -1, -1, -1, -1, -1, -1, -1, -1, -1, -1, -1, -1, -1, -1, -1, -1, -1, -1, -1, -1, -1, -1, -1, -1, -1, -1, -1, -1, -1, -1, -1, -1, -1, -1, -1, -1, -1, -1, -1, -1, -1, -1, -1, -1, -1, -1, -1, -1, -1, -1, -1, -1, -1, -1, -1, -1, -1, -1, -1, -1, -1, -1, -1, -1, -1, -1, -1, -1, -1, -1, -1, -1, -1, -1, -1, -1, -1, -1, -1, -1, -1, -1, -1, -1, -1, -1, -1, -1, -1, -1, -1, -1, -1, -1, -1, -1, -1, -1, -1, -1, -1, -1, -1, -1, -1, -1, -1, -1, -1, -1, -1, -1, -1, -1, -1, -1, -1, -1, -1, -1, -1, -1, -1, -1, -1, -1, -1, -1, -1, -1, -1, -1, -1, -1, -1, -1, -1, -1, -1, -1, -1, -1, -1, -1, -1, -1, -1, -1, -1, -1, -1, -1, -1, -1, -1, -1, -1, -1, -1, -1, -1, -1, -1, -1, -1, -1, -1, -1, -1, -1, -1, -1, -1, -1, -1, -1, -1, -1, -1, -1]"
150,20,10,0.5,None,1,237,"[{'cluster_no': -1, 'count': 237}]","[-1, -1, -1, -1, -1, -1, -1, -1, -1, -1, -1, -1, -1, -1, -1, -1, -1, -1, -1, -1, -1, -1, -1, -1, -1, -1, -1, -1, -1, -1, -1, -1, -1, -1, -1, -1, -1, -1, -1, -1, -1, -1, -1, -1, -1, -1, -1, -1, -1, -1, -1, -1, -1, -1, -1, -1, -1, -1, -1, -1, -1, -1, -1, -1, -1, -1, -1, -1, -1, -1, -1, -1, -1, -1, -1, -1, -1, -1, -1, -1, -1, -1, -1, -1, -1, -1, -1, -1, -1, -1, -1, -1, -1, -1, -1, -1, -1, -1, -1, -1, -1, -1, -1, -1, -1, -1, -1, -1, -1, -1, -1, -1, -1, -1, -1, -1, -1, -1, -1, -1, -1, -1, -1, -1, -1, -1, -1, -1, -1, -1, -1, -1, -1, -1, -1, -1, -1, -1, -1, -1, -1, -1, -1, -1, -1, -1, -1, -1, -1, -1, -1, -1, -1, -1, -1, -1, -1, -1, -1, -1, -1, -1, -1, -1, -1, -1, -1, -1, -1, -1, -1, -1, -1, -1, -1, -1, -1, -1, -1, -1, -1, -1, -1, -1, -1, -1, -1, -1, -1, -1, -1, -1, -1, -1, -1, -1, -1, -1, -1, -1, -1, -1, -1, -1, -1, -1, -1, -1, -1, -1, -1, -1, -1, -1, -1, -1, -1, -1, -1, -1, -1, -1, -1, -1, -1, -1, -1, -1, -1, -1, -1, -1, -1, -1, -1, -1, -1]"
150,20,10,1.0,None,1,237,"[{'cluster_no': -1, 'count': 237}]","[-1, -1, -1, -1, -1, -1, -1, -1, -1, -1, -1, -1, -1, -1, -1, -1, -1, -1, -1, -1, -1, -1, -1, -1, -1, -1, -1, -1, -1, -1, -1, -1, -1, -1, -1, -1, -1, -1, -1, -1, -1, -1, -1, -1, -1, -1, -1, -1, -1, -1, -1, -1, -1, -1, -1, -1, -1, -1, -1, -1, -1, -1, -1, -1, -1, -1, -1, -1, -1, -1, -1, -1, -1, -1, -1, -1, -1, -1, -1, -1, -1, -1, -1, -1, -1, -1, -1, -1, -1, -1, -1, -1, -1, -1, -1, -1, -1, -1, -1, -1, -1, -1, -1, -1, -1, -1, -1, -1, -1, -1, -1, -1, -1, -1, -1, -1, -1, -1, -1, -1, -1, -1, -1, -1, -1, -1, -1, -1, -1, -1, -1, -1, -1, -1, -1, -1, -1, -1, -1, -1, -1, -1, -1, -1, -1, -1, -1, -1, -1, -1, -1, -1, -1, -1, -1, -1, -1, -1, -1, -1, -1, -1, -1, -1, -1, -1, -1, -1, -1, -1, -1, -1, -1, -1, -1, -1, -1, -1, -1, -1, -1, -1, -1, -1, -1, -1, -1, -1, -1, -1, -1, -1, -1, -1, -1, -1, -1, -1, -1, -1, -1, -1, -1, -1, -1, -1, -1, -1, -1, -1, -1, -1, -1, -1, -1, -1, -1, -1, -1, -1, -1, -1, -1, -1, -1, -1, -1, -1, -1, -1, -1, -1, -1, -1, -1, -1, -1]"
150,20,11,0.0,None,1,237,"[{'cluster_no': -1, 'count': 237}]","[-1, -1, -1, -1, -1, -1, -1, -1, -1, -1, -1, -1, -1, -1, -1, -1, -1, -1, -1, -1, -1, -1, -1, -1, -1, -1, -1, -1, -1, -1, -1, -1, -1, -1, -1, -1, -1, -1, -1, -1, -1, -1, -1, -1, -1, -1, -1, -1, -1, -1, -1, -1, -1, -1, -1, -1, -1, -1, -1, -1, -1, -1, -1, -1, -1, -1, -1, -1, -1, -1, -1, -1, -1, -1, -1, -1, -1, -1, -1, -1, -1, -1, -1, -1, -1, -1, -1, -1, -1, -1, -1, -1, -1, -1, -1, -1, -1, -1, -1, -1, -1, -1, -1, -1, -1, -1, -1, -1, -1, -1, -1, -1, -1, -1, -1, -1, -1, -1, -1, -1, -1, -1, -1, -1, -1, -1, -1, -1, -1, -1, -1, -1, -1, -1, -1, -1, -1, -1, -1, -1, -1, -1, -1, -1, -1, -1, -1, -1, -1, -1, -1, -1, -1, -1, -1, -1, -1, -1, -1, -1, -1, -1, -1, -1, -1, -1, -1, -1, -1, -1, -1, -1, -1, -1, -1, -1, -1, -1, -1, -1, -1, -1, -1, -1, -1, -1, -1, -1, -1, -1, -1, -1, -1, -1, -1, -1, -1, -1, -1, -1, -1, -1, -1, -1, -1, -1, -1, -1, -1, -1, -1, -1, -1, -1, -1, -1, -1, -1, -1, -1, -1, -1, -1, -1, -1, -1, -1, -1, -1, -1, -1, -1, -1, -1, -1, -1, -1]"
150,20,11,0.5,None,1,237,"[{'cluster_no': -1, 'count': 237}]","[-1, -1, -1, -1, -1, -1, -1, -1, -1, -1, -1, -1, -1, -1, -1, -1, -1, -1, -1, -1, -1, -1, -1, -1, -1, -1, -1, -1, -1, -1, -1, -1, -1, -1, -1, -1, -1, -1, -1, -1, -1, -1, -1, -1, -1, -1, -1, -1, -1, -1, -1, -1, -1, -1, -1, -1, -1, -1, -1, -1, -1, -1, -1, -1, -1, -1, -1, -1, -1, -1, -1, -1, -1, -1, -1, -1, -1, -1, -1, -1, -1, -1, -1, -1, -1, -1, -1, -1, -1, -1, -1, -1, -1, -1, -1, -1, -1, -1, -1, -1, -1, -1, -1, -1, -1, -1, -1, -1, -1, -1, -1, -1, -1, -1, -1, -1, -1, -1, -1, -1, -1, -1, -1, -1, -1, -1, -1, -1, -1, -1, -1, -1, -1, -1, -1, -1, -1, -1, -1, -1, -1, -1, -1, -1, -1, -1, -1, -1, -1, -1, -1, -1, -1, -1, -1, -1, -1, -1, -1, -1, -1, -1, -1, -1, -1, -1, -1, -1, -1, -1, -1, -1, -1, -1, -1, -1, -1, -1, -1, -1, -1, -1, -1, -1, -1, -1, -1, -1, -1, -1, -1, -1, -1, -1, -1, -1, -1, -1, -1, -1, -1, -1, -1, -1, -1, -1, -1, -1, -1, -1, -1, -1, -1, -1, -1, -1, -1, -1, -1, -1, -1, -1, -1, -1, -1, -1, -1, -1, -1, -1, -1, -1, -1, -1, -1, -1, -1]"
150,20,11,1.0,None,1,237,"[{'cluster_no': -1, 'count': 237}]","[-1, -1, -1, -1, -1, -1, -1, -1, -1, -1, -1, -1, -1, -1, -1, -1, -1, -1, -1, -1, -1, -1, -1, -1, -1, -1, -1, -1, -1, -1, -1, -1, -1, -1, -1, -1, -1, -1, -1, -1, -1, -1, -1, -1, -1, -1, -1, -1, -1, -1, -1, -1, -1, -1, -1, -1, -1, -1, -1, -1, -1, -1, -1, -1, -1, -1, -1, -1, -1, -1, -1, -1, -1, -1, -1, -1, -1, -1, -1, -1, -1, -1, -1, -1, -1, -1, -1, -1, -1, -1, -1, -1, -1, -1, -1, -1, -1, -1, -1, -1, -1, -1, -1, -1, -1, -1, -1, -1, -1, -1, -1, -1, -1, -1, -1, -1, -1, -1, -1, -1, -1, -1, -1, -1, -1, -1, -1, -1, -1, -1, -1, -1, -1, -1, -1, -1, -1, -1, -1, -1, -1, -1, -1, -1, -1, -1, -1, -1, -1, -1, -1, -1, -1, -1, -1, -1, -1, -1, -1, -1, -1, -1, -1, -1, -1, -1, -1, -1, -1, -1, -1, -1, -1, -1, -1, -1, -1, -1, -1, -1, -1, -1, -1, -1, -1, -1, -1, -1, -1, -1, -1, -1, -1, -1, -1, -1, -1, -1, -1, -1, -1, -1, -1, -1, -1, -1, -1, -1, -1, -1, -1, -1, -1, -1, -1, -1, -1, -1, -1, -1, -1, -1, -1, -1, -1, -1, -1, -1, -1, -1, -1, -1, -1, -1, -1, -1, -1]"
150,20,12,0.0,None,1,237,"[{'cluster_no': -1, 'count': 237}]","[-1, -1, -1, -1, -1, -1, -1, -1, -1, -1, -1, -1, -1, -1, -1, -1, -1, -1, -1, -1, -1, -1, -1, -1, -1, -1, -1, -1, -1, -1, -1, -1, -1, -1, -1, -1, -1, -1, -1, -1, -1, -1, -1, -1, -1, -1, -1, -1, -1, -1, -1, -1, -1, -1, -1, -1, -1, -1, -1, -1, -1, -1, -1, -1, -1, -1, -1, -1, -1, -1, -1, -1, -1, -1, -1, -1, -1, -1, -1, -1, -1, -1, -1, -1, -1, -1, -1, -1, -1, -1, -1, -1, -1, -1, -1, -1, -1, -1, -1, -1, -1, -1, -1, -1, -1, -1, -1, -1, -1, -1, -1, -1, -1, -1, -1, -1, -1, -1, -1, -1, -1, -1, -1, -1, -1, -1, -1, -1, -1, -1, -1, -1, -1, -1, -1, -1, -1, -1, -1, -1, -1, -1, -1, -1, -1, -1, -1, -1, -1, -1, -1, -1, -1, -1, -1, -1, -1, -1, -1, -1, -1, -1, -1, -1, -1, -1, -1, -1, -1, -1, -1, -1, -1, -1, -1, -1, -1, -1, -1, -1, -1, -1, -1, -1, -1, -1, -1, -1, -1, -1, -1, -1, -1, -1, -1, -1, -1, -1, -1, -1, -1, -1, -1, -1, -1, -1, -1, -1, -1, -1, -1, -1, -1, -1, -1, -1, -1, -1, -1, -1, -1, -1, -1, -1, -1, -1, -1, -1, -1, -1, -1, -1, -1, -1, -1, -1, -1]"
150,20,12,0.5,None,1,237,"[{'cluster_no': -1, 'count': 237}]","[-1, -1, -1, -1, -1, -1, -1, -1, -1, -1, -1, -1, -1, -1, -1, -1, -1, -1, -1, -1, -1, -1, -1, -1, -1, -1, -1, -1, -1, -1, -1, -1, -1, -1, -1, -1, -1, -1, -1, -1, -1, -1, -1, -1, -1, -1, -1, -1, -1, -1, -1, -1, -1, -1, -1, -1, -1, -1, -1, -1, -1, -1, -1, -1, -1, -1, -1, -1, -1, -1, -1, -1, -1, -1, -1, -1, -1, -1, -1, -1, -1, -1, -1, -1, -1, -1, -1, -1, -1, -1, -1, -1, -1, -1, -1, -1, -1, -1, -1, -1, -1, -1, -1, -1, -1, -1, -1, -1, -1, -1, -1, -1, -1, -1, -1, -1, -1, -1, -1, -1, -1, -1, -1, -1, -1, -1, -1, -1, -1, -1, -1, -1, -1, -1, -1, -1, -1, -1, -1, -1, -1, -1, -1, -1, -1, -1, -1, -1, -1, -1, -1, -1, -1, -1, -1, -1, -1, -1, -1, -1, -1, -1, -1, -1, -1, -1, -1, -1, -1, -1, -1, -1, -1, -1, -1, -1, -1, -1, -1, -1, -1, -1, -1, -1, -1, -1, -1, -1, -1, -1, -1, -1, -1, -1, -1, -1, -1, -1, -1, -1, -1, -1, -1, -1, -1, -1, -1, -1, -1, -1, -1, -1, -1, -1, -1, -1, -1, -1, -1, -1, -1, -1, -1, -1, -1, -1, -1, -1, -1, -1, -1, -1, -1, -1, -1, -1, -1]"
150,20,12,1.0,None,1,237,"[{'cluster_no': -1, 'count': 237}]","[-1, -1, -1, -1, -1, -1, -1, -1, -1, -1, -1, -1, -1, -1, -1, -1, -1, -1, -1, -1, -1, -1, -1, -1, -1, -1, -1, -1, -1, -1, -1, -1, -1, -1, -1, -1, -1, -1, -1, -1, -1, -1, -1, -1, -1, -1, -1, -1, -1, -1, -1, -1, -1, -1, -1, -1, -1, -1, -1, -1, -1, -1, -1, -1, -1, -1, -1, -1, -1, -1, -1, -1, -1, -1, -1, -1, -1, -1, -1, -1, -1, -1, -1, -1, -1, -1, -1, -1, -1, -1, -1, -1, -1, -1, -1, -1, -1, -1, -1, -1, -1, -1, -1, -1, -1, -1, -1, -1, -1, -1, -1, -1, -1, -1, -1, -1, -1, -1, -1, -1, -1, -1, -1, -1, -1, -1, -1, -1, -1, -1, -1, -1, -1, -1, -1, -1, -1, -1, -1, -1, -1, -1, -1, -1, -1, -1, -1, -1, -1, -1, -1, -1, -1, -1, -1, -1, -1, -1, -1, -1, -1, -1, -1, -1, -1, -1, -1, -1, -1, -1, -1, -1, -1, -1, -1, -1, -1, -1, -1, -1, -1, -1, -1, -1, -1, -1, -1, -1, -1, -1, -1, -1, -1, -1, -1, -1, -1, -1, -1, -1, -1, -1, -1, -1, -1, -1, -1, -1, -1, -1, -1, -1, -1, -1, -1, -1, -1, -1, -1, -1, -1, -1, -1, -1, -1, -1, -1, -1, -1, -1, -1, -1, -1, -1, -1, -1, -1]"
150,20,13,0.0,None,1,237,"[{'cluster_no': -1, 'count': 237}]","[-1, -1, -1, -1, -1, -1, -1, -1, -1, -1, -1, -1, -1, -1, -1, -1, -1, -1, -1, -1, -1, -1, -1, -1, -1, -1, -1, -1, -1, -1, -1, -1, -1, -1, -1, -1, -1, -1, -1, -1, -1, -1, -1, -1, -1, -1, -1, -1, -1, -1, -1, -1, -1, -1, -1, -1, -1, -1, -1, -1, -1, -1, -1, -1, -1, -1, -1, -1, -1, -1, -1, -1, -1, -1, -1, -1, -1, -1, -1, -1, -1, -1, -1, -1, -1, -1, -1, -1, -1, -1, -1, -1, -1, -1, -1, -1, -1, -1, -1, -1, -1, -1, -1, -1, -1, -1, -1, -1, -1, -1, -1, -1, -1, -1, -1, -1, -1, -1, -1, -1, -1, -1, -1, -1, -1, -1, -1, -1, -1, -1, -1, -1, -1, -1, -1, -1, -1, -1, -1, -1, -1, -1, -1, -1, -1, -1, -1, -1, -1, -1, -1, -1, -1, -1, -1, -1, -1, -1, -1, -1, -1, -1, -1, -1, -1, -1, -1, -1, -1, -1, -1, -1, -1, -1, -1, -1, -1, -1, -1, -1, -1, -1, -1, -1, -1, -1, -1, -1, -1, -1, -1, -1, -1, -1, -1, -1, -1, -1, -1, -1, -1, -1, -1, -1, -1, -1, -1, -1, -1, -1, -1, -1, -1, -1, -1, -1, -1, -1, -1, -1, -1, -1, -1, -1, -1, -1, -1, -1, -1, -1, -1, -1, -1, -1, -1, -1, -1]"
150,20,13,0.5,None,1,237,"[{'cluster_no': -1, 'count': 237}]","[-1, -1, -1, -1, -1, -1, -1, -1, -1, -1, -1, -1, -1, -1, -1, -1, -1, -1, -1, -1, -1, -1, -1, -1, -1, -1, -1, -1, -1, -1, -1, -1, -1, -1, -1, -1, -1, -1, -1, -1, -1, -1, -1, -1, -1, -1, -1, -1, -1, -1, -1, -1, -1, -1, -1, -1, -1, -1, -1, -1, -1, -1, -1, -1, -1, -1, -1, -1, -1, -1, -1, -1, -1, -1, -1, -1, -1, -1, -1, -1, -1, -1, -1, -1, -1, -1, -1, -1, -1, -1, -1, -1, -1, -1, -1, -1, -1, -1, -1, -1, -1, -1, -1, -1, -1, -1, -1, -1, -1, -1, -1, -1, -1, -1, -1, -1, -1, -1, -1, -1, -1, -1, -1, -1, -1, -1, -1, -1, -1, -1, -1, -1, -1, -1, -1, -1, -1, -1, -1, -1, -1, -1, -1, -1, -1, -1, -1, -1, -1, -1, -1, -1, -1, -1, -1, -1, -1, -1, -1, -1, -1, -1, -1, -1, -1, -1, -1, -1, -1, -1, -1, -1, -1, -1, -1, -1, -1, -1, -1, -1, -1, -1, -1, -1, -1, -1, -1, -1, -1, -1, -1, -1, -1, -1, -1, -1, -1, -1, -1, -1, -1, -1, -1, -1, -1, -1, -1, -1, -1, -1, -1, -1, -1, -1, -1, -1, -1, -1, -1, -1, -1, -1, -1, -1, -1, -1, -1, -1, -1, -1, -1, -1, -1, -1, -1, -1, -1]"
150,20,13,1.0,None,1,237,"[{'cluster_no': -1, 'count': 237}]","[-1, -1, -1, -1, -1, -1, -1, -1, -1, -1, -1, -1, -1, -1, -1, -1, -1, -1, -1, -1, -1, -1, -1, -1, -1, -1, -1, -1, -1, -1, -1, -1, -1, -1, -1, -1, -1, -1, -1, -1, -1, -1, -1, -1, -1, -1, -1, -1, -1, -1, -1, -1, -1, -1, -1, -1, -1, -1, -1, -1, -1, -1, -1, -1, -1, -1, -1, -1, -1, -1, -1, -1, -1, -1, -1, -1, -1, -1, -1, -1, -1, -1, -1, -1, -1, -1, -1, -1, -1, -1, -1, -1, -1, -1, -1, -1, -1, -1, -1, -1, -1, -1, -1, -1, -1, -1, -1, -1, -1, -1, -1, -1, -1, -1, -1, -1, -1, -1, -1, -1, -1, -1, -1, -1, -1, -1, -1, -1, -1, -1, -1, -1, -1, -1, -1, -1, -1, -1, -1, -1, -1, -1, -1, -1, -1, -1, -1, -1, -1, -1, -1, -1, -1, -1, -1, -1, -1, -1, -1, -1, -1, -1, -1, -1, -1, -1, -1, -1, -1, -1, -1, -1, -1, -1, -1, -1, -1, -1, -1, -1, -1, -1, -1, -1, -1, -1, -1, -1, -1, -1, -1, -1, -1, -1, -1, -1, -1, -1, -1, -1, -1, -1, -1, -1, -1, -1, -1, -1, -1, -1, -1, -1, -1, -1, -1, -1, -1, -1, -1, -1, -1, -1, -1, -1, -1, -1, -1, -1, -1, -1, -1, -1, -1, -1, -1, -1, -1]"
150,20,14,0.0,None,1,237,"[{'cluster_no': -1, 'count': 237}]","[-1, -1, -1, -1, -1, -1, -1, -1, -1, -1, -1, -1, -1, -1, -1, -1, -1, -1, -1, -1, -1, -1, -1, -1, -1, -1, -1, -1, -1, -1, -1, -1, -1, -1, -1, -1, -1, -1, -1, -1, -1, -1, -1, -1, -1, -1, -1, -1, -1, -1, -1, -1, -1, -1, -1, -1, -1, -1, -1, -1, -1, -1, -1, -1, -1, -1, -1, -1, -1, -1, -1, -1, -1, -1, -1, -1, -1, -1, -1, -1, -1, -1, -1, -1, -1, -1, -1, -1, -1, -1, -1, -1, -1, -1, -1, -1, -1, -1, -1, -1, -1, -1, -1, -1, -1, -1, -1, -1, -1, -1, -1, -1, -1, -1, -1, -1, -1, -1, -1, -1, -1, -1, -1, -1, -1, -1, -1, -1, -1, -1, -1, -1, -1, -1, -1, -1, -1, -1, -1, -1, -1, -1, -1, -1, -1, -1, -1, -1, -1, -1, -1, -1, -1, -1, -1, -1, -1, -1, -1, -1, -1, -1, -1, -1, -1, -1, -1, -1, -1, -1, -1, -1, -1, -1, -1, -1, -1, -1, -1, -1, -1, -1, -1, -1, -1, -1, -1, -1, -1, -1, -1, -1, -1, -1, -1, -1, -1, -1, -1, -1, -1, -1, -1, -1, -1, -1, -1, -1, -1, -1, -1, -1, -1, -1, -1, -1, -1, -1, -1, -1, -1, -1, -1, -1, -1, -1, -1, -1, -1, -1, -1, -1, -1, -1, -1, -1, -1]"
150,20,14,0.5,None,1,237,"[{'cluster_no': -1, 'count': 237}]","[-1, -1, -1, -1, -1, -1, -1, -1, -1, -1, -1, -1, -1, -1, -1, -1, -1, -1, -1, -1, -1, -1, -1, -1, -1, -1, -1, -1, -1, -1, -1, -1, -1, -1, -1, -1, -1, -1, -1, -1, -1, -1, -1, -1, -1, -1, -1, -1, -1, -1, -1, -1, -1, -1, -1, -1, -1, -1, -1, -1, -1, -1, -1, -1, -1, -1, -1, -1, -1, -1, -1, -1, -1, -1, -1, -1, -1, -1, -1, -1, -1, -1, -1, -1, -1, -1, -1, -1, -1, -1, -1, -1, -1, -1, -1, -1, -1, -1, -1, -1, -1, -1, -1, -1, -1, -1, -1, -1, -1, -1, -1, -1, -1, -1, -1, -1, -1, -1, -1, -1, -1, -1, -1, -1, -1, -1, -1, -1, -1, -1, -1, -1, -1, -1, -1, -1, -1, -1, -1, -1, -1, -1, -1, -1, -1, -1, -1, -1, -1, -1, -1, -1, -1, -1, -1, -1, -1, -1, -1, -1, -1, -1, -1, -1, -1, -1, -1, -1, -1, -1, -1, -1, -1, -1, -1, -1, -1, -1, -1, -1, -1, -1, -1, -1, -1, -1, -1, -1, -1, -1, -1, -1, -1, -1, -1, -1, -1, -1, -1, -1, -1, -1, -1, -1, -1, -1, -1, -1, -1, -1, -1, -1, -1, -1, -1, -1, -1, -1, -1, -1, -1, -1, -1, -1, -1, -1, -1, -1, -1, -1, -1, -1, -1, -1, -1, -1, -1]"
150,20,14,1.0,None,1,237,"[{'cluster_no': -1, 'count': 237}]","[-1, -1, -1, -1, -1, -1, -1, -1, -1, -1, -1, -1, -1, -1, -1, -1, -1, -1, -1, -1, -1, -1, -1, -1, -1, -1, -1, -1, -1, -1, -1, -1, -1, -1, -1, -1, -1, -1, -1, -1, -1, -1, -1, -1, -1, -1, -1, -1, -1, -1, -1, -1, -1, -1, -1, -1, -1, -1, -1, -1, -1, -1, -1, -1, -1, -1, -1, -1, -1, -1, -1, -1, -1, -1, -1, -1, -1, -1, -1, -1, -1, -1, -1, -1, -1, -1, -1, -1, -1, -1, -1, -1, -1, -1, -1, -1, -1, -1, -1, -1, -1, -1, -1, -1, -1, -1, -1, -1, -1, -1, -1, -1, -1, -1, -1, -1, -1, -1, -1, -1, -1, -1, -1, -1, -1, -1, -1, -1, -1, -1, -1, -1, -1, -1, -1, -1, -1, -1, -1, -1, -1, -1, -1, -1, -1, -1, -1, -1, -1, -1, -1, -1, -1, -1, -1, -1, -1, -1, -1, -1, -1, -1, -1, -1, -1, -1, -1, -1, -1, -1, -1, -1, -1, -1, -1, -1, -1, -1, -1, -1, -1, -1, -1, -1, -1, -1, -1, -1, -1, -1, -1, -1, -1, -1, -1, -1, -1, -1, -1, -1, -1, -1, -1, -1, -1, -1, -1, -1, -1, -1, -1, -1, -1, -1, -1, -1, -1, -1, -1, -1, -1, -1, -1, -1, -1, -1, -1, -1, -1, -1, -1, -1, -1, -1, -1, -1, -1]"
150,20,15,0.0,None,1,237,"[{'cluster_no': -1, 'count': 237}]","[-1, -1, -1, -1, -1, -1, -1, -1, -1, -1, -1, -1, -1, -1, -1, -1, -1, -1, -1, -1, -1, -1, -1, -1, -1, -1, -1, -1, -1, -1, -1, -1, -1, -1, -1, -1, -1, -1, -1, -1, -1, -1, -1, -1, -1, -1, -1, -1, -1, -1, -1, -1, -1, -1, -1, -1, -1, -1, -1, -1, -1, -1, -1, -1, -1, -1, -1, -1, -1, -1, -1, -1, -1, -1, -1, -1, -1, -1, -1, -1, -1, -1, -1, -1, -1, -1, -1, -1, -1, -1, -1, -1, -1, -1, -1, -1, -1, -1, -1, -1, -1, -1, -1, -1, -1, -1, -1, -1, -1, -1, -1, -1, -1, -1, -1, -1, -1, -1, -1, -1, -1, -1, -1, -1, -1, -1, -1, -1, -1, -1, -1, -1, -1, -1, -1, -1, -1, -1, -1, -1, -1, -1, -1, -1, -1, -1, -1, -1, -1, -1, -1, -1, -1, -1, -1, -1, -1, -1, -1, -1, -1, -1, -1, -1, -1, -1, -1, -1, -1, -1, -1, -1, -1, -1, -1, -1, -1, -1, -1, -1, -1, -1, -1, -1, -1, -1, -1, -1, -1, -1, -1, -1, -1, -1, -1, -1, -1, -1, -1, -1, -1, -1, -1, -1, -1, -1, -1, -1, -1, -1, -1, -1, -1, -1, -1, -1, -1, -1, -1, -1, -1, -1, -1, -1, -1, -1, -1, -1, -1, -1, -1, -1, -1, -1, -1, -1, -1]"
150,20,15,0.5,None,1,237,"[{'cluster_no': -1, 'count': 237}]","[-1, -1, -1, -1, -1, -1, -1, -1, -1, -1, -1, -1, -1, -1, -1, -1, -1, -1, -1, -1, -1, -1, -1, -1, -1, -1, -1, -1, -1, -1, -1, -1, -1, -1, -1, -1, -1, -1, -1, -1, -1, -1, -1, -1, -1, -1, -1, -1, -1, -1, -1, -1, -1, -1, -1, -1, -1, -1, -1, -1, -1, -1, -1, -1, -1, -1, -1, -1, -1, -1, -1, -1, -1, -1, -1, -1, -1, -1, -1, -1, -1, -1, -1, -1, -1, -1, -1, -1, -1, -1, -1, -1, -1, -1, -1, -1, -1, -1, -1, -1, -1, -1, -1, -1, -1, -1, -1, -1, -1, -1, -1, -1, -1, -1, -1, -1, -1, -1, -1, -1, -1, -1, -1, -1, -1, -1, -1, -1, -1, -1, -1, -1, -1, -1, -1, -1, -1, -1, -1, -1, -1, -1, -1, -1, -1, -1, -1, -1, -1, -1, -1, -1, -1, -1, -1, -1, -1, -1, -1, -1, -1, -1, -1, -1, -1, -1, -1, -1, -1, -1, -1, -1, -1, -1, -1, -1, -1, -1, -1, -1, -1, -1, -1, -1, -1, -1, -1, -1, -1, -1, -1, -1, -1, -1, -1, -1, -1, -1, -1, -1, -1, -1, -1, -1, -1, -1, -1, -1, -1, -1, -1, -1, -1, -1, -1, -1, -1, -1, -1, -1, -1, -1, -1, -1, -1, -1, -1, -1, -1, -1, -1, -1, -1, -1, -1, -1, -1]"
150,20,15,1.0,None,1,237,"[{'cluster_no': -1, 'count': 237}]","[-1, -1, -1, -1, -1, -1, -1, -1, -1, -1, -1, -1, -1, -1, -1, -1, -1, -1, -1, -1, -1, -1, -1, -1, -1, -1, -1, -1, -1, -1, -1, -1, -1, -1, -1, -1, -1, -1, -1, -1, -1, -1, -1, -1, -1, -1, -1, -1, -1, -1, -1, -1, -1, -1, -1, -1, -1, -1, -1, -1, -1, -1, -1, -1, -1, -1, -1, -1, -1, -1, -1, -1, -1, -1, -1, -1, -1, -1, -1, -1, -1, -1, -1, -1, -1, -1, -1, -1, -1, -1, -1, -1, -1, -1, -1, -1, -1, -1, -1, -1, -1, -1, -1, -1, -1, -1, -1, -1, -1, -1, -1, -1, -1, -1, -1, -1, -1, -1, -1, -1, -1, -1, -1, -1, -1, -1, -1, -1, -1, -1, -1, -1, -1, -1, -1, -1, -1, -1, -1, -1, -1, -1, -1, -1, -1, -1, -1, -1, -1, -1, -1, -1, -1, -1, -1, -1, -1, -1, -1, -1, -1, -1, -1, -1, -1, -1, -1, -1, -1, -1, -1, -1, -1, -1, -1, -1, -1, -1, -1, -1, -1, -1, -1, -1, -1, -1, -1, -1, -1, -1, -1, -1, -1, -1, -1, -1, -1, -1, -1, -1, -1, -1, -1, -1, -1, -1, -1, -1, -1, -1, -1, -1, -1, -1, -1, -1, -1, -1, -1, -1, -1, -1, -1, -1, -1, -1, -1, -1, -1, -1, -1, -1, -1, -1, -1, -1, -1]"
150,20,16,0.0,None,1,237,"[{'cluster_no': -1, 'count': 237}]","[-1, -1, -1, -1, -1, -1, -1, -1, -1, -1, -1, -1, -1, -1, -1, -1, -1, -1, -1, -1, -1, -1, -1, -1, -1, -1, -1, -1, -1, -1, -1, -1, -1, -1, -1, -1, -1, -1, -1, -1, -1, -1, -1, -1, -1, -1, -1, -1, -1, -1, -1, -1, -1, -1, -1, -1, -1, -1, -1, -1, -1, -1, -1, -1, -1, -1, -1, -1, -1, -1, -1, -1, -1, -1, -1, -1, -1, -1, -1, -1, -1, -1, -1, -1, -1, -1, -1, -1, -1, -1, -1, -1, -1, -1, -1, -1, -1, -1, -1, -1, -1, -1, -1, -1, -1, -1, -1, -1, -1, -1, -1, -1, -1, -1, -1, -1, -1, -1, -1, -1, -1, -1, -1, -1, -1, -1, -1, -1, -1, -1, -1, -1, -1, -1, -1, -1, -1, -1, -1, -1, -1, -1, -1, -1, -1, -1, -1, -1, -1, -1, -1, -1, -1, -1, -1, -1, -1, -1, -1, -1, -1, -1, -1, -1, -1, -1, -1, -1, -1, -1, -1, -1, -1, -1, -1, -1, -1, -1, -1, -1, -1, -1, -1, -1, -1, -1, -1, -1, -1, -1, -1, -1, -1, -1, -1, -1, -1, -1, -1, -1, -1, -1, -1, -1, -1, -1, -1, -1, -1, -1, -1, -1, -1, -1, -1, -1, -1, -1, -1, -1, -1, -1, -1, -1, -1, -1, -1, -1, -1, -1, -1, -1, -1, -1, -1, -1, -1]"
150,20,16,0.5,None,1,237,"[{'cluster_no': -1, 'count': 237}]","[-1, -1, -1, -1, -1, -1, -1, -1, -1, -1, -1, -1, -1, -1, -1, -1, -1, -1, -1, -1, -1, -1, -1, -1, -1, -1, -1, -1, -1, -1, -1, -1, -1, -1, -1, -1, -1, -1, -1, -1, -1, -1, -1, -1, -1, -1, -1, -1, -1, -1, -1, -1, -1, -1, -1, -1, -1, -1, -1, -1, -1, -1, -1, -1, -1, -1, -1, -1, -1, -1, -1, -1, -1, -1, -1, -1, -1, -1, -1, -1, -1, -1, -1, -1, -1, -1, -1, -1, -1, -1, -1, -1, -1, -1, -1, -1, -1, -1, -1, -1, -1, -1, -1, -1, -1, -1, -1, -1, -1, -1, -1, -1, -1, -1, -1, -1, -1, -1, -1, -1, -1, -1, -1, -1, -1, -1, -1, -1, -1, -1, -1, -1, -1, -1, -1, -1, -1, -1, -1, -1, -1, -1, -1, -1, -1, -1, -1, -1, -1, -1, -1, -1, -1, -1, -1, -1, -1, -1, -1, -1, -1, -1, -1, -1, -1, -1, -1, -1, -1, -1, -1, -1, -1, -1, -1, -1, -1, -1, -1, -1, -1, -1, -1, -1, -1, -1, -1, -1, -1, -1, -1, -1, -1, -1, -1, -1, -1, -1, -1, -1, -1, -1, -1, -1, -1, -1, -1, -1, -1, -1, -1, -1, -1, -1, -1, -1, -1, -1, -1, -1, -1, -1, -1, -1, -1, -1, -1, -1, -1, -1, -1, -1, -1, -1, -1, -1, -1]"
150,20,16,1.0,None,1,237,"[{'cluster_no': -1, 'count': 237}]","[-1, -1, -1, -1, -1, -1, -1, -1, -1, -1, -1, -1, -1, -1, -1, -1, -1, -1, -1, -1, -1, -1, -1, -1, -1, -1, -1, -1, -1, -1, -1, -1, -1, -1, -1, -1, -1, -1, -1, -1, -1, -1, -1, -1, -1, -1, -1, -1, -1, -1, -1, -1, -1, -1, -1, -1, -1, -1, -1, -1, -1, -1, -1, -1, -1, -1, -1, -1, -1, -1, -1, -1, -1, -1, -1, -1, -1, -1, -1, -1, -1, -1, -1, -1, -1, -1, -1, -1, -1, -1, -1, -1, -1, -1, -1, -1, -1, -1, -1, -1, -1, -1, -1, -1, -1, -1, -1, -1, -1, -1, -1, -1, -1, -1, -1, -1, -1, -1, -1, -1, -1, -1, -1, -1, -1, -1, -1, -1, -1, -1, -1, -1, -1, -1, -1, -1, -1, -1, -1, -1, -1, -1, -1, -1, -1, -1, -1, -1, -1, -1, -1, -1, -1, -1, -1, -1, -1, -1, -1, -1, -1, -1, -1, -1, -1, -1, -1, -1, -1, -1, -1, -1, -1, -1, -1, -1, -1, -1, -1, -1, -1, -1, -1, -1, -1, -1, -1, -1, -1, -1, -1, -1, -1, -1, -1, -1, -1, -1, -1, -1, -1, -1, -1, -1, -1, -1, -1, -1, -1, -1, -1, -1, -1, -1, -1, -1, -1, -1, -1, -1, -1, -1, -1, -1, -1, -1, -1, -1, -1, -1, -1, -1, -1, -1, -1, -1, -1]"
150,20,17,0.0,None,1,237,"[{'cluster_no': -1, 'count': 237}]","[-1, -1, -1, -1, -1, -1, -1, -1, -1, -1, -1, -1, -1, -1, -1, -1, -1, -1, -1, -1, -1, -1, -1, -1, -1, -1, -1, -1, -1, -1, -1, -1, -1, -1, -1, -1, -1, -1, -1, -1, -1, -1, -1, -1, -1, -1, -1, -1, -1, -1, -1, -1, -1, -1, -1, -1, -1, -1, -1, -1, -1, -1, -1, -1, -1, -1, -1, -1, -1, -1, -1, -1, -1, -1, -1, -1, -1, -1, -1, -1, -1, -1, -1, -1, -1, -1, -1, -1, -1, -1, -1, -1, -1, -1, -1, -1, -1, -1, -1, -1, -1, -1, -1, -1, -1, -1, -1, -1, -1, -1, -1, -1, -1, -1, -1, -1, -1, -1, -1, -1, -1, -1, -1, -1, -1, -1, -1, -1, -1, -1, -1, -1, -1, -1, -1, -1, -1, -1, -1, -1, -1, -1, -1, -1, -1, -1, -1, -1, -1, -1, -1, -1, -1, -1, -1, -1, -1, -1, -1, -1, -1, -1, -1, -1, -1, -1, -1, -1, -1, -1, -1, -1, -1, -1, -1, -1, -1, -1, -1, -1, -1, -1, -1, -1, -1, -1, -1, -1, -1, -1, -1, -1, -1, -1, -1, -1, -1, -1, -1, -1, -1, -1, -1, -1, -1, -1, -1, -1, -1, -1, -1, -1, -1, -1, -1, -1, -1, -1, -1, -1, -1, -1, -1, -1, -1, -1, -1, -1, -1, -1, -1, -1, -1, -1, -1, -1, -1]"
150,20,17,0.5,None,1,237,"[{'cluster_no': -1, 'count': 237}]","[-1, -1, -1, -1, -1, -1, -1, -1, -1, -1, -1, -1, -1, -1, -1, -1, -1, -1, -1, -1, -1, -1, -1, -1, -1, -1, -1, -1, -1, -1, -1, -1, -1, -1, -1, -1, -1, -1, -1, -1, -1, -1, -1, -1, -1, -1, -1, -1, -1, -1, -1, -1, -1, -1, -1, -1, -1, -1, -1, -1, -1, -1, -1, -1, -1, -1, -1, -1, -1, -1, -1, -1, -1, -1, -1, -1, -1, -1, -1, -1, -1, -1, -1, -1, -1, -1, -1, -1, -1, -1, -1, -1, -1, -1, -1, -1, -1, -1, -1, -1, -1, -1, -1, -1, -1, -1, -1, -1, -1, -1, -1, -1, -1, -1, -1, -1, -1, -1, -1, -1, -1, -1, -1, -1, -1, -1, -1, -1, -1, -1, -1, -1, -1, -1, -1, -1, -1, -1, -1, -1, -1, -1, -1, -1, -1, -1, -1, -1, -1, -1, -1, -1, -1, -1, -1, -1, -1, -1, -1, -1, -1, -1, -1, -1, -1, -1, -1, -1, -1, -1, -1, -1, -1, -1, -1, -1, -1, -1, -1, -1, -1, -1, -1, -1, -1, -1, -1, -1, -1, -1, -1, -1, -1, -1, -1, -1, -1, -1, -1, -1, -1, -1, -1, -1, -1, -1, -1, -1, -1, -1, -1, -1, -1, -1, -1, -1, -1, -1, -1, -1, -1, -1, -1, -1, -1, -1, -1, -1, -1, -1, -1, -1, -1, -1, -1, -1, -1]"
150,20,17,1.0,None,1,237,"[{'cluster_no': -1, 'count': 237}]","[-1, -1, -1, -1, -1, -1, -1, -1, -1, -1, -1, -1, -1, -1, -1, -1, -1, -1, -1, -1, -1, -1, -1, -1, -1, -1, -1, -1, -1, -1, -1, -1, -1, -1, -1, -1, -1, -1, -1, -1, -1, -1, -1, -1, -1, -1, -1, -1, -1, -1, -1, -1, -1, -1, -1, -1, -1, -1, -1, -1, -1, -1, -1, -1, -1, -1, -1, -1, -1, -1, -1, -1, -1, -1, -1, -1, -1, -1, -1, -1, -1, -1, -1, -1, -1, -1, -1, -1, -1, -1, -1, -1, -1, -1, -1, -1, -1, -1, -1, -1, -1, -1, -1, -1, -1, -1, -1, -1, -1, -1, -1, -1, -1, -1, -1, -1, -1, -1, -1, -1, -1, -1, -1, -1, -1, -1, -1, -1, -1, -1, -1, -1, -1, -1, -1, -1, -1, -1, -1, -1, -1, -1, -1, -1, -1, -1, -1, -1, -1, -1, -1, -1, -1, -1, -1, -1, -1, -1, -1, -1, -1, -1, -1, -1, -1, -1, -1, -1, -1, -1, -1, -1, -1, -1, -1, -1, -1, -1, -1, -1, -1, -1, -1, -1, -1, -1, -1, -1, -1, -1, -1, -1, -1, -1, -1, -1, -1, -1, -1, -1, -1, -1, -1, -1, -1, -1, -1, -1, -1, -1, -1, -1, -1, -1, -1, -1, -1, -1, -1, -1, -1, -1, -1, -1, -1, -1, -1, -1, -1, -1, -1, -1, -1, -1, -1, -1, -1]"
150,20,18,0.0,None,1,237,"[{'cluster_no': -1, 'count': 237}]","[-1, -1, -1, -1, -1, -1, -1, -1, -1, -1, -1, -1, -1, -1, -1, -1, -1, -1, -1, -1, -1, -1, -1, -1, -1, -1, -1, -1, -1, -1, -1, -1, -1, -1, -1, -1, -1, -1, -1, -1, -1, -1, -1, -1, -1, -1, -1, -1, -1, -1, -1, -1, -1, -1, -1, -1, -1, -1, -1, -1, -1, -1, -1, -1, -1, -1, -1, -1, -1, -1, -1, -1, -1, -1, -1, -1, -1, -1, -1, -1, -1, -1, -1, -1, -1, -1, -1, -1, -1, -1, -1, -1, -1, -1, -1, -1, -1, -1, -1, -1, -1, -1, -1, -1, -1, -1, -1, -1, -1, -1, -1, -1, -1, -1, -1, -1, -1, -1, -1, -1, -1, -1, -1, -1, -1, -1, -1, -1, -1, -1, -1, -1, -1, -1, -1, -1, -1, -1, -1, -1, -1, -1, -1, -1, -1, -1, -1, -1, -1, -1, -1, -1, -1, -1, -1, -1, -1, -1, -1, -1, -1, -1, -1, -1, -1, -1, -1, -1, -1, -1, -1, -1, -1, -1, -1, -1, -1, -1, -1, -1, -1, -1, -1, -1, -1, -1, -1, -1, -1, -1, -1, -1, -1, -1, -1, -1, -1, -1, -1, -1, -1, -1, -1, -1, -1, -1, -1, -1, -1, -1, -1, -1, -1, -1, -1, -1, -1, -1, -1, -1, -1, -1, -1, -1, -1, -1, -1, -1, -1, -1, -1, -1, -1, -1, -1, -1, -1]"
150,20,18,0.5,None,1,237,"[{'cluster_no': -1, 'count': 237}]","[-1, -1, -1, -1, -1, -1, -1, -1, -1, -1, -1, -1, -1, -1, -1, -1, -1, -1, -1, -1, -1, -1, -1, -1, -1, -1, -1, -1, -1, -1, -1, -1, -1, -1, -1, -1, -1, -1, -1, -1, -1, -1, -1, -1, -1, -1, -1, -1, -1, -1, -1, -1, -1, -1, -1, -1, -1, -1, -1, -1, -1, -1, -1, -1, -1, -1, -1, -1, -1, -1, -1, -1, -1, -1, -1, -1, -1, -1, -1, -1, -1, -1, -1, -1, -1, -1, -1, -1, -1, -1, -1, -1, -1, -1, -1, -1, -1, -1, -1, -1, -1, -1, -1, -1, -1, -1, -1, -1, -1, -1, -1, -1, -1, -1, -1, -1, -1, -1, -1, -1, -1, -1, -1, -1, -1, -1, -1, -1, -1, -1, -1, -1, -1, -1, -1, -1, -1, -1, -1, -1, -1, -1, -1, -1, -1, -1, -1, -1, -1, -1, -1, -1, -1, -1, -1, -1, -1, -1, -1, -1, -1, -1, -1, -1, -1, -1, -1, -1, -1, -1, -1, -1, -1, -1, -1, -1, -1, -1, -1, -1, -1, -1, -1, -1, -1, -1, -1, -1, -1, -1, -1, -1, -1, -1, -1, -1, -1, -1, -1, -1, -1, -1, -1, -1, -1, -1, -1, -1, -1, -1, -1, -1, -1, -1, -1, -1, -1, -1, -1, -1, -1, -1, -1, -1, -1, -1, -1, -1, -1, -1, -1, -1, -1, -1, -1, -1, -1]"
150,20,18,1.0,None,1,237,"[{'cluster_no': -1, 'count': 237}]","[-1, -1, -1, -1, -1, -1, -1, -1, -1, -1, -1, -1, -1, -1, -1, -1, -1, -1, -1, -1, -1, -1, -1, -1, -1, -1, -1, -1, -1, -1, -1, -1, -1, -1, -1, -1, -1, -1, -1, -1, -1, -1, -1, -1, -1, -1, -1, -1, -1, -1, -1, -1, -1, -1, -1, -1, -1, -1, -1, -1, -1, -1, -1, -1, -1, -1, -1, -1, -1, -1, -1, -1, -1, -1, -1, -1, -1, -1, -1, -1, -1, -1, -1, -1, -1, -1, -1, -1, -1, -1, -1, -1, -1, -1, -1, -1, -1, -1, -1, -1, -1, -1, -1, -1, -1, -1, -1, -1, -1, -1, -1, -1, -1, -1, -1, -1, -1, -1, -1, -1, -1, -1, -1, -1, -1, -1, -1, -1, -1, -1, -1, -1, -1, -1, -1, -1, -1, -1, -1, -1, -1, -1, -1, -1, -1, -1, -1, -1, -1, -1, -1, -1, -1, -1, -1, -1, -1, -1, -1, -1, -1, -1, -1, -1, -1, -1, -1, -1, -1, -1, -1, -1, -1, -1, -1, -1, -1, -1, -1, -1, -1, -1, -1, -1, -1, -1, -1, -1, -1, -1, -1, -1, -1, -1, -1, -1, -1, -1, -1, -1, -1, -1, -1, -1, -1, -1, -1, -1, -1, -1, -1, -1, -1, -1, -1, -1, -1, -1, -1, -1, -1, -1, -1, -1, -1, -1, -1, -1, -1, -1, -1, -1, -1, -1, -1, -1, -1]"
150,20,19,0.0,None,1,237,"[{'cluster_no': -1, 'count': 237}]","[-1, -1, -1, -1, -1, -1, -1, -1, -1, -1, -1, -1, -1, -1, -1, -1, -1, -1, -1, -1, -1, -1, -1, -1, -1, -1, -1, -1, -1, -1, -1, -1, -1, -1, -1, -1, -1, -1, -1, -1, -1, -1, -1, -1, -1, -1, -1, -1, -1, -1, -1, -1, -1, -1, -1, -1, -1, -1, -1, -1, -1, -1, -1, -1, -1, -1, -1, -1, -1, -1, -1, -1, -1, -1, -1, -1, -1, -1, -1, -1, -1, -1, -1, -1, -1, -1, -1, -1, -1, -1, -1, -1, -1, -1, -1, -1, -1, -1, -1, -1, -1, -1, -1, -1, -1, -1, -1, -1, -1, -1, -1, -1, -1, -1, -1, -1, -1, -1, -1, -1, -1, -1, -1, -1, -1, -1, -1, -1, -1, -1, -1, -1, -1, -1, -1, -1, -1, -1, -1, -1, -1, -1, -1, -1, -1, -1, -1, -1, -1, -1, -1, -1, -1, -1, -1, -1, -1, -1, -1, -1, -1, -1, -1, -1, -1, -1, -1, -1, -1, -1, -1, -1, -1, -1, -1, -1, -1, -1, -1, -1, -1, -1, -1, -1, -1, -1, -1, -1, -1, -1, -1, -1, -1, -1, -1, -1, -1, -1, -1, -1, -1, -1, -1, -1, -1, -1, -1, -1, -1, -1, -1, -1, -1, -1, -1, -1, -1, -1, -1, -1, -1, -1, -1, -1, -1, -1, -1, -1, -1, -1, -1, -1, -1, -1, -1, -1, -1]"
150,20,19,0.5,None,1,237,"[{'cluster_no': -1, 'count': 237}]","[-1, -1, -1, -1, -1, -1, -1, -1, -1, -1, -1, -1, -1, -1, -1, -1, -1, -1, -1, -1, -1, -1, -1, -1, -1, -1, -1, -1, -1, -1, -1, -1, -1, -1, -1, -1, -1, -1, -1, -1, -1, -1, -1, -1, -1, -1, -1, -1, -1, -1, -1, -1, -1, -1, -1, -1, -1, -1, -1, -1, -1, -1, -1, -1, -1, -1, -1, -1, -1, -1, -1, -1, -1, -1, -1, -1, -1, -1, -1, -1, -1, -1, -1, -1, -1, -1, -1, -1, -1, -1, -1, -1, -1, -1, -1, -1, -1, -1, -1, -1, -1, -1, -1, -1, -1, -1, -1, -1, -1, -1, -1, -1, -1, -1, -1, -1, -1, -1, -1, -1, -1, -1, -1, -1, -1, -1, -1, -1, -1, -1, -1, -1, -1, -1, -1, -1, -1, -1, -1, -1, -1, -1, -1, -1, -1, -1, -1, -1, -1, -1, -1, -1, -1, -1, -1, -1, -1, -1, -1, -1, -1, -1, -1, -1, -1, -1, -1, -1, -1, -1, -1, -1, -1, -1, -1, -1, -1, -1, -1, -1, -1, -1, -1, -1, -1, -1, -1, -1, -1, -1, -1, -1, -1, -1, -1, -1, -1, -1, -1, -1, -1, -1, -1, -1, -1, -1, -1, -1, -1, -1, -1, -1, -1, -1, -1, -1, -1, -1, -1, -1, -1, -1, -1, -1, -1, -1, -1, -1, -1, -1, -1, -1, -1, -1, -1, -1, -1]"
150,20,19,1.0,None,1,237,"[{'cluster_no': -1, 'count': 237}]","[-1, -1, -1, -1, -1, -1, -1, -1, -1, -1, -1, -1, -1, -1, -1, -1, -1, -1, -1, -1, -1, -1, -1, -1, -1, -1, -1, -1, -1, -1, -1, -1, -1, -1, -1, -1, -1, -1, -1, -1, -1, -1, -1, -1, -1, -1, -1, -1, -1, -1, -1, -1, -1, -1, -1, -1, -1, -1, -1, -1, -1, -1, -1, -1, -1, -1, -1, -1, -1, -1, -1, -1, -1, -1, -1, -1, -1, -1, -1, -1, -1, -1, -1, -1, -1, -1, -1, -1, -1, -1, -1, -1, -1, -1, -1, -1, -1, -1, -1, -1, -1, -1, -1, -1, -1, -1, -1, -1, -1, -1, -1, -1, -1, -1, -1, -1, -1, -1, -1, -1, -1, -1, -1, -1, -1, -1, -1, -1, -1, -1, -1, -1, -1, -1, -1, -1, -1, -1, -1, -1, -1, -1, -1, -1, -1, -1, -1, -1, -1, -1, -1, -1, -1, -1, -1, -1, -1, -1, -1, -1, -1, -1, -1, -1, -1, -1, -1, -1, -1, -1, -1, -1, -1, -1, -1, -1, -1, -1, -1, -1, -1, -1, -1, -1, -1, -1, -1, -1, -1, -1, -1, -1, -1, -1, -1, -1, -1, -1, -1, -1, -1, -1, -1, -1, -1, -1, -1, -1, -1, -1, -1, -1, -1, -1, -1, -1, -1, -1, -1, -1, -1, -1, -1, -1, -1, -1, -1, -1, -1, -1, -1, -1, -1, -1, -1, -1, -1]"
150,20,20,0.0,None,1,237,"[{'cluster_no': -1, 'count': 237}]","[-1, -1, -1, -1, -1, -1, -1, -1, -1, -1, -1, -1, -1, -1, -1, -1, -1, -1, -1, -1, -1, -1, -1, -1, -1, -1, -1, -1, -1, -1, -1, -1, -1, -1, -1, -1, -1, -1, -1, -1, -1, -1, -1, -1, -1, -1, -1, -1, -1, -1, -1, -1, -1, -1, -1, -1, -1, -1, -1, -1, -1, -1, -1, -1, -1, -1, -1, -1, -1, -1, -1, -1, -1, -1, -1, -1, -1, -1, -1, -1, -1, -1, -1, -1, -1, -1, -1, -1, -1, -1, -1, -1, -1, -1, -1, -1, -1, -1, -1, -1, -1, -1, -1, -1, -1, -1, -1, -1, -1, -1, -1, -1, -1, -1, -1, -1, -1, -1, -1, -1, -1, -1, -1, -1, -1, -1, -1, -1, -1, -1, -1, -1, -1, -1, -1, -1, -1, -1, -1, -1, -1, -1, -1, -1, -1, -1, -1, -1, -1, -1, -1, -1, -1, -1, -1, -1, -1, -1, -1, -1, -1, -1, -1, -1, -1, -1, -1, -1, -1, -1, -1, -1, -1, -1, -1, -1, -1, -1, -1, -1, -1, -1, -1, -1, -1, -1, -1, -1, -1, -1, -1, -1, -1, -1, -1, -1, -1, -1, -1, -1, -1, -1, -1, -1, -1, -1, -1, -1, -1, -1, -1, -1, -1, -1, -1, -1, -1, -1, -1, -1, -1, -1, -1, -1, -1, -1, -1, -1, -1, -1, -1, -1, -1, -1, -1, -1, -1]"
150,20,20,0.5,None,1,237,"[{'cluster_no': -1, 'count': 237}]","[-1, -1, -1, -1, -1, -1, -1, -1, -1, -1, -1, -1, -1, -1, -1, -1, -1, -1, -1, -1, -1, -1, -1, -1, -1, -1, -1, -1, -1, -1, -1, -1, -1, -1, -1, -1, -1, -1, -1, -1, -1, -1, -1, -1, -1, -1, -1, -1, -1, -1, -1, -1, -1, -1, -1, -1, -1, -1, -1, -1, -1, -1, -1, -1, -1, -1, -1, -1, -1, -1, -1, -1, -1, -1, -1, -1, -1, -1, -1, -1, -1, -1, -1, -1, -1, -1, -1, -1, -1, -1, -1, -1, -1, -1, -1, -1, -1, -1, -1, -1, -1, -1, -1, -1, -1, -1, -1, -1, -1, -1, -1, -1, -1, -1, -1, -1, -1, -1, -1, -1, -1, -1, -1, -1, -1, -1, -1, -1, -1, -1, -1, -1, -1, -1, -1, -1, -1, -1, -1, -1, -1, -1, -1, -1, -1, -1, -1, -1, -1, -1, -1, -1, -1, -1, -1, -1, -1, -1, -1, -1, -1, -1, -1, -1, -1, -1, -1, -1, -1, -1, -1, -1, -1, -1, -1, -1, -1, -1, -1, -1, -1, -1, -1, -1, -1, -1, -1, -1, -1, -1, -1, -1, -1, -1, -1, -1, -1, -1, -1, -1, -1, -1, -1, -1, -1, -1, -1, -1, -1, -1, -1, -1, -1, -1, -1, -1, -1, -1, -1, -1, -1, -1, -1, -1, -1, -1, -1, -1, -1, -1, -1, -1, -1, -1, -1, -1, -1]"
150,20,20,1.0,None,1,237,"[{'cluster_no': -1, 'count': 237}]","[-1, -1, -1, -1, -1, -1, -1, -1, -1, -1, -1, -1, -1, -1, -1, -1, -1, -1, -1, -1, -1, -1, -1, -1, -1, -1, -1, -1, -1, -1, -1, -1, -1, -1, -1, -1, -1, -1, -1, -1, -1, -1, -1, -1, -1, -1, -1, -1, -1, -1, -1, -1, -1, -1, -1, -1, -1, -1, -1, -1, -1, -1, -1, -1, -1, -1, -1, -1, -1, -1, -1, -1, -1, -1, -1, -1, -1, -1, -1, -1, -1, -1, -1, -1, -1, -1, -1, -1, -1, -1, -1, -1, -1, -1, -1, -1, -1, -1, -1, -1, -1, -1, -1, -1, -1, -1, -1, -1, -1, -1, -1, -1, -1, -1, -1, -1, -1, -1, -1, -1, -1, -1, -1, -1, -1, -1, -1, -1, -1, -1, -1, -1, -1, -1, -1, -1, -1, -1, -1, -1, -1, -1, -1, -1, -1, -1, -1, -1, -1, -1, -1, -1, -1, -1, -1, -1, -1, -1, -1, -1, -1, -1, -1, -1, -1, -1, -1, -1, -1, -1, -1, -1, -1, -1, -1, -1, -1, -1, -1, -1, -1, -1, -1, -1, -1, -1, -1, -1, -1, -1, -1, -1, -1, -1, -1, -1, -1, -1, -1, -1, -1, -1, -1, -1, -1, -1, -1, -1, -1, -1, -1, -1, -1, -1, -1, -1, -1, -1, -1, -1, -1, -1, -1, -1, -1, -1, -1, -1, -1, -1, -1, -1, -1, -1, -1, -1, -1]"
150,20,21,0.0,None,1,237,"[{'cluster_no': -1, 'count': 237}]","[-1, -1, -1, -1, -1, -1, -1, -1, -1, -1, -1, -1, -1, -1, -1, -1, -1, -1, -1, -1, -1, -1, -1, -1, -1, -1, -1, -1, -1, -1, -1, -1, -1, -1, -1, -1, -1, -1, -1, -1, -1, -1, -1, -1, -1, -1, -1, -1, -1, -1, -1, -1, -1, -1, -1, -1, -1, -1, -1, -1, -1, -1, -1, -1, -1, -1, -1, -1, -1, -1, -1, -1, -1, -1, -1, -1, -1, -1, -1, -1, -1, -1, -1, -1, -1, -1, -1, -1, -1, -1, -1, -1, -1, -1, -1, -1, -1, -1, -1, -1, -1, -1, -1, -1, -1, -1, -1, -1, -1, -1, -1, -1, -1, -1, -1, -1, -1, -1, -1, -1, -1, -1, -1, -1, -1, -1, -1, -1, -1, -1, -1, -1, -1, -1, -1, -1, -1, -1, -1, -1, -1, -1, -1, -1, -1, -1, -1, -1, -1, -1, -1, -1, -1, -1, -1, -1, -1, -1, -1, -1, -1, -1, -1, -1, -1, -1, -1, -1, -1, -1, -1, -1, -1, -1, -1, -1, -1, -1, -1, -1, -1, -1, -1, -1, -1, -1, -1, -1, -1, -1, -1, -1, -1, -1, -1, -1, -1, -1, -1, -1, -1, -1, -1, -1, -1, -1, -1, -1, -1, -1, -1, -1, -1, -1, -1, -1, -1, -1, -1, -1, -1, -1, -1, -1, -1, -1, -1, -1, -1, -1, -1, -1, -1, -1, -1, -1, -1]"
150,20,21,0.5,None,1,237,"[{'cluster_no': -1, 'count': 237}]","[-1, -1, -1, -1, -1, -1, -1, -1, -1, -1, -1, -1, -1, -1, -1, -1, -1, -1, -1, -1, -1, -1, -1, -1, -1, -1, -1, -1, -1, -1, -1, -1, -1, -1, -1, -1, -1, -1, -1, -1, -1, -1, -1, -1, -1, -1, -1, -1, -1, -1, -1, -1, -1, -1, -1, -1, -1, -1, -1, -1, -1, -1, -1, -1, -1, -1, -1, -1, -1, -1, -1, -1, -1, -1, -1, -1, -1, -1, -1, -1, -1, -1, -1, -1, -1, -1, -1, -1, -1, -1, -1, -1, -1, -1, -1, -1, -1, -1, -1, -1, -1, -1, -1, -1, -1, -1, -1, -1, -1, -1, -1, -1, -1, -1, -1, -1, -1, -1, -1, -1, -1, -1, -1, -1, -1, -1, -1, -1, -1, -1, -1, -1, -1, -1, -1, -1, -1, -1, -1, -1, -1, -1, -1, -1, -1, -1, -1, -1, -1, -1, -1, -1, -1, -1, -1, -1, -1, -1, -1, -1, -1, -1, -1, -1, -1, -1, -1, -1, -1, -1, -1, -1, -1, -1, -1, -1, -1, -1, -1, -1, -1, -1, -1, -1, -1, -1, -1, -1, -1, -1, -1, -1, -1, -1, -1, -1, -1, -1, -1, -1, -1, -1, -1, -1, -1, -1, -1, -1, -1, -1, -1, -1, -1, -1, -1, -1, -1, -1, -1, -1, -1, -1, -1, -1, -1, -1, -1, -1, -1, -1, -1, -1, -1, -1, -1, -1, -1]"
150,20,21,1.0,None,1,237,"[{'cluster_no': -1, 'count': 237}]","[-1, -1, -1, -1, -1, -1, -1, -1, -1, -1, -1, -1, -1, -1, -1, -1, -1, -1, -1, -1, -1, -1, -1, -1, -1, -1, -1, -1, -1, -1, -1, -1, -1, -1, -1, -1, -1, -1, -1, -1, -1, -1, -1, -1, -1, -1, -1, -1, -1, -1, -1, -1, -1, -1, -1, -1, -1, -1, -1, -1, -1, -1, -1, -1, -1, -1, -1, -1, -1, -1, -1, -1, -1, -1, -1, -1, -1, -1, -1, -1, -1, -1, -1, -1, -1, -1, -1, -1, -1, -1, -1, -1, -1, -1, -1, -1, -1, -1, -1, -1, -1, -1, -1, -1, -1, -1, -1, -1, -1, -1, -1, -1, -1, -1, -1, -1, -1, -1, -1, -1, -1, -1, -1, -1, -1, -1, -1, -1, -1, -1, -1, -1, -1, -1, -1, -1, -1, -1, -1, -1, -1, -1, -1, -1, -1, -1, -1, -1, -1, -1, -1, -1, -1, -1, -1, -1, -1, -1, -1, -1, -1, -1, -1, -1, -1, -1, -1, -1, -1, -1, -1, -1, -1, -1, -1, -1, -1, -1, -1, -1, -1, -1, -1, -1, -1, -1, -1, -1, -1, -1, -1, -1, -1, -1, -1, -1, -1, -1, -1, -1, -1, -1, -1, -1, -1, -1, -1, -1, -1, -1, -1, -1, -1, -1, -1, -1, -1, -1, -1, -1, -1, -1, -1, -1, -1, -1, -1, -1, -1, -1, -1, -1, -1, -1, -1, -1, -1]"
150,20,22,0.0,None,1,237,"[{'cluster_no': -1, 'count': 237}]","[-1, -1, -1, -1, -1, -1, -1, -1, -1, -1, -1, -1, -1, -1, -1, -1, -1, -1, -1, -1, -1, -1, -1, -1, -1, -1, -1, -1, -1, -1, -1, -1, -1, -1, -1, -1, -1, -1, -1, -1, -1, -1, -1, -1, -1, -1, -1, -1, -1, -1, -1, -1, -1, -1, -1, -1, -1, -1, -1, -1, -1, -1, -1, -1, -1, -1, -1, -1, -1, -1, -1, -1, -1, -1, -1, -1, -1, -1, -1, -1, -1, -1, -1, -1, -1, -1, -1, -1, -1, -1, -1, -1, -1, -1, -1, -1, -1, -1, -1, -1, -1, -1, -1, -1, -1, -1, -1, -1, -1, -1, -1, -1, -1, -1, -1, -1, -1, -1, -1, -1, -1, -1, -1, -1, -1, -1, -1, -1, -1, -1, -1, -1, -1, -1, -1, -1, -1, -1, -1, -1, -1, -1, -1, -1, -1, -1, -1, -1, -1, -1, -1, -1, -1, -1, -1, -1, -1, -1, -1, -1, -1, -1, -1, -1, -1, -1, -1, -1, -1, -1, -1, -1, -1, -1, -1, -1, -1, -1, -1, -1, -1, -1, -1, -1, -1, -1, -1, -1, -1, -1, -1, -1, -1, -1, -1, -1, -1, -1, -1, -1, -1, -1, -1, -1, -1, -1, -1, -1, -1, -1, -1, -1, -1, -1, -1, -1, -1, -1, -1, -1, -1, -1, -1, -1, -1, -1, -1, -1, -1, -1, -1, -1, -1, -1, -1, -1, -1]"
150,20,22,0.5,None,1,237,"[{'cluster_no': -1, 'count': 237}]","[-1, -1, -1, -1, -1, -1, -1, -1, -1, -1, -1, -1, -1, -1, -1, -1, -1, -1, -1, -1, -1, -1, -1, -1, -1, -1, -1, -1, -1, -1, -1, -1, -1, -1, -1, -1, -1, -1, -1, -1, -1, -1, -1, -1, -1, -1, -1, -1, -1, -1, -1, -1, -1, -1, -1, -1, -1, -1, -1, -1, -1, -1, -1, -1, -1, -1, -1, -1, -1, -1, -1, -1, -1, -1, -1, -1, -1, -1, -1, -1, -1, -1, -1, -1, -1, -1, -1, -1, -1, -1, -1, -1, -1, -1, -1, -1, -1, -1, -1, -1, -1, -1, -1, -1, -1, -1, -1, -1, -1, -1, -1, -1, -1, -1, -1, -1, -1, -1, -1, -1, -1, -1, -1, -1, -1, -1, -1, -1, -1, -1, -1, -1, -1, -1, -1, -1, -1, -1, -1, -1, -1, -1, -1, -1, -1, -1, -1, -1, -1, -1, -1, -1, -1, -1, -1, -1, -1, -1, -1, -1, -1, -1, -1, -1, -1, -1, -1, -1, -1, -1, -1, -1, -1, -1, -1, -1, -1, -1, -1, -1, -1, -1, -1, -1, -1, -1, -1, -1, -1, -1, -1, -1, -1, -1, -1, -1, -1, -1, -1, -1, -1, -1, -1, -1, -1, -1, -1, -1, -1, -1, -1, -1, -1, -1, -1, -1, -1, -1, -1, -1, -1, -1, -1, -1, -1, -1, -1, -1, -1, -1, -1, -1, -1, -1, -1, -1, -1]"
150,20,22,1.0,None,1,237,"[{'cluster_no': -1, 'count': 237}]","[-1, -1, -1, -1, -1, -1, -1, -1, -1, -1, -1, -1, -1, -1, -1, -1, -1, -1, -1, -1, -1, -1, -1, -1, -1, -1, -1, -1, -1, -1, -1, -1, -1, -1, -1, -1, -1, -1, -1, -1, -1, -1, -1, -1, -1, -1, -1, -1, -1, -1, -1, -1, -1, -1, -1, -1, -1, -1, -1, -1, -1, -1, -1, -1, -1, -1, -1, -1, -1, -1, -1, -1, -1, -1, -1, -1, -1, -1, -1, -1, -1, -1, -1, -1, -1, -1, -1, -1, -1, -1, -1, -1, -1, -1, -1, -1, -1, -1, -1, -1, -1, -1, -1, -1, -1, -1, -1, -1, -1, -1, -1, -1, -1, -1, -1, -1, -1, -1, -1, -1, -1, -1, -1, -1, -1, -1, -1, -1, -1, -1, -1, -1, -1, -1, -1, -1, -1, -1, -1, -1, -1, -1, -1, -1, -1, -1, -1, -1, -1, -1, -1, -1, -1, -1, -1, -1, -1, -1, -1, -1, -1, -1, -1, -1, -1, -1, -1, -1, -1, -1, -1, -1, -1, -1, -1, -1, -1, -1, -1, -1, -1, -1, -1, -1, -1, -1, -1, -1, -1, -1, -1, -1, -1, -1, -1, -1, -1, -1, -1, -1, -1, -1, -1, -1, -1, -1, -1, -1, -1, -1, -1, -1, -1, -1, -1, -1, -1, -1, -1, -1, -1, -1, -1, -1, -1, -1, -1, -1, -1, -1, -1, -1, -1, -1, -1, -1, -1]"
150,20,23,0.0,None,1,237,"[{'cluster_no': -1, 'count': 237}]","[-1, -1, -1, -1, -1, -1, -1, -1, -1, -1, -1, -1, -1, -1, -1, -1, -1, -1, -1, -1, -1, -1, -1, -1, -1, -1, -1, -1, -1, -1, -1, -1, -1, -1, -1, -1, -1, -1, -1, -1, -1, -1, -1, -1, -1, -1, -1, -1, -1, -1, -1, -1, -1, -1, -1, -1, -1, -1, -1, -1, -1, -1, -1, -1, -1, -1, -1, -1, -1, -1, -1, -1, -1, -1, -1, -1, -1, -1, -1, -1, -1, -1, -1, -1, -1, -1, -1, -1, -1, -1, -1, -1, -1, -1, -1, -1, -1, -1, -1, -1, -1, -1, -1, -1, -1, -1, -1, -1, -1, -1, -1, -1, -1, -1, -1, -1, -1, -1, -1, -1, -1, -1, -1, -1, -1, -1, -1, -1, -1, -1, -1, -1, -1, -1, -1, -1, -1, -1, -1, -1, -1, -1, -1, -1, -1, -1, -1, -1, -1, -1, -1, -1, -1, -1, -1, -1, -1, -1, -1, -1, -1, -1, -1, -1, -1, -1, -1, -1, -1, -1, -1, -1, -1, -1, -1, -1, -1, -1, -1, -1, -1, -1, -1, -1, -1, -1, -1, -1, -1, -1, -1, -1, -1, -1, -1, -1, -1, -1, -1, -1, -1, -1, -1, -1, -1, -1, -1, -1, -1, -1, -1, -1, -1, -1, -1, -1, -1, -1, -1, -1, -1, -1, -1, -1, -1, -1, -1, -1, -1, -1, -1, -1, -1, -1, -1, -1, -1]"
150,20,23,0.5,None,1,237,"[{'cluster_no': -1, 'count': 237}]","[-1, -1, -1, -1, -1, -1, -1, -1, -1, -1, -1, -1, -1, -1, -1, -1, -1, -1, -1, -1, -1, -1, -1, -1, -1, -1, -1, -1, -1, -1, -1, -1, -1, -1, -1, -1, -1, -1, -1, -1, -1, -1, -1, -1, -1, -1, -1, -1, -1, -1, -1, -1, -1, -1, -1, -1, -1, -1, -1, -1, -1, -1, -1, -1, -1, -1, -1, -1, -1, -1, -1, -1, -1, -1, -1, -1, -1, -1, -1, -1, -1, -1, -1, -1, -1, -1, -1, -1, -1, -1, -1, -1, -1, -1, -1, -1, -1, -1, -1, -1, -1, -1, -1, -1, -1, -1, -1, -1, -1, -1, -1, -1, -1, -1, -1, -1, -1, -1, -1, -1, -1, -1, -1, -1, -1, -1, -1, -1, -1, -1, -1, -1, -1, -1, -1, -1, -1, -1, -1, -1, -1, -1, -1, -1, -1, -1, -1, -1, -1, -1, -1, -1, -1, -1, -1, -1, -1, -1, -1, -1, -1, -1, -1, -1, -1, -1, -1, -1, -1, -1, -1, -1, -1, -1, -1, -1, -1, -1, -1, -1, -1, -1, -1, -1, -1, -1, -1, -1, -1, -1, -1, -1, -1, -1, -1, -1, -1, -1, -1, -1, -1, -1, -1, -1, -1, -1, -1, -1, -1, -1, -1, -1, -1, -1, -1, -1, -1, -1, -1, -1, -1, -1, -1, -1, -1, -1, -1, -1, -1, -1, -1, -1, -1, -1, -1, -1, -1]"
150,20,23,1.0,None,1,237,"[{'cluster_no': -1, 'count': 237}]","[-1, -1, -1, -1, -1, -1, -1, -1, -1, -1, -1, -1, -1, -1, -1, -1, -1, -1, -1, -1, -1, -1, -1, -1, -1, -1, -1, -1, -1, -1, -1, -1, -1, -1, -1, -1, -1, -1, -1, -1, -1, -1, -1, -1, -1, -1, -1, -1, -1, -1, -1, -1, -1, -1, -1, -1, -1, -1, -1, -1, -1, -1, -1, -1, -1, -1, -1, -1, -1, -1, -1, -1, -1, -1, -1, -1, -1, -1, -1, -1, -1, -1, -1, -1, -1, -1, -1, -1, -1, -1, -1, -1, -1, -1, -1, -1, -1, -1, -1, -1, -1, -1, -1, -1, -1, -1, -1, -1, -1, -1, -1, -1, -1, -1, -1, -1, -1, -1, -1, -1, -1, -1, -1, -1, -1, -1, -1, -1, -1, -1, -1, -1, -1, -1, -1, -1, -1, -1, -1, -1, -1, -1, -1, -1, -1, -1, -1, -1, -1, -1, -1, -1, -1, -1, -1, -1, -1, -1, -1, -1, -1, -1, -1, -1, -1, -1, -1, -1, -1, -1, -1, -1, -1, -1, -1, -1, -1, -1, -1, -1, -1, -1, -1, -1, -1, -1, -1, -1, -1, -1, -1, -1, -1, -1, -1, -1, -1, -1, -1, -1, -1, -1, -1, -1, -1, -1, -1, -1, -1, -1, -1, -1, -1, -1, -1, -1, -1, -1, -1, -1, -1, -1, -1, -1, -1, -1, -1, -1, -1, -1, -1, -1, -1, -1, -1, -1, -1]"
150,20,24,0.0,None,1,237,"[{'cluster_no': -1, 'count': 237}]","[-1, -1, -1, -1, -1, -1, -1, -1, -1, -1, -1, -1, -1, -1, -1, -1, -1, -1, -1, -1, -1, -1, -1, -1, -1, -1, -1, -1, -1, -1, -1, -1, -1, -1, -1, -1, -1, -1, -1, -1, -1, -1, -1, -1, -1, -1, -1, -1, -1, -1, -1, -1, -1, -1, -1, -1, -1, -1, -1, -1, -1, -1, -1, -1, -1, -1, -1, -1, -1, -1, -1, -1, -1, -1, -1, -1, -1, -1, -1, -1, -1, -1, -1, -1, -1, -1, -1, -1, -1, -1, -1, -1, -1, -1, -1, -1, -1, -1, -1, -1, -1, -1, -1, -1, -1, -1, -1, -1, -1, -1, -1, -1, -1, -1, -1, -1, -1, -1, -1, -1, -1, -1, -1, -1, -1, -1, -1, -1, -1, -1, -1, -1, -1, -1, -1, -1, -1, -1, -1, -1, -1, -1, -1, -1, -1, -1, -1, -1, -1, -1, -1, -1, -1, -1, -1, -1, -1, -1, -1, -1, -1, -1, -1, -1, -1, -1, -1, -1, -1, -1, -1, -1, -1, -1, -1, -1, -1, -1, -1, -1, -1, -1, -1, -1, -1, -1, -1, -1, -1, -1, -1, -1, -1, -1, -1, -1, -1, -1, -1, -1, -1, -1, -1, -1, -1, -1, -1, -1, -1, -1, -1, -1, -1, -1, -1, -1, -1, -1, -1, -1, -1, -1, -1, -1, -1, -1, -1, -1, -1, -1, -1, -1, -1, -1, -1, -1, -1]"
150,20,24,0.5,None,1,237,"[{'cluster_no': -1, 'count': 237}]","[-1, -1, -1, -1, -1, -1, -1, -1, -1, -1, -1, -1, -1, -1, -1, -1, -1, -1, -1, -1, -1, -1, -1, -1, -1, -1, -1, -1, -1, -1, -1, -1, -1, -1, -1, -1, -1, -1, -1, -1, -1, -1, -1, -1, -1, -1, -1, -1, -1, -1, -1, -1, -1, -1, -1, -1, -1, -1, -1, -1, -1, -1, -1, -1, -1, -1, -1, -1, -1, -1, -1, -1, -1, -1, -1, -1, -1, -1, -1, -1, -1, -1, -1, -1, -1, -1, -1, -1, -1, -1, -1, -1, -1, -1, -1, -1, -1, -1, -1, -1, -1, -1, -1, -1, -1, -1, -1, -1, -1, -1, -1, -1, -1, -1, -1, -1, -1, -1, -1, -1, -1, -1, -1, -1, -1, -1, -1, -1, -1, -1, -1, -1, -1, -1, -1, -1, -1, -1, -1, -1, -1, -1, -1, -1, -1, -1, -1, -1, -1, -1, -1, -1, -1, -1, -1, -1, -1, -1, -1, -1, -1, -1, -1, -1, -1, -1, -1, -1, -1, -1, -1, -1, -1, -1, -1, -1, -1, -1, -1, -1, -1, -1, -1, -1, -1, -1, -1, -1, -1, -1, -1, -1, -1, -1, -1, -1, -1, -1, -1, -1, -1, -1, -1, -1, -1, -1, -1, -1, -1, -1, -1, -1, -1, -1, -1, -1, -1, -1, -1, -1, -1, -1, -1, -1, -1, -1, -1, -1, -1, -1, -1, -1, -1, -1, -1, -1, -1]"
150,20,24,1.0,None,1,237,"[{'cluster_no': -1, 'count': 237}]","[-1, -1, -1, -1, -1, -1, -1, -1, -1, -1, -1, -1, -1, -1, -1, -1, -1, -1, -1, -1, -1, -1, -1, -1, -1, -1, -1, -1, -1, -1, -1, -1, -1, -1, -1, -1, -1, -1, -1, -1, -1, -1, -1, -1, -1, -1, -1, -1, -1, -1, -1, -1, -1, -1, -1, -1, -1, -1, -1, -1, -1, -1, -1, -1, -1, -1, -1, -1, -1, -1, -1, -1, -1, -1, -1, -1, -1, -1, -1, -1, -1, -1, -1, -1, -1, -1, -1, -1, -1, -1, -1, -1, -1, -1, -1, -1, -1, -1, -1, -1, -1, -1, -1, -1, -1, -1, -1, -1, -1, -1, -1, -1, -1, -1, -1, -1, -1, -1, -1, -1, -1, -1, -1, -1, -1, -1, -1, -1, -1, -1, -1, -1, -1, -1, -1, -1, -1, -1, -1, -1, -1, -1, -1, -1, -1, -1, -1, -1, -1, -1, -1, -1, -1, -1, -1, -1, -1, -1, -1, -1, -1, -1, -1, -1, -1, -1, -1, -1, -1, -1, -1, -1, -1, -1, -1, -1, -1, -1, -1, -1, -1, -1, -1, -1, -1, -1, -1, -1, -1, -1, -1, -1, -1, -1, -1, -1, -1, -1, -1, -1, -1, -1, -1, -1, -1, -1, -1, -1, -1, -1, -1, -1, -1, -1, -1, -1, -1, -1, -1, -1, -1, -1, -1, -1, -1, -1, -1, -1, -1, -1, -1, -1, -1, -1, -1, -1, -1]"
150,20,25,0.0,None,1,237,"[{'cluster_no': -1, 'count': 237}]","[-1, -1, -1, -1, -1, -1, -1, -1, -1, -1, -1, -1, -1, -1, -1, -1, -1, -1, -1, -1, -1, -1, -1, -1, -1, -1, -1, -1, -1, -1, -1, -1, -1, -1, -1, -1, -1, -1, -1, -1, -1, -1, -1, -1, -1, -1, -1, -1, -1, -1, -1, -1, -1, -1, -1, -1, -1, -1, -1, -1, -1, -1, -1, -1, -1, -1, -1, -1, -1, -1, -1, -1, -1, -1, -1, -1, -1, -1, -1, -1, -1, -1, -1, -1, -1, -1, -1, -1, -1, -1, -1, -1, -1, -1, -1, -1, -1, -1, -1, -1, -1, -1, -1, -1, -1, -1, -1, -1, -1, -1, -1, -1, -1, -1, -1, -1, -1, -1, -1, -1, -1, -1, -1, -1, -1, -1, -1, -1, -1, -1, -1, -1, -1, -1, -1, -1, -1, -1, -1, -1, -1, -1, -1, -1, -1, -1, -1, -1, -1, -1, -1, -1, -1, -1, -1, -1, -1, -1, -1, -1, -1, -1, -1, -1, -1, -1, -1, -1, -1, -1, -1, -1, -1, -1, -1, -1, -1, -1, -1, -1, -1, -1, -1, -1, -1, -1, -1, -1, -1, -1, -1, -1, -1, -1, -1, -1, -1, -1, -1, -1, -1, -1, -1, -1, -1, -1, -1, -1, -1, -1, -1, -1, -1, -1, -1, -1, -1, -1, -1, -1, -1, -1, -1, -1, -1, -1, -1, -1, -1, -1, -1, -1, -1, -1, -1, -1, -1]"
150,20,25,0.5,None,1,237,"[{'cluster_no': -1, 'count': 237}]","[-1, -1, -1, -1, -1, -1, -1, -1, -1, -1, -1, -1, -1, -1, -1, -1, -1, -1, -1, -1, -1, -1, -1, -1, -1, -1, -1, -1, -1, -1, -1, -1, -1, -1, -1, -1, -1, -1, -1, -1, -1, -1, -1, -1, -1, -1, -1, -1, -1, -1, -1, -1, -1, -1, -1, -1, -1, -1, -1, -1, -1, -1, -1, -1, -1, -1, -1, -1, -1, -1, -1, -1, -1, -1, -1, -1, -1, -1, -1, -1, -1, -1, -1, -1, -1, -1, -1, -1, -1, -1, -1, -1, -1, -1, -1, -1, -1, -1, -1, -1, -1, -1, -1, -1, -1, -1, -1, -1, -1, -1, -1, -1, -1, -1, -1, -1, -1, -1, -1, -1, -1, -1, -1, -1, -1, -1, -1, -1, -1, -1, -1, -1, -1, -1, -1, -1, -1, -1, -1, -1, -1, -1, -1, -1, -1, -1, -1, -1, -1, -1, -1, -1, -1, -1, -1, -1, -1, -1, -1, -1, -1, -1, -1, -1, -1, -1, -1, -1, -1, -1, -1, -1, -1, -1, -1, -1, -1, -1, -1, -1, -1, -1, -1, -1, -1, -1, -1, -1, -1, -1, -1, -1, -1, -1, -1, -1, -1, -1, -1, -1, -1, -1, -1, -1, -1, -1, -1, -1, -1, -1, -1, -1, -1, -1, -1, -1, -1, -1, -1, -1, -1, -1, -1, -1, -1, -1, -1, -1, -1, -1, -1, -1, -1, -1, -1, -1, -1]"
150,20,25,1.0,None,1,237,"[{'cluster_no': -1, 'count': 237}]","[-1, -1, -1, -1, -1, -1, -1, -1, -1, -1, -1, -1, -1, -1, -1, -1, -1, -1, -1, -1, -1, -1, -1, -1, -1, -1, -1, -1, -1, -1, -1, -1, -1, -1, -1, -1, -1, -1, -1, -1, -1, -1, -1, -1, -1, -1, -1, -1, -1, -1, -1, -1, -1, -1, -1, -1, -1, -1, -1, -1, -1, -1, -1, -1, -1, -1, -1, -1, -1, -1, -1, -1, -1, -1, -1, -1, -1, -1, -1, -1, -1, -1, -1, -1, -1, -1, -1, -1, -1, -1, -1, -1, -1, -1, -1, -1, -1, -1, -1, -1, -1, -1, -1, -1, -1, -1, -1, -1, -1, -1, -1, -1, -1, -1, -1, -1, -1, -1, -1, -1, -1, -1, -1, -1, -1, -1, -1, -1, -1, -1, -1, -1, -1, -1, -1, -1, -1, -1, -1, -1, -1, -1, -1, -1, -1, -1, -1, -1, -1, -1, -1, -1, -1, -1, -1, -1, -1, -1, -1, -1, -1, -1, -1, -1, -1, -1, -1, -1, -1, -1, -1, -1, -1, -1, -1, -1, -1, -1, -1, -1, -1, -1, -1, -1, -1, -1, -1, -1, -1, -1, -1, -1, -1, -1, -1, -1, -1, -1, -1, -1, -1, -1, -1, -1, -1, -1, -1, -1, -1, -1, -1, -1, -1, -1, -1, -1, -1, -1, -1, -1, -1, -1, -1, -1, -1, -1, -1, -1, -1, -1, -1, -1, -1, -1, -1, -1, -1]"
150,20,26,0.0,None,1,237,"[{'cluster_no': -1, 'count': 237}]","[-1, -1, -1, -1, -1, -1, -1, -1, -1, -1, -1, -1, -1, -1, -1, -1, -1, -1, -1, -1, -1, -1, -1, -1, -1, -1, -1, -1, -1, -1, -1, -1, -1, -1, -1, -1, -1, -1, -1, -1, -1, -1, -1, -1, -1, -1, -1, -1, -1, -1, -1, -1, -1, -1, -1, -1, -1, -1, -1, -1, -1, -1, -1, -1, -1, -1, -1, -1, -1, -1, -1, -1, -1, -1, -1, -1, -1, -1, -1, -1, -1, -1, -1, -1, -1, -1, -1, -1, -1, -1, -1, -1, -1, -1, -1, -1, -1, -1, -1, -1, -1, -1, -1, -1, -1, -1, -1, -1, -1, -1, -1, -1, -1, -1, -1, -1, -1, -1, -1, -1, -1, -1, -1, -1, -1, -1, -1, -1, -1, -1, -1, -1, -1, -1, -1, -1, -1, -1, -1, -1, -1, -1, -1, -1, -1, -1, -1, -1, -1, -1, -1, -1, -1, -1, -1, -1, -1, -1, -1, -1, -1, -1, -1, -1, -1, -1, -1, -1, -1, -1, -1, -1, -1, -1, -1, -1, -1, -1, -1, -1, -1, -1, -1, -1, -1, -1, -1, -1, -1, -1, -1, -1, -1, -1, -1, -1, -1, -1, -1, -1, -1, -1, -1, -1, -1, -1, -1, -1, -1, -1, -1, -1, -1, -1, -1, -1, -1, -1, -1, -1, -1, -1, -1, -1, -1, -1, -1, -1, -1, -1, -1, -1, -1, -1, -1, -1, -1]"
150,20,26,0.5,None,1,237,"[{'cluster_no': -1, 'count': 237}]","[-1, -1, -1, -1, -1, -1, -1, -1, -1, -1, -1, -1, -1, -1, -1, -1, -1, -1, -1, -1, -1, -1, -1, -1, -1, -1, -1, -1, -1, -1, -1, -1, -1, -1, -1, -1, -1, -1, -1, -1, -1, -1, -1, -1, -1, -1, -1, -1, -1, -1, -1, -1, -1, -1, -1, -1, -1, -1, -1, -1, -1, -1, -1, -1, -1, -1, -1, -1, -1, -1, -1, -1, -1, -1, -1, -1, -1, -1, -1, -1, -1, -1, -1, -1, -1, -1, -1, -1, -1, -1, -1, -1, -1, -1, -1, -1, -1, -1, -1, -1, -1, -1, -1, -1, -1, -1, -1, -1, -1, -1, -1, -1, -1, -1, -1, -1, -1, -1, -1, -1, -1, -1, -1, -1, -1, -1, -1, -1, -1, -1, -1, -1, -1, -1, -1, -1, -1, -1, -1, -1, -1, -1, -1, -1, -1, -1, -1, -1, -1, -1, -1, -1, -1, -1, -1, -1, -1, -1, -1, -1, -1, -1, -1, -1, -1, -1, -1, -1, -1, -1, -1, -1, -1, -1, -1, -1, -1, -1, -1, -1, -1, -1, -1, -1, -1, -1, -1, -1, -1, -1, -1, -1, -1, -1, -1, -1, -1, -1, -1, -1, -1, -1, -1, -1, -1, -1, -1, -1, -1, -1, -1, -1, -1, -1, -1, -1, -1, -1, -1, -1, -1, -1, -1, -1, -1, -1, -1, -1, -1, -1, -1, -1, -1, -1, -1, -1, -1]"
150,20,26,1.0,None,1,237,"[{'cluster_no': -1, 'count': 237}]","[-1, -1, -1, -1, -1, -1, -1, -1, -1, -1, -1, -1, -1, -1, -1, -1, -1, -1, -1, -1, -1, -1, -1, -1, -1, -1, -1, -1, -1, -1, -1, -1, -1, -1, -1, -1, -1, -1, -1, -1, -1, -1, -1, -1, -1, -1, -1, -1, -1, -1, -1, -1, -1, -1, -1, -1, -1, -1, -1, -1, -1, -1, -1, -1, -1, -1, -1, -1, -1, -1, -1, -1, -1, -1, -1, -1, -1, -1, -1, -1, -1, -1, -1, -1, -1, -1, -1, -1, -1, -1, -1, -1, -1, -1, -1, -1, -1, -1, -1, -1, -1, -1, -1, -1, -1, -1, -1, -1, -1, -1, -1, -1, -1, -1, -1, -1, -1, -1, -1, -1, -1, -1, -1, -1, -1, -1, -1, -1, -1, -1, -1, -1, -1, -1, -1, -1, -1, -1, -1, -1, -1, -1, -1, -1, -1, -1, -1, -1, -1, -1, -1, -1, -1, -1, -1, -1, -1, -1, -1, -1, -1, -1, -1, -1, -1, -1, -1, -1, -1, -1, -1, -1, -1, -1, -1, -1, -1, -1, -1, -1, -1, -1, -1, -1, -1, -1, -1, -1, -1, -1, -1, -1, -1, -1, -1, -1, -1, -1, -1, -1, -1, -1, -1, -1, -1, -1, -1, -1, -1, -1, -1, -1, -1, -1, -1, -1, -1, -1, -1, -1, -1, -1, -1, -1, -1, -1, -1, -1, -1, -1, -1, -1, -1, -1, -1, -1, -1]"
150,20,27,0.0,None,1,237,"[{'cluster_no': -1, 'count': 237}]","[-1, -1, -1, -1, -1, -1, -1, -1, -1, -1, -1, -1, -1, -1, -1, -1, -1, -1, -1, -1, -1, -1, -1, -1, -1, -1, -1, -1, -1, -1, -1, -1, -1, -1, -1, -1, -1, -1, -1, -1, -1, -1, -1, -1, -1, -1, -1, -1, -1, -1, -1, -1, -1, -1, -1, -1, -1, -1, -1, -1, -1, -1, -1, -1, -1, -1, -1, -1, -1, -1, -1, -1, -1, -1, -1, -1, -1, -1, -1, -1, -1, -1, -1, -1, -1, -1, -1, -1, -1, -1, -1, -1, -1, -1, -1, -1, -1, -1, -1, -1, -1, -1, -1, -1, -1, -1, -1, -1, -1, -1, -1, -1, -1, -1, -1, -1, -1, -1, -1, -1, -1, -1, -1, -1, -1, -1, -1, -1, -1, -1, -1, -1, -1, -1, -1, -1, -1, -1, -1, -1, -1, -1, -1, -1, -1, -1, -1, -1, -1, -1, -1, -1, -1, -1, -1, -1, -1, -1, -1, -1, -1, -1, -1, -1, -1, -1, -1, -1, -1, -1, -1, -1, -1, -1, -1, -1, -1, -1, -1, -1, -1, -1, -1, -1, -1, -1, -1, -1, -1, -1, -1, -1, -1, -1, -1, -1, -1, -1, -1, -1, -1, -1, -1, -1, -1, -1, -1, -1, -1, -1, -1, -1, -1, -1, -1, -1, -1, -1, -1, -1, -1, -1, -1, -1, -1, -1, -1, -1, -1, -1, -1, -1, -1, -1, -1, -1, -1]"
150,20,27,0.5,None,1,237,"[{'cluster_no': -1, 'count': 237}]","[-1, -1, -1, -1, -1, -1, -1, -1, -1, -1, -1, -1, -1, -1, -1, -1, -1, -1, -1, -1, -1, -1, -1, -1, -1, -1, -1, -1, -1, -1, -1, -1, -1, -1, -1, -1, -1, -1, -1, -1, -1, -1, -1, -1, -1, -1, -1, -1, -1, -1, -1, -1, -1, -1, -1, -1, -1, -1, -1, -1, -1, -1, -1, -1, -1, -1, -1, -1, -1, -1, -1, -1, -1, -1, -1, -1, -1, -1, -1, -1, -1, -1, -1, -1, -1, -1, -1, -1, -1, -1, -1, -1, -1, -1, -1, -1, -1, -1, -1, -1, -1, -1, -1, -1, -1, -1, -1, -1, -1, -1, -1, -1, -1, -1, -1, -1, -1, -1, -1, -1, -1, -1, -1, -1, -1, -1, -1, -1, -1, -1, -1, -1, -1, -1, -1, -1, -1, -1, -1, -1, -1, -1, -1, -1, -1, -1, -1, -1, -1, -1, -1, -1, -1, -1, -1, -1, -1, -1, -1, -1, -1, -1, -1, -1, -1, -1, -1, -1, -1, -1, -1, -1, -1, -1, -1, -1, -1, -1, -1, -1, -1, -1, -1, -1, -1, -1, -1, -1, -1, -1, -1, -1, -1, -1, -1, -1, -1, -1, -1, -1, -1, -1, -1, -1, -1, -1, -1, -1, -1, -1, -1, -1, -1, -1, -1, -1, -1, -1, -1, -1, -1, -1, -1, -1, -1, -1, -1, -1, -1, -1, -1, -1, -1, -1, -1, -1, -1]"
150,20,27,1.0,None,1,237,"[{'cluster_no': -1, 'count': 237}]","[-1, -1, -1, -1, -1, -1, -1, -1, -1, -1, -1, -1, -1, -1, -1, -1, -1, -1, -1, -1, -1, -1, -1, -1, -1, -1, -1, -1, -1, -1, -1, -1, -1, -1, -1, -1, -1, -1, -1, -1, -1, -1, -1, -1, -1, -1, -1, -1, -1, -1, -1, -1, -1, -1, -1, -1, -1, -1, -1, -1, -1, -1, -1, -1, -1, -1, -1, -1, -1, -1, -1, -1, -1, -1, -1, -1, -1, -1, -1, -1, -1, -1, -1, -1, -1, -1, -1, -1, -1, -1, -1, -1, -1, -1, -1, -1, -1, -1, -1, -1, -1, -1, -1, -1, -1, -1, -1, -1, -1, -1, -1, -1, -1, -1, -1, -1, -1, -1, -1, -1, -1, -1, -1, -1, -1, -1, -1, -1, -1, -1, -1, -1, -1, -1, -1, -1, -1, -1, -1, -1, -1, -1, -1, -1, -1, -1, -1, -1, -1, -1, -1, -1, -1, -1, -1, -1, -1, -1, -1, -1, -1, -1, -1, -1, -1, -1, -1, -1, -1, -1, -1, -1, -1, -1, -1, -1, -1, -1, -1, -1, -1, -1, -1, -1, -1, -1, -1, -1, -1, -1, -1, -1, -1, -1, -1, -1, -1, -1, -1, -1, -1, -1, -1, -1, -1, -1, -1, -1, -1, -1, -1, -1, -1, -1, -1, -1, -1, -1, -1, -1, -1, -1, -1, -1, -1, -1, -1, -1, -1, -1, -1, -1, -1, -1, -1, -1, -1]"
150,20,28,0.0,None,1,237,"[{'cluster_no': -1, 'count': 237}]","[-1, -1, -1, -1, -1, -1, -1, -1, -1, -1, -1, -1, -1, -1, -1, -1, -1, -1, -1, -1, -1, -1, -1, -1, -1, -1, -1, -1, -1, -1, -1, -1, -1, -1, -1, -1, -1, -1, -1, -1, -1, -1, -1, -1, -1, -1, -1, -1, -1, -1, -1, -1, -1, -1, -1, -1, -1, -1, -1, -1, -1, -1, -1, -1, -1, -1, -1, -1, -1, -1, -1, -1, -1, -1, -1, -1, -1, -1, -1, -1, -1, -1, -1, -1, -1, -1, -1, -1, -1, -1, -1, -1, -1, -1, -1, -1, -1, -1, -1, -1, -1, -1, -1, -1, -1, -1, -1, -1, -1, -1, -1, -1, -1, -1, -1, -1, -1, -1, -1, -1, -1, -1, -1, -1, -1, -1, -1, -1, -1, -1, -1, -1, -1, -1, -1, -1, -1, -1, -1, -1, -1, -1, -1, -1, -1, -1, -1, -1, -1, -1, -1, -1, -1, -1, -1, -1, -1, -1, -1, -1, -1, -1, -1, -1, -1, -1, -1, -1, -1, -1, -1, -1, -1, -1, -1, -1, -1, -1, -1, -1, -1, -1, -1, -1, -1, -1, -1, -1, -1, -1, -1, -1, -1, -1, -1, -1, -1, -1, -1, -1, -1, -1, -1, -1, -1, -1, -1, -1, -1, -1, -1, -1, -1, -1, -1, -1, -1, -1, -1, -1, -1, -1, -1, -1, -1, -1, -1, -1, -1, -1, -1, -1, -1, -1, -1, -1, -1]"
150,20,28,0.5,None,1,237,"[{'cluster_no': -1, 'count': 237}]","[-1, -1, -1, -1, -1, -1, -1, -1, -1, -1, -1, -1, -1, -1, -1, -1, -1, -1, -1, -1, -1, -1, -1, -1, -1, -1, -1, -1, -1, -1, -1, -1, -1, -1, -1, -1, -1, -1, -1, -1, -1, -1, -1, -1, -1, -1, -1, -1, -1, -1, -1, -1, -1, -1, -1, -1, -1, -1, -1, -1, -1, -1, -1, -1, -1, -1, -1, -1, -1, -1, -1, -1, -1, -1, -1, -1, -1, -1, -1, -1, -1, -1, -1, -1, -1, -1, -1, -1, -1, -1, -1, -1, -1, -1, -1, -1, -1, -1, -1, -1, -1, -1, -1, -1, -1, -1, -1, -1, -1, -1, -1, -1, -1, -1, -1, -1, -1, -1, -1, -1, -1, -1, -1, -1, -1, -1, -1, -1, -1, -1, -1, -1, -1, -1, -1, -1, -1, -1, -1, -1, -1, -1, -1, -1, -1, -1, -1, -1, -1, -1, -1, -1, -1, -1, -1, -1, -1, -1, -1, -1, -1, -1, -1, -1, -1, -1, -1, -1, -1, -1, -1, -1, -1, -1, -1, -1, -1, -1, -1, -1, -1, -1, -1, -1, -1, -1, -1, -1, -1, -1, -1, -1, -1, -1, -1, -1, -1, -1, -1, -1, -1, -1, -1, -1, -1, -1, -1, -1, -1, -1, -1, -1, -1, -1, -1, -1, -1, -1, -1, -1, -1, -1, -1, -1, -1, -1, -1, -1, -1, -1, -1, -1, -1, -1, -1, -1, -1]"
150,20,28,1.0,None,1,237,"[{'cluster_no': -1, 'count': 237}]","[-1, -1, -1, -1, -1, -1, -1, -1, -1, -1, -1, -1, -1, -1, -1, -1, -1, -1, -1, -1, -1, -1, -1, -1, -1, -1, -1, -1, -1, -1, -1, -1, -1, -1, -1, -1, -1, -1, -1, -1, -1, -1, -1, -1, -1, -1, -1, -1, -1, -1, -1, -1, -1, -1, -1, -1, -1, -1, -1, -1, -1, -1, -1, -1, -1, -1, -1, -1, -1, -1, -1, -1, -1, -1, -1, -1, -1, -1, -1, -1, -1, -1, -1, -1, -1, -1, -1, -1, -1, -1, -1, -1, -1, -1, -1, -1, -1, -1, -1, -1, -1, -1, -1, -1, -1, -1, -1, -1, -1, -1, -1, -1, -1, -1, -1, -1, -1, -1, -1, -1, -1, -1, -1, -1, -1, -1, -1, -1, -1, -1, -1, -1, -1, -1, -1, -1, -1, -1, -1, -1, -1, -1, -1, -1, -1, -1, -1, -1, -1, -1, -1, -1, -1, -1, -1, -1, -1, -1, -1, -1, -1, -1, -1, -1, -1, -1, -1, -1, -1, -1, -1, -1, -1, -1, -1, -1, -1, -1, -1, -1, -1, -1, -1, -1, -1, -1, -1, -1, -1, -1, -1, -1, -1, -1, -1, -1, -1, -1, -1, -1, -1, -1, -1, -1, -1, -1, -1, -1, -1, -1, -1, -1, -1, -1, -1, -1, -1, -1, -1, -1, -1, -1, -1, -1, -1, -1, -1, -1, -1, -1, -1, -1, -1, -1, -1, -1, -1]"
150,20,29,0.0,None,1,237,"[{'cluster_no': -1, 'count': 237}]","[-1, -1, -1, -1, -1, -1, -1, -1, -1, -1, -1, -1, -1, -1, -1, -1, -1, -1, -1, -1, -1, -1, -1, -1, -1, -1, -1, -1, -1, -1, -1, -1, -1, -1, -1, -1, -1, -1, -1, -1, -1, -1, -1, -1, -1, -1, -1, -1, -1, -1, -1, -1, -1, -1, -1, -1, -1, -1, -1, -1, -1, -1, -1, -1, -1, -1, -1, -1, -1, -1, -1, -1, -1, -1, -1, -1, -1, -1, -1, -1, -1, -1, -1, -1, -1, -1, -1, -1, -1, -1, -1, -1, -1, -1, -1, -1, -1, -1, -1, -1, -1, -1, -1, -1, -1, -1, -1, -1, -1, -1, -1, -1, -1, -1, -1, -1, -1, -1, -1, -1, -1, -1, -1, -1, -1, -1, -1, -1, -1, -1, -1, -1, -1, -1, -1, -1, -1, -1, -1, -1, -1, -1, -1, -1, -1, -1, -1, -1, -1, -1, -1, -1, -1, -1, -1, -1, -1, -1, -1, -1, -1, -1, -1, -1, -1, -1, -1, -1, -1, -1, -1, -1, -1, -1, -1, -1, -1, -1, -1, -1, -1, -1, -1, -1, -1, -1, -1, -1, -1, -1, -1, -1, -1, -1, -1, -1, -1, -1, -1, -1, -1, -1, -1, -1, -1, -1, -1, -1, -1, -1, -1, -1, -1, -1, -1, -1, -1, -1, -1, -1, -1, -1, -1, -1, -1, -1, -1, -1, -1, -1, -1, -1, -1, -1, -1, -1, -1]"
150,20,29,0.5,None,1,237,"[{'cluster_no': -1, 'count': 237}]","[-1, -1, -1, -1, -1, -1, -1, -1, -1, -1, -1, -1, -1, -1, -1, -1, -1, -1, -1, -1, -1, -1, -1, -1, -1, -1, -1, -1, -1, -1, -1, -1, -1, -1, -1, -1, -1, -1, -1, -1, -1, -1, -1, -1, -1, -1, -1, -1, -1, -1, -1, -1, -1, -1, -1, -1, -1, -1, -1, -1, -1, -1, -1, -1, -1, -1, -1, -1, -1, -1, -1, -1, -1, -1, -1, -1, -1, -1, -1, -1, -1, -1, -1, -1, -1, -1, -1, -1, -1, -1, -1, -1, -1, -1, -1, -1, -1, -1, -1, -1, -1, -1, -1, -1, -1, -1, -1, -1, -1, -1, -1, -1, -1, -1, -1, -1, -1, -1, -1, -1, -1, -1, -1, -1, -1, -1, -1, -1, -1, -1, -1, -1, -1, -1, -1, -1, -1, -1, -1, -1, -1, -1, -1, -1, -1, -1, -1, -1, -1, -1, -1, -1, -1, -1, -1, -1, -1, -1, -1, -1, -1, -1, -1, -1, -1, -1, -1, -1, -1, -1, -1, -1, -1, -1, -1, -1, -1, -1, -1, -1, -1, -1, -1, -1, -1, -1, -1, -1, -1, -1, -1, -1, -1, -1, -1, -1, -1, -1, -1, -1, -1, -1, -1, -1, -1, -1, -1, -1, -1, -1, -1, -1, -1, -1, -1, -1, -1, -1, -1, -1, -1, -1, -1, -1, -1, -1, -1, -1, -1, -1, -1, -1, -1, -1, -1, -1, -1]"
150,20,29,1.0,None,1,237,"[{'cluster_no': -1, 'count': 237}]","[-1, -1, -1, -1, -1, -1, -1, -1, -1, -1, -1, -1, -1, -1, -1, -1, -1, -1, -1, -1, -1, -1, -1, -1, -1, -1, -1, -1, -1, -1, -1, -1, -1, -1, -1, -1, -1, -1, -1, -1, -1, -1, -1, -1, -1, -1, -1, -1, -1, -1, -1, -1, -1, -1, -1, -1, -1, -1, -1, -1, -1, -1, -1, -1, -1, -1, -1, -1, -1, -1, -1, -1, -1, -1, -1, -1, -1, -1, -1, -1, -1, -1, -1, -1, -1, -1, -1, -1, -1, -1, -1, -1, -1, -1, -1, -1, -1, -1, -1, -1, -1, -1, -1, -1, -1, -1, -1, -1, -1, -1, -1, -1, -1, -1, -1, -1, -1, -1, -1, -1, -1, -1, -1, -1, -1, -1, -1, -1, -1, -1, -1, -1, -1, -1, -1, -1, -1, -1, -1, -1, -1, -1, -1, -1, -1, -1, -1, -1, -1, -1, -1, -1, -1, -1, -1, -1, -1, -1, -1, -1, -1, -1, -1, -1, -1, -1, -1, -1, -1, -1, -1, -1, -1, -1, -1, -1, -1, -1, -1, -1, -1, -1, -1, -1, -1, -1, -1, -1, -1, -1, -1, -1, -1, -1, -1, -1, -1, -1, -1, -1, -1, -1, -1, -1, -1, -1, -1, -1, -1, -1, -1, -1, -1, -1, -1, -1, -1, -1, -1, -1, -1, -1, -1, -1, -1, -1, -1, -1, -1, -1, -1, -1, -1, -1, -1, -1, -1]"
150,20,30,0.0,None,1,237,"[{'cluster_no': -1, 'count': 237}]","[-1, -1, -1, -1, -1, -1, -1, -1, -1, -1, -1, -1, -1, -1, -1, -1, -1, -1, -1, -1, -1, -1, -1, -1, -1, -1, -1, -1, -1, -1, -1, -1, -1, -1, -1, -1, -1, -1, -1, -1, -1, -1, -1, -1, -1, -1, -1, -1, -1, -1, -1, -1, -1, -1, -1, -1, -1, -1, -1, -1, -1, -1, -1, -1, -1, -1, -1, -1, -1, -1, -1, -1, -1, -1, -1, -1, -1, -1, -1, -1, -1, -1, -1, -1, -1, -1, -1, -1, -1, -1, -1, -1, -1, -1, -1, -1, -1, -1, -1, -1, -1, -1, -1, -1, -1, -1, -1, -1, -1, -1, -1, -1, -1, -1, -1, -1, -1, -1, -1, -1, -1, -1, -1, -1, -1, -1, -1, -1, -1, -1, -1, -1, -1, -1, -1, -1, -1, -1, -1, -1, -1, -1, -1, -1, -1, -1, -1, -1, -1, -1, -1, -1, -1, -1, -1, -1, -1, -1, -1, -1, -1, -1, -1, -1, -1, -1, -1, -1, -1, -1, -1, -1, -1, -1, -1, -1, -1, -1, -1, -1, -1, -1, -1, -1, -1, -1, -1, -1, -1, -1, -1, -1, -1, -1, -1, -1, -1, -1, -1, -1, -1, -1, -1, -1, -1, -1, -1, -1, -1, -1, -1, -1, -1, -1, -1, -1, -1, -1, -1, -1, -1, -1, -1, -1, -1, -1, -1, -1, -1, -1, -1, -1, -1, -1, -1, -1, -1]"
150,20,30,0.5,None,1,237,"[{'cluster_no': -1, 'count': 237}]","[-1, -1, -1, -1, -1, -1, -1, -1, -1, -1, -1, -1, -1, -1, -1, -1, -1, -1, -1, -1, -1, -1, -1, -1, -1, -1, -1, -1, -1, -1, -1, -1, -1, -1, -1, -1, -1, -1, -1, -1, -1, -1, -1, -1, -1, -1, -1, -1, -1, -1, -1, -1, -1, -1, -1, -1, -1, -1, -1, -1, -1, -1, -1, -1, -1, -1, -1, -1, -1, -1, -1, -1, -1, -1, -1, -1, -1, -1, -1, -1, -1, -1, -1, -1, -1, -1, -1, -1, -1, -1, -1, -1, -1, -1, -1, -1, -1, -1, -1, -1, -1, -1, -1, -1, -1, -1, -1, -1, -1, -1, -1, -1, -1, -1, -1, -1, -1, -1, -1, -1, -1, -1, -1, -1, -1, -1, -1, -1, -1, -1, -1, -1, -1, -1, -1, -1, -1, -1, -1, -1, -1, -1, -1, -1, -1, -1, -1, -1, -1, -1, -1, -1, -1, -1, -1, -1, -1, -1, -1, -1, -1, -1, -1, -1, -1, -1, -1, -1, -1, -1, -1, -1, -1, -1, -1, -1, -1, -1, -1, -1, -1, -1, -1, -1, -1, -1, -1, -1, -1, -1, -1, -1, -1, -1, -1, -1, -1, -1, -1, -1, -1, -1, -1, -1, -1, -1, -1, -1, -1, -1, -1, -1, -1, -1, -1, -1, -1, -1, -1, -1, -1, -1, -1, -1, -1, -1, -1, -1, -1, -1, -1, -1, -1, -1, -1, -1, -1]"
150,20,30,1.0,None,1,237,"[{'cluster_no': -1, 'count': 237}]","[-1, -1, -1, -1, -1, -1, -1, -1, -1, -1, -1, -1, -1, -1, -1, -1, -1, -1, -1, -1, -1, -1, -1, -1, -1, -1, -1, -1, -1, -1, -1, -1, -1, -1, -1, -1, -1, -1, -1, -1, -1, -1, -1, -1, -1, -1, -1, -1, -1, -1, -1, -1, -1, -1, -1, -1, -1, -1, -1, -1, -1, -1, -1, -1, -1, -1, -1, -1, -1, -1, -1, -1, -1, -1, -1, -1, -1, -1, -1, -1, -1, -1, -1, -1, -1, -1, -1, -1, -1, -1, -1, -1, -1, -1, -1, -1, -1, -1, -1, -1, -1, -1, -1, -1, -1, -1, -1, -1, -1, -1, -1, -1, -1, -1, -1, -1, -1, -1, -1, -1, -1, -1, -1, -1, -1, -1, -1, -1, -1, -1, -1, -1, -1, -1, -1, -1, -1, -1, -1, -1, -1, -1, -1, -1, -1, -1, -1, -1, -1, -1, -1, -1, -1, -1, -1, -1, -1, -1, -1, -1, -1, -1, -1, -1, -1, -1, -1, -1, -1, -1, -1, -1, -1, -1, -1, -1, -1, -1, -1, -1, -1, -1, -1, -1, -1, -1, -1, -1, -1, -1, -1, -1, -1, -1, -1, -1, -1, -1, -1, -1, -1, -1, -1, -1, -1, -1, -1, -1, -1, -1, -1, -1, -1, -1, -1, -1, -1, -1, -1, -1, -1, -1, -1, -1, -1, -1, -1, -1, -1, -1, -1, -1, -1, -1, -1, -1, -1]"
150,21,5,0.0,None,1,237,"[{'cluster_no': -1, 'count': 237}]","[-1, -1, -1, -1, -1, -1, -1, -1, -1, -1, -1, -1, -1, -1, -1, -1, -1, -1, -1, -1, -1, -1, -1, -1, -1, -1, -1, -1, -1, -1, -1, -1, -1, -1, -1, -1, -1, -1, -1, -1, -1, -1, -1, -1, -1, -1, -1, -1, -1, -1, -1, -1, -1, -1, -1, -1, -1, -1, -1, -1, -1, -1, -1, -1, -1, -1, -1, -1, -1, -1, -1, -1, -1, -1, -1, -1, -1, -1, -1, -1, -1, -1, -1, -1, -1, -1, -1, -1, -1, -1, -1, -1, -1, -1, -1, -1, -1, -1, -1, -1, -1, -1, -1, -1, -1, -1, -1, -1, -1, -1, -1, -1, -1, -1, -1, -1, -1, -1, -1, -1, -1, -1, -1, -1, -1, -1, -1, -1, -1, -1, -1, -1, -1, -1, -1, -1, -1, -1, -1, -1, -1, -1, -1, -1, -1, -1, -1, -1, -1, -1, -1, -1, -1, -1, -1, -1, -1, -1, -1, -1, -1, -1, -1, -1, -1, -1, -1, -1, -1, -1, -1, -1, -1, -1, -1, -1, -1, -1, -1, -1, -1, -1, -1, -1, -1, -1, -1, -1, -1, -1, -1, -1, -1, -1, -1, -1, -1, -1, -1, -1, -1, -1, -1, -1, -1, -1, -1, -1, -1, -1, -1, -1, -1, -1, -1, -1, -1, -1, -1, -1, -1, -1, -1, -1, -1, -1, -1, -1, -1, -1, -1, -1, -1, -1, -1, -1, -1]"
150,21,5,0.5,None,1,237,"[{'cluster_no': -1, 'count': 237}]","[-1, -1, -1, -1, -1, -1, -1, -1, -1, -1, -1, -1, -1, -1, -1, -1, -1, -1, -1, -1, -1, -1, -1, -1, -1, -1, -1, -1, -1, -1, -1, -1, -1, -1, -1, -1, -1, -1, -1, -1, -1, -1, -1, -1, -1, -1, -1, -1, -1, -1, -1, -1, -1, -1, -1, -1, -1, -1, -1, -1, -1, -1, -1, -1, -1, -1, -1, -1, -1, -1, -1, -1, -1, -1, -1, -1, -1, -1, -1, -1, -1, -1, -1, -1, -1, -1, -1, -1, -1, -1, -1, -1, -1, -1, -1, -1, -1, -1, -1, -1, -1, -1, -1, -1, -1, -1, -1, -1, -1, -1, -1, -1, -1, -1, -1, -1, -1, -1, -1, -1, -1, -1, -1, -1, -1, -1, -1, -1, -1, -1, -1, -1, -1, -1, -1, -1, -1, -1, -1, -1, -1, -1, -1, -1, -1, -1, -1, -1, -1, -1, -1, -1, -1, -1, -1, -1, -1, -1, -1, -1, -1, -1, -1, -1, -1, -1, -1, -1, -1, -1, -1, -1, -1, -1, -1, -1, -1, -1, -1, -1, -1, -1, -1, -1, -1, -1, -1, -1, -1, -1, -1, -1, -1, -1, -1, -1, -1, -1, -1, -1, -1, -1, -1, -1, -1, -1, -1, -1, -1, -1, -1, -1, -1, -1, -1, -1, -1, -1, -1, -1, -1, -1, -1, -1, -1, -1, -1, -1, -1, -1, -1, -1, -1, -1, -1, -1, -1]"
150,21,5,1.0,None,1,237,"[{'cluster_no': -1, 'count': 237}]","[-1, -1, -1, -1, -1, -1, -1, -1, -1, -1, -1, -1, -1, -1, -1, -1, -1, -1, -1, -1, -1, -1, -1, -1, -1, -1, -1, -1, -1, -1, -1, -1, -1, -1, -1, -1, -1, -1, -1, -1, -1, -1, -1, -1, -1, -1, -1, -1, -1, -1, -1, -1, -1, -1, -1, -1, -1, -1, -1, -1, -1, -1, -1, -1, -1, -1, -1, -1, -1, -1, -1, -1, -1, -1, -1, -1, -1, -1, -1, -1, -1, -1, -1, -1, -1, -1, -1, -1, -1, -1, -1, -1, -1, -1, -1, -1, -1, -1, -1, -1, -1, -1, -1, -1, -1, -1, -1, -1, -1, -1, -1, -1, -1, -1, -1, -1, -1, -1, -1, -1, -1, -1, -1, -1, -1, -1, -1, -1, -1, -1, -1, -1, -1, -1, -1, -1, -1, -1, -1, -1, -1, -1, -1, -1, -1, -1, -1, -1, -1, -1, -1, -1, -1, -1, -1, -1, -1, -1, -1, -1, -1, -1, -1, -1, -1, -1, -1, -1, -1, -1, -1, -1, -1, -1, -1, -1, -1, -1, -1, -1, -1, -1, -1, -1, -1, -1, -1, -1, -1, -1, -1, -1, -1, -1, -1, -1, -1, -1, -1, -1, -1, -1, -1, -1, -1, -1, -1, -1, -1, -1, -1, -1, -1, -1, -1, -1, -1, -1, -1, -1, -1, -1, -1, -1, -1, -1, -1, -1, -1, -1, -1, -1, -1, -1, -1, -1, -1]"
150,21,6,0.0,None,1,237,"[{'cluster_no': -1, 'count': 237}]","[-1, -1, -1, -1, -1, -1, -1, -1, -1, -1, -1, -1, -1, -1, -1, -1, -1, -1, -1, -1, -1, -1, -1, -1, -1, -1, -1, -1, -1, -1, -1, -1, -1, -1, -1, -1, -1, -1, -1, -1, -1, -1, -1, -1, -1, -1, -1, -1, -1, -1, -1, -1, -1, -1, -1, -1, -1, -1, -1, -1, -1, -1, -1, -1, -1, -1, -1, -1, -1, -1, -1, -1, -1, -1, -1, -1, -1, -1, -1, -1, -1, -1, -1, -1, -1, -1, -1, -1, -1, -1, -1, -1, -1, -1, -1, -1, -1, -1, -1, -1, -1, -1, -1, -1, -1, -1, -1, -1, -1, -1, -1, -1, -1, -1, -1, -1, -1, -1, -1, -1, -1, -1, -1, -1, -1, -1, -1, -1, -1, -1, -1, -1, -1, -1, -1, -1, -1, -1, -1, -1, -1, -1, -1, -1, -1, -1, -1, -1, -1, -1, -1, -1, -1, -1, -1, -1, -1, -1, -1, -1, -1, -1, -1, -1, -1, -1, -1, -1, -1, -1, -1, -1, -1, -1, -1, -1, -1, -1, -1, -1, -1, -1, -1, -1, -1, -1, -1, -1, -1, -1, -1, -1, -1, -1, -1, -1, -1, -1, -1, -1, -1, -1, -1, -1, -1, -1, -1, -1, -1, -1, -1, -1, -1, -1, -1, -1, -1, -1, -1, -1, -1, -1, -1, -1, -1, -1, -1, -1, -1, -1, -1, -1, -1, -1, -1, -1, -1]"
150,21,6,0.5,None,1,237,"[{'cluster_no': -1, 'count': 237}]","[-1, -1, -1, -1, -1, -1, -1, -1, -1, -1, -1, -1, -1, -1, -1, -1, -1, -1, -1, -1, -1, -1, -1, -1, -1, -1, -1, -1, -1, -1, -1, -1, -1, -1, -1, -1, -1, -1, -1, -1, -1, -1, -1, -1, -1, -1, -1, -1, -1, -1, -1, -1, -1, -1, -1, -1, -1, -1, -1, -1, -1, -1, -1, -1, -1, -1, -1, -1, -1, -1, -1, -1, -1, -1, -1, -1, -1, -1, -1, -1, -1, -1, -1, -1, -1, -1, -1, -1, -1, -1, -1, -1, -1, -1, -1, -1, -1, -1, -1, -1, -1, -1, -1, -1, -1, -1, -1, -1, -1, -1, -1, -1, -1, -1, -1, -1, -1, -1, -1, -1, -1, -1, -1, -1, -1, -1, -1, -1, -1, -1, -1, -1, -1, -1, -1, -1, -1, -1, -1, -1, -1, -1, -1, -1, -1, -1, -1, -1, -1, -1, -1, -1, -1, -1, -1, -1, -1, -1, -1, -1, -1, -1, -1, -1, -1, -1, -1, -1, -1, -1, -1, -1, -1, -1, -1, -1, -1, -1, -1, -1, -1, -1, -1, -1, -1, -1, -1, -1, -1, -1, -1, -1, -1, -1, -1, -1, -1, -1, -1, -1, -1, -1, -1, -1, -1, -1, -1, -1, -1, -1, -1, -1, -1, -1, -1, -1, -1, -1, -1, -1, -1, -1, -1, -1, -1, -1, -1, -1, -1, -1, -1, -1, -1, -1, -1, -1, -1]"
150,21,6,1.0,None,1,237,"[{'cluster_no': -1, 'count': 237}]","[-1, -1, -1, -1, -1, -1, -1, -1, -1, -1, -1, -1, -1, -1, -1, -1, -1, -1, -1, -1, -1, -1, -1, -1, -1, -1, -1, -1, -1, -1, -1, -1, -1, -1, -1, -1, -1, -1, -1, -1, -1, -1, -1, -1, -1, -1, -1, -1, -1, -1, -1, -1, -1, -1, -1, -1, -1, -1, -1, -1, -1, -1, -1, -1, -1, -1, -1, -1, -1, -1, -1, -1, -1, -1, -1, -1, -1, -1, -1, -1, -1, -1, -1, -1, -1, -1, -1, -1, -1, -1, -1, -1, -1, -1, -1, -1, -1, -1, -1, -1, -1, -1, -1, -1, -1, -1, -1, -1, -1, -1, -1, -1, -1, -1, -1, -1, -1, -1, -1, -1, -1, -1, -1, -1, -1, -1, -1, -1, -1, -1, -1, -1, -1, -1, -1, -1, -1, -1, -1, -1, -1, -1, -1, -1, -1, -1, -1, -1, -1, -1, -1, -1, -1, -1, -1, -1, -1, -1, -1, -1, -1, -1, -1, -1, -1, -1, -1, -1, -1, -1, -1, -1, -1, -1, -1, -1, -1, -1, -1, -1, -1, -1, -1, -1, -1, -1, -1, -1, -1, -1, -1, -1, -1, -1, -1, -1, -1, -1, -1, -1, -1, -1, -1, -1, -1, -1, -1, -1, -1, -1, -1, -1, -1, -1, -1, -1, -1, -1, -1, -1, -1, -1, -1, -1, -1, -1, -1, -1, -1, -1, -1, -1, -1, -1, -1, -1, -1]"
150,21,7,0.0,None,1,237,"[{'cluster_no': -1, 'count': 237}]","[-1, -1, -1, -1, -1, -1, -1, -1, -1, -1, -1, -1, -1, -1, -1, -1, -1, -1, -1, -1, -1, -1, -1, -1, -1, -1, -1, -1, -1, -1, -1, -1, -1, -1, -1, -1, -1, -1, -1, -1, -1, -1, -1, -1, -1, -1, -1, -1, -1, -1, -1, -1, -1, -1, -1, -1, -1, -1, -1, -1, -1, -1, -1, -1, -1, -1, -1, -1, -1, -1, -1, -1, -1, -1, -1, -1, -1, -1, -1, -1, -1, -1, -1, -1, -1, -1, -1, -1, -1, -1, -1, -1, -1, -1, -1, -1, -1, -1, -1, -1, -1, -1, -1, -1, -1, -1, -1, -1, -1, -1, -1, -1, -1, -1, -1, -1, -1, -1, -1, -1, -1, -1, -1, -1, -1, -1, -1, -1, -1, -1, -1, -1, -1, -1, -1, -1, -1, -1, -1, -1, -1, -1, -1, -1, -1, -1, -1, -1, -1, -1, -1, -1, -1, -1, -1, -1, -1, -1, -1, -1, -1, -1, -1, -1, -1, -1, -1, -1, -1, -1, -1, -1, -1, -1, -1, -1, -1, -1, -1, -1, -1, -1, -1, -1, -1, -1, -1, -1, -1, -1, -1, -1, -1, -1, -1, -1, -1, -1, -1, -1, -1, -1, -1, -1, -1, -1, -1, -1, -1, -1, -1, -1, -1, -1, -1, -1, -1, -1, -1, -1, -1, -1, -1, -1, -1, -1, -1, -1, -1, -1, -1, -1, -1, -1, -1, -1, -1]"
150,21,7,0.5,None,1,237,"[{'cluster_no': -1, 'count': 237}]","[-1, -1, -1, -1, -1, -1, -1, -1, -1, -1, -1, -1, -1, -1, -1, -1, -1, -1, -1, -1, -1, -1, -1, -1, -1, -1, -1, -1, -1, -1, -1, -1, -1, -1, -1, -1, -1, -1, -1, -1, -1, -1, -1, -1, -1, -1, -1, -1, -1, -1, -1, -1, -1, -1, -1, -1, -1, -1, -1, -1, -1, -1, -1, -1, -1, -1, -1, -1, -1, -1, -1, -1, -1, -1, -1, -1, -1, -1, -1, -1, -1, -1, -1, -1, -1, -1, -1, -1, -1, -1, -1, -1, -1, -1, -1, -1, -1, -1, -1, -1, -1, -1, -1, -1, -1, -1, -1, -1, -1, -1, -1, -1, -1, -1, -1, -1, -1, -1, -1, -1, -1, -1, -1, -1, -1, -1, -1, -1, -1, -1, -1, -1, -1, -1, -1, -1, -1, -1, -1, -1, -1, -1, -1, -1, -1, -1, -1, -1, -1, -1, -1, -1, -1, -1, -1, -1, -1, -1, -1, -1, -1, -1, -1, -1, -1, -1, -1, -1, -1, -1, -1, -1, -1, -1, -1, -1, -1, -1, -1, -1, -1, -1, -1, -1, -1, -1, -1, -1, -1, -1, -1, -1, -1, -1, -1, -1, -1, -1, -1, -1, -1, -1, -1, -1, -1, -1, -1, -1, -1, -1, -1, -1, -1, -1, -1, -1, -1, -1, -1, -1, -1, -1, -1, -1, -1, -1, -1, -1, -1, -1, -1, -1, -1, -1, -1, -1, -1]"
150,21,7,1.0,None,1,237,"[{'cluster_no': -1, 'count': 237}]","[-1, -1, -1, -1, -1, -1, -1, -1, -1, -1, -1, -1, -1, -1, -1, -1, -1, -1, -1, -1, -1, -1, -1, -1, -1, -1, -1, -1, -1, -1, -1, -1, -1, -1, -1, -1, -1, -1, -1, -1, -1, -1, -1, -1, -1, -1, -1, -1, -1, -1, -1, -1, -1, -1, -1, -1, -1, -1, -1, -1, -1, -1, -1, -1, -1, -1, -1, -1, -1, -1, -1, -1, -1, -1, -1, -1, -1, -1, -1, -1, -1, -1, -1, -1, -1, -1, -1, -1, -1, -1, -1, -1, -1, -1, -1, -1, -1, -1, -1, -1, -1, -1, -1, -1, -1, -1, -1, -1, -1, -1, -1, -1, -1, -1, -1, -1, -1, -1, -1, -1, -1, -1, -1, -1, -1, -1, -1, -1, -1, -1, -1, -1, -1, -1, -1, -1, -1, -1, -1, -1, -1, -1, -1, -1, -1, -1, -1, -1, -1, -1, -1, -1, -1, -1, -1, -1, -1, -1, -1, -1, -1, -1, -1, -1, -1, -1, -1, -1, -1, -1, -1, -1, -1, -1, -1, -1, -1, -1, -1, -1, -1, -1, -1, -1, -1, -1, -1, -1, -1, -1, -1, -1, -1, -1, -1, -1, -1, -1, -1, -1, -1, -1, -1, -1, -1, -1, -1, -1, -1, -1, -1, -1, -1, -1, -1, -1, -1, -1, -1, -1, -1, -1, -1, -1, -1, -1, -1, -1, -1, -1, -1, -1, -1, -1, -1, -1, -1]"
150,21,8,0.0,None,1,237,"[{'cluster_no': -1, 'count': 237}]","[-1, -1, -1, -1, -1, -1, -1, -1, -1, -1, -1, -1, -1, -1, -1, -1, -1, -1, -1, -1, -1, -1, -1, -1, -1, -1, -1, -1, -1, -1, -1, -1, -1, -1, -1, -1, -1, -1, -1, -1, -1, -1, -1, -1, -1, -1, -1, -1, -1, -1, -1, -1, -1, -1, -1, -1, -1, -1, -1, -1, -1, -1, -1, -1, -1, -1, -1, -1, -1, -1, -1, -1, -1, -1, -1, -1, -1, -1, -1, -1, -1, -1, -1, -1, -1, -1, -1, -1, -1, -1, -1, -1, -1, -1, -1, -1, -1, -1, -1, -1, -1, -1, -1, -1, -1, -1, -1, -1, -1, -1, -1, -1, -1, -1, -1, -1, -1, -1, -1, -1, -1, -1, -1, -1, -1, -1, -1, -1, -1, -1, -1, -1, -1, -1, -1, -1, -1, -1, -1, -1, -1, -1, -1, -1, -1, -1, -1, -1, -1, -1, -1, -1, -1, -1, -1, -1, -1, -1, -1, -1, -1, -1, -1, -1, -1, -1, -1, -1, -1, -1, -1, -1, -1, -1, -1, -1, -1, -1, -1, -1, -1, -1, -1, -1, -1, -1, -1, -1, -1, -1, -1, -1, -1, -1, -1, -1, -1, -1, -1, -1, -1, -1, -1, -1, -1, -1, -1, -1, -1, -1, -1, -1, -1, -1, -1, -1, -1, -1, -1, -1, -1, -1, -1, -1, -1, -1, -1, -1, -1, -1, -1, -1, -1, -1, -1, -1, -1]"
150,21,8,0.5,None,1,237,"[{'cluster_no': -1, 'count': 237}]","[-1, -1, -1, -1, -1, -1, -1, -1, -1, -1, -1, -1, -1, -1, -1, -1, -1, -1, -1, -1, -1, -1, -1, -1, -1, -1, -1, -1, -1, -1, -1, -1, -1, -1, -1, -1, -1, -1, -1, -1, -1, -1, -1, -1, -1, -1, -1, -1, -1, -1, -1, -1, -1, -1, -1, -1, -1, -1, -1, -1, -1, -1, -1, -1, -1, -1, -1, -1, -1, -1, -1, -1, -1, -1, -1, -1, -1, -1, -1, -1, -1, -1, -1, -1, -1, -1, -1, -1, -1, -1, -1, -1, -1, -1, -1, -1, -1, -1, -1, -1, -1, -1, -1, -1, -1, -1, -1, -1, -1, -1, -1, -1, -1, -1, -1, -1, -1, -1, -1, -1, -1, -1, -1, -1, -1, -1, -1, -1, -1, -1, -1, -1, -1, -1, -1, -1, -1, -1, -1, -1, -1, -1, -1, -1, -1, -1, -1, -1, -1, -1, -1, -1, -1, -1, -1, -1, -1, -1, -1, -1, -1, -1, -1, -1, -1, -1, -1, -1, -1, -1, -1, -1, -1, -1, -1, -1, -1, -1, -1, -1, -1, -1, -1, -1, -1, -1, -1, -1, -1, -1, -1, -1, -1, -1, -1, -1, -1, -1, -1, -1, -1, -1, -1, -1, -1, -1, -1, -1, -1, -1, -1, -1, -1, -1, -1, -1, -1, -1, -1, -1, -1, -1, -1, -1, -1, -1, -1, -1, -1, -1, -1, -1, -1, -1, -1, -1, -1]"
150,21,8,1.0,None,1,237,"[{'cluster_no': -1, 'count': 237}]","[-1, -1, -1, -1, -1, -1, -1, -1, -1, -1, -1, -1, -1, -1, -1, -1, -1, -1, -1, -1, -1, -1, -1, -1, -1, -1, -1, -1, -1, -1, -1, -1, -1, -1, -1, -1, -1, -1, -1, -1, -1, -1, -1, -1, -1, -1, -1, -1, -1, -1, -1, -1, -1, -1, -1, -1, -1, -1, -1, -1, -1, -1, -1, -1, -1, -1, -1, -1, -1, -1, -1, -1, -1, -1, -1, -1, -1, -1, -1, -1, -1, -1, -1, -1, -1, -1, -1, -1, -1, -1, -1, -1, -1, -1, -1, -1, -1, -1, -1, -1, -1, -1, -1, -1, -1, -1, -1, -1, -1, -1, -1, -1, -1, -1, -1, -1, -1, -1, -1, -1, -1, -1, -1, -1, -1, -1, -1, -1, -1, -1, -1, -1, -1, -1, -1, -1, -1, -1, -1, -1, -1, -1, -1, -1, -1, -1, -1, -1, -1, -1, -1, -1, -1, -1, -1, -1, -1, -1, -1, -1, -1, -1, -1, -1, -1, -1, -1, -1, -1, -1, -1, -1, -1, -1, -1, -1, -1, -1, -1, -1, -1, -1, -1, -1, -1, -1, -1, -1, -1, -1, -1, -1, -1, -1, -1, -1, -1, -1, -1, -1, -1, -1, -1, -1, -1, -1, -1, -1, -1, -1, -1, -1, -1, -1, -1, -1, -1, -1, -1, -1, -1, -1, -1, -1, -1, -1, -1, -1, -1, -1, -1, -1, -1, -1, -1, -1, -1]"
150,21,9,0.0,None,1,237,"[{'cluster_no': -1, 'count': 237}]","[-1, -1, -1, -1, -1, -1, -1, -1, -1, -1, -1, -1, -1, -1, -1, -1, -1, -1, -1, -1, -1, -1, -1, -1, -1, -1, -1, -1, -1, -1, -1, -1, -1, -1, -1, -1, -1, -1, -1, -1, -1, -1, -1, -1, -1, -1, -1, -1, -1, -1, -1, -1, -1, -1, -1, -1, -1, -1, -1, -1, -1, -1, -1, -1, -1, -1, -1, -1, -1, -1, -1, -1, -1, -1, -1, -1, -1, -1, -1, -1, -1, -1, -1, -1, -1, -1, -1, -1, -1, -1, -1, -1, -1, -1, -1, -1, -1, -1, -1, -1, -1, -1, -1, -1, -1, -1, -1, -1, -1, -1, -1, -1, -1, -1, -1, -1, -1, -1, -1, -1, -1, -1, -1, -1, -1, -1, -1, -1, -1, -1, -1, -1, -1, -1, -1, -1, -1, -1, -1, -1, -1, -1, -1, -1, -1, -1, -1, -1, -1, -1, -1, -1, -1, -1, -1, -1, -1, -1, -1, -1, -1, -1, -1, -1, -1, -1, -1, -1, -1, -1, -1, -1, -1, -1, -1, -1, -1, -1, -1, -1, -1, -1, -1, -1, -1, -1, -1, -1, -1, -1, -1, -1, -1, -1, -1, -1, -1, -1, -1, -1, -1, -1, -1, -1, -1, -1, -1, -1, -1, -1, -1, -1, -1, -1, -1, -1, -1, -1, -1, -1, -1, -1, -1, -1, -1, -1, -1, -1, -1, -1, -1, -1, -1, -1, -1, -1, -1]"
150,21,9,0.5,None,1,237,"[{'cluster_no': -1, 'count': 237}]","[-1, -1, -1, -1, -1, -1, -1, -1, -1, -1, -1, -1, -1, -1, -1, -1, -1, -1, -1, -1, -1, -1, -1, -1, -1, -1, -1, -1, -1, -1, -1, -1, -1, -1, -1, -1, -1, -1, -1, -1, -1, -1, -1, -1, -1, -1, -1, -1, -1, -1, -1, -1, -1, -1, -1, -1, -1, -1, -1, -1, -1, -1, -1, -1, -1, -1, -1, -1, -1, -1, -1, -1, -1, -1, -1, -1, -1, -1, -1, -1, -1, -1, -1, -1, -1, -1, -1, -1, -1, -1, -1, -1, -1, -1, -1, -1, -1, -1, -1, -1, -1, -1, -1, -1, -1, -1, -1, -1, -1, -1, -1, -1, -1, -1, -1, -1, -1, -1, -1, -1, -1, -1, -1, -1, -1, -1, -1, -1, -1, -1, -1, -1, -1, -1, -1, -1, -1, -1, -1, -1, -1, -1, -1, -1, -1, -1, -1, -1, -1, -1, -1, -1, -1, -1, -1, -1, -1, -1, -1, -1, -1, -1, -1, -1, -1, -1, -1, -1, -1, -1, -1, -1, -1, -1, -1, -1, -1, -1, -1, -1, -1, -1, -1, -1, -1, -1, -1, -1, -1, -1, -1, -1, -1, -1, -1, -1, -1, -1, -1, -1, -1, -1, -1, -1, -1, -1, -1, -1, -1, -1, -1, -1, -1, -1, -1, -1, -1, -1, -1, -1, -1, -1, -1, -1, -1, -1, -1, -1, -1, -1, -1, -1, -1, -1, -1, -1, -1]"
150,21,9,1.0,None,1,237,"[{'cluster_no': -1, 'count': 237}]","[-1, -1, -1, -1, -1, -1, -1, -1, -1, -1, -1, -1, -1, -1, -1, -1, -1, -1, -1, -1, -1, -1, -1, -1, -1, -1, -1, -1, -1, -1, -1, -1, -1, -1, -1, -1, -1, -1, -1, -1, -1, -1, -1, -1, -1, -1, -1, -1, -1, -1, -1, -1, -1, -1, -1, -1, -1, -1, -1, -1, -1, -1, -1, -1, -1, -1, -1, -1, -1, -1, -1, -1, -1, -1, -1, -1, -1, -1, -1, -1, -1, -1, -1, -1, -1, -1, -1, -1, -1, -1, -1, -1, -1, -1, -1, -1, -1, -1, -1, -1, -1, -1, -1, -1, -1, -1, -1, -1, -1, -1, -1, -1, -1, -1, -1, -1, -1, -1, -1, -1, -1, -1, -1, -1, -1, -1, -1, -1, -1, -1, -1, -1, -1, -1, -1, -1, -1, -1, -1, -1, -1, -1, -1, -1, -1, -1, -1, -1, -1, -1, -1, -1, -1, -1, -1, -1, -1, -1, -1, -1, -1, -1, -1, -1, -1, -1, -1, -1, -1, -1, -1, -1, -1, -1, -1, -1, -1, -1, -1, -1, -1, -1, -1, -1, -1, -1, -1, -1, -1, -1, -1, -1, -1, -1, -1, -1, -1, -1, -1, -1, -1, -1, -1, -1, -1, -1, -1, -1, -1, -1, -1, -1, -1, -1, -1, -1, -1, -1, -1, -1, -1, -1, -1, -1, -1, -1, -1, -1, -1, -1, -1, -1, -1, -1, -1, -1, -1]"
150,21,10,0.0,None,1,237,"[{'cluster_no': -1, 'count': 237}]","[-1, -1, -1, -1, -1, -1, -1, -1, -1, -1, -1, -1, -1, -1, -1, -1, -1, -1, -1, -1, -1, -1, -1, -1, -1, -1, -1, -1, -1, -1, -1, -1, -1, -1, -1, -1, -1, -1, -1, -1, -1, -1, -1, -1, -1, -1, -1, -1, -1, -1, -1, -1, -1, -1, -1, -1, -1, -1, -1, -1, -1, -1, -1, -1, -1, -1, -1, -1, -1, -1, -1, -1, -1, -1, -1, -1, -1, -1, -1, -1, -1, -1, -1, -1, -1, -1, -1, -1, -1, -1, -1, -1, -1, -1, -1, -1, -1, -1, -1, -1, -1, -1, -1, -1, -1, -1, -1, -1, -1, -1, -1, -1, -1, -1, -1, -1, -1, -1, -1, -1, -1, -1, -1, -1, -1, -1, -1, -1, -1, -1, -1, -1, -1, -1, -1, -1, -1, -1, -1, -1, -1, -1, -1, -1, -1, -1, -1, -1, -1, -1, -1, -1, -1, -1, -1, -1, -1, -1, -1, -1, -1, -1, -1, -1, -1, -1, -1, -1, -1, -1, -1, -1, -1, -1, -1, -1, -1, -1, -1, -1, -1, -1, -1, -1, -1, -1, -1, -1, -1, -1, -1, -1, -1, -1, -1, -1, -1, -1, -1, -1, -1, -1, -1, -1, -1, -1, -1, -1, -1, -1, -1, -1, -1, -1, -1, -1, -1, -1, -1, -1, -1, -1, -1, -1, -1, -1, -1, -1, -1, -1, -1, -1, -1, -1, -1, -1, -1]"
150,21,10,0.5,None,1,237,"[{'cluster_no': -1, 'count': 237}]","[-1, -1, -1, -1, -1, -1, -1, -1, -1, -1, -1, -1, -1, -1, -1, -1, -1, -1, -1, -1, -1, -1, -1, -1, -1, -1, -1, -1, -1, -1, -1, -1, -1, -1, -1, -1, -1, -1, -1, -1, -1, -1, -1, -1, -1, -1, -1, -1, -1, -1, -1, -1, -1, -1, -1, -1, -1, -1, -1, -1, -1, -1, -1, -1, -1, -1, -1, -1, -1, -1, -1, -1, -1, -1, -1, -1, -1, -1, -1, -1, -1, -1, -1, -1, -1, -1, -1, -1, -1, -1, -1, -1, -1, -1, -1, -1, -1, -1, -1, -1, -1, -1, -1, -1, -1, -1, -1, -1, -1, -1, -1, -1, -1, -1, -1, -1, -1, -1, -1, -1, -1, -1, -1, -1, -1, -1, -1, -1, -1, -1, -1, -1, -1, -1, -1, -1, -1, -1, -1, -1, -1, -1, -1, -1, -1, -1, -1, -1, -1, -1, -1, -1, -1, -1, -1, -1, -1, -1, -1, -1, -1, -1, -1, -1, -1, -1, -1, -1, -1, -1, -1, -1, -1, -1, -1, -1, -1, -1, -1, -1, -1, -1, -1, -1, -1, -1, -1, -1, -1, -1, -1, -1, -1, -1, -1, -1, -1, -1, -1, -1, -1, -1, -1, -1, -1, -1, -1, -1, -1, -1, -1, -1, -1, -1, -1, -1, -1, -1, -1, -1, -1, -1, -1, -1, -1, -1, -1, -1, -1, -1, -1, -1, -1, -1, -1, -1, -1]"
150,21,10,1.0,None,1,237,"[{'cluster_no': -1, 'count': 237}]","[-1, -1, -1, -1, -1, -1, -1, -1, -1, -1, -1, -1, -1, -1, -1, -1, -1, -1, -1, -1, -1, -1, -1, -1, -1, -1, -1, -1, -1, -1, -1, -1, -1, -1, -1, -1, -1, -1, -1, -1, -1, -1, -1, -1, -1, -1, -1, -1, -1, -1, -1, -1, -1, -1, -1, -1, -1, -1, -1, -1, -1, -1, -1, -1, -1, -1, -1, -1, -1, -1, -1, -1, -1, -1, -1, -1, -1, -1, -1, -1, -1, -1, -1, -1, -1, -1, -1, -1, -1, -1, -1, -1, -1, -1, -1, -1, -1, -1, -1, -1, -1, -1, -1, -1, -1, -1, -1, -1, -1, -1, -1, -1, -1, -1, -1, -1, -1, -1, -1, -1, -1, -1, -1, -1, -1, -1, -1, -1, -1, -1, -1, -1, -1, -1, -1, -1, -1, -1, -1, -1, -1, -1, -1, -1, -1, -1, -1, -1, -1, -1, -1, -1, -1, -1, -1, -1, -1, -1, -1, -1, -1, -1, -1, -1, -1, -1, -1, -1, -1, -1, -1, -1, -1, -1, -1, -1, -1, -1, -1, -1, -1, -1, -1, -1, -1, -1, -1, -1, -1, -1, -1, -1, -1, -1, -1, -1, -1, -1, -1, -1, -1, -1, -1, -1, -1, -1, -1, -1, -1, -1, -1, -1, -1, -1, -1, -1, -1, -1, -1, -1, -1, -1, -1, -1, -1, -1, -1, -1, -1, -1, -1, -1, -1, -1, -1, -1, -1]"
150,21,11,0.0,None,1,237,"[{'cluster_no': -1, 'count': 237}]","[-1, -1, -1, -1, -1, -1, -1, -1, -1, -1, -1, -1, -1, -1, -1, -1, -1, -1, -1, -1, -1, -1, -1, -1, -1, -1, -1, -1, -1, -1, -1, -1, -1, -1, -1, -1, -1, -1, -1, -1, -1, -1, -1, -1, -1, -1, -1, -1, -1, -1, -1, -1, -1, -1, -1, -1, -1, -1, -1, -1, -1, -1, -1, -1, -1, -1, -1, -1, -1, -1, -1, -1, -1, -1, -1, -1, -1, -1, -1, -1, -1, -1, -1, -1, -1, -1, -1, -1, -1, -1, -1, -1, -1, -1, -1, -1, -1, -1, -1, -1, -1, -1, -1, -1, -1, -1, -1, -1, -1, -1, -1, -1, -1, -1, -1, -1, -1, -1, -1, -1, -1, -1, -1, -1, -1, -1, -1, -1, -1, -1, -1, -1, -1, -1, -1, -1, -1, -1, -1, -1, -1, -1, -1, -1, -1, -1, -1, -1, -1, -1, -1, -1, -1, -1, -1, -1, -1, -1, -1, -1, -1, -1, -1, -1, -1, -1, -1, -1, -1, -1, -1, -1, -1, -1, -1, -1, -1, -1, -1, -1, -1, -1, -1, -1, -1, -1, -1, -1, -1, -1, -1, -1, -1, -1, -1, -1, -1, -1, -1, -1, -1, -1, -1, -1, -1, -1, -1, -1, -1, -1, -1, -1, -1, -1, -1, -1, -1, -1, -1, -1, -1, -1, -1, -1, -1, -1, -1, -1, -1, -1, -1, -1, -1, -1, -1, -1, -1]"
150,21,11,0.5,None,1,237,"[{'cluster_no': -1, 'count': 237}]","[-1, -1, -1, -1, -1, -1, -1, -1, -1, -1, -1, -1, -1, -1, -1, -1, -1, -1, -1, -1, -1, -1, -1, -1, -1, -1, -1, -1, -1, -1, -1, -1, -1, -1, -1, -1, -1, -1, -1, -1, -1, -1, -1, -1, -1, -1, -1, -1, -1, -1, -1, -1, -1, -1, -1, -1, -1, -1, -1, -1, -1, -1, -1, -1, -1, -1, -1, -1, -1, -1, -1, -1, -1, -1, -1, -1, -1, -1, -1, -1, -1, -1, -1, -1, -1, -1, -1, -1, -1, -1, -1, -1, -1, -1, -1, -1, -1, -1, -1, -1, -1, -1, -1, -1, -1, -1, -1, -1, -1, -1, -1, -1, -1, -1, -1, -1, -1, -1, -1, -1, -1, -1, -1, -1, -1, -1, -1, -1, -1, -1, -1, -1, -1, -1, -1, -1, -1, -1, -1, -1, -1, -1, -1, -1, -1, -1, -1, -1, -1, -1, -1, -1, -1, -1, -1, -1, -1, -1, -1, -1, -1, -1, -1, -1, -1, -1, -1, -1, -1, -1, -1, -1, -1, -1, -1, -1, -1, -1, -1, -1, -1, -1, -1, -1, -1, -1, -1, -1, -1, -1, -1, -1, -1, -1, -1, -1, -1, -1, -1, -1, -1, -1, -1, -1, -1, -1, -1, -1, -1, -1, -1, -1, -1, -1, -1, -1, -1, -1, -1, -1, -1, -1, -1, -1, -1, -1, -1, -1, -1, -1, -1, -1, -1, -1, -1, -1, -1]"
150,21,11,1.0,None,1,237,"[{'cluster_no': -1, 'count': 237}]","[-1, -1, -1, -1, -1, -1, -1, -1, -1, -1, -1, -1, -1, -1, -1, -1, -1, -1, -1, -1, -1, -1, -1, -1, -1, -1, -1, -1, -1, -1, -1, -1, -1, -1, -1, -1, -1, -1, -1, -1, -1, -1, -1, -1, -1, -1, -1, -1, -1, -1, -1, -1, -1, -1, -1, -1, -1, -1, -1, -1, -1, -1, -1, -1, -1, -1, -1, -1, -1, -1, -1, -1, -1, -1, -1, -1, -1, -1, -1, -1, -1, -1, -1, -1, -1, -1, -1, -1, -1, -1, -1, -1, -1, -1, -1, -1, -1, -1, -1, -1, -1, -1, -1, -1, -1, -1, -1, -1, -1, -1, -1, -1, -1, -1, -1, -1, -1, -1, -1, -1, -1, -1, -1, -1, -1, -1, -1, -1, -1, -1, -1, -1, -1, -1, -1, -1, -1, -1, -1, -1, -1, -1, -1, -1, -1, -1, -1, -1, -1, -1, -1, -1, -1, -1, -1, -1, -1, -1, -1, -1, -1, -1, -1, -1, -1, -1, -1, -1, -1, -1, -1, -1, -1, -1, -1, -1, -1, -1, -1, -1, -1, -1, -1, -1, -1, -1, -1, -1, -1, -1, -1, -1, -1, -1, -1, -1, -1, -1, -1, -1, -1, -1, -1, -1, -1, -1, -1, -1, -1, -1, -1, -1, -1, -1, -1, -1, -1, -1, -1, -1, -1, -1, -1, -1, -1, -1, -1, -1, -1, -1, -1, -1, -1, -1, -1, -1, -1]"
150,21,12,0.0,None,1,237,"[{'cluster_no': -1, 'count': 237}]","[-1, -1, -1, -1, -1, -1, -1, -1, -1, -1, -1, -1, -1, -1, -1, -1, -1, -1, -1, -1, -1, -1, -1, -1, -1, -1, -1, -1, -1, -1, -1, -1, -1, -1, -1, -1, -1, -1, -1, -1, -1, -1, -1, -1, -1, -1, -1, -1, -1, -1, -1, -1, -1, -1, -1, -1, -1, -1, -1, -1, -1, -1, -1, -1, -1, -1, -1, -1, -1, -1, -1, -1, -1, -1, -1, -1, -1, -1, -1, -1, -1, -1, -1, -1, -1, -1, -1, -1, -1, -1, -1, -1, -1, -1, -1, -1, -1, -1, -1, -1, -1, -1, -1, -1, -1, -1, -1, -1, -1, -1, -1, -1, -1, -1, -1, -1, -1, -1, -1, -1, -1, -1, -1, -1, -1, -1, -1, -1, -1, -1, -1, -1, -1, -1, -1, -1, -1, -1, -1, -1, -1, -1, -1, -1, -1, -1, -1, -1, -1, -1, -1, -1, -1, -1, -1, -1, -1, -1, -1, -1, -1, -1, -1, -1, -1, -1, -1, -1, -1, -1, -1, -1, -1, -1, -1, -1, -1, -1, -1, -1, -1, -1, -1, -1, -1, -1, -1, -1, -1, -1, -1, -1, -1, -1, -1, -1, -1, -1, -1, -1, -1, -1, -1, -1, -1, -1, -1, -1, -1, -1, -1, -1, -1, -1, -1, -1, -1, -1, -1, -1, -1, -1, -1, -1, -1, -1, -1, -1, -1, -1, -1, -1, -1, -1, -1, -1, -1]"
150,21,12,0.5,None,1,237,"[{'cluster_no': -1, 'count': 237}]","[-1, -1, -1, -1, -1, -1, -1, -1, -1, -1, -1, -1, -1, -1, -1, -1, -1, -1, -1, -1, -1, -1, -1, -1, -1, -1, -1, -1, -1, -1, -1, -1, -1, -1, -1, -1, -1, -1, -1, -1, -1, -1, -1, -1, -1, -1, -1, -1, -1, -1, -1, -1, -1, -1, -1, -1, -1, -1, -1, -1, -1, -1, -1, -1, -1, -1, -1, -1, -1, -1, -1, -1, -1, -1, -1, -1, -1, -1, -1, -1, -1, -1, -1, -1, -1, -1, -1, -1, -1, -1, -1, -1, -1, -1, -1, -1, -1, -1, -1, -1, -1, -1, -1, -1, -1, -1, -1, -1, -1, -1, -1, -1, -1, -1, -1, -1, -1, -1, -1, -1, -1, -1, -1, -1, -1, -1, -1, -1, -1, -1, -1, -1, -1, -1, -1, -1, -1, -1, -1, -1, -1, -1, -1, -1, -1, -1, -1, -1, -1, -1, -1, -1, -1, -1, -1, -1, -1, -1, -1, -1, -1, -1, -1, -1, -1, -1, -1, -1, -1, -1, -1, -1, -1, -1, -1, -1, -1, -1, -1, -1, -1, -1, -1, -1, -1, -1, -1, -1, -1, -1, -1, -1, -1, -1, -1, -1, -1, -1, -1, -1, -1, -1, -1, -1, -1, -1, -1, -1, -1, -1, -1, -1, -1, -1, -1, -1, -1, -1, -1, -1, -1, -1, -1, -1, -1, -1, -1, -1, -1, -1, -1, -1, -1, -1, -1, -1, -1]"
150,21,12,1.0,None,1,237,"[{'cluster_no': -1, 'count': 237}]","[-1, -1, -1, -1, -1, -1, -1, -1, -1, -1, -1, -1, -1, -1, -1, -1, -1, -1, -1, -1, -1, -1, -1, -1, -1, -1, -1, -1, -1, -1, -1, -1, -1, -1, -1, -1, -1, -1, -1, -1, -1, -1, -1, -1, -1, -1, -1, -1, -1, -1, -1, -1, -1, -1, -1, -1, -1, -1, -1, -1, -1, -1, -1, -1, -1, -1, -1, -1, -1, -1, -1, -1, -1, -1, -1, -1, -1, -1, -1, -1, -1, -1, -1, -1, -1, -1, -1, -1, -1, -1, -1, -1, -1, -1, -1, -1, -1, -1, -1, -1, -1, -1, -1, -1, -1, -1, -1, -1, -1, -1, -1, -1, -1, -1, -1, -1, -1, -1, -1, -1, -1, -1, -1, -1, -1, -1, -1, -1, -1, -1, -1, -1, -1, -1, -1, -1, -1, -1, -1, -1, -1, -1, -1, -1, -1, -1, -1, -1, -1, -1, -1, -1, -1, -1, -1, -1, -1, -1, -1, -1, -1, -1, -1, -1, -1, -1, -1, -1, -1, -1, -1, -1, -1, -1, -1, -1, -1, -1, -1, -1, -1, -1, -1, -1, -1, -1, -1, -1, -1, -1, -1, -1, -1, -1, -1, -1, -1, -1, -1, -1, -1, -1, -1, -1, -1, -1, -1, -1, -1, -1, -1, -1, -1, -1, -1, -1, -1, -1, -1, -1, -1, -1, -1, -1, -1, -1, -1, -1, -1, -1, -1, -1, -1, -1, -1, -1, -1]"
150,21,13,0.0,None,1,237,"[{'cluster_no': -1, 'count': 237}]","[-1, -1, -1, -1, -1, -1, -1, -1, -1, -1, -1, -1, -1, -1, -1, -1, -1, -1, -1, -1, -1, -1, -1, -1, -1, -1, -1, -1, -1, -1, -1, -1, -1, -1, -1, -1, -1, -1, -1, -1, -1, -1, -1, -1, -1, -1, -1, -1, -1, -1, -1, -1, -1, -1, -1, -1, -1, -1, -1, -1, -1, -1, -1, -1, -1, -1, -1, -1, -1, -1, -1, -1, -1, -1, -1, -1, -1, -1, -1, -1, -1, -1, -1, -1, -1, -1, -1, -1, -1, -1, -1, -1, -1, -1, -1, -1, -1, -1, -1, -1, -1, -1, -1, -1, -1, -1, -1, -1, -1, -1, -1, -1, -1, -1, -1, -1, -1, -1, -1, -1, -1, -1, -1, -1, -1, -1, -1, -1, -1, -1, -1, -1, -1, -1, -1, -1, -1, -1, -1, -1, -1, -1, -1, -1, -1, -1, -1, -1, -1, -1, -1, -1, -1, -1, -1, -1, -1, -1, -1, -1, -1, -1, -1, -1, -1, -1, -1, -1, -1, -1, -1, -1, -1, -1, -1, -1, -1, -1, -1, -1, -1, -1, -1, -1, -1, -1, -1, -1, -1, -1, -1, -1, -1, -1, -1, -1, -1, -1, -1, -1, -1, -1, -1, -1, -1, -1, -1, -1, -1, -1, -1, -1, -1, -1, -1, -1, -1, -1, -1, -1, -1, -1, -1, -1, -1, -1, -1, -1, -1, -1, -1, -1, -1, -1, -1, -1, -1]"
150,21,13,0.5,None,1,237,"[{'cluster_no': -1, 'count': 237}]","[-1, -1, -1, -1, -1, -1, -1, -1, -1, -1, -1, -1, -1, -1, -1, -1, -1, -1, -1, -1, -1, -1, -1, -1, -1, -1, -1, -1, -1, -1, -1, -1, -1, -1, -1, -1, -1, -1, -1, -1, -1, -1, -1, -1, -1, -1, -1, -1, -1, -1, -1, -1, -1, -1, -1, -1, -1, -1, -1, -1, -1, -1, -1, -1, -1, -1, -1, -1, -1, -1, -1, -1, -1, -1, -1, -1, -1, -1, -1, -1, -1, -1, -1, -1, -1, -1, -1, -1, -1, -1, -1, -1, -1, -1, -1, -1, -1, -1, -1, -1, -1, -1, -1, -1, -1, -1, -1, -1, -1, -1, -1, -1, -1, -1, -1, -1, -1, -1, -1, -1, -1, -1, -1, -1, -1, -1, -1, -1, -1, -1, -1, -1, -1, -1, -1, -1, -1, -1, -1, -1, -1, -1, -1, -1, -1, -1, -1, -1, -1, -1, -1, -1, -1, -1, -1, -1, -1, -1, -1, -1, -1, -1, -1, -1, -1, -1, -1, -1, -1, -1, -1, -1, -1, -1, -1, -1, -1, -1, -1, -1, -1, -1, -1, -1, -1, -1, -1, -1, -1, -1, -1, -1, -1, -1, -1, -1, -1, -1, -1, -1, -1, -1, -1, -1, -1, -1, -1, -1, -1, -1, -1, -1, -1, -1, -1, -1, -1, -1, -1, -1, -1, -1, -1, -1, -1, -1, -1, -1, -1, -1, -1, -1, -1, -1, -1, -1, -1]"
150,21,13,1.0,None,1,237,"[{'cluster_no': -1, 'count': 237}]","[-1, -1, -1, -1, -1, -1, -1, -1, -1, -1, -1, -1, -1, -1, -1, -1, -1, -1, -1, -1, -1, -1, -1, -1, -1, -1, -1, -1, -1, -1, -1, -1, -1, -1, -1, -1, -1, -1, -1, -1, -1, -1, -1, -1, -1, -1, -1, -1, -1, -1, -1, -1, -1, -1, -1, -1, -1, -1, -1, -1, -1, -1, -1, -1, -1, -1, -1, -1, -1, -1, -1, -1, -1, -1, -1, -1, -1, -1, -1, -1, -1, -1, -1, -1, -1, -1, -1, -1, -1, -1, -1, -1, -1, -1, -1, -1, -1, -1, -1, -1, -1, -1, -1, -1, -1, -1, -1, -1, -1, -1, -1, -1, -1, -1, -1, -1, -1, -1, -1, -1, -1, -1, -1, -1, -1, -1, -1, -1, -1, -1, -1, -1, -1, -1, -1, -1, -1, -1, -1, -1, -1, -1, -1, -1, -1, -1, -1, -1, -1, -1, -1, -1, -1, -1, -1, -1, -1, -1, -1, -1, -1, -1, -1, -1, -1, -1, -1, -1, -1, -1, -1, -1, -1, -1, -1, -1, -1, -1, -1, -1, -1, -1, -1, -1, -1, -1, -1, -1, -1, -1, -1, -1, -1, -1, -1, -1, -1, -1, -1, -1, -1, -1, -1, -1, -1, -1, -1, -1, -1, -1, -1, -1, -1, -1, -1, -1, -1, -1, -1, -1, -1, -1, -1, -1, -1, -1, -1, -1, -1, -1, -1, -1, -1, -1, -1, -1, -1]"
150,21,14,0.0,None,1,237,"[{'cluster_no': -1, 'count': 237}]","[-1, -1, -1, -1, -1, -1, -1, -1, -1, -1, -1, -1, -1, -1, -1, -1, -1, -1, -1, -1, -1, -1, -1, -1, -1, -1, -1, -1, -1, -1, -1, -1, -1, -1, -1, -1, -1, -1, -1, -1, -1, -1, -1, -1, -1, -1, -1, -1, -1, -1, -1, -1, -1, -1, -1, -1, -1, -1, -1, -1, -1, -1, -1, -1, -1, -1, -1, -1, -1, -1, -1, -1, -1, -1, -1, -1, -1, -1, -1, -1, -1, -1, -1, -1, -1, -1, -1, -1, -1, -1, -1, -1, -1, -1, -1, -1, -1, -1, -1, -1, -1, -1, -1, -1, -1, -1, -1, -1, -1, -1, -1, -1, -1, -1, -1, -1, -1, -1, -1, -1, -1, -1, -1, -1, -1, -1, -1, -1, -1, -1, -1, -1, -1, -1, -1, -1, -1, -1, -1, -1, -1, -1, -1, -1, -1, -1, -1, -1, -1, -1, -1, -1, -1, -1, -1, -1, -1, -1, -1, -1, -1, -1, -1, -1, -1, -1, -1, -1, -1, -1, -1, -1, -1, -1, -1, -1, -1, -1, -1, -1, -1, -1, -1, -1, -1, -1, -1, -1, -1, -1, -1, -1, -1, -1, -1, -1, -1, -1, -1, -1, -1, -1, -1, -1, -1, -1, -1, -1, -1, -1, -1, -1, -1, -1, -1, -1, -1, -1, -1, -1, -1, -1, -1, -1, -1, -1, -1, -1, -1, -1, -1, -1, -1, -1, -1, -1, -1]"
150,21,14,0.5,None,1,237,"[{'cluster_no': -1, 'count': 237}]","[-1, -1, -1, -1, -1, -1, -1, -1, -1, -1, -1, -1, -1, -1, -1, -1, -1, -1, -1, -1, -1, -1, -1, -1, -1, -1, -1, -1, -1, -1, -1, -1, -1, -1, -1, -1, -1, -1, -1, -1, -1, -1, -1, -1, -1, -1, -1, -1, -1, -1, -1, -1, -1, -1, -1, -1, -1, -1, -1, -1, -1, -1, -1, -1, -1, -1, -1, -1, -1, -1, -1, -1, -1, -1, -1, -1, -1, -1, -1, -1, -1, -1, -1, -1, -1, -1, -1, -1, -1, -1, -1, -1, -1, -1, -1, -1, -1, -1, -1, -1, -1, -1, -1, -1, -1, -1, -1, -1, -1, -1, -1, -1, -1, -1, -1, -1, -1, -1, -1, -1, -1, -1, -1, -1, -1, -1, -1, -1, -1, -1, -1, -1, -1, -1, -1, -1, -1, -1, -1, -1, -1, -1, -1, -1, -1, -1, -1, -1, -1, -1, -1, -1, -1, -1, -1, -1, -1, -1, -1, -1, -1, -1, -1, -1, -1, -1, -1, -1, -1, -1, -1, -1, -1, -1, -1, -1, -1, -1, -1, -1, -1, -1, -1, -1, -1, -1, -1, -1, -1, -1, -1, -1, -1, -1, -1, -1, -1, -1, -1, -1, -1, -1, -1, -1, -1, -1, -1, -1, -1, -1, -1, -1, -1, -1, -1, -1, -1, -1, -1, -1, -1, -1, -1, -1, -1, -1, -1, -1, -1, -1, -1, -1, -1, -1, -1, -1, -1]"
150,21,14,1.0,None,1,237,"[{'cluster_no': -1, 'count': 237}]","[-1, -1, -1, -1, -1, -1, -1, -1, -1, -1, -1, -1, -1, -1, -1, -1, -1, -1, -1, -1, -1, -1, -1, -1, -1, -1, -1, -1, -1, -1, -1, -1, -1, -1, -1, -1, -1, -1, -1, -1, -1, -1, -1, -1, -1, -1, -1, -1, -1, -1, -1, -1, -1, -1, -1, -1, -1, -1, -1, -1, -1, -1, -1, -1, -1, -1, -1, -1, -1, -1, -1, -1, -1, -1, -1, -1, -1, -1, -1, -1, -1, -1, -1, -1, -1, -1, -1, -1, -1, -1, -1, -1, -1, -1, -1, -1, -1, -1, -1, -1, -1, -1, -1, -1, -1, -1, -1, -1, -1, -1, -1, -1, -1, -1, -1, -1, -1, -1, -1, -1, -1, -1, -1, -1, -1, -1, -1, -1, -1, -1, -1, -1, -1, -1, -1, -1, -1, -1, -1, -1, -1, -1, -1, -1, -1, -1, -1, -1, -1, -1, -1, -1, -1, -1, -1, -1, -1, -1, -1, -1, -1, -1, -1, -1, -1, -1, -1, -1, -1, -1, -1, -1, -1, -1, -1, -1, -1, -1, -1, -1, -1, -1, -1, -1, -1, -1, -1, -1, -1, -1, -1, -1, -1, -1, -1, -1, -1, -1, -1, -1, -1, -1, -1, -1, -1, -1, -1, -1, -1, -1, -1, -1, -1, -1, -1, -1, -1, -1, -1, -1, -1, -1, -1, -1, -1, -1, -1, -1, -1, -1, -1, -1, -1, -1, -1, -1, -1]"
150,21,15,0.0,None,1,237,"[{'cluster_no': -1, 'count': 237}]","[-1, -1, -1, -1, -1, -1, -1, -1, -1, -1, -1, -1, -1, -1, -1, -1, -1, -1, -1, -1, -1, -1, -1, -1, -1, -1, -1, -1, -1, -1, -1, -1, -1, -1, -1, -1, -1, -1, -1, -1, -1, -1, -1, -1, -1, -1, -1, -1, -1, -1, -1, -1, -1, -1, -1, -1, -1, -1, -1, -1, -1, -1, -1, -1, -1, -1, -1, -1, -1, -1, -1, -1, -1, -1, -1, -1, -1, -1, -1, -1, -1, -1, -1, -1, -1, -1, -1, -1, -1, -1, -1, -1, -1, -1, -1, -1, -1, -1, -1, -1, -1, -1, -1, -1, -1, -1, -1, -1, -1, -1, -1, -1, -1, -1, -1, -1, -1, -1, -1, -1, -1, -1, -1, -1, -1, -1, -1, -1, -1, -1, -1, -1, -1, -1, -1, -1, -1, -1, -1, -1, -1, -1, -1, -1, -1, -1, -1, -1, -1, -1, -1, -1, -1, -1, -1, -1, -1, -1, -1, -1, -1, -1, -1, -1, -1, -1, -1, -1, -1, -1, -1, -1, -1, -1, -1, -1, -1, -1, -1, -1, -1, -1, -1, -1, -1, -1, -1, -1, -1, -1, -1, -1, -1, -1, -1, -1, -1, -1, -1, -1, -1, -1, -1, -1, -1, -1, -1, -1, -1, -1, -1, -1, -1, -1, -1, -1, -1, -1, -1, -1, -1, -1, -1, -1, -1, -1, -1, -1, -1, -1, -1, -1, -1, -1, -1, -1, -1]"
150,21,15,0.5,None,1,237,"[{'cluster_no': -1, 'count': 237}]","[-1, -1, -1, -1, -1, -1, -1, -1, -1, -1, -1, -1, -1, -1, -1, -1, -1, -1, -1, -1, -1, -1, -1, -1, -1, -1, -1, -1, -1, -1, -1, -1, -1, -1, -1, -1, -1, -1, -1, -1, -1, -1, -1, -1, -1, -1, -1, -1, -1, -1, -1, -1, -1, -1, -1, -1, -1, -1, -1, -1, -1, -1, -1, -1, -1, -1, -1, -1, -1, -1, -1, -1, -1, -1, -1, -1, -1, -1, -1, -1, -1, -1, -1, -1, -1, -1, -1, -1, -1, -1, -1, -1, -1, -1, -1, -1, -1, -1, -1, -1, -1, -1, -1, -1, -1, -1, -1, -1, -1, -1, -1, -1, -1, -1, -1, -1, -1, -1, -1, -1, -1, -1, -1, -1, -1, -1, -1, -1, -1, -1, -1, -1, -1, -1, -1, -1, -1, -1, -1, -1, -1, -1, -1, -1, -1, -1, -1, -1, -1, -1, -1, -1, -1, -1, -1, -1, -1, -1, -1, -1, -1, -1, -1, -1, -1, -1, -1, -1, -1, -1, -1, -1, -1, -1, -1, -1, -1, -1, -1, -1, -1, -1, -1, -1, -1, -1, -1, -1, -1, -1, -1, -1, -1, -1, -1, -1, -1, -1, -1, -1, -1, -1, -1, -1, -1, -1, -1, -1, -1, -1, -1, -1, -1, -1, -1, -1, -1, -1, -1, -1, -1, -1, -1, -1, -1, -1, -1, -1, -1, -1, -1, -1, -1, -1, -1, -1, -1]"
150,21,15,1.0,None,1,237,"[{'cluster_no': -1, 'count': 237}]","[-1, -1, -1, -1, -1, -1, -1, -1, -1, -1, -1, -1, -1, -1, -1, -1, -1, -1, -1, -1, -1, -1, -1, -1, -1, -1, -1, -1, -1, -1, -1, -1, -1, -1, -1, -1, -1, -1, -1, -1, -1, -1, -1, -1, -1, -1, -1, -1, -1, -1, -1, -1, -1, -1, -1, -1, -1, -1, -1, -1, -1, -1, -1, -1, -1, -1, -1, -1, -1, -1, -1, -1, -1, -1, -1, -1, -1, -1, -1, -1, -1, -1, -1, -1, -1, -1, -1, -1, -1, -1, -1, -1, -1, -1, -1, -1, -1, -1, -1, -1, -1, -1, -1, -1, -1, -1, -1, -1, -1, -1, -1, -1, -1, -1, -1, -1, -1, -1, -1, -1, -1, -1, -1, -1, -1, -1, -1, -1, -1, -1, -1, -1, -1, -1, -1, -1, -1, -1, -1, -1, -1, -1, -1, -1, -1, -1, -1, -1, -1, -1, -1, -1, -1, -1, -1, -1, -1, -1, -1, -1, -1, -1, -1, -1, -1, -1, -1, -1, -1, -1, -1, -1, -1, -1, -1, -1, -1, -1, -1, -1, -1, -1, -1, -1, -1, -1, -1, -1, -1, -1, -1, -1, -1, -1, -1, -1, -1, -1, -1, -1, -1, -1, -1, -1, -1, -1, -1, -1, -1, -1, -1, -1, -1, -1, -1, -1, -1, -1, -1, -1, -1, -1, -1, -1, -1, -1, -1, -1, -1, -1, -1, -1, -1, -1, -1, -1, -1]"
150,21,16,0.0,None,1,237,"[{'cluster_no': -1, 'count': 237}]","[-1, -1, -1, -1, -1, -1, -1, -1, -1, -1, -1, -1, -1, -1, -1, -1, -1, -1, -1, -1, -1, -1, -1, -1, -1, -1, -1, -1, -1, -1, -1, -1, -1, -1, -1, -1, -1, -1, -1, -1, -1, -1, -1, -1, -1, -1, -1, -1, -1, -1, -1, -1, -1, -1, -1, -1, -1, -1, -1, -1, -1, -1, -1, -1, -1, -1, -1, -1, -1, -1, -1, -1, -1, -1, -1, -1, -1, -1, -1, -1, -1, -1, -1, -1, -1, -1, -1, -1, -1, -1, -1, -1, -1, -1, -1, -1, -1, -1, -1, -1, -1, -1, -1, -1, -1, -1, -1, -1, -1, -1, -1, -1, -1, -1, -1, -1, -1, -1, -1, -1, -1, -1, -1, -1, -1, -1, -1, -1, -1, -1, -1, -1, -1, -1, -1, -1, -1, -1, -1, -1, -1, -1, -1, -1, -1, -1, -1, -1, -1, -1, -1, -1, -1, -1, -1, -1, -1, -1, -1, -1, -1, -1, -1, -1, -1, -1, -1, -1, -1, -1, -1, -1, -1, -1, -1, -1, -1, -1, -1, -1, -1, -1, -1, -1, -1, -1, -1, -1, -1, -1, -1, -1, -1, -1, -1, -1, -1, -1, -1, -1, -1, -1, -1, -1, -1, -1, -1, -1, -1, -1, -1, -1, -1, -1, -1, -1, -1, -1, -1, -1, -1, -1, -1, -1, -1, -1, -1, -1, -1, -1, -1, -1, -1, -1, -1, -1, -1]"
150,21,16,0.5,None,1,237,"[{'cluster_no': -1, 'count': 237}]","[-1, -1, -1, -1, -1, -1, -1, -1, -1, -1, -1, -1, -1, -1, -1, -1, -1, -1, -1, -1, -1, -1, -1, -1, -1, -1, -1, -1, -1, -1, -1, -1, -1, -1, -1, -1, -1, -1, -1, -1, -1, -1, -1, -1, -1, -1, -1, -1, -1, -1, -1, -1, -1, -1, -1, -1, -1, -1, -1, -1, -1, -1, -1, -1, -1, -1, -1, -1, -1, -1, -1, -1, -1, -1, -1, -1, -1, -1, -1, -1, -1, -1, -1, -1, -1, -1, -1, -1, -1, -1, -1, -1, -1, -1, -1, -1, -1, -1, -1, -1, -1, -1, -1, -1, -1, -1, -1, -1, -1, -1, -1, -1, -1, -1, -1, -1, -1, -1, -1, -1, -1, -1, -1, -1, -1, -1, -1, -1, -1, -1, -1, -1, -1, -1, -1, -1, -1, -1, -1, -1, -1, -1, -1, -1, -1, -1, -1, -1, -1, -1, -1, -1, -1, -1, -1, -1, -1, -1, -1, -1, -1, -1, -1, -1, -1, -1, -1, -1, -1, -1, -1, -1, -1, -1, -1, -1, -1, -1, -1, -1, -1, -1, -1, -1, -1, -1, -1, -1, -1, -1, -1, -1, -1, -1, -1, -1, -1, -1, -1, -1, -1, -1, -1, -1, -1, -1, -1, -1, -1, -1, -1, -1, -1, -1, -1, -1, -1, -1, -1, -1, -1, -1, -1, -1, -1, -1, -1, -1, -1, -1, -1, -1, -1, -1, -1, -1, -1]"
150,21,16,1.0,None,1,237,"[{'cluster_no': -1, 'count': 237}]","[-1, -1, -1, -1, -1, -1, -1, -1, -1, -1, -1, -1, -1, -1, -1, -1, -1, -1, -1, -1, -1, -1, -1, -1, -1, -1, -1, -1, -1, -1, -1, -1, -1, -1, -1, -1, -1, -1, -1, -1, -1, -1, -1, -1, -1, -1, -1, -1, -1, -1, -1, -1, -1, -1, -1, -1, -1, -1, -1, -1, -1, -1, -1, -1, -1, -1, -1, -1, -1, -1, -1, -1, -1, -1, -1, -1, -1, -1, -1, -1, -1, -1, -1, -1, -1, -1, -1, -1, -1, -1, -1, -1, -1, -1, -1, -1, -1, -1, -1, -1, -1, -1, -1, -1, -1, -1, -1, -1, -1, -1, -1, -1, -1, -1, -1, -1, -1, -1, -1, -1, -1, -1, -1, -1, -1, -1, -1, -1, -1, -1, -1, -1, -1, -1, -1, -1, -1, -1, -1, -1, -1, -1, -1, -1, -1, -1, -1, -1, -1, -1, -1, -1, -1, -1, -1, -1, -1, -1, -1, -1, -1, -1, -1, -1, -1, -1, -1, -1, -1, -1, -1, -1, -1, -1, -1, -1, -1, -1, -1, -1, -1, -1, -1, -1, -1, -1, -1, -1, -1, -1, -1, -1, -1, -1, -1, -1, -1, -1, -1, -1, -1, -1, -1, -1, -1, -1, -1, -1, -1, -1, -1, -1, -1, -1, -1, -1, -1, -1, -1, -1, -1, -1, -1, -1, -1, -1, -1, -1, -1, -1, -1, -1, -1, -1, -1, -1, -1]"
150,21,17,0.0,None,1,237,"[{'cluster_no': -1, 'count': 237}]","[-1, -1, -1, -1, -1, -1, -1, -1, -1, -1, -1, -1, -1, -1, -1, -1, -1, -1, -1, -1, -1, -1, -1, -1, -1, -1, -1, -1, -1, -1, -1, -1, -1, -1, -1, -1, -1, -1, -1, -1, -1, -1, -1, -1, -1, -1, -1, -1, -1, -1, -1, -1, -1, -1, -1, -1, -1, -1, -1, -1, -1, -1, -1, -1, -1, -1, -1, -1, -1, -1, -1, -1, -1, -1, -1, -1, -1, -1, -1, -1, -1, -1, -1, -1, -1, -1, -1, -1, -1, -1, -1, -1, -1, -1, -1, -1, -1, -1, -1, -1, -1, -1, -1, -1, -1, -1, -1, -1, -1, -1, -1, -1, -1, -1, -1, -1, -1, -1, -1, -1, -1, -1, -1, -1, -1, -1, -1, -1, -1, -1, -1, -1, -1, -1, -1, -1, -1, -1, -1, -1, -1, -1, -1, -1, -1, -1, -1, -1, -1, -1, -1, -1, -1, -1, -1, -1, -1, -1, -1, -1, -1, -1, -1, -1, -1, -1, -1, -1, -1, -1, -1, -1, -1, -1, -1, -1, -1, -1, -1, -1, -1, -1, -1, -1, -1, -1, -1, -1, -1, -1, -1, -1, -1, -1, -1, -1, -1, -1, -1, -1, -1, -1, -1, -1, -1, -1, -1, -1, -1, -1, -1, -1, -1, -1, -1, -1, -1, -1, -1, -1, -1, -1, -1, -1, -1, -1, -1, -1, -1, -1, -1, -1, -1, -1, -1, -1, -1]"
150,21,17,0.5,None,1,237,"[{'cluster_no': -1, 'count': 237}]","[-1, -1, -1, -1, -1, -1, -1, -1, -1, -1, -1, -1, -1, -1, -1, -1, -1, -1, -1, -1, -1, -1, -1, -1, -1, -1, -1, -1, -1, -1, -1, -1, -1, -1, -1, -1, -1, -1, -1, -1, -1, -1, -1, -1, -1, -1, -1, -1, -1, -1, -1, -1, -1, -1, -1, -1, -1, -1, -1, -1, -1, -1, -1, -1, -1, -1, -1, -1, -1, -1, -1, -1, -1, -1, -1, -1, -1, -1, -1, -1, -1, -1, -1, -1, -1, -1, -1, -1, -1, -1, -1, -1, -1, -1, -1, -1, -1, -1, -1, -1, -1, -1, -1, -1, -1, -1, -1, -1, -1, -1, -1, -1, -1, -1, -1, -1, -1, -1, -1, -1, -1, -1, -1, -1, -1, -1, -1, -1, -1, -1, -1, -1, -1, -1, -1, -1, -1, -1, -1, -1, -1, -1, -1, -1, -1, -1, -1, -1, -1, -1, -1, -1, -1, -1, -1, -1, -1, -1, -1, -1, -1, -1, -1, -1, -1, -1, -1, -1, -1, -1, -1, -1, -1, -1, -1, -1, -1, -1, -1, -1, -1, -1, -1, -1, -1, -1, -1, -1, -1, -1, -1, -1, -1, -1, -1, -1, -1, -1, -1, -1, -1, -1, -1, -1, -1, -1, -1, -1, -1, -1, -1, -1, -1, -1, -1, -1, -1, -1, -1, -1, -1, -1, -1, -1, -1, -1, -1, -1, -1, -1, -1, -1, -1, -1, -1, -1, -1]"
150,21,17,1.0,None,1,237,"[{'cluster_no': -1, 'count': 237}]","[-1, -1, -1, -1, -1, -1, -1, -1, -1, -1, -1, -1, -1, -1, -1, -1, -1, -1, -1, -1, -1, -1, -1, -1, -1, -1, -1, -1, -1, -1, -1, -1, -1, -1, -1, -1, -1, -1, -1, -1, -1, -1, -1, -1, -1, -1, -1, -1, -1, -1, -1, -1, -1, -1, -1, -1, -1, -1, -1, -1, -1, -1, -1, -1, -1, -1, -1, -1, -1, -1, -1, -1, -1, -1, -1, -1, -1, -1, -1, -1, -1, -1, -1, -1, -1, -1, -1, -1, -1, -1, -1, -1, -1, -1, -1, -1, -1, -1, -1, -1, -1, -1, -1, -1, -1, -1, -1, -1, -1, -1, -1, -1, -1, -1, -1, -1, -1, -1, -1, -1, -1, -1, -1, -1, -1, -1, -1, -1, -1, -1, -1, -1, -1, -1, -1, -1, -1, -1, -1, -1, -1, -1, -1, -1, -1, -1, -1, -1, -1, -1, -1, -1, -1, -1, -1, -1, -1, -1, -1, -1, -1, -1, -1, -1, -1, -1, -1, -1, -1, -1, -1, -1, -1, -1, -1, -1, -1, -1, -1, -1, -1, -1, -1, -1, -1, -1, -1, -1, -1, -1, -1, -1, -1, -1, -1, -1, -1, -1, -1, -1, -1, -1, -1, -1, -1, -1, -1, -1, -1, -1, -1, -1, -1, -1, -1, -1, -1, -1, -1, -1, -1, -1, -1, -1, -1, -1, -1, -1, -1, -1, -1, -1, -1, -1, -1, -1, -1]"
150,21,18,0.0,None,1,237,"[{'cluster_no': -1, 'count': 237}]","[-1, -1, -1, -1, -1, -1, -1, -1, -1, -1, -1, -1, -1, -1, -1, -1, -1, -1, -1, -1, -1, -1, -1, -1, -1, -1, -1, -1, -1, -1, -1, -1, -1, -1, -1, -1, -1, -1, -1, -1, -1, -1, -1, -1, -1, -1, -1, -1, -1, -1, -1, -1, -1, -1, -1, -1, -1, -1, -1, -1, -1, -1, -1, -1, -1, -1, -1, -1, -1, -1, -1, -1, -1, -1, -1, -1, -1, -1, -1, -1, -1, -1, -1, -1, -1, -1, -1, -1, -1, -1, -1, -1, -1, -1, -1, -1, -1, -1, -1, -1, -1, -1, -1, -1, -1, -1, -1, -1, -1, -1, -1, -1, -1, -1, -1, -1, -1, -1, -1, -1, -1, -1, -1, -1, -1, -1, -1, -1, -1, -1, -1, -1, -1, -1, -1, -1, -1, -1, -1, -1, -1, -1, -1, -1, -1, -1, -1, -1, -1, -1, -1, -1, -1, -1, -1, -1, -1, -1, -1, -1, -1, -1, -1, -1, -1, -1, -1, -1, -1, -1, -1, -1, -1, -1, -1, -1, -1, -1, -1, -1, -1, -1, -1, -1, -1, -1, -1, -1, -1, -1, -1, -1, -1, -1, -1, -1, -1, -1, -1, -1, -1, -1, -1, -1, -1, -1, -1, -1, -1, -1, -1, -1, -1, -1, -1, -1, -1, -1, -1, -1, -1, -1, -1, -1, -1, -1, -1, -1, -1, -1, -1, -1, -1, -1, -1, -1, -1]"
150,21,18,0.5,None,1,237,"[{'cluster_no': -1, 'count': 237}]","[-1, -1, -1, -1, -1, -1, -1, -1, -1, -1, -1, -1, -1, -1, -1, -1, -1, -1, -1, -1, -1, -1, -1, -1, -1, -1, -1, -1, -1, -1, -1, -1, -1, -1, -1, -1, -1, -1, -1, -1, -1, -1, -1, -1, -1, -1, -1, -1, -1, -1, -1, -1, -1, -1, -1, -1, -1, -1, -1, -1, -1, -1, -1, -1, -1, -1, -1, -1, -1, -1, -1, -1, -1, -1, -1, -1, -1, -1, -1, -1, -1, -1, -1, -1, -1, -1, -1, -1, -1, -1, -1, -1, -1, -1, -1, -1, -1, -1, -1, -1, -1, -1, -1, -1, -1, -1, -1, -1, -1, -1, -1, -1, -1, -1, -1, -1, -1, -1, -1, -1, -1, -1, -1, -1, -1, -1, -1, -1, -1, -1, -1, -1, -1, -1, -1, -1, -1, -1, -1, -1, -1, -1, -1, -1, -1, -1, -1, -1, -1, -1, -1, -1, -1, -1, -1, -1, -1, -1, -1, -1, -1, -1, -1, -1, -1, -1, -1, -1, -1, -1, -1, -1, -1, -1, -1, -1, -1, -1, -1, -1, -1, -1, -1, -1, -1, -1, -1, -1, -1, -1, -1, -1, -1, -1, -1, -1, -1, -1, -1, -1, -1, -1, -1, -1, -1, -1, -1, -1, -1, -1, -1, -1, -1, -1, -1, -1, -1, -1, -1, -1, -1, -1, -1, -1, -1, -1, -1, -1, -1, -1, -1, -1, -1, -1, -1, -1, -1]"
150,21,18,1.0,None,1,237,"[{'cluster_no': -1, 'count': 237}]","[-1, -1, -1, -1, -1, -1, -1, -1, -1, -1, -1, -1, -1, -1, -1, -1, -1, -1, -1, -1, -1, -1, -1, -1, -1, -1, -1, -1, -1, -1, -1, -1, -1, -1, -1, -1, -1, -1, -1, -1, -1, -1, -1, -1, -1, -1, -1, -1, -1, -1, -1, -1, -1, -1, -1, -1, -1, -1, -1, -1, -1, -1, -1, -1, -1, -1, -1, -1, -1, -1, -1, -1, -1, -1, -1, -1, -1, -1, -1, -1, -1, -1, -1, -1, -1, -1, -1, -1, -1, -1, -1, -1, -1, -1, -1, -1, -1, -1, -1, -1, -1, -1, -1, -1, -1, -1, -1, -1, -1, -1, -1, -1, -1, -1, -1, -1, -1, -1, -1, -1, -1, -1, -1, -1, -1, -1, -1, -1, -1, -1, -1, -1, -1, -1, -1, -1, -1, -1, -1, -1, -1, -1, -1, -1, -1, -1, -1, -1, -1, -1, -1, -1, -1, -1, -1, -1, -1, -1, -1, -1, -1, -1, -1, -1, -1, -1, -1, -1, -1, -1, -1, -1, -1, -1, -1, -1, -1, -1, -1, -1, -1, -1, -1, -1, -1, -1, -1, -1, -1, -1, -1, -1, -1, -1, -1, -1, -1, -1, -1, -1, -1, -1, -1, -1, -1, -1, -1, -1, -1, -1, -1, -1, -1, -1, -1, -1, -1, -1, -1, -1, -1, -1, -1, -1, -1, -1, -1, -1, -1, -1, -1, -1, -1, -1, -1, -1, -1]"
150,21,19,0.0,None,1,237,"[{'cluster_no': -1, 'count': 237}]","[-1, -1, -1, -1, -1, -1, -1, -1, -1, -1, -1, -1, -1, -1, -1, -1, -1, -1, -1, -1, -1, -1, -1, -1, -1, -1, -1, -1, -1, -1, -1, -1, -1, -1, -1, -1, -1, -1, -1, -1, -1, -1, -1, -1, -1, -1, -1, -1, -1, -1, -1, -1, -1, -1, -1, -1, -1, -1, -1, -1, -1, -1, -1, -1, -1, -1, -1, -1, -1, -1, -1, -1, -1, -1, -1, -1, -1, -1, -1, -1, -1, -1, -1, -1, -1, -1, -1, -1, -1, -1, -1, -1, -1, -1, -1, -1, -1, -1, -1, -1, -1, -1, -1, -1, -1, -1, -1, -1, -1, -1, -1, -1, -1, -1, -1, -1, -1, -1, -1, -1, -1, -1, -1, -1, -1, -1, -1, -1, -1, -1, -1, -1, -1, -1, -1, -1, -1, -1, -1, -1, -1, -1, -1, -1, -1, -1, -1, -1, -1, -1, -1, -1, -1, -1, -1, -1, -1, -1, -1, -1, -1, -1, -1, -1, -1, -1, -1, -1, -1, -1, -1, -1, -1, -1, -1, -1, -1, -1, -1, -1, -1, -1, -1, -1, -1, -1, -1, -1, -1, -1, -1, -1, -1, -1, -1, -1, -1, -1, -1, -1, -1, -1, -1, -1, -1, -1, -1, -1, -1, -1, -1, -1, -1, -1, -1, -1, -1, -1, -1, -1, -1, -1, -1, -1, -1, -1, -1, -1, -1, -1, -1, -1, -1, -1, -1, -1, -1]"
150,21,19,0.5,None,1,237,"[{'cluster_no': -1, 'count': 237}]","[-1, -1, -1, -1, -1, -1, -1, -1, -1, -1, -1, -1, -1, -1, -1, -1, -1, -1, -1, -1, -1, -1, -1, -1, -1, -1, -1, -1, -1, -1, -1, -1, -1, -1, -1, -1, -1, -1, -1, -1, -1, -1, -1, -1, -1, -1, -1, -1, -1, -1, -1, -1, -1, -1, -1, -1, -1, -1, -1, -1, -1, -1, -1, -1, -1, -1, -1, -1, -1, -1, -1, -1, -1, -1, -1, -1, -1, -1, -1, -1, -1, -1, -1, -1, -1, -1, -1, -1, -1, -1, -1, -1, -1, -1, -1, -1, -1, -1, -1, -1, -1, -1, -1, -1, -1, -1, -1, -1, -1, -1, -1, -1, -1, -1, -1, -1, -1, -1, -1, -1, -1, -1, -1, -1, -1, -1, -1, -1, -1, -1, -1, -1, -1, -1, -1, -1, -1, -1, -1, -1, -1, -1, -1, -1, -1, -1, -1, -1, -1, -1, -1, -1, -1, -1, -1, -1, -1, -1, -1, -1, -1, -1, -1, -1, -1, -1, -1, -1, -1, -1, -1, -1, -1, -1, -1, -1, -1, -1, -1, -1, -1, -1, -1, -1, -1, -1, -1, -1, -1, -1, -1, -1, -1, -1, -1, -1, -1, -1, -1, -1, -1, -1, -1, -1, -1, -1, -1, -1, -1, -1, -1, -1, -1, -1, -1, -1, -1, -1, -1, -1, -1, -1, -1, -1, -1, -1, -1, -1, -1, -1, -1, -1, -1, -1, -1, -1, -1]"
150,21,19,1.0,None,1,237,"[{'cluster_no': -1, 'count': 237}]","[-1, -1, -1, -1, -1, -1, -1, -1, -1, -1, -1, -1, -1, -1, -1, -1, -1, -1, -1, -1, -1, -1, -1, -1, -1, -1, -1, -1, -1, -1, -1, -1, -1, -1, -1, -1, -1, -1, -1, -1, -1, -1, -1, -1, -1, -1, -1, -1, -1, -1, -1, -1, -1, -1, -1, -1, -1, -1, -1, -1, -1, -1, -1, -1, -1, -1, -1, -1, -1, -1, -1, -1, -1, -1, -1, -1, -1, -1, -1, -1, -1, -1, -1, -1, -1, -1, -1, -1, -1, -1, -1, -1, -1, -1, -1, -1, -1, -1, -1, -1, -1, -1, -1, -1, -1, -1, -1, -1, -1, -1, -1, -1, -1, -1, -1, -1, -1, -1, -1, -1, -1, -1, -1, -1, -1, -1, -1, -1, -1, -1, -1, -1, -1, -1, -1, -1, -1, -1, -1, -1, -1, -1, -1, -1, -1, -1, -1, -1, -1, -1, -1, -1, -1, -1, -1, -1, -1, -1, -1, -1, -1, -1, -1, -1, -1, -1, -1, -1, -1, -1, -1, -1, -1, -1, -1, -1, -1, -1, -1, -1, -1, -1, -1, -1, -1, -1, -1, -1, -1, -1, -1, -1, -1, -1, -1, -1, -1, -1, -1, -1, -1, -1, -1, -1, -1, -1, -1, -1, -1, -1, -1, -1, -1, -1, -1, -1, -1, -1, -1, -1, -1, -1, -1, -1, -1, -1, -1, -1, -1, -1, -1, -1, -1, -1, -1, -1, -1]"
150,21,20,0.0,None,1,237,"[{'cluster_no': -1, 'count': 237}]","[-1, -1, -1, -1, -1, -1, -1, -1, -1, -1, -1, -1, -1, -1, -1, -1, -1, -1, -1, -1, -1, -1, -1, -1, -1, -1, -1, -1, -1, -1, -1, -1, -1, -1, -1, -1, -1, -1, -1, -1, -1, -1, -1, -1, -1, -1, -1, -1, -1, -1, -1, -1, -1, -1, -1, -1, -1, -1, -1, -1, -1, -1, -1, -1, -1, -1, -1, -1, -1, -1, -1, -1, -1, -1, -1, -1, -1, -1, -1, -1, -1, -1, -1, -1, -1, -1, -1, -1, -1, -1, -1, -1, -1, -1, -1, -1, -1, -1, -1, -1, -1, -1, -1, -1, -1, -1, -1, -1, -1, -1, -1, -1, -1, -1, -1, -1, -1, -1, -1, -1, -1, -1, -1, -1, -1, -1, -1, -1, -1, -1, -1, -1, -1, -1, -1, -1, -1, -1, -1, -1, -1, -1, -1, -1, -1, -1, -1, -1, -1, -1, -1, -1, -1, -1, -1, -1, -1, -1, -1, -1, -1, -1, -1, -1, -1, -1, -1, -1, -1, -1, -1, -1, -1, -1, -1, -1, -1, -1, -1, -1, -1, -1, -1, -1, -1, -1, -1, -1, -1, -1, -1, -1, -1, -1, -1, -1, -1, -1, -1, -1, -1, -1, -1, -1, -1, -1, -1, -1, -1, -1, -1, -1, -1, -1, -1, -1, -1, -1, -1, -1, -1, -1, -1, -1, -1, -1, -1, -1, -1, -1, -1, -1, -1, -1, -1, -1, -1]"
150,21,20,0.5,None,1,237,"[{'cluster_no': -1, 'count': 237}]","[-1, -1, -1, -1, -1, -1, -1, -1, -1, -1, -1, -1, -1, -1, -1, -1, -1, -1, -1, -1, -1, -1, -1, -1, -1, -1, -1, -1, -1, -1, -1, -1, -1, -1, -1, -1, -1, -1, -1, -1, -1, -1, -1, -1, -1, -1, -1, -1, -1, -1, -1, -1, -1, -1, -1, -1, -1, -1, -1, -1, -1, -1, -1, -1, -1, -1, -1, -1, -1, -1, -1, -1, -1, -1, -1, -1, -1, -1, -1, -1, -1, -1, -1, -1, -1, -1, -1, -1, -1, -1, -1, -1, -1, -1, -1, -1, -1, -1, -1, -1, -1, -1, -1, -1, -1, -1, -1, -1, -1, -1, -1, -1, -1, -1, -1, -1, -1, -1, -1, -1, -1, -1, -1, -1, -1, -1, -1, -1, -1, -1, -1, -1, -1, -1, -1, -1, -1, -1, -1, -1, -1, -1, -1, -1, -1, -1, -1, -1, -1, -1, -1, -1, -1, -1, -1, -1, -1, -1, -1, -1, -1, -1, -1, -1, -1, -1, -1, -1, -1, -1, -1, -1, -1, -1, -1, -1, -1, -1, -1, -1, -1, -1, -1, -1, -1, -1, -1, -1, -1, -1, -1, -1, -1, -1, -1, -1, -1, -1, -1, -1, -1, -1, -1, -1, -1, -1, -1, -1, -1, -1, -1, -1, -1, -1, -1, -1, -1, -1, -1, -1, -1, -1, -1, -1, -1, -1, -1, -1, -1, -1, -1, -1, -1, -1, -1, -1, -1]"
150,21,20,1.0,None,1,237,"[{'cluster_no': -1, 'count': 237}]","[-1, -1, -1, -1, -1, -1, -1, -1, -1, -1, -1, -1, -1, -1, -1, -1, -1, -1, -1, -1, -1, -1, -1, -1, -1, -1, -1, -1, -1, -1, -1, -1, -1, -1, -1, -1, -1, -1, -1, -1, -1, -1, -1, -1, -1, -1, -1, -1, -1, -1, -1, -1, -1, -1, -1, -1, -1, -1, -1, -1, -1, -1, -1, -1, -1, -1, -1, -1, -1, -1, -1, -1, -1, -1, -1, -1, -1, -1, -1, -1, -1, -1, -1, -1, -1, -1, -1, -1, -1, -1, -1, -1, -1, -1, -1, -1, -1, -1, -1, -1, -1, -1, -1, -1, -1, -1, -1, -1, -1, -1, -1, -1, -1, -1, -1, -1, -1, -1, -1, -1, -1, -1, -1, -1, -1, -1, -1, -1, -1, -1, -1, -1, -1, -1, -1, -1, -1, -1, -1, -1, -1, -1, -1, -1, -1, -1, -1, -1, -1, -1, -1, -1, -1, -1, -1, -1, -1, -1, -1, -1, -1, -1, -1, -1, -1, -1, -1, -1, -1, -1, -1, -1, -1, -1, -1, -1, -1, -1, -1, -1, -1, -1, -1, -1, -1, -1, -1, -1, -1, -1, -1, -1, -1, -1, -1, -1, -1, -1, -1, -1, -1, -1, -1, -1, -1, -1, -1, -1, -1, -1, -1, -1, -1, -1, -1, -1, -1, -1, -1, -1, -1, -1, -1, -1, -1, -1, -1, -1, -1, -1, -1, -1, -1, -1, -1, -1, -1]"
150,21,21,0.0,None,1,237,"[{'cluster_no': -1, 'count': 237}]","[-1, -1, -1, -1, -1, -1, -1, -1, -1, -1, -1, -1, -1, -1, -1, -1, -1, -1, -1, -1, -1, -1, -1, -1, -1, -1, -1, -1, -1, -1, -1, -1, -1, -1, -1, -1, -1, -1, -1, -1, -1, -1, -1, -1, -1, -1, -1, -1, -1, -1, -1, -1, -1, -1, -1, -1, -1, -1, -1, -1, -1, -1, -1, -1, -1, -1, -1, -1, -1, -1, -1, -1, -1, -1, -1, -1, -1, -1, -1, -1, -1, -1, -1, -1, -1, -1, -1, -1, -1, -1, -1, -1, -1, -1, -1, -1, -1, -1, -1, -1, -1, -1, -1, -1, -1, -1, -1, -1, -1, -1, -1, -1, -1, -1, -1, -1, -1, -1, -1, -1, -1, -1, -1, -1, -1, -1, -1, -1, -1, -1, -1, -1, -1, -1, -1, -1, -1, -1, -1, -1, -1, -1, -1, -1, -1, -1, -1, -1, -1, -1, -1, -1, -1, -1, -1, -1, -1, -1, -1, -1, -1, -1, -1, -1, -1, -1, -1, -1, -1, -1, -1, -1, -1, -1, -1, -1, -1, -1, -1, -1, -1, -1, -1, -1, -1, -1, -1, -1, -1, -1, -1, -1, -1, -1, -1, -1, -1, -1, -1, -1, -1, -1, -1, -1, -1, -1, -1, -1, -1, -1, -1, -1, -1, -1, -1, -1, -1, -1, -1, -1, -1, -1, -1, -1, -1, -1, -1, -1, -1, -1, -1, -1, -1, -1, -1, -1, -1]"
150,21,21,0.5,None,1,237,"[{'cluster_no': -1, 'count': 237}]","[-1, -1, -1, -1, -1, -1, -1, -1, -1, -1, -1, -1, -1, -1, -1, -1, -1, -1, -1, -1, -1, -1, -1, -1, -1, -1, -1, -1, -1, -1, -1, -1, -1, -1, -1, -1, -1, -1, -1, -1, -1, -1, -1, -1, -1, -1, -1, -1, -1, -1, -1, -1, -1, -1, -1, -1, -1, -1, -1, -1, -1, -1, -1, -1, -1, -1, -1, -1, -1, -1, -1, -1, -1, -1, -1, -1, -1, -1, -1, -1, -1, -1, -1, -1, -1, -1, -1, -1, -1, -1, -1, -1, -1, -1, -1, -1, -1, -1, -1, -1, -1, -1, -1, -1, -1, -1, -1, -1, -1, -1, -1, -1, -1, -1, -1, -1, -1, -1, -1, -1, -1, -1, -1, -1, -1, -1, -1, -1, -1, -1, -1, -1, -1, -1, -1, -1, -1, -1, -1, -1, -1, -1, -1, -1, -1, -1, -1, -1, -1, -1, -1, -1, -1, -1, -1, -1, -1, -1, -1, -1, -1, -1, -1, -1, -1, -1, -1, -1, -1, -1, -1, -1, -1, -1, -1, -1, -1, -1, -1, -1, -1, -1, -1, -1, -1, -1, -1, -1, -1, -1, -1, -1, -1, -1, -1, -1, -1, -1, -1, -1, -1, -1, -1, -1, -1, -1, -1, -1, -1, -1, -1, -1, -1, -1, -1, -1, -1, -1, -1, -1, -1, -1, -1, -1, -1, -1, -1, -1, -1, -1, -1, -1, -1, -1, -1, -1, -1]"
150,21,21,1.0,None,1,237,"[{'cluster_no': -1, 'count': 237}]","[-1, -1, -1, -1, -1, -1, -1, -1, -1, -1, -1, -1, -1, -1, -1, -1, -1, -1, -1, -1, -1, -1, -1, -1, -1, -1, -1, -1, -1, -1, -1, -1, -1, -1, -1, -1, -1, -1, -1, -1, -1, -1, -1, -1, -1, -1, -1, -1, -1, -1, -1, -1, -1, -1, -1, -1, -1, -1, -1, -1, -1, -1, -1, -1, -1, -1, -1, -1, -1, -1, -1, -1, -1, -1, -1, -1, -1, -1, -1, -1, -1, -1, -1, -1, -1, -1, -1, -1, -1, -1, -1, -1, -1, -1, -1, -1, -1, -1, -1, -1, -1, -1, -1, -1, -1, -1, -1, -1, -1, -1, -1, -1, -1, -1, -1, -1, -1, -1, -1, -1, -1, -1, -1, -1, -1, -1, -1, -1, -1, -1, -1, -1, -1, -1, -1, -1, -1, -1, -1, -1, -1, -1, -1, -1, -1, -1, -1, -1, -1, -1, -1, -1, -1, -1, -1, -1, -1, -1, -1, -1, -1, -1, -1, -1, -1, -1, -1, -1, -1, -1, -1, -1, -1, -1, -1, -1, -1, -1, -1, -1, -1, -1, -1, -1, -1, -1, -1, -1, -1, -1, -1, -1, -1, -1, -1, -1, -1, -1, -1, -1, -1, -1, -1, -1, -1, -1, -1, -1, -1, -1, -1, -1, -1, -1, -1, -1, -1, -1, -1, -1, -1, -1, -1, -1, -1, -1, -1, -1, -1, -1, -1, -1, -1, -1, -1, -1, -1]"
150,21,22,0.0,None,1,237,"[{'cluster_no': -1, 'count': 237}]","[-1, -1, -1, -1, -1, -1, -1, -1, -1, -1, -1, -1, -1, -1, -1, -1, -1, -1, -1, -1, -1, -1, -1, -1, -1, -1, -1, -1, -1, -1, -1, -1, -1, -1, -1, -1, -1, -1, -1, -1, -1, -1, -1, -1, -1, -1, -1, -1, -1, -1, -1, -1, -1, -1, -1, -1, -1, -1, -1, -1, -1, -1, -1, -1, -1, -1, -1, -1, -1, -1, -1, -1, -1, -1, -1, -1, -1, -1, -1, -1, -1, -1, -1, -1, -1, -1, -1, -1, -1, -1, -1, -1, -1, -1, -1, -1, -1, -1, -1, -1, -1, -1, -1, -1, -1, -1, -1, -1, -1, -1, -1, -1, -1, -1, -1, -1, -1, -1, -1, -1, -1, -1, -1, -1, -1, -1, -1, -1, -1, -1, -1, -1, -1, -1, -1, -1, -1, -1, -1, -1, -1, -1, -1, -1, -1, -1, -1, -1, -1, -1, -1, -1, -1, -1, -1, -1, -1, -1, -1, -1, -1, -1, -1, -1, -1, -1, -1, -1, -1, -1, -1, -1, -1, -1, -1, -1, -1, -1, -1, -1, -1, -1, -1, -1, -1, -1, -1, -1, -1, -1, -1, -1, -1, -1, -1, -1, -1, -1, -1, -1, -1, -1, -1, -1, -1, -1, -1, -1, -1, -1, -1, -1, -1, -1, -1, -1, -1, -1, -1, -1, -1, -1, -1, -1, -1, -1, -1, -1, -1, -1, -1, -1, -1, -1, -1, -1, -1]"
150,21,22,0.5,None,1,237,"[{'cluster_no': -1, 'count': 237}]","[-1, -1, -1, -1, -1, -1, -1, -1, -1, -1, -1, -1, -1, -1, -1, -1, -1, -1, -1, -1, -1, -1, -1, -1, -1, -1, -1, -1, -1, -1, -1, -1, -1, -1, -1, -1, -1, -1, -1, -1, -1, -1, -1, -1, -1, -1, -1, -1, -1, -1, -1, -1, -1, -1, -1, -1, -1, -1, -1, -1, -1, -1, -1, -1, -1, -1, -1, -1, -1, -1, -1, -1, -1, -1, -1, -1, -1, -1, -1, -1, -1, -1, -1, -1, -1, -1, -1, -1, -1, -1, -1, -1, -1, -1, -1, -1, -1, -1, -1, -1, -1, -1, -1, -1, -1, -1, -1, -1, -1, -1, -1, -1, -1, -1, -1, -1, -1, -1, -1, -1, -1, -1, -1, -1, -1, -1, -1, -1, -1, -1, -1, -1, -1, -1, -1, -1, -1, -1, -1, -1, -1, -1, -1, -1, -1, -1, -1, -1, -1, -1, -1, -1, -1, -1, -1, -1, -1, -1, -1, -1, -1, -1, -1, -1, -1, -1, -1, -1, -1, -1, -1, -1, -1, -1, -1, -1, -1, -1, -1, -1, -1, -1, -1, -1, -1, -1, -1, -1, -1, -1, -1, -1, -1, -1, -1, -1, -1, -1, -1, -1, -1, -1, -1, -1, -1, -1, -1, -1, -1, -1, -1, -1, -1, -1, -1, -1, -1, -1, -1, -1, -1, -1, -1, -1, -1, -1, -1, -1, -1, -1, -1, -1, -1, -1, -1, -1, -1]"
150,21,22,1.0,None,1,237,"[{'cluster_no': -1, 'count': 237}]","[-1, -1, -1, -1, -1, -1, -1, -1, -1, -1, -1, -1, -1, -1, -1, -1, -1, -1, -1, -1, -1, -1, -1, -1, -1, -1, -1, -1, -1, -1, -1, -1, -1, -1, -1, -1, -1, -1, -1, -1, -1, -1, -1, -1, -1, -1, -1, -1, -1, -1, -1, -1, -1, -1, -1, -1, -1, -1, -1, -1, -1, -1, -1, -1, -1, -1, -1, -1, -1, -1, -1, -1, -1, -1, -1, -1, -1, -1, -1, -1, -1, -1, -1, -1, -1, -1, -1, -1, -1, -1, -1, -1, -1, -1, -1, -1, -1, -1, -1, -1, -1, -1, -1, -1, -1, -1, -1, -1, -1, -1, -1, -1, -1, -1, -1, -1, -1, -1, -1, -1, -1, -1, -1, -1, -1, -1, -1, -1, -1, -1, -1, -1, -1, -1, -1, -1, -1, -1, -1, -1, -1, -1, -1, -1, -1, -1, -1, -1, -1, -1, -1, -1, -1, -1, -1, -1, -1, -1, -1, -1, -1, -1, -1, -1, -1, -1, -1, -1, -1, -1, -1, -1, -1, -1, -1, -1, -1, -1, -1, -1, -1, -1, -1, -1, -1, -1, -1, -1, -1, -1, -1, -1, -1, -1, -1, -1, -1, -1, -1, -1, -1, -1, -1, -1, -1, -1, -1, -1, -1, -1, -1, -1, -1, -1, -1, -1, -1, -1, -1, -1, -1, -1, -1, -1, -1, -1, -1, -1, -1, -1, -1, -1, -1, -1, -1, -1, -1]"
150,21,23,0.0,None,1,237,"[{'cluster_no': -1, 'count': 237}]","[-1, -1, -1, -1, -1, -1, -1, -1, -1, -1, -1, -1, -1, -1, -1, -1, -1, -1, -1, -1, -1, -1, -1, -1, -1, -1, -1, -1, -1, -1, -1, -1, -1, -1, -1, -1, -1, -1, -1, -1, -1, -1, -1, -1, -1, -1, -1, -1, -1, -1, -1, -1, -1, -1, -1, -1, -1, -1, -1, -1, -1, -1, -1, -1, -1, -1, -1, -1, -1, -1, -1, -1, -1, -1, -1, -1, -1, -1, -1, -1, -1, -1, -1, -1, -1, -1, -1, -1, -1, -1, -1, -1, -1, -1, -1, -1, -1, -1, -1, -1, -1, -1, -1, -1, -1, -1, -1, -1, -1, -1, -1, -1, -1, -1, -1, -1, -1, -1, -1, -1, -1, -1, -1, -1, -1, -1, -1, -1, -1, -1, -1, -1, -1, -1, -1, -1, -1, -1, -1, -1, -1, -1, -1, -1, -1, -1, -1, -1, -1, -1, -1, -1, -1, -1, -1, -1, -1, -1, -1, -1, -1, -1, -1, -1, -1, -1, -1, -1, -1, -1, -1, -1, -1, -1, -1, -1, -1, -1, -1, -1, -1, -1, -1, -1, -1, -1, -1, -1, -1, -1, -1, -1, -1, -1, -1, -1, -1, -1, -1, -1, -1, -1, -1, -1, -1, -1, -1, -1, -1, -1, -1, -1, -1, -1, -1, -1, -1, -1, -1, -1, -1, -1, -1, -1, -1, -1, -1, -1, -1, -1, -1, -1, -1, -1, -1, -1, -1]"
150,21,23,0.5,None,1,237,"[{'cluster_no': -1, 'count': 237}]","[-1, -1, -1, -1, -1, -1, -1, -1, -1, -1, -1, -1, -1, -1, -1, -1, -1, -1, -1, -1, -1, -1, -1, -1, -1, -1, -1, -1, -1, -1, -1, -1, -1, -1, -1, -1, -1, -1, -1, -1, -1, -1, -1, -1, -1, -1, -1, -1, -1, -1, -1, -1, -1, -1, -1, -1, -1, -1, -1, -1, -1, -1, -1, -1, -1, -1, -1, -1, -1, -1, -1, -1, -1, -1, -1, -1, -1, -1, -1, -1, -1, -1, -1, -1, -1, -1, -1, -1, -1, -1, -1, -1, -1, -1, -1, -1, -1, -1, -1, -1, -1, -1, -1, -1, -1, -1, -1, -1, -1, -1, -1, -1, -1, -1, -1, -1, -1, -1, -1, -1, -1, -1, -1, -1, -1, -1, -1, -1, -1, -1, -1, -1, -1, -1, -1, -1, -1, -1, -1, -1, -1, -1, -1, -1, -1, -1, -1, -1, -1, -1, -1, -1, -1, -1, -1, -1, -1, -1, -1, -1, -1, -1, -1, -1, -1, -1, -1, -1, -1, -1, -1, -1, -1, -1, -1, -1, -1, -1, -1, -1, -1, -1, -1, -1, -1, -1, -1, -1, -1, -1, -1, -1, -1, -1, -1, -1, -1, -1, -1, -1, -1, -1, -1, -1, -1, -1, -1, -1, -1, -1, -1, -1, -1, -1, -1, -1, -1, -1, -1, -1, -1, -1, -1, -1, -1, -1, -1, -1, -1, -1, -1, -1, -1, -1, -1, -1, -1]"
150,21,23,1.0,None,1,237,"[{'cluster_no': -1, 'count': 237}]","[-1, -1, -1, -1, -1, -1, -1, -1, -1, -1, -1, -1, -1, -1, -1, -1, -1, -1, -1, -1, -1, -1, -1, -1, -1, -1, -1, -1, -1, -1, -1, -1, -1, -1, -1, -1, -1, -1, -1, -1, -1, -1, -1, -1, -1, -1, -1, -1, -1, -1, -1, -1, -1, -1, -1, -1, -1, -1, -1, -1, -1, -1, -1, -1, -1, -1, -1, -1, -1, -1, -1, -1, -1, -1, -1, -1, -1, -1, -1, -1, -1, -1, -1, -1, -1, -1, -1, -1, -1, -1, -1, -1, -1, -1, -1, -1, -1, -1, -1, -1, -1, -1, -1, -1, -1, -1, -1, -1, -1, -1, -1, -1, -1, -1, -1, -1, -1, -1, -1, -1, -1, -1, -1, -1, -1, -1, -1, -1, -1, -1, -1, -1, -1, -1, -1, -1, -1, -1, -1, -1, -1, -1, -1, -1, -1, -1, -1, -1, -1, -1, -1, -1, -1, -1, -1, -1, -1, -1, -1, -1, -1, -1, -1, -1, -1, -1, -1, -1, -1, -1, -1, -1, -1, -1, -1, -1, -1, -1, -1, -1, -1, -1, -1, -1, -1, -1, -1, -1, -1, -1, -1, -1, -1, -1, -1, -1, -1, -1, -1, -1, -1, -1, -1, -1, -1, -1, -1, -1, -1, -1, -1, -1, -1, -1, -1, -1, -1, -1, -1, -1, -1, -1, -1, -1, -1, -1, -1, -1, -1, -1, -1, -1, -1, -1, -1, -1, -1]"
150,21,24,0.0,None,1,237,"[{'cluster_no': -1, 'count': 237}]","[-1, -1, -1, -1, -1, -1, -1, -1, -1, -1, -1, -1, -1, -1, -1, -1, -1, -1, -1, -1, -1, -1, -1, -1, -1, -1, -1, -1, -1, -1, -1, -1, -1, -1, -1, -1, -1, -1, -1, -1, -1, -1, -1, -1, -1, -1, -1, -1, -1, -1, -1, -1, -1, -1, -1, -1, -1, -1, -1, -1, -1, -1, -1, -1, -1, -1, -1, -1, -1, -1, -1, -1, -1, -1, -1, -1, -1, -1, -1, -1, -1, -1, -1, -1, -1, -1, -1, -1, -1, -1, -1, -1, -1, -1, -1, -1, -1, -1, -1, -1, -1, -1, -1, -1, -1, -1, -1, -1, -1, -1, -1, -1, -1, -1, -1, -1, -1, -1, -1, -1, -1, -1, -1, -1, -1, -1, -1, -1, -1, -1, -1, -1, -1, -1, -1, -1, -1, -1, -1, -1, -1, -1, -1, -1, -1, -1, -1, -1, -1, -1, -1, -1, -1, -1, -1, -1, -1, -1, -1, -1, -1, -1, -1, -1, -1, -1, -1, -1, -1, -1, -1, -1, -1, -1, -1, -1, -1, -1, -1, -1, -1, -1, -1, -1, -1, -1, -1, -1, -1, -1, -1, -1, -1, -1, -1, -1, -1, -1, -1, -1, -1, -1, -1, -1, -1, -1, -1, -1, -1, -1, -1, -1, -1, -1, -1, -1, -1, -1, -1, -1, -1, -1, -1, -1, -1, -1, -1, -1, -1, -1, -1, -1, -1, -1, -1, -1, -1]"
150,21,24,0.5,None,1,237,"[{'cluster_no': -1, 'count': 237}]","[-1, -1, -1, -1, -1, -1, -1, -1, -1, -1, -1, -1, -1, -1, -1, -1, -1, -1, -1, -1, -1, -1, -1, -1, -1, -1, -1, -1, -1, -1, -1, -1, -1, -1, -1, -1, -1, -1, -1, -1, -1, -1, -1, -1, -1, -1, -1, -1, -1, -1, -1, -1, -1, -1, -1, -1, -1, -1, -1, -1, -1, -1, -1, -1, -1, -1, -1, -1, -1, -1, -1, -1, -1, -1, -1, -1, -1, -1, -1, -1, -1, -1, -1, -1, -1, -1, -1, -1, -1, -1, -1, -1, -1, -1, -1, -1, -1, -1, -1, -1, -1, -1, -1, -1, -1, -1, -1, -1, -1, -1, -1, -1, -1, -1, -1, -1, -1, -1, -1, -1, -1, -1, -1, -1, -1, -1, -1, -1, -1, -1, -1, -1, -1, -1, -1, -1, -1, -1, -1, -1, -1, -1, -1, -1, -1, -1, -1, -1, -1, -1, -1, -1, -1, -1, -1, -1, -1, -1, -1, -1, -1, -1, -1, -1, -1, -1, -1, -1, -1, -1, -1, -1, -1, -1, -1, -1, -1, -1, -1, -1, -1, -1, -1, -1, -1, -1, -1, -1, -1, -1, -1, -1, -1, -1, -1, -1, -1, -1, -1, -1, -1, -1, -1, -1, -1, -1, -1, -1, -1, -1, -1, -1, -1, -1, -1, -1, -1, -1, -1, -1, -1, -1, -1, -1, -1, -1, -1, -1, -1, -1, -1, -1, -1, -1, -1, -1, -1]"
150,21,24,1.0,None,1,237,"[{'cluster_no': -1, 'count': 237}]","[-1, -1, -1, -1, -1, -1, -1, -1, -1, -1, -1, -1, -1, -1, -1, -1, -1, -1, -1, -1, -1, -1, -1, -1, -1, -1, -1, -1, -1, -1, -1, -1, -1, -1, -1, -1, -1, -1, -1, -1, -1, -1, -1, -1, -1, -1, -1, -1, -1, -1, -1, -1, -1, -1, -1, -1, -1, -1, -1, -1, -1, -1, -1, -1, -1, -1, -1, -1, -1, -1, -1, -1, -1, -1, -1, -1, -1, -1, -1, -1, -1, -1, -1, -1, -1, -1, -1, -1, -1, -1, -1, -1, -1, -1, -1, -1, -1, -1, -1, -1, -1, -1, -1, -1, -1, -1, -1, -1, -1, -1, -1, -1, -1, -1, -1, -1, -1, -1, -1, -1, -1, -1, -1, -1, -1, -1, -1, -1, -1, -1, -1, -1, -1, -1, -1, -1, -1, -1, -1, -1, -1, -1, -1, -1, -1, -1, -1, -1, -1, -1, -1, -1, -1, -1, -1, -1, -1, -1, -1, -1, -1, -1, -1, -1, -1, -1, -1, -1, -1, -1, -1, -1, -1, -1, -1, -1, -1, -1, -1, -1, -1, -1, -1, -1, -1, -1, -1, -1, -1, -1, -1, -1, -1, -1, -1, -1, -1, -1, -1, -1, -1, -1, -1, -1, -1, -1, -1, -1, -1, -1, -1, -1, -1, -1, -1, -1, -1, -1, -1, -1, -1, -1, -1, -1, -1, -1, -1, -1, -1, -1, -1, -1, -1, -1, -1, -1, -1]"
150,21,25,0.0,None,1,237,"[{'cluster_no': -1, 'count': 237}]","[-1, -1, -1, -1, -1, -1, -1, -1, -1, -1, -1, -1, -1, -1, -1, -1, -1, -1, -1, -1, -1, -1, -1, -1, -1, -1, -1, -1, -1, -1, -1, -1, -1, -1, -1, -1, -1, -1, -1, -1, -1, -1, -1, -1, -1, -1, -1, -1, -1, -1, -1, -1, -1, -1, -1, -1, -1, -1, -1, -1, -1, -1, -1, -1, -1, -1, -1, -1, -1, -1, -1, -1, -1, -1, -1, -1, -1, -1, -1, -1, -1, -1, -1, -1, -1, -1, -1, -1, -1, -1, -1, -1, -1, -1, -1, -1, -1, -1, -1, -1, -1, -1, -1, -1, -1, -1, -1, -1, -1, -1, -1, -1, -1, -1, -1, -1, -1, -1, -1, -1, -1, -1, -1, -1, -1, -1, -1, -1, -1, -1, -1, -1, -1, -1, -1, -1, -1, -1, -1, -1, -1, -1, -1, -1, -1, -1, -1, -1, -1, -1, -1, -1, -1, -1, -1, -1, -1, -1, -1, -1, -1, -1, -1, -1, -1, -1, -1, -1, -1, -1, -1, -1, -1, -1, -1, -1, -1, -1, -1, -1, -1, -1, -1, -1, -1, -1, -1, -1, -1, -1, -1, -1, -1, -1, -1, -1, -1, -1, -1, -1, -1, -1, -1, -1, -1, -1, -1, -1, -1, -1, -1, -1, -1, -1, -1, -1, -1, -1, -1, -1, -1, -1, -1, -1, -1, -1, -1, -1, -1, -1, -1, -1, -1, -1, -1, -1, -1]"
150,21,25,0.5,None,1,237,"[{'cluster_no': -1, 'count': 237}]","[-1, -1, -1, -1, -1, -1, -1, -1, -1, -1, -1, -1, -1, -1, -1, -1, -1, -1, -1, -1, -1, -1, -1, -1, -1, -1, -1, -1, -1, -1, -1, -1, -1, -1, -1, -1, -1, -1, -1, -1, -1, -1, -1, -1, -1, -1, -1, -1, -1, -1, -1, -1, -1, -1, -1, -1, -1, -1, -1, -1, -1, -1, -1, -1, -1, -1, -1, -1, -1, -1, -1, -1, -1, -1, -1, -1, -1, -1, -1, -1, -1, -1, -1, -1, -1, -1, -1, -1, -1, -1, -1, -1, -1, -1, -1, -1, -1, -1, -1, -1, -1, -1, -1, -1, -1, -1, -1, -1, -1, -1, -1, -1, -1, -1, -1, -1, -1, -1, -1, -1, -1, -1, -1, -1, -1, -1, -1, -1, -1, -1, -1, -1, -1, -1, -1, -1, -1, -1, -1, -1, -1, -1, -1, -1, -1, -1, -1, -1, -1, -1, -1, -1, -1, -1, -1, -1, -1, -1, -1, -1, -1, -1, -1, -1, -1, -1, -1, -1, -1, -1, -1, -1, -1, -1, -1, -1, -1, -1, -1, -1, -1, -1, -1, -1, -1, -1, -1, -1, -1, -1, -1, -1, -1, -1, -1, -1, -1, -1, -1, -1, -1, -1, -1, -1, -1, -1, -1, -1, -1, -1, -1, -1, -1, -1, -1, -1, -1, -1, -1, -1, -1, -1, -1, -1, -1, -1, -1, -1, -1, -1, -1, -1, -1, -1, -1, -1, -1]"
150,21,25,1.0,None,1,237,"[{'cluster_no': -1, 'count': 237}]","[-1, -1, -1, -1, -1, -1, -1, -1, -1, -1, -1, -1, -1, -1, -1, -1, -1, -1, -1, -1, -1, -1, -1, -1, -1, -1, -1, -1, -1, -1, -1, -1, -1, -1, -1, -1, -1, -1, -1, -1, -1, -1, -1, -1, -1, -1, -1, -1, -1, -1, -1, -1, -1, -1, -1, -1, -1, -1, -1, -1, -1, -1, -1, -1, -1, -1, -1, -1, -1, -1, -1, -1, -1, -1, -1, -1, -1, -1, -1, -1, -1, -1, -1, -1, -1, -1, -1, -1, -1, -1, -1, -1, -1, -1, -1, -1, -1, -1, -1, -1, -1, -1, -1, -1, -1, -1, -1, -1, -1, -1, -1, -1, -1, -1, -1, -1, -1, -1, -1, -1, -1, -1, -1, -1, -1, -1, -1, -1, -1, -1, -1, -1, -1, -1, -1, -1, -1, -1, -1, -1, -1, -1, -1, -1, -1, -1, -1, -1, -1, -1, -1, -1, -1, -1, -1, -1, -1, -1, -1, -1, -1, -1, -1, -1, -1, -1, -1, -1, -1, -1, -1, -1, -1, -1, -1, -1, -1, -1, -1, -1, -1, -1, -1, -1, -1, -1, -1, -1, -1, -1, -1, -1, -1, -1, -1, -1, -1, -1, -1, -1, -1, -1, -1, -1, -1, -1, -1, -1, -1, -1, -1, -1, -1, -1, -1, -1, -1, -1, -1, -1, -1, -1, -1, -1, -1, -1, -1, -1, -1, -1, -1, -1, -1, -1, -1, -1, -1]"
150,21,26,0.0,None,1,237,"[{'cluster_no': -1, 'count': 237}]","[-1, -1, -1, -1, -1, -1, -1, -1, -1, -1, -1, -1, -1, -1, -1, -1, -1, -1, -1, -1, -1, -1, -1, -1, -1, -1, -1, -1, -1, -1, -1, -1, -1, -1, -1, -1, -1, -1, -1, -1, -1, -1, -1, -1, -1, -1, -1, -1, -1, -1, -1, -1, -1, -1, -1, -1, -1, -1, -1, -1, -1, -1, -1, -1, -1, -1, -1, -1, -1, -1, -1, -1, -1, -1, -1, -1, -1, -1, -1, -1, -1, -1, -1, -1, -1, -1, -1, -1, -1, -1, -1, -1, -1, -1, -1, -1, -1, -1, -1, -1, -1, -1, -1, -1, -1, -1, -1, -1, -1, -1, -1, -1, -1, -1, -1, -1, -1, -1, -1, -1, -1, -1, -1, -1, -1, -1, -1, -1, -1, -1, -1, -1, -1, -1, -1, -1, -1, -1, -1, -1, -1, -1, -1, -1, -1, -1, -1, -1, -1, -1, -1, -1, -1, -1, -1, -1, -1, -1, -1, -1, -1, -1, -1, -1, -1, -1, -1, -1, -1, -1, -1, -1, -1, -1, -1, -1, -1, -1, -1, -1, -1, -1, -1, -1, -1, -1, -1, -1, -1, -1, -1, -1, -1, -1, -1, -1, -1, -1, -1, -1, -1, -1, -1, -1, -1, -1, -1, -1, -1, -1, -1, -1, -1, -1, -1, -1, -1, -1, -1, -1, -1, -1, -1, -1, -1, -1, -1, -1, -1, -1, -1, -1, -1, -1, -1, -1, -1]"
150,21,26,0.5,None,1,237,"[{'cluster_no': -1, 'count': 237}]","[-1, -1, -1, -1, -1, -1, -1, -1, -1, -1, -1, -1, -1, -1, -1, -1, -1, -1, -1, -1, -1, -1, -1, -1, -1, -1, -1, -1, -1, -1, -1, -1, -1, -1, -1, -1, -1, -1, -1, -1, -1, -1, -1, -1, -1, -1, -1, -1, -1, -1, -1, -1, -1, -1, -1, -1, -1, -1, -1, -1, -1, -1, -1, -1, -1, -1, -1, -1, -1, -1, -1, -1, -1, -1, -1, -1, -1, -1, -1, -1, -1, -1, -1, -1, -1, -1, -1, -1, -1, -1, -1, -1, -1, -1, -1, -1, -1, -1, -1, -1, -1, -1, -1, -1, -1, -1, -1, -1, -1, -1, -1, -1, -1, -1, -1, -1, -1, -1, -1, -1, -1, -1, -1, -1, -1, -1, -1, -1, -1, -1, -1, -1, -1, -1, -1, -1, -1, -1, -1, -1, -1, -1, -1, -1, -1, -1, -1, -1, -1, -1, -1, -1, -1, -1, -1, -1, -1, -1, -1, -1, -1, -1, -1, -1, -1, -1, -1, -1, -1, -1, -1, -1, -1, -1, -1, -1, -1, -1, -1, -1, -1, -1, -1, -1, -1, -1, -1, -1, -1, -1, -1, -1, -1, -1, -1, -1, -1, -1, -1, -1, -1, -1, -1, -1, -1, -1, -1, -1, -1, -1, -1, -1, -1, -1, -1, -1, -1, -1, -1, -1, -1, -1, -1, -1, -1, -1, -1, -1, -1, -1, -1, -1, -1, -1, -1, -1, -1]"
150,21,26,1.0,None,1,237,"[{'cluster_no': -1, 'count': 237}]","[-1, -1, -1, -1, -1, -1, -1, -1, -1, -1, -1, -1, -1, -1, -1, -1, -1, -1, -1, -1, -1, -1, -1, -1, -1, -1, -1, -1, -1, -1, -1, -1, -1, -1, -1, -1, -1, -1, -1, -1, -1, -1, -1, -1, -1, -1, -1, -1, -1, -1, -1, -1, -1, -1, -1, -1, -1, -1, -1, -1, -1, -1, -1, -1, -1, -1, -1, -1, -1, -1, -1, -1, -1, -1, -1, -1, -1, -1, -1, -1, -1, -1, -1, -1, -1, -1, -1, -1, -1, -1, -1, -1, -1, -1, -1, -1, -1, -1, -1, -1, -1, -1, -1, -1, -1, -1, -1, -1, -1, -1, -1, -1, -1, -1, -1, -1, -1, -1, -1, -1, -1, -1, -1, -1, -1, -1, -1, -1, -1, -1, -1, -1, -1, -1, -1, -1, -1, -1, -1, -1, -1, -1, -1, -1, -1, -1, -1, -1, -1, -1, -1, -1, -1, -1, -1, -1, -1, -1, -1, -1, -1, -1, -1, -1, -1, -1, -1, -1, -1, -1, -1, -1, -1, -1, -1, -1, -1, -1, -1, -1, -1, -1, -1, -1, -1, -1, -1, -1, -1, -1, -1, -1, -1, -1, -1, -1, -1, -1, -1, -1, -1, -1, -1, -1, -1, -1, -1, -1, -1, -1, -1, -1, -1, -1, -1, -1, -1, -1, -1, -1, -1, -1, -1, -1, -1, -1, -1, -1, -1, -1, -1, -1, -1, -1, -1, -1, -1]"
150,21,27,0.0,None,1,237,"[{'cluster_no': -1, 'count': 237}]","[-1, -1, -1, -1, -1, -1, -1, -1, -1, -1, -1, -1, -1, -1, -1, -1, -1, -1, -1, -1, -1, -1, -1, -1, -1, -1, -1, -1, -1, -1, -1, -1, -1, -1, -1, -1, -1, -1, -1, -1, -1, -1, -1, -1, -1, -1, -1, -1, -1, -1, -1, -1, -1, -1, -1, -1, -1, -1, -1, -1, -1, -1, -1, -1, -1, -1, -1, -1, -1, -1, -1, -1, -1, -1, -1, -1, -1, -1, -1, -1, -1, -1, -1, -1, -1, -1, -1, -1, -1, -1, -1, -1, -1, -1, -1, -1, -1, -1, -1, -1, -1, -1, -1, -1, -1, -1, -1, -1, -1, -1, -1, -1, -1, -1, -1, -1, -1, -1, -1, -1, -1, -1, -1, -1, -1, -1, -1, -1, -1, -1, -1, -1, -1, -1, -1, -1, -1, -1, -1, -1, -1, -1, -1, -1, -1, -1, -1, -1, -1, -1, -1, -1, -1, -1, -1, -1, -1, -1, -1, -1, -1, -1, -1, -1, -1, -1, -1, -1, -1, -1, -1, -1, -1, -1, -1, -1, -1, -1, -1, -1, -1, -1, -1, -1, -1, -1, -1, -1, -1, -1, -1, -1, -1, -1, -1, -1, -1, -1, -1, -1, -1, -1, -1, -1, -1, -1, -1, -1, -1, -1, -1, -1, -1, -1, -1, -1, -1, -1, -1, -1, -1, -1, -1, -1, -1, -1, -1, -1, -1, -1, -1, -1, -1, -1, -1, -1, -1]"
150,21,27,0.5,None,1,237,"[{'cluster_no': -1, 'count': 237}]","[-1, -1, -1, -1, -1, -1, -1, -1, -1, -1, -1, -1, -1, -1, -1, -1, -1, -1, -1, -1, -1, -1, -1, -1, -1, -1, -1, -1, -1, -1, -1, -1, -1, -1, -1, -1, -1, -1, -1, -1, -1, -1, -1, -1, -1, -1, -1, -1, -1, -1, -1, -1, -1, -1, -1, -1, -1, -1, -1, -1, -1, -1, -1, -1, -1, -1, -1, -1, -1, -1, -1, -1, -1, -1, -1, -1, -1, -1, -1, -1, -1, -1, -1, -1, -1, -1, -1, -1, -1, -1, -1, -1, -1, -1, -1, -1, -1, -1, -1, -1, -1, -1, -1, -1, -1, -1, -1, -1, -1, -1, -1, -1, -1, -1, -1, -1, -1, -1, -1, -1, -1, -1, -1, -1, -1, -1, -1, -1, -1, -1, -1, -1, -1, -1, -1, -1, -1, -1, -1, -1, -1, -1, -1, -1, -1, -1, -1, -1, -1, -1, -1, -1, -1, -1, -1, -1, -1, -1, -1, -1, -1, -1, -1, -1, -1, -1, -1, -1, -1, -1, -1, -1, -1, -1, -1, -1, -1, -1, -1, -1, -1, -1, -1, -1, -1, -1, -1, -1, -1, -1, -1, -1, -1, -1, -1, -1, -1, -1, -1, -1, -1, -1, -1, -1, -1, -1, -1, -1, -1, -1, -1, -1, -1, -1, -1, -1, -1, -1, -1, -1, -1, -1, -1, -1, -1, -1, -1, -1, -1, -1, -1, -1, -1, -1, -1, -1, -1]"
150,21,27,1.0,None,1,237,"[{'cluster_no': -1, 'count': 237}]","[-1, -1, -1, -1, -1, -1, -1, -1, -1, -1, -1, -1, -1, -1, -1, -1, -1, -1, -1, -1, -1, -1, -1, -1, -1, -1, -1, -1, -1, -1, -1, -1, -1, -1, -1, -1, -1, -1, -1, -1, -1, -1, -1, -1, -1, -1, -1, -1, -1, -1, -1, -1, -1, -1, -1, -1, -1, -1, -1, -1, -1, -1, -1, -1, -1, -1, -1, -1, -1, -1, -1, -1, -1, -1, -1, -1, -1, -1, -1, -1, -1, -1, -1, -1, -1, -1, -1, -1, -1, -1, -1, -1, -1, -1, -1, -1, -1, -1, -1, -1, -1, -1, -1, -1, -1, -1, -1, -1, -1, -1, -1, -1, -1, -1, -1, -1, -1, -1, -1, -1, -1, -1, -1, -1, -1, -1, -1, -1, -1, -1, -1, -1, -1, -1, -1, -1, -1, -1, -1, -1, -1, -1, -1, -1, -1, -1, -1, -1, -1, -1, -1, -1, -1, -1, -1, -1, -1, -1, -1, -1, -1, -1, -1, -1, -1, -1, -1, -1, -1, -1, -1, -1, -1, -1, -1, -1, -1, -1, -1, -1, -1, -1, -1, -1, -1, -1, -1, -1, -1, -1, -1, -1, -1, -1, -1, -1, -1, -1, -1, -1, -1, -1, -1, -1, -1, -1, -1, -1, -1, -1, -1, -1, -1, -1, -1, -1, -1, -1, -1, -1, -1, -1, -1, -1, -1, -1, -1, -1, -1, -1, -1, -1, -1, -1, -1, -1, -1]"
150,21,28,0.0,None,1,237,"[{'cluster_no': -1, 'count': 237}]","[-1, -1, -1, -1, -1, -1, -1, -1, -1, -1, -1, -1, -1, -1, -1, -1, -1, -1, -1, -1, -1, -1, -1, -1, -1, -1, -1, -1, -1, -1, -1, -1, -1, -1, -1, -1, -1, -1, -1, -1, -1, -1, -1, -1, -1, -1, -1, -1, -1, -1, -1, -1, -1, -1, -1, -1, -1, -1, -1, -1, -1, -1, -1, -1, -1, -1, -1, -1, -1, -1, -1, -1, -1, -1, -1, -1, -1, -1, -1, -1, -1, -1, -1, -1, -1, -1, -1, -1, -1, -1, -1, -1, -1, -1, -1, -1, -1, -1, -1, -1, -1, -1, -1, -1, -1, -1, -1, -1, -1, -1, -1, -1, -1, -1, -1, -1, -1, -1, -1, -1, -1, -1, -1, -1, -1, -1, -1, -1, -1, -1, -1, -1, -1, -1, -1, -1, -1, -1, -1, -1, -1, -1, -1, -1, -1, -1, -1, -1, -1, -1, -1, -1, -1, -1, -1, -1, -1, -1, -1, -1, -1, -1, -1, -1, -1, -1, -1, -1, -1, -1, -1, -1, -1, -1, -1, -1, -1, -1, -1, -1, -1, -1, -1, -1, -1, -1, -1, -1, -1, -1, -1, -1, -1, -1, -1, -1, -1, -1, -1, -1, -1, -1, -1, -1, -1, -1, -1, -1, -1, -1, -1, -1, -1, -1, -1, -1, -1, -1, -1, -1, -1, -1, -1, -1, -1, -1, -1, -1, -1, -1, -1, -1, -1, -1, -1, -1, -1]"
150,21,28,0.5,None,1,237,"[{'cluster_no': -1, 'count': 237}]","[-1, -1, -1, -1, -1, -1, -1, -1, -1, -1, -1, -1, -1, -1, -1, -1, -1, -1, -1, -1, -1, -1, -1, -1, -1, -1, -1, -1, -1, -1, -1, -1, -1, -1, -1, -1, -1, -1, -1, -1, -1, -1, -1, -1, -1, -1, -1, -1, -1, -1, -1, -1, -1, -1, -1, -1, -1, -1, -1, -1, -1, -1, -1, -1, -1, -1, -1, -1, -1, -1, -1, -1, -1, -1, -1, -1, -1, -1, -1, -1, -1, -1, -1, -1, -1, -1, -1, -1, -1, -1, -1, -1, -1, -1, -1, -1, -1, -1, -1, -1, -1, -1, -1, -1, -1, -1, -1, -1, -1, -1, -1, -1, -1, -1, -1, -1, -1, -1, -1, -1, -1, -1, -1, -1, -1, -1, -1, -1, -1, -1, -1, -1, -1, -1, -1, -1, -1, -1, -1, -1, -1, -1, -1, -1, -1, -1, -1, -1, -1, -1, -1, -1, -1, -1, -1, -1, -1, -1, -1, -1, -1, -1, -1, -1, -1, -1, -1, -1, -1, -1, -1, -1, -1, -1, -1, -1, -1, -1, -1, -1, -1, -1, -1, -1, -1, -1, -1, -1, -1, -1, -1, -1, -1, -1, -1, -1, -1, -1, -1, -1, -1, -1, -1, -1, -1, -1, -1, -1, -1, -1, -1, -1, -1, -1, -1, -1, -1, -1, -1, -1, -1, -1, -1, -1, -1, -1, -1, -1, -1, -1, -1, -1, -1, -1, -1, -1, -1]"
150,21,28,1.0,None,1,237,"[{'cluster_no': -1, 'count': 237}]","[-1, -1, -1, -1, -1, -1, -1, -1, -1, -1, -1, -1, -1, -1, -1, -1, -1, -1, -1, -1, -1, -1, -1, -1, -1, -1, -1, -1, -1, -1, -1, -1, -1, -1, -1, -1, -1, -1, -1, -1, -1, -1, -1, -1, -1, -1, -1, -1, -1, -1, -1, -1, -1, -1, -1, -1, -1, -1, -1, -1, -1, -1, -1, -1, -1, -1, -1, -1, -1, -1, -1, -1, -1, -1, -1, -1, -1, -1, -1, -1, -1, -1, -1, -1, -1, -1, -1, -1, -1, -1, -1, -1, -1, -1, -1, -1, -1, -1, -1, -1, -1, -1, -1, -1, -1, -1, -1, -1, -1, -1, -1, -1, -1, -1, -1, -1, -1, -1, -1, -1, -1, -1, -1, -1, -1, -1, -1, -1, -1, -1, -1, -1, -1, -1, -1, -1, -1, -1, -1, -1, -1, -1, -1, -1, -1, -1, -1, -1, -1, -1, -1, -1, -1, -1, -1, -1, -1, -1, -1, -1, -1, -1, -1, -1, -1, -1, -1, -1, -1, -1, -1, -1, -1, -1, -1, -1, -1, -1, -1, -1, -1, -1, -1, -1, -1, -1, -1, -1, -1, -1, -1, -1, -1, -1, -1, -1, -1, -1, -1, -1, -1, -1, -1, -1, -1, -1, -1, -1, -1, -1, -1, -1, -1, -1, -1, -1, -1, -1, -1, -1, -1, -1, -1, -1, -1, -1, -1, -1, -1, -1, -1, -1, -1, -1, -1, -1, -1]"
150,21,29,0.0,None,1,237,"[{'cluster_no': -1, 'count': 237}]","[-1, -1, -1, -1, -1, -1, -1, -1, -1, -1, -1, -1, -1, -1, -1, -1, -1, -1, -1, -1, -1, -1, -1, -1, -1, -1, -1, -1, -1, -1, -1, -1, -1, -1, -1, -1, -1, -1, -1, -1, -1, -1, -1, -1, -1, -1, -1, -1, -1, -1, -1, -1, -1, -1, -1, -1, -1, -1, -1, -1, -1, -1, -1, -1, -1, -1, -1, -1, -1, -1, -1, -1, -1, -1, -1, -1, -1, -1, -1, -1, -1, -1, -1, -1, -1, -1, -1, -1, -1, -1, -1, -1, -1, -1, -1, -1, -1, -1, -1, -1, -1, -1, -1, -1, -1, -1, -1, -1, -1, -1, -1, -1, -1, -1, -1, -1, -1, -1, -1, -1, -1, -1, -1, -1, -1, -1, -1, -1, -1, -1, -1, -1, -1, -1, -1, -1, -1, -1, -1, -1, -1, -1, -1, -1, -1, -1, -1, -1, -1, -1, -1, -1, -1, -1, -1, -1, -1, -1, -1, -1, -1, -1, -1, -1, -1, -1, -1, -1, -1, -1, -1, -1, -1, -1, -1, -1, -1, -1, -1, -1, -1, -1, -1, -1, -1, -1, -1, -1, -1, -1, -1, -1, -1, -1, -1, -1, -1, -1, -1, -1, -1, -1, -1, -1, -1, -1, -1, -1, -1, -1, -1, -1, -1, -1, -1, -1, -1, -1, -1, -1, -1, -1, -1, -1, -1, -1, -1, -1, -1, -1, -1, -1, -1, -1, -1, -1, -1]"
150,21,29,0.5,None,1,237,"[{'cluster_no': -1, 'count': 237}]","[-1, -1, -1, -1, -1, -1, -1, -1, -1, -1, -1, -1, -1, -1, -1, -1, -1, -1, -1, -1, -1, -1, -1, -1, -1, -1, -1, -1, -1, -1, -1, -1, -1, -1, -1, -1, -1, -1, -1, -1, -1, -1, -1, -1, -1, -1, -1, -1, -1, -1, -1, -1, -1, -1, -1, -1, -1, -1, -1, -1, -1, -1, -1, -1, -1, -1, -1, -1, -1, -1, -1, -1, -1, -1, -1, -1, -1, -1, -1, -1, -1, -1, -1, -1, -1, -1, -1, -1, -1, -1, -1, -1, -1, -1, -1, -1, -1, -1, -1, -1, -1, -1, -1, -1, -1, -1, -1, -1, -1, -1, -1, -1, -1, -1, -1, -1, -1, -1, -1, -1, -1, -1, -1, -1, -1, -1, -1, -1, -1, -1, -1, -1, -1, -1, -1, -1, -1, -1, -1, -1, -1, -1, -1, -1, -1, -1, -1, -1, -1, -1, -1, -1, -1, -1, -1, -1, -1, -1, -1, -1, -1, -1, -1, -1, -1, -1, -1, -1, -1, -1, -1, -1, -1, -1, -1, -1, -1, -1, -1, -1, -1, -1, -1, -1, -1, -1, -1, -1, -1, -1, -1, -1, -1, -1, -1, -1, -1, -1, -1, -1, -1, -1, -1, -1, -1, -1, -1, -1, -1, -1, -1, -1, -1, -1, -1, -1, -1, -1, -1, -1, -1, -1, -1, -1, -1, -1, -1, -1, -1, -1, -1, -1, -1, -1, -1, -1, -1]"
150,21,29,1.0,None,1,237,"[{'cluster_no': -1, 'count': 237}]","[-1, -1, -1, -1, -1, -1, -1, -1, -1, -1, -1, -1, -1, -1, -1, -1, -1, -1, -1, -1, -1, -1, -1, -1, -1, -1, -1, -1, -1, -1, -1, -1, -1, -1, -1, -1, -1, -1, -1, -1, -1, -1, -1, -1, -1, -1, -1, -1, -1, -1, -1, -1, -1, -1, -1, -1, -1, -1, -1, -1, -1, -1, -1, -1, -1, -1, -1, -1, -1, -1, -1, -1, -1, -1, -1, -1, -1, -1, -1, -1, -1, -1, -1, -1, -1, -1, -1, -1, -1, -1, -1, -1, -1, -1, -1, -1, -1, -1, -1, -1, -1, -1, -1, -1, -1, -1, -1, -1, -1, -1, -1, -1, -1, -1, -1, -1, -1, -1, -1, -1, -1, -1, -1, -1, -1, -1, -1, -1, -1, -1, -1, -1, -1, -1, -1, -1, -1, -1, -1, -1, -1, -1, -1, -1, -1, -1, -1, -1, -1, -1, -1, -1, -1, -1, -1, -1, -1, -1, -1, -1, -1, -1, -1, -1, -1, -1, -1, -1, -1, -1, -1, -1, -1, -1, -1, -1, -1, -1, -1, -1, -1, -1, -1, -1, -1, -1, -1, -1, -1, -1, -1, -1, -1, -1, -1, -1, -1, -1, -1, -1, -1, -1, -1, -1, -1, -1, -1, -1, -1, -1, -1, -1, -1, -1, -1, -1, -1, -1, -1, -1, -1, -1, -1, -1, -1, -1, -1, -1, -1, -1, -1, -1, -1, -1, -1, -1, -1]"
150,21,30,0.0,None,1,237,"[{'cluster_no': -1, 'count': 237}]","[-1, -1, -1, -1, -1, -1, -1, -1, -1, -1, -1, -1, -1, -1, -1, -1, -1, -1, -1, -1, -1, -1, -1, -1, -1, -1, -1, -1, -1, -1, -1, -1, -1, -1, -1, -1, -1, -1, -1, -1, -1, -1, -1, -1, -1, -1, -1, -1, -1, -1, -1, -1, -1, -1, -1, -1, -1, -1, -1, -1, -1, -1, -1, -1, -1, -1, -1, -1, -1, -1, -1, -1, -1, -1, -1, -1, -1, -1, -1, -1, -1, -1, -1, -1, -1, -1, -1, -1, -1, -1, -1, -1, -1, -1, -1, -1, -1, -1, -1, -1, -1, -1, -1, -1, -1, -1, -1, -1, -1, -1, -1, -1, -1, -1, -1, -1, -1, -1, -1, -1, -1, -1, -1, -1, -1, -1, -1, -1, -1, -1, -1, -1, -1, -1, -1, -1, -1, -1, -1, -1, -1, -1, -1, -1, -1, -1, -1, -1, -1, -1, -1, -1, -1, -1, -1, -1, -1, -1, -1, -1, -1, -1, -1, -1, -1, -1, -1, -1, -1, -1, -1, -1, -1, -1, -1, -1, -1, -1, -1, -1, -1, -1, -1, -1, -1, -1, -1, -1, -1, -1, -1, -1, -1, -1, -1, -1, -1, -1, -1, -1, -1, -1, -1, -1, -1, -1, -1, -1, -1, -1, -1, -1, -1, -1, -1, -1, -1, -1, -1, -1, -1, -1, -1, -1, -1, -1, -1, -1, -1, -1, -1, -1, -1, -1, -1, -1, -1]"
150,21,30,0.5,None,1,237,"[{'cluster_no': -1, 'count': 237}]","[-1, -1, -1, -1, -1, -1, -1, -1, -1, -1, -1, -1, -1, -1, -1, -1, -1, -1, -1, -1, -1, -1, -1, -1, -1, -1, -1, -1, -1, -1, -1, -1, -1, -1, -1, -1, -1, -1, -1, -1, -1, -1, -1, -1, -1, -1, -1, -1, -1, -1, -1, -1, -1, -1, -1, -1, -1, -1, -1, -1, -1, -1, -1, -1, -1, -1, -1, -1, -1, -1, -1, -1, -1, -1, -1, -1, -1, -1, -1, -1, -1, -1, -1, -1, -1, -1, -1, -1, -1, -1, -1, -1, -1, -1, -1, -1, -1, -1, -1, -1, -1, -1, -1, -1, -1, -1, -1, -1, -1, -1, -1, -1, -1, -1, -1, -1, -1, -1, -1, -1, -1, -1, -1, -1, -1, -1, -1, -1, -1, -1, -1, -1, -1, -1, -1, -1, -1, -1, -1, -1, -1, -1, -1, -1, -1, -1, -1, -1, -1, -1, -1, -1, -1, -1, -1, -1, -1, -1, -1, -1, -1, -1, -1, -1, -1, -1, -1, -1, -1, -1, -1, -1, -1, -1, -1, -1, -1, -1, -1, -1, -1, -1, -1, -1, -1, -1, -1, -1, -1, -1, -1, -1, -1, -1, -1, -1, -1, -1, -1, -1, -1, -1, -1, -1, -1, -1, -1, -1, -1, -1, -1, -1, -1, -1, -1, -1, -1, -1, -1, -1, -1, -1, -1, -1, -1, -1, -1, -1, -1, -1, -1, -1, -1, -1, -1, -1, -1]"
150,21,30,1.0,None,1,237,"[{'cluster_no': -1, 'count': 237}]","[-1, -1, -1, -1, -1, -1, -1, -1, -1, -1, -1, -1, -1, -1, -1, -1, -1, -1, -1, -1, -1, -1, -1, -1, -1, -1, -1, -1, -1, -1, -1, -1, -1, -1, -1, -1, -1, -1, -1, -1, -1, -1, -1, -1, -1, -1, -1, -1, -1, -1, -1, -1, -1, -1, -1, -1, -1, -1, -1, -1, -1, -1, -1, -1, -1, -1, -1, -1, -1, -1, -1, -1, -1, -1, -1, -1, -1, -1, -1, -1, -1, -1, -1, -1, -1, -1, -1, -1, -1, -1, -1, -1, -1, -1, -1, -1, -1, -1, -1, -1, -1, -1, -1, -1, -1, -1, -1, -1, -1, -1, -1, -1, -1, -1, -1, -1, -1, -1, -1, -1, -1, -1, -1, -1, -1, -1, -1, -1, -1, -1, -1, -1, -1, -1, -1, -1, -1, -1, -1, -1, -1, -1, -1, -1, -1, -1, -1, -1, -1, -1, -1, -1, -1, -1, -1, -1, -1, -1, -1, -1, -1, -1, -1, -1, -1, -1, -1, -1, -1, -1, -1, -1, -1, -1, -1, -1, -1, -1, -1, -1, -1, -1, -1, -1, -1, -1, -1, -1, -1, -1, -1, -1, -1, -1, -1, -1, -1, -1, -1, -1, -1, -1, -1, -1, -1, -1, -1, -1, -1, -1, -1, -1, -1, -1, -1, -1, -1, -1, -1, -1, -1, -1, -1, -1, -1, -1, -1, -1, -1, -1, -1, -1, -1, -1, -1, -1, -1]"
150,22,5,0.0,None,1,237,"[{'cluster_no': -1, 'count': 237}]","[-1, -1, -1, -1, -1, -1, -1, -1, -1, -1, -1, -1, -1, -1, -1, -1, -1, -1, -1, -1, -1, -1, -1, -1, -1, -1, -1, -1, -1, -1, -1, -1, -1, -1, -1, -1, -1, -1, -1, -1, -1, -1, -1, -1, -1, -1, -1, -1, -1, -1, -1, -1, -1, -1, -1, -1, -1, -1, -1, -1, -1, -1, -1, -1, -1, -1, -1, -1, -1, -1, -1, -1, -1, -1, -1, -1, -1, -1, -1, -1, -1, -1, -1, -1, -1, -1, -1, -1, -1, -1, -1, -1, -1, -1, -1, -1, -1, -1, -1, -1, -1, -1, -1, -1, -1, -1, -1, -1, -1, -1, -1, -1, -1, -1, -1, -1, -1, -1, -1, -1, -1, -1, -1, -1, -1, -1, -1, -1, -1, -1, -1, -1, -1, -1, -1, -1, -1, -1, -1, -1, -1, -1, -1, -1, -1, -1, -1, -1, -1, -1, -1, -1, -1, -1, -1, -1, -1, -1, -1, -1, -1, -1, -1, -1, -1, -1, -1, -1, -1, -1, -1, -1, -1, -1, -1, -1, -1, -1, -1, -1, -1, -1, -1, -1, -1, -1, -1, -1, -1, -1, -1, -1, -1, -1, -1, -1, -1, -1, -1, -1, -1, -1, -1, -1, -1, -1, -1, -1, -1, -1, -1, -1, -1, -1, -1, -1, -1, -1, -1, -1, -1, -1, -1, -1, -1, -1, -1, -1, -1, -1, -1, -1, -1, -1, -1, -1, -1]"
150,22,5,0.5,None,1,237,"[{'cluster_no': -1, 'count': 237}]","[-1, -1, -1, -1, -1, -1, -1, -1, -1, -1, -1, -1, -1, -1, -1, -1, -1, -1, -1, -1, -1, -1, -1, -1, -1, -1, -1, -1, -1, -1, -1, -1, -1, -1, -1, -1, -1, -1, -1, -1, -1, -1, -1, -1, -1, -1, -1, -1, -1, -1, -1, -1, -1, -1, -1, -1, -1, -1, -1, -1, -1, -1, -1, -1, -1, -1, -1, -1, -1, -1, -1, -1, -1, -1, -1, -1, -1, -1, -1, -1, -1, -1, -1, -1, -1, -1, -1, -1, -1, -1, -1, -1, -1, -1, -1, -1, -1, -1, -1, -1, -1, -1, -1, -1, -1, -1, -1, -1, -1, -1, -1, -1, -1, -1, -1, -1, -1, -1, -1, -1, -1, -1, -1, -1, -1, -1, -1, -1, -1, -1, -1, -1, -1, -1, -1, -1, -1, -1, -1, -1, -1, -1, -1, -1, -1, -1, -1, -1, -1, -1, -1, -1, -1, -1, -1, -1, -1, -1, -1, -1, -1, -1, -1, -1, -1, -1, -1, -1, -1, -1, -1, -1, -1, -1, -1, -1, -1, -1, -1, -1, -1, -1, -1, -1, -1, -1, -1, -1, -1, -1, -1, -1, -1, -1, -1, -1, -1, -1, -1, -1, -1, -1, -1, -1, -1, -1, -1, -1, -1, -1, -1, -1, -1, -1, -1, -1, -1, -1, -1, -1, -1, -1, -1, -1, -1, -1, -1, -1, -1, -1, -1, -1, -1, -1, -1, -1, -1]"
150,22,5,1.0,None,1,237,"[{'cluster_no': -1, 'count': 237}]","[-1, -1, -1, -1, -1, -1, -1, -1, -1, -1, -1, -1, -1, -1, -1, -1, -1, -1, -1, -1, -1, -1, -1, -1, -1, -1, -1, -1, -1, -1, -1, -1, -1, -1, -1, -1, -1, -1, -1, -1, -1, -1, -1, -1, -1, -1, -1, -1, -1, -1, -1, -1, -1, -1, -1, -1, -1, -1, -1, -1, -1, -1, -1, -1, -1, -1, -1, -1, -1, -1, -1, -1, -1, -1, -1, -1, -1, -1, -1, -1, -1, -1, -1, -1, -1, -1, -1, -1, -1, -1, -1, -1, -1, -1, -1, -1, -1, -1, -1, -1, -1, -1, -1, -1, -1, -1, -1, -1, -1, -1, -1, -1, -1, -1, -1, -1, -1, -1, -1, -1, -1, -1, -1, -1, -1, -1, -1, -1, -1, -1, -1, -1, -1, -1, -1, -1, -1, -1, -1, -1, -1, -1, -1, -1, -1, -1, -1, -1, -1, -1, -1, -1, -1, -1, -1, -1, -1, -1, -1, -1, -1, -1, -1, -1, -1, -1, -1, -1, -1, -1, -1, -1, -1, -1, -1, -1, -1, -1, -1, -1, -1, -1, -1, -1, -1, -1, -1, -1, -1, -1, -1, -1, -1, -1, -1, -1, -1, -1, -1, -1, -1, -1, -1, -1, -1, -1, -1, -1, -1, -1, -1, -1, -1, -1, -1, -1, -1, -1, -1, -1, -1, -1, -1, -1, -1, -1, -1, -1, -1, -1, -1, -1, -1, -1, -1, -1, -1]"
150,22,6,0.0,None,1,237,"[{'cluster_no': -1, 'count': 237}]","[-1, -1, -1, -1, -1, -1, -1, -1, -1, -1, -1, -1, -1, -1, -1, -1, -1, -1, -1, -1, -1, -1, -1, -1, -1, -1, -1, -1, -1, -1, -1, -1, -1, -1, -1, -1, -1, -1, -1, -1, -1, -1, -1, -1, -1, -1, -1, -1, -1, -1, -1, -1, -1, -1, -1, -1, -1, -1, -1, -1, -1, -1, -1, -1, -1, -1, -1, -1, -1, -1, -1, -1, -1, -1, -1, -1, -1, -1, -1, -1, -1, -1, -1, -1, -1, -1, -1, -1, -1, -1, -1, -1, -1, -1, -1, -1, -1, -1, -1, -1, -1, -1, -1, -1, -1, -1, -1, -1, -1, -1, -1, -1, -1, -1, -1, -1, -1, -1, -1, -1, -1, -1, -1, -1, -1, -1, -1, -1, -1, -1, -1, -1, -1, -1, -1, -1, -1, -1, -1, -1, -1, -1, -1, -1, -1, -1, -1, -1, -1, -1, -1, -1, -1, -1, -1, -1, -1, -1, -1, -1, -1, -1, -1, -1, -1, -1, -1, -1, -1, -1, -1, -1, -1, -1, -1, -1, -1, -1, -1, -1, -1, -1, -1, -1, -1, -1, -1, -1, -1, -1, -1, -1, -1, -1, -1, -1, -1, -1, -1, -1, -1, -1, -1, -1, -1, -1, -1, -1, -1, -1, -1, -1, -1, -1, -1, -1, -1, -1, -1, -1, -1, -1, -1, -1, -1, -1, -1, -1, -1, -1, -1, -1, -1, -1, -1, -1, -1]"
150,22,6,0.5,None,1,237,"[{'cluster_no': -1, 'count': 237}]","[-1, -1, -1, -1, -1, -1, -1, -1, -1, -1, -1, -1, -1, -1, -1, -1, -1, -1, -1, -1, -1, -1, -1, -1, -1, -1, -1, -1, -1, -1, -1, -1, -1, -1, -1, -1, -1, -1, -1, -1, -1, -1, -1, -1, -1, -1, -1, -1, -1, -1, -1, -1, -1, -1, -1, -1, -1, -1, -1, -1, -1, -1, -1, -1, -1, -1, -1, -1, -1, -1, -1, -1, -1, -1, -1, -1, -1, -1, -1, -1, -1, -1, -1, -1, -1, -1, -1, -1, -1, -1, -1, -1, -1, -1, -1, -1, -1, -1, -1, -1, -1, -1, -1, -1, -1, -1, -1, -1, -1, -1, -1, -1, -1, -1, -1, -1, -1, -1, -1, -1, -1, -1, -1, -1, -1, -1, -1, -1, -1, -1, -1, -1, -1, -1, -1, -1, -1, -1, -1, -1, -1, -1, -1, -1, -1, -1, -1, -1, -1, -1, -1, -1, -1, -1, -1, -1, -1, -1, -1, -1, -1, -1, -1, -1, -1, -1, -1, -1, -1, -1, -1, -1, -1, -1, -1, -1, -1, -1, -1, -1, -1, -1, -1, -1, -1, -1, -1, -1, -1, -1, -1, -1, -1, -1, -1, -1, -1, -1, -1, -1, -1, -1, -1, -1, -1, -1, -1, -1, -1, -1, -1, -1, -1, -1, -1, -1, -1, -1, -1, -1, -1, -1, -1, -1, -1, -1, -1, -1, -1, -1, -1, -1, -1, -1, -1, -1, -1]"
150,22,6,1.0,None,1,237,"[{'cluster_no': -1, 'count': 237}]","[-1, -1, -1, -1, -1, -1, -1, -1, -1, -1, -1, -1, -1, -1, -1, -1, -1, -1, -1, -1, -1, -1, -1, -1, -1, -1, -1, -1, -1, -1, -1, -1, -1, -1, -1, -1, -1, -1, -1, -1, -1, -1, -1, -1, -1, -1, -1, -1, -1, -1, -1, -1, -1, -1, -1, -1, -1, -1, -1, -1, -1, -1, -1, -1, -1, -1, -1, -1, -1, -1, -1, -1, -1, -1, -1, -1, -1, -1, -1, -1, -1, -1, -1, -1, -1, -1, -1, -1, -1, -1, -1, -1, -1, -1, -1, -1, -1, -1, -1, -1, -1, -1, -1, -1, -1, -1, -1, -1, -1, -1, -1, -1, -1, -1, -1, -1, -1, -1, -1, -1, -1, -1, -1, -1, -1, -1, -1, -1, -1, -1, -1, -1, -1, -1, -1, -1, -1, -1, -1, -1, -1, -1, -1, -1, -1, -1, -1, -1, -1, -1, -1, -1, -1, -1, -1, -1, -1, -1, -1, -1, -1, -1, -1, -1, -1, -1, -1, -1, -1, -1, -1, -1, -1, -1, -1, -1, -1, -1, -1, -1, -1, -1, -1, -1, -1, -1, -1, -1, -1, -1, -1, -1, -1, -1, -1, -1, -1, -1, -1, -1, -1, -1, -1, -1, -1, -1, -1, -1, -1, -1, -1, -1, -1, -1, -1, -1, -1, -1, -1, -1, -1, -1, -1, -1, -1, -1, -1, -1, -1, -1, -1, -1, -1, -1, -1, -1, -1]"
150,22,7,0.0,None,1,237,"[{'cluster_no': -1, 'count': 237}]","[-1, -1, -1, -1, -1, -1, -1, -1, -1, -1, -1, -1, -1, -1, -1, -1, -1, -1, -1, -1, -1, -1, -1, -1, -1, -1, -1, -1, -1, -1, -1, -1, -1, -1, -1, -1, -1, -1, -1, -1, -1, -1, -1, -1, -1, -1, -1, -1, -1, -1, -1, -1, -1, -1, -1, -1, -1, -1, -1, -1, -1, -1, -1, -1, -1, -1, -1, -1, -1, -1, -1, -1, -1, -1, -1, -1, -1, -1, -1, -1, -1, -1, -1, -1, -1, -1, -1, -1, -1, -1, -1, -1, -1, -1, -1, -1, -1, -1, -1, -1, -1, -1, -1, -1, -1, -1, -1, -1, -1, -1, -1, -1, -1, -1, -1, -1, -1, -1, -1, -1, -1, -1, -1, -1, -1, -1, -1, -1, -1, -1, -1, -1, -1, -1, -1, -1, -1, -1, -1, -1, -1, -1, -1, -1, -1, -1, -1, -1, -1, -1, -1, -1, -1, -1, -1, -1, -1, -1, -1, -1, -1, -1, -1, -1, -1, -1, -1, -1, -1, -1, -1, -1, -1, -1, -1, -1, -1, -1, -1, -1, -1, -1, -1, -1, -1, -1, -1, -1, -1, -1, -1, -1, -1, -1, -1, -1, -1, -1, -1, -1, -1, -1, -1, -1, -1, -1, -1, -1, -1, -1, -1, -1, -1, -1, -1, -1, -1, -1, -1, -1, -1, -1, -1, -1, -1, -1, -1, -1, -1, -1, -1, -1, -1, -1, -1, -1, -1]"
150,22,7,0.5,None,1,237,"[{'cluster_no': -1, 'count': 237}]","[-1, -1, -1, -1, -1, -1, -1, -1, -1, -1, -1, -1, -1, -1, -1, -1, -1, -1, -1, -1, -1, -1, -1, -1, -1, -1, -1, -1, -1, -1, -1, -1, -1, -1, -1, -1, -1, -1, -1, -1, -1, -1, -1, -1, -1, -1, -1, -1, -1, -1, -1, -1, -1, -1, -1, -1, -1, -1, -1, -1, -1, -1, -1, -1, -1, -1, -1, -1, -1, -1, -1, -1, -1, -1, -1, -1, -1, -1, -1, -1, -1, -1, -1, -1, -1, -1, -1, -1, -1, -1, -1, -1, -1, -1, -1, -1, -1, -1, -1, -1, -1, -1, -1, -1, -1, -1, -1, -1, -1, -1, -1, -1, -1, -1, -1, -1, -1, -1, -1, -1, -1, -1, -1, -1, -1, -1, -1, -1, -1, -1, -1, -1, -1, -1, -1, -1, -1, -1, -1, -1, -1, -1, -1, -1, -1, -1, -1, -1, -1, -1, -1, -1, -1, -1, -1, -1, -1, -1, -1, -1, -1, -1, -1, -1, -1, -1, -1, -1, -1, -1, -1, -1, -1, -1, -1, -1, -1, -1, -1, -1, -1, -1, -1, -1, -1, -1, -1, -1, -1, -1, -1, -1, -1, -1, -1, -1, -1, -1, -1, -1, -1, -1, -1, -1, -1, -1, -1, -1, -1, -1, -1, -1, -1, -1, -1, -1, -1, -1, -1, -1, -1, -1, -1, -1, -1, -1, -1, -1, -1, -1, -1, -1, -1, -1, -1, -1, -1]"
150,22,7,1.0,None,1,237,"[{'cluster_no': -1, 'count': 237}]","[-1, -1, -1, -1, -1, -1, -1, -1, -1, -1, -1, -1, -1, -1, -1, -1, -1, -1, -1, -1, -1, -1, -1, -1, -1, -1, -1, -1, -1, -1, -1, -1, -1, -1, -1, -1, -1, -1, -1, -1, -1, -1, -1, -1, -1, -1, -1, -1, -1, -1, -1, -1, -1, -1, -1, -1, -1, -1, -1, -1, -1, -1, -1, -1, -1, -1, -1, -1, -1, -1, -1, -1, -1, -1, -1, -1, -1, -1, -1, -1, -1, -1, -1, -1, -1, -1, -1, -1, -1, -1, -1, -1, -1, -1, -1, -1, -1, -1, -1, -1, -1, -1, -1, -1, -1, -1, -1, -1, -1, -1, -1, -1, -1, -1, -1, -1, -1, -1, -1, -1, -1, -1, -1, -1, -1, -1, -1, -1, -1, -1, -1, -1, -1, -1, -1, -1, -1, -1, -1, -1, -1, -1, -1, -1, -1, -1, -1, -1, -1, -1, -1, -1, -1, -1, -1, -1, -1, -1, -1, -1, -1, -1, -1, -1, -1, -1, -1, -1, -1, -1, -1, -1, -1, -1, -1, -1, -1, -1, -1, -1, -1, -1, -1, -1, -1, -1, -1, -1, -1, -1, -1, -1, -1, -1, -1, -1, -1, -1, -1, -1, -1, -1, -1, -1, -1, -1, -1, -1, -1, -1, -1, -1, -1, -1, -1, -1, -1, -1, -1, -1, -1, -1, -1, -1, -1, -1, -1, -1, -1, -1, -1, -1, -1, -1, -1, -1, -1]"
150,22,8,0.0,None,1,237,"[{'cluster_no': -1, 'count': 237}]","[-1, -1, -1, -1, -1, -1, -1, -1, -1, -1, -1, -1, -1, -1, -1, -1, -1, -1, -1, -1, -1, -1, -1, -1, -1, -1, -1, -1, -1, -1, -1, -1, -1, -1, -1, -1, -1, -1, -1, -1, -1, -1, -1, -1, -1, -1, -1, -1, -1, -1, -1, -1, -1, -1, -1, -1, -1, -1, -1, -1, -1, -1, -1, -1, -1, -1, -1, -1, -1, -1, -1, -1, -1, -1, -1, -1, -1, -1, -1, -1, -1, -1, -1, -1, -1, -1, -1, -1, -1, -1, -1, -1, -1, -1, -1, -1, -1, -1, -1, -1, -1, -1, -1, -1, -1, -1, -1, -1, -1, -1, -1, -1, -1, -1, -1, -1, -1, -1, -1, -1, -1, -1, -1, -1, -1, -1, -1, -1, -1, -1, -1, -1, -1, -1, -1, -1, -1, -1, -1, -1, -1, -1, -1, -1, -1, -1, -1, -1, -1, -1, -1, -1, -1, -1, -1, -1, -1, -1, -1, -1, -1, -1, -1, -1, -1, -1, -1, -1, -1, -1, -1, -1, -1, -1, -1, -1, -1, -1, -1, -1, -1, -1, -1, -1, -1, -1, -1, -1, -1, -1, -1, -1, -1, -1, -1, -1, -1, -1, -1, -1, -1, -1, -1, -1, -1, -1, -1, -1, -1, -1, -1, -1, -1, -1, -1, -1, -1, -1, -1, -1, -1, -1, -1, -1, -1, -1, -1, -1, -1, -1, -1, -1, -1, -1, -1, -1, -1]"
150,22,8,0.5,None,1,237,"[{'cluster_no': -1, 'count': 237}]","[-1, -1, -1, -1, -1, -1, -1, -1, -1, -1, -1, -1, -1, -1, -1, -1, -1, -1, -1, -1, -1, -1, -1, -1, -1, -1, -1, -1, -1, -1, -1, -1, -1, -1, -1, -1, -1, -1, -1, -1, -1, -1, -1, -1, -1, -1, -1, -1, -1, -1, -1, -1, -1, -1, -1, -1, -1, -1, -1, -1, -1, -1, -1, -1, -1, -1, -1, -1, -1, -1, -1, -1, -1, -1, -1, -1, -1, -1, -1, -1, -1, -1, -1, -1, -1, -1, -1, -1, -1, -1, -1, -1, -1, -1, -1, -1, -1, -1, -1, -1, -1, -1, -1, -1, -1, -1, -1, -1, -1, -1, -1, -1, -1, -1, -1, -1, -1, -1, -1, -1, -1, -1, -1, -1, -1, -1, -1, -1, -1, -1, -1, -1, -1, -1, -1, -1, -1, -1, -1, -1, -1, -1, -1, -1, -1, -1, -1, -1, -1, -1, -1, -1, -1, -1, -1, -1, -1, -1, -1, -1, -1, -1, -1, -1, -1, -1, -1, -1, -1, -1, -1, -1, -1, -1, -1, -1, -1, -1, -1, -1, -1, -1, -1, -1, -1, -1, -1, -1, -1, -1, -1, -1, -1, -1, -1, -1, -1, -1, -1, -1, -1, -1, -1, -1, -1, -1, -1, -1, -1, -1, -1, -1, -1, -1, -1, -1, -1, -1, -1, -1, -1, -1, -1, -1, -1, -1, -1, -1, -1, -1, -1, -1, -1, -1, -1, -1, -1]"
150,22,8,1.0,None,1,237,"[{'cluster_no': -1, 'count': 237}]","[-1, -1, -1, -1, -1, -1, -1, -1, -1, -1, -1, -1, -1, -1, -1, -1, -1, -1, -1, -1, -1, -1, -1, -1, -1, -1, -1, -1, -1, -1, -1, -1, -1, -1, -1, -1, -1, -1, -1, -1, -1, -1, -1, -1, -1, -1, -1, -1, -1, -1, -1, -1, -1, -1, -1, -1, -1, -1, -1, -1, -1, -1, -1, -1, -1, -1, -1, -1, -1, -1, -1, -1, -1, -1, -1, -1, -1, -1, -1, -1, -1, -1, -1, -1, -1, -1, -1, -1, -1, -1, -1, -1, -1, -1, -1, -1, -1, -1, -1, -1, -1, -1, -1, -1, -1, -1, -1, -1, -1, -1, -1, -1, -1, -1, -1, -1, -1, -1, -1, -1, -1, -1, -1, -1, -1, -1, -1, -1, -1, -1, -1, -1, -1, -1, -1, -1, -1, -1, -1, -1, -1, -1, -1, -1, -1, -1, -1, -1, -1, -1, -1, -1, -1, -1, -1, -1, -1, -1, -1, -1, -1, -1, -1, -1, -1, -1, -1, -1, -1, -1, -1, -1, -1, -1, -1, -1, -1, -1, -1, -1, -1, -1, -1, -1, -1, -1, -1, -1, -1, -1, -1, -1, -1, -1, -1, -1, -1, -1, -1, -1, -1, -1, -1, -1, -1, -1, -1, -1, -1, -1, -1, -1, -1, -1, -1, -1, -1, -1, -1, -1, -1, -1, -1, -1, -1, -1, -1, -1, -1, -1, -1, -1, -1, -1, -1, -1, -1]"
150,22,9,0.0,None,1,237,"[{'cluster_no': -1, 'count': 237}]","[-1, -1, -1, -1, -1, -1, -1, -1, -1, -1, -1, -1, -1, -1, -1, -1, -1, -1, -1, -1, -1, -1, -1, -1, -1, -1, -1, -1, -1, -1, -1, -1, -1, -1, -1, -1, -1, -1, -1, -1, -1, -1, -1, -1, -1, -1, -1, -1, -1, -1, -1, -1, -1, -1, -1, -1, -1, -1, -1, -1, -1, -1, -1, -1, -1, -1, -1, -1, -1, -1, -1, -1, -1, -1, -1, -1, -1, -1, -1, -1, -1, -1, -1, -1, -1, -1, -1, -1, -1, -1, -1, -1, -1, -1, -1, -1, -1, -1, -1, -1, -1, -1, -1, -1, -1, -1, -1, -1, -1, -1, -1, -1, -1, -1, -1, -1, -1, -1, -1, -1, -1, -1, -1, -1, -1, -1, -1, -1, -1, -1, -1, -1, -1, -1, -1, -1, -1, -1, -1, -1, -1, -1, -1, -1, -1, -1, -1, -1, -1, -1, -1, -1, -1, -1, -1, -1, -1, -1, -1, -1, -1, -1, -1, -1, -1, -1, -1, -1, -1, -1, -1, -1, -1, -1, -1, -1, -1, -1, -1, -1, -1, -1, -1, -1, -1, -1, -1, -1, -1, -1, -1, -1, -1, -1, -1, -1, -1, -1, -1, -1, -1, -1, -1, -1, -1, -1, -1, -1, -1, -1, -1, -1, -1, -1, -1, -1, -1, -1, -1, -1, -1, -1, -1, -1, -1, -1, -1, -1, -1, -1, -1, -1, -1, -1, -1, -1, -1]"
150,22,9,0.5,None,1,237,"[{'cluster_no': -1, 'count': 237}]","[-1, -1, -1, -1, -1, -1, -1, -1, -1, -1, -1, -1, -1, -1, -1, -1, -1, -1, -1, -1, -1, -1, -1, -1, -1, -1, -1, -1, -1, -1, -1, -1, -1, -1, -1, -1, -1, -1, -1, -1, -1, -1, -1, -1, -1, -1, -1, -1, -1, -1, -1, -1, -1, -1, -1, -1, -1, -1, -1, -1, -1, -1, -1, -1, -1, -1, -1, -1, -1, -1, -1, -1, -1, -1, -1, -1, -1, -1, -1, -1, -1, -1, -1, -1, -1, -1, -1, -1, -1, -1, -1, -1, -1, -1, -1, -1, -1, -1, -1, -1, -1, -1, -1, -1, -1, -1, -1, -1, -1, -1, -1, -1, -1, -1, -1, -1, -1, -1, -1, -1, -1, -1, -1, -1, -1, -1, -1, -1, -1, -1, -1, -1, -1, -1, -1, -1, -1, -1, -1, -1, -1, -1, -1, -1, -1, -1, -1, -1, -1, -1, -1, -1, -1, -1, -1, -1, -1, -1, -1, -1, -1, -1, -1, -1, -1, -1, -1, -1, -1, -1, -1, -1, -1, -1, -1, -1, -1, -1, -1, -1, -1, -1, -1, -1, -1, -1, -1, -1, -1, -1, -1, -1, -1, -1, -1, -1, -1, -1, -1, -1, -1, -1, -1, -1, -1, -1, -1, -1, -1, -1, -1, -1, -1, -1, -1, -1, -1, -1, -1, -1, -1, -1, -1, -1, -1, -1, -1, -1, -1, -1, -1, -1, -1, -1, -1, -1, -1]"
150,22,9,1.0,None,1,237,"[{'cluster_no': -1, 'count': 237}]","[-1, -1, -1, -1, -1, -1, -1, -1, -1, -1, -1, -1, -1, -1, -1, -1, -1, -1, -1, -1, -1, -1, -1, -1, -1, -1, -1, -1, -1, -1, -1, -1, -1, -1, -1, -1, -1, -1, -1, -1, -1, -1, -1, -1, -1, -1, -1, -1, -1, -1, -1, -1, -1, -1, -1, -1, -1, -1, -1, -1, -1, -1, -1, -1, -1, -1, -1, -1, -1, -1, -1, -1, -1, -1, -1, -1, -1, -1, -1, -1, -1, -1, -1, -1, -1, -1, -1, -1, -1, -1, -1, -1, -1, -1, -1, -1, -1, -1, -1, -1, -1, -1, -1, -1, -1, -1, -1, -1, -1, -1, -1, -1, -1, -1, -1, -1, -1, -1, -1, -1, -1, -1, -1, -1, -1, -1, -1, -1, -1, -1, -1, -1, -1, -1, -1, -1, -1, -1, -1, -1, -1, -1, -1, -1, -1, -1, -1, -1, -1, -1, -1, -1, -1, -1, -1, -1, -1, -1, -1, -1, -1, -1, -1, -1, -1, -1, -1, -1, -1, -1, -1, -1, -1, -1, -1, -1, -1, -1, -1, -1, -1, -1, -1, -1, -1, -1, -1, -1, -1, -1, -1, -1, -1, -1, -1, -1, -1, -1, -1, -1, -1, -1, -1, -1, -1, -1, -1, -1, -1, -1, -1, -1, -1, -1, -1, -1, -1, -1, -1, -1, -1, -1, -1, -1, -1, -1, -1, -1, -1, -1, -1, -1, -1, -1, -1, -1, -1]"
150,22,10,0.0,None,1,237,"[{'cluster_no': -1, 'count': 237}]","[-1, -1, -1, -1, -1, -1, -1, -1, -1, -1, -1, -1, -1, -1, -1, -1, -1, -1, -1, -1, -1, -1, -1, -1, -1, -1, -1, -1, -1, -1, -1, -1, -1, -1, -1, -1, -1, -1, -1, -1, -1, -1, -1, -1, -1, -1, -1, -1, -1, -1, -1, -1, -1, -1, -1, -1, -1, -1, -1, -1, -1, -1, -1, -1, -1, -1, -1, -1, -1, -1, -1, -1, -1, -1, -1, -1, -1, -1, -1, -1, -1, -1, -1, -1, -1, -1, -1, -1, -1, -1, -1, -1, -1, -1, -1, -1, -1, -1, -1, -1, -1, -1, -1, -1, -1, -1, -1, -1, -1, -1, -1, -1, -1, -1, -1, -1, -1, -1, -1, -1, -1, -1, -1, -1, -1, -1, -1, -1, -1, -1, -1, -1, -1, -1, -1, -1, -1, -1, -1, -1, -1, -1, -1, -1, -1, -1, -1, -1, -1, -1, -1, -1, -1, -1, -1, -1, -1, -1, -1, -1, -1, -1, -1, -1, -1, -1, -1, -1, -1, -1, -1, -1, -1, -1, -1, -1, -1, -1, -1, -1, -1, -1, -1, -1, -1, -1, -1, -1, -1, -1, -1, -1, -1, -1, -1, -1, -1, -1, -1, -1, -1, -1, -1, -1, -1, -1, -1, -1, -1, -1, -1, -1, -1, -1, -1, -1, -1, -1, -1, -1, -1, -1, -1, -1, -1, -1, -1, -1, -1, -1, -1, -1, -1, -1, -1, -1, -1]"
150,22,10,0.5,None,1,237,"[{'cluster_no': -1, 'count': 237}]","[-1, -1, -1, -1, -1, -1, -1, -1, -1, -1, -1, -1, -1, -1, -1, -1, -1, -1, -1, -1, -1, -1, -1, -1, -1, -1, -1, -1, -1, -1, -1, -1, -1, -1, -1, -1, -1, -1, -1, -1, -1, -1, -1, -1, -1, -1, -1, -1, -1, -1, -1, -1, -1, -1, -1, -1, -1, -1, -1, -1, -1, -1, -1, -1, -1, -1, -1, -1, -1, -1, -1, -1, -1, -1, -1, -1, -1, -1, -1, -1, -1, -1, -1, -1, -1, -1, -1, -1, -1, -1, -1, -1, -1, -1, -1, -1, -1, -1, -1, -1, -1, -1, -1, -1, -1, -1, -1, -1, -1, -1, -1, -1, -1, -1, -1, -1, -1, -1, -1, -1, -1, -1, -1, -1, -1, -1, -1, -1, -1, -1, -1, -1, -1, -1, -1, -1, -1, -1, -1, -1, -1, -1, -1, -1, -1, -1, -1, -1, -1, -1, -1, -1, -1, -1, -1, -1, -1, -1, -1, -1, -1, -1, -1, -1, -1, -1, -1, -1, -1, -1, -1, -1, -1, -1, -1, -1, -1, -1, -1, -1, -1, -1, -1, -1, -1, -1, -1, -1, -1, -1, -1, -1, -1, -1, -1, -1, -1, -1, -1, -1, -1, -1, -1, -1, -1, -1, -1, -1, -1, -1, -1, -1, -1, -1, -1, -1, -1, -1, -1, -1, -1, -1, -1, -1, -1, -1, -1, -1, -1, -1, -1, -1, -1, -1, -1, -1, -1]"
150,22,10,1.0,None,1,237,"[{'cluster_no': -1, 'count': 237}]","[-1, -1, -1, -1, -1, -1, -1, -1, -1, -1, -1, -1, -1, -1, -1, -1, -1, -1, -1, -1, -1, -1, -1, -1, -1, -1, -1, -1, -1, -1, -1, -1, -1, -1, -1, -1, -1, -1, -1, -1, -1, -1, -1, -1, -1, -1, -1, -1, -1, -1, -1, -1, -1, -1, -1, -1, -1, -1, -1, -1, -1, -1, -1, -1, -1, -1, -1, -1, -1, -1, -1, -1, -1, -1, -1, -1, -1, -1, -1, -1, -1, -1, -1, -1, -1, -1, -1, -1, -1, -1, -1, -1, -1, -1, -1, -1, -1, -1, -1, -1, -1, -1, -1, -1, -1, -1, -1, -1, -1, -1, -1, -1, -1, -1, -1, -1, -1, -1, -1, -1, -1, -1, -1, -1, -1, -1, -1, -1, -1, -1, -1, -1, -1, -1, -1, -1, -1, -1, -1, -1, -1, -1, -1, -1, -1, -1, -1, -1, -1, -1, -1, -1, -1, -1, -1, -1, -1, -1, -1, -1, -1, -1, -1, -1, -1, -1, -1, -1, -1, -1, -1, -1, -1, -1, -1, -1, -1, -1, -1, -1, -1, -1, -1, -1, -1, -1, -1, -1, -1, -1, -1, -1, -1, -1, -1, -1, -1, -1, -1, -1, -1, -1, -1, -1, -1, -1, -1, -1, -1, -1, -1, -1, -1, -1, -1, -1, -1, -1, -1, -1, -1, -1, -1, -1, -1, -1, -1, -1, -1, -1, -1, -1, -1, -1, -1, -1, -1]"
150,22,11,0.0,None,1,237,"[{'cluster_no': -1, 'count': 237}]","[-1, -1, -1, -1, -1, -1, -1, -1, -1, -1, -1, -1, -1, -1, -1, -1, -1, -1, -1, -1, -1, -1, -1, -1, -1, -1, -1, -1, -1, -1, -1, -1, -1, -1, -1, -1, -1, -1, -1, -1, -1, -1, -1, -1, -1, -1, -1, -1, -1, -1, -1, -1, -1, -1, -1, -1, -1, -1, -1, -1, -1, -1, -1, -1, -1, -1, -1, -1, -1, -1, -1, -1, -1, -1, -1, -1, -1, -1, -1, -1, -1, -1, -1, -1, -1, -1, -1, -1, -1, -1, -1, -1, -1, -1, -1, -1, -1, -1, -1, -1, -1, -1, -1, -1, -1, -1, -1, -1, -1, -1, -1, -1, -1, -1, -1, -1, -1, -1, -1, -1, -1, -1, -1, -1, -1, -1, -1, -1, -1, -1, -1, -1, -1, -1, -1, -1, -1, -1, -1, -1, -1, -1, -1, -1, -1, -1, -1, -1, -1, -1, -1, -1, -1, -1, -1, -1, -1, -1, -1, -1, -1, -1, -1, -1, -1, -1, -1, -1, -1, -1, -1, -1, -1, -1, -1, -1, -1, -1, -1, -1, -1, -1, -1, -1, -1, -1, -1, -1, -1, -1, -1, -1, -1, -1, -1, -1, -1, -1, -1, -1, -1, -1, -1, -1, -1, -1, -1, -1, -1, -1, -1, -1, -1, -1, -1, -1, -1, -1, -1, -1, -1, -1, -1, -1, -1, -1, -1, -1, -1, -1, -1, -1, -1, -1, -1, -1, -1]"
150,22,11,0.5,None,1,237,"[{'cluster_no': -1, 'count': 237}]","[-1, -1, -1, -1, -1, -1, -1, -1, -1, -1, -1, -1, -1, -1, -1, -1, -1, -1, -1, -1, -1, -1, -1, -1, -1, -1, -1, -1, -1, -1, -1, -1, -1, -1, -1, -1, -1, -1, -1, -1, -1, -1, -1, -1, -1, -1, -1, -1, -1, -1, -1, -1, -1, -1, -1, -1, -1, -1, -1, -1, -1, -1, -1, -1, -1, -1, -1, -1, -1, -1, -1, -1, -1, -1, -1, -1, -1, -1, -1, -1, -1, -1, -1, -1, -1, -1, -1, -1, -1, -1, -1, -1, -1, -1, -1, -1, -1, -1, -1, -1, -1, -1, -1, -1, -1, -1, -1, -1, -1, -1, -1, -1, -1, -1, -1, -1, -1, -1, -1, -1, -1, -1, -1, -1, -1, -1, -1, -1, -1, -1, -1, -1, -1, -1, -1, -1, -1, -1, -1, -1, -1, -1, -1, -1, -1, -1, -1, -1, -1, -1, -1, -1, -1, -1, -1, -1, -1, -1, -1, -1, -1, -1, -1, -1, -1, -1, -1, -1, -1, -1, -1, -1, -1, -1, -1, -1, -1, -1, -1, -1, -1, -1, -1, -1, -1, -1, -1, -1, -1, -1, -1, -1, -1, -1, -1, -1, -1, -1, -1, -1, -1, -1, -1, -1, -1, -1, -1, -1, -1, -1, -1, -1, -1, -1, -1, -1, -1, -1, -1, -1, -1, -1, -1, -1, -1, -1, -1, -1, -1, -1, -1, -1, -1, -1, -1, -1, -1]"
150,22,11,1.0,None,1,237,"[{'cluster_no': -1, 'count': 237}]","[-1, -1, -1, -1, -1, -1, -1, -1, -1, -1, -1, -1, -1, -1, -1, -1, -1, -1, -1, -1, -1, -1, -1, -1, -1, -1, -1, -1, -1, -1, -1, -1, -1, -1, -1, -1, -1, -1, -1, -1, -1, -1, -1, -1, -1, -1, -1, -1, -1, -1, -1, -1, -1, -1, -1, -1, -1, -1, -1, -1, -1, -1, -1, -1, -1, -1, -1, -1, -1, -1, -1, -1, -1, -1, -1, -1, -1, -1, -1, -1, -1, -1, -1, -1, -1, -1, -1, -1, -1, -1, -1, -1, -1, -1, -1, -1, -1, -1, -1, -1, -1, -1, -1, -1, -1, -1, -1, -1, -1, -1, -1, -1, -1, -1, -1, -1, -1, -1, -1, -1, -1, -1, -1, -1, -1, -1, -1, -1, -1, -1, -1, -1, -1, -1, -1, -1, -1, -1, -1, -1, -1, -1, -1, -1, -1, -1, -1, -1, -1, -1, -1, -1, -1, -1, -1, -1, -1, -1, -1, -1, -1, -1, -1, -1, -1, -1, -1, -1, -1, -1, -1, -1, -1, -1, -1, -1, -1, -1, -1, -1, -1, -1, -1, -1, -1, -1, -1, -1, -1, -1, -1, -1, -1, -1, -1, -1, -1, -1, -1, -1, -1, -1, -1, -1, -1, -1, -1, -1, -1, -1, -1, -1, -1, -1, -1, -1, -1, -1, -1, -1, -1, -1, -1, -1, -1, -1, -1, -1, -1, -1, -1, -1, -1, -1, -1, -1, -1]"
150,22,12,0.0,None,1,237,"[{'cluster_no': -1, 'count': 237}]","[-1, -1, -1, -1, -1, -1, -1, -1, -1, -1, -1, -1, -1, -1, -1, -1, -1, -1, -1, -1, -1, -1, -1, -1, -1, -1, -1, -1, -1, -1, -1, -1, -1, -1, -1, -1, -1, -1, -1, -1, -1, -1, -1, -1, -1, -1, -1, -1, -1, -1, -1, -1, -1, -1, -1, -1, -1, -1, -1, -1, -1, -1, -1, -1, -1, -1, -1, -1, -1, -1, -1, -1, -1, -1, -1, -1, -1, -1, -1, -1, -1, -1, -1, -1, -1, -1, -1, -1, -1, -1, -1, -1, -1, -1, -1, -1, -1, -1, -1, -1, -1, -1, -1, -1, -1, -1, -1, -1, -1, -1, -1, -1, -1, -1, -1, -1, -1, -1, -1, -1, -1, -1, -1, -1, -1, -1, -1, -1, -1, -1, -1, -1, -1, -1, -1, -1, -1, -1, -1, -1, -1, -1, -1, -1, -1, -1, -1, -1, -1, -1, -1, -1, -1, -1, -1, -1, -1, -1, -1, -1, -1, -1, -1, -1, -1, -1, -1, -1, -1, -1, -1, -1, -1, -1, -1, -1, -1, -1, -1, -1, -1, -1, -1, -1, -1, -1, -1, -1, -1, -1, -1, -1, -1, -1, -1, -1, -1, -1, -1, -1, -1, -1, -1, -1, -1, -1, -1, -1, -1, -1, -1, -1, -1, -1, -1, -1, -1, -1, -1, -1, -1, -1, -1, -1, -1, -1, -1, -1, -1, -1, -1, -1, -1, -1, -1, -1, -1]"
150,22,12,0.5,None,1,237,"[{'cluster_no': -1, 'count': 237}]","[-1, -1, -1, -1, -1, -1, -1, -1, -1, -1, -1, -1, -1, -1, -1, -1, -1, -1, -1, -1, -1, -1, -1, -1, -1, -1, -1, -1, -1, -1, -1, -1, -1, -1, -1, -1, -1, -1, -1, -1, -1, -1, -1, -1, -1, -1, -1, -1, -1, -1, -1, -1, -1, -1, -1, -1, -1, -1, -1, -1, -1, -1, -1, -1, -1, -1, -1, -1, -1, -1, -1, -1, -1, -1, -1, -1, -1, -1, -1, -1, -1, -1, -1, -1, -1, -1, -1, -1, -1, -1, -1, -1, -1, -1, -1, -1, -1, -1, -1, -1, -1, -1, -1, -1, -1, -1, -1, -1, -1, -1, -1, -1, -1, -1, -1, -1, -1, -1, -1, -1, -1, -1, -1, -1, -1, -1, -1, -1, -1, -1, -1, -1, -1, -1, -1, -1, -1, -1, -1, -1, -1, -1, -1, -1, -1, -1, -1, -1, -1, -1, -1, -1, -1, -1, -1, -1, -1, -1, -1, -1, -1, -1, -1, -1, -1, -1, -1, -1, -1, -1, -1, -1, -1, -1, -1, -1, -1, -1, -1, -1, -1, -1, -1, -1, -1, -1, -1, -1, -1, -1, -1, -1, -1, -1, -1, -1, -1, -1, -1, -1, -1, -1, -1, -1, -1, -1, -1, -1, -1, -1, -1, -1, -1, -1, -1, -1, -1, -1, -1, -1, -1, -1, -1, -1, -1, -1, -1, -1, -1, -1, -1, -1, -1, -1, -1, -1, -1]"
150,22,12,1.0,None,1,237,"[{'cluster_no': -1, 'count': 237}]","[-1, -1, -1, -1, -1, -1, -1, -1, -1, -1, -1, -1, -1, -1, -1, -1, -1, -1, -1, -1, -1, -1, -1, -1, -1, -1, -1, -1, -1, -1, -1, -1, -1, -1, -1, -1, -1, -1, -1, -1, -1, -1, -1, -1, -1, -1, -1, -1, -1, -1, -1, -1, -1, -1, -1, -1, -1, -1, -1, -1, -1, -1, -1, -1, -1, -1, -1, -1, -1, -1, -1, -1, -1, -1, -1, -1, -1, -1, -1, -1, -1, -1, -1, -1, -1, -1, -1, -1, -1, -1, -1, -1, -1, -1, -1, -1, -1, -1, -1, -1, -1, -1, -1, -1, -1, -1, -1, -1, -1, -1, -1, -1, -1, -1, -1, -1, -1, -1, -1, -1, -1, -1, -1, -1, -1, -1, -1, -1, -1, -1, -1, -1, -1, -1, -1, -1, -1, -1, -1, -1, -1, -1, -1, -1, -1, -1, -1, -1, -1, -1, -1, -1, -1, -1, -1, -1, -1, -1, -1, -1, -1, -1, -1, -1, -1, -1, -1, -1, -1, -1, -1, -1, -1, -1, -1, -1, -1, -1, -1, -1, -1, -1, -1, -1, -1, -1, -1, -1, -1, -1, -1, -1, -1, -1, -1, -1, -1, -1, -1, -1, -1, -1, -1, -1, -1, -1, -1, -1, -1, -1, -1, -1, -1, -1, -1, -1, -1, -1, -1, -1, -1, -1, -1, -1, -1, -1, -1, -1, -1, -1, -1, -1, -1, -1, -1, -1, -1]"
150,22,13,0.0,None,1,237,"[{'cluster_no': -1, 'count': 237}]","[-1, -1, -1, -1, -1, -1, -1, -1, -1, -1, -1, -1, -1, -1, -1, -1, -1, -1, -1, -1, -1, -1, -1, -1, -1, -1, -1, -1, -1, -1, -1, -1, -1, -1, -1, -1, -1, -1, -1, -1, -1, -1, -1, -1, -1, -1, -1, -1, -1, -1, -1, -1, -1, -1, -1, -1, -1, -1, -1, -1, -1, -1, -1, -1, -1, -1, -1, -1, -1, -1, -1, -1, -1, -1, -1, -1, -1, -1, -1, -1, -1, -1, -1, -1, -1, -1, -1, -1, -1, -1, -1, -1, -1, -1, -1, -1, -1, -1, -1, -1, -1, -1, -1, -1, -1, -1, -1, -1, -1, -1, -1, -1, -1, -1, -1, -1, -1, -1, -1, -1, -1, -1, -1, -1, -1, -1, -1, -1, -1, -1, -1, -1, -1, -1, -1, -1, -1, -1, -1, -1, -1, -1, -1, -1, -1, -1, -1, -1, -1, -1, -1, -1, -1, -1, -1, -1, -1, -1, -1, -1, -1, -1, -1, -1, -1, -1, -1, -1, -1, -1, -1, -1, -1, -1, -1, -1, -1, -1, -1, -1, -1, -1, -1, -1, -1, -1, -1, -1, -1, -1, -1, -1, -1, -1, -1, -1, -1, -1, -1, -1, -1, -1, -1, -1, -1, -1, -1, -1, -1, -1, -1, -1, -1, -1, -1, -1, -1, -1, -1, -1, -1, -1, -1, -1, -1, -1, -1, -1, -1, -1, -1, -1, -1, -1, -1, -1, -1]"
150,22,13,0.5,None,1,237,"[{'cluster_no': -1, 'count': 237}]","[-1, -1, -1, -1, -1, -1, -1, -1, -1, -1, -1, -1, -1, -1, -1, -1, -1, -1, -1, -1, -1, -1, -1, -1, -1, -1, -1, -1, -1, -1, -1, -1, -1, -1, -1, -1, -1, -1, -1, -1, -1, -1, -1, -1, -1, -1, -1, -1, -1, -1, -1, -1, -1, -1, -1, -1, -1, -1, -1, -1, -1, -1, -1, -1, -1, -1, -1, -1, -1, -1, -1, -1, -1, -1, -1, -1, -1, -1, -1, -1, -1, -1, -1, -1, -1, -1, -1, -1, -1, -1, -1, -1, -1, -1, -1, -1, -1, -1, -1, -1, -1, -1, -1, -1, -1, -1, -1, -1, -1, -1, -1, -1, -1, -1, -1, -1, -1, -1, -1, -1, -1, -1, -1, -1, -1, -1, -1, -1, -1, -1, -1, -1, -1, -1, -1, -1, -1, -1, -1, -1, -1, -1, -1, -1, -1, -1, -1, -1, -1, -1, -1, -1, -1, -1, -1, -1, -1, -1, -1, -1, -1, -1, -1, -1, -1, -1, -1, -1, -1, -1, -1, -1, -1, -1, -1, -1, -1, -1, -1, -1, -1, -1, -1, -1, -1, -1, -1, -1, -1, -1, -1, -1, -1, -1, -1, -1, -1, -1, -1, -1, -1, -1, -1, -1, -1, -1, -1, -1, -1, -1, -1, -1, -1, -1, -1, -1, -1, -1, -1, -1, -1, -1, -1, -1, -1, -1, -1, -1, -1, -1, -1, -1, -1, -1, -1, -1, -1]"
150,22,13,1.0,None,1,237,"[{'cluster_no': -1, 'count': 237}]","[-1, -1, -1, -1, -1, -1, -1, -1, -1, -1, -1, -1, -1, -1, -1, -1, -1, -1, -1, -1, -1, -1, -1, -1, -1, -1, -1, -1, -1, -1, -1, -1, -1, -1, -1, -1, -1, -1, -1, -1, -1, -1, -1, -1, -1, -1, -1, -1, -1, -1, -1, -1, -1, -1, -1, -1, -1, -1, -1, -1, -1, -1, -1, -1, -1, -1, -1, -1, -1, -1, -1, -1, -1, -1, -1, -1, -1, -1, -1, -1, -1, -1, -1, -1, -1, -1, -1, -1, -1, -1, -1, -1, -1, -1, -1, -1, -1, -1, -1, -1, -1, -1, -1, -1, -1, -1, -1, -1, -1, -1, -1, -1, -1, -1, -1, -1, -1, -1, -1, -1, -1, -1, -1, -1, -1, -1, -1, -1, -1, -1, -1, -1, -1, -1, -1, -1, -1, -1, -1, -1, -1, -1, -1, -1, -1, -1, -1, -1, -1, -1, -1, -1, -1, -1, -1, -1, -1, -1, -1, -1, -1, -1, -1, -1, -1, -1, -1, -1, -1, -1, -1, -1, -1, -1, -1, -1, -1, -1, -1, -1, -1, -1, -1, -1, -1, -1, -1, -1, -1, -1, -1, -1, -1, -1, -1, -1, -1, -1, -1, -1, -1, -1, -1, -1, -1, -1, -1, -1, -1, -1, -1, -1, -1, -1, -1, -1, -1, -1, -1, -1, -1, -1, -1, -1, -1, -1, -1, -1, -1, -1, -1, -1, -1, -1, -1, -1, -1]"
150,22,14,0.0,None,1,237,"[{'cluster_no': -1, 'count': 237}]","[-1, -1, -1, -1, -1, -1, -1, -1, -1, -1, -1, -1, -1, -1, -1, -1, -1, -1, -1, -1, -1, -1, -1, -1, -1, -1, -1, -1, -1, -1, -1, -1, -1, -1, -1, -1, -1, -1, -1, -1, -1, -1, -1, -1, -1, -1, -1, -1, -1, -1, -1, -1, -1, -1, -1, -1, -1, -1, -1, -1, -1, -1, -1, -1, -1, -1, -1, -1, -1, -1, -1, -1, -1, -1, -1, -1, -1, -1, -1, -1, -1, -1, -1, -1, -1, -1, -1, -1, -1, -1, -1, -1, -1, -1, -1, -1, -1, -1, -1, -1, -1, -1, -1, -1, -1, -1, -1, -1, -1, -1, -1, -1, -1, -1, -1, -1, -1, -1, -1, -1, -1, -1, -1, -1, -1, -1, -1, -1, -1, -1, -1, -1, -1, -1, -1, -1, -1, -1, -1, -1, -1, -1, -1, -1, -1, -1, -1, -1, -1, -1, -1, -1, -1, -1, -1, -1, -1, -1, -1, -1, -1, -1, -1, -1, -1, -1, -1, -1, -1, -1, -1, -1, -1, -1, -1, -1, -1, -1, -1, -1, -1, -1, -1, -1, -1, -1, -1, -1, -1, -1, -1, -1, -1, -1, -1, -1, -1, -1, -1, -1, -1, -1, -1, -1, -1, -1, -1, -1, -1, -1, -1, -1, -1, -1, -1, -1, -1, -1, -1, -1, -1, -1, -1, -1, -1, -1, -1, -1, -1, -1, -1, -1, -1, -1, -1, -1, -1]"
150,22,14,0.5,None,1,237,"[{'cluster_no': -1, 'count': 237}]","[-1, -1, -1, -1, -1, -1, -1, -1, -1, -1, -1, -1, -1, -1, -1, -1, -1, -1, -1, -1, -1, -1, -1, -1, -1, -1, -1, -1, -1, -1, -1, -1, -1, -1, -1, -1, -1, -1, -1, -1, -1, -1, -1, -1, -1, -1, -1, -1, -1, -1, -1, -1, -1, -1, -1, -1, -1, -1, -1, -1, -1, -1, -1, -1, -1, -1, -1, -1, -1, -1, -1, -1, -1, -1, -1, -1, -1, -1, -1, -1, -1, -1, -1, -1, -1, -1, -1, -1, -1, -1, -1, -1, -1, -1, -1, -1, -1, -1, -1, -1, -1, -1, -1, -1, -1, -1, -1, -1, -1, -1, -1, -1, -1, -1, -1, -1, -1, -1, -1, -1, -1, -1, -1, -1, -1, -1, -1, -1, -1, -1, -1, -1, -1, -1, -1, -1, -1, -1, -1, -1, -1, -1, -1, -1, -1, -1, -1, -1, -1, -1, -1, -1, -1, -1, -1, -1, -1, -1, -1, -1, -1, -1, -1, -1, -1, -1, -1, -1, -1, -1, -1, -1, -1, -1, -1, -1, -1, -1, -1, -1, -1, -1, -1, -1, -1, -1, -1, -1, -1, -1, -1, -1, -1, -1, -1, -1, -1, -1, -1, -1, -1, -1, -1, -1, -1, -1, -1, -1, -1, -1, -1, -1, -1, -1, -1, -1, -1, -1, -1, -1, -1, -1, -1, -1, -1, -1, -1, -1, -1, -1, -1, -1, -1, -1, -1, -1, -1]"
150,22,14,1.0,None,1,237,"[{'cluster_no': -1, 'count': 237}]","[-1, -1, -1, -1, -1, -1, -1, -1, -1, -1, -1, -1, -1, -1, -1, -1, -1, -1, -1, -1, -1, -1, -1, -1, -1, -1, -1, -1, -1, -1, -1, -1, -1, -1, -1, -1, -1, -1, -1, -1, -1, -1, -1, -1, -1, -1, -1, -1, -1, -1, -1, -1, -1, -1, -1, -1, -1, -1, -1, -1, -1, -1, -1, -1, -1, -1, -1, -1, -1, -1, -1, -1, -1, -1, -1, -1, -1, -1, -1, -1, -1, -1, -1, -1, -1, -1, -1, -1, -1, -1, -1, -1, -1, -1, -1, -1, -1, -1, -1, -1, -1, -1, -1, -1, -1, -1, -1, -1, -1, -1, -1, -1, -1, -1, -1, -1, -1, -1, -1, -1, -1, -1, -1, -1, -1, -1, -1, -1, -1, -1, -1, -1, -1, -1, -1, -1, -1, -1, -1, -1, -1, -1, -1, -1, -1, -1, -1, -1, -1, -1, -1, -1, -1, -1, -1, -1, -1, -1, -1, -1, -1, -1, -1, -1, -1, -1, -1, -1, -1, -1, -1, -1, -1, -1, -1, -1, -1, -1, -1, -1, -1, -1, -1, -1, -1, -1, -1, -1, -1, -1, -1, -1, -1, -1, -1, -1, -1, -1, -1, -1, -1, -1, -1, -1, -1, -1, -1, -1, -1, -1, -1, -1, -1, -1, -1, -1, -1, -1, -1, -1, -1, -1, -1, -1, -1, -1, -1, -1, -1, -1, -1, -1, -1, -1, -1, -1, -1]"
150,22,15,0.0,None,1,237,"[{'cluster_no': -1, 'count': 237}]","[-1, -1, -1, -1, -1, -1, -1, -1, -1, -1, -1, -1, -1, -1, -1, -1, -1, -1, -1, -1, -1, -1, -1, -1, -1, -1, -1, -1, -1, -1, -1, -1, -1, -1, -1, -1, -1, -1, -1, -1, -1, -1, -1, -1, -1, -1, -1, -1, -1, -1, -1, -1, -1, -1, -1, -1, -1, -1, -1, -1, -1, -1, -1, -1, -1, -1, -1, -1, -1, -1, -1, -1, -1, -1, -1, -1, -1, -1, -1, -1, -1, -1, -1, -1, -1, -1, -1, -1, -1, -1, -1, -1, -1, -1, -1, -1, -1, -1, -1, -1, -1, -1, -1, -1, -1, -1, -1, -1, -1, -1, -1, -1, -1, -1, -1, -1, -1, -1, -1, -1, -1, -1, -1, -1, -1, -1, -1, -1, -1, -1, -1, -1, -1, -1, -1, -1, -1, -1, -1, -1, -1, -1, -1, -1, -1, -1, -1, -1, -1, -1, -1, -1, -1, -1, -1, -1, -1, -1, -1, -1, -1, -1, -1, -1, -1, -1, -1, -1, -1, -1, -1, -1, -1, -1, -1, -1, -1, -1, -1, -1, -1, -1, -1, -1, -1, -1, -1, -1, -1, -1, -1, -1, -1, -1, -1, -1, -1, -1, -1, -1, -1, -1, -1, -1, -1, -1, -1, -1, -1, -1, -1, -1, -1, -1, -1, -1, -1, -1, -1, -1, -1, -1, -1, -1, -1, -1, -1, -1, -1, -1, -1, -1, -1, -1, -1, -1, -1]"
150,22,15,0.5,None,1,237,"[{'cluster_no': -1, 'count': 237}]","[-1, -1, -1, -1, -1, -1, -1, -1, -1, -1, -1, -1, -1, -1, -1, -1, -1, -1, -1, -1, -1, -1, -1, -1, -1, -1, -1, -1, -1, -1, -1, -1, -1, -1, -1, -1, -1, -1, -1, -1, -1, -1, -1, -1, -1, -1, -1, -1, -1, -1, -1, -1, -1, -1, -1, -1, -1, -1, -1, -1, -1, -1, -1, -1, -1, -1, -1, -1, -1, -1, -1, -1, -1, -1, -1, -1, -1, -1, -1, -1, -1, -1, -1, -1, -1, -1, -1, -1, -1, -1, -1, -1, -1, -1, -1, -1, -1, -1, -1, -1, -1, -1, -1, -1, -1, -1, -1, -1, -1, -1, -1, -1, -1, -1, -1, -1, -1, -1, -1, -1, -1, -1, -1, -1, -1, -1, -1, -1, -1, -1, -1, -1, -1, -1, -1, -1, -1, -1, -1, -1, -1, -1, -1, -1, -1, -1, -1, -1, -1, -1, -1, -1, -1, -1, -1, -1, -1, -1, -1, -1, -1, -1, -1, -1, -1, -1, -1, -1, -1, -1, -1, -1, -1, -1, -1, -1, -1, -1, -1, -1, -1, -1, -1, -1, -1, -1, -1, -1, -1, -1, -1, -1, -1, -1, -1, -1, -1, -1, -1, -1, -1, -1, -1, -1, -1, -1, -1, -1, -1, -1, -1, -1, -1, -1, -1, -1, -1, -1, -1, -1, -1, -1, -1, -1, -1, -1, -1, -1, -1, -1, -1, -1, -1, -1, -1, -1, -1]"
150,22,15,1.0,None,1,237,"[{'cluster_no': -1, 'count': 237}]","[-1, -1, -1, -1, -1, -1, -1, -1, -1, -1, -1, -1, -1, -1, -1, -1, -1, -1, -1, -1, -1, -1, -1, -1, -1, -1, -1, -1, -1, -1, -1, -1, -1, -1, -1, -1, -1, -1, -1, -1, -1, -1, -1, -1, -1, -1, -1, -1, -1, -1, -1, -1, -1, -1, -1, -1, -1, -1, -1, -1, -1, -1, -1, -1, -1, -1, -1, -1, -1, -1, -1, -1, -1, -1, -1, -1, -1, -1, -1, -1, -1, -1, -1, -1, -1, -1, -1, -1, -1, -1, -1, -1, -1, -1, -1, -1, -1, -1, -1, -1, -1, -1, -1, -1, -1, -1, -1, -1, -1, -1, -1, -1, -1, -1, -1, -1, -1, -1, -1, -1, -1, -1, -1, -1, -1, -1, -1, -1, -1, -1, -1, -1, -1, -1, -1, -1, -1, -1, -1, -1, -1, -1, -1, -1, -1, -1, -1, -1, -1, -1, -1, -1, -1, -1, -1, -1, -1, -1, -1, -1, -1, -1, -1, -1, -1, -1, -1, -1, -1, -1, -1, -1, -1, -1, -1, -1, -1, -1, -1, -1, -1, -1, -1, -1, -1, -1, -1, -1, -1, -1, -1, -1, -1, -1, -1, -1, -1, -1, -1, -1, -1, -1, -1, -1, -1, -1, -1, -1, -1, -1, -1, -1, -1, -1, -1, -1, -1, -1, -1, -1, -1, -1, -1, -1, -1, -1, -1, -1, -1, -1, -1, -1, -1, -1, -1, -1, -1]"
150,22,16,0.0,None,1,237,"[{'cluster_no': -1, 'count': 237}]","[-1, -1, -1, -1, -1, -1, -1, -1, -1, -1, -1, -1, -1, -1, -1, -1, -1, -1, -1, -1, -1, -1, -1, -1, -1, -1, -1, -1, -1, -1, -1, -1, -1, -1, -1, -1, -1, -1, -1, -1, -1, -1, -1, -1, -1, -1, -1, -1, -1, -1, -1, -1, -1, -1, -1, -1, -1, -1, -1, -1, -1, -1, -1, -1, -1, -1, -1, -1, -1, -1, -1, -1, -1, -1, -1, -1, -1, -1, -1, -1, -1, -1, -1, -1, -1, -1, -1, -1, -1, -1, -1, -1, -1, -1, -1, -1, -1, -1, -1, -1, -1, -1, -1, -1, -1, -1, -1, -1, -1, -1, -1, -1, -1, -1, -1, -1, -1, -1, -1, -1, -1, -1, -1, -1, -1, -1, -1, -1, -1, -1, -1, -1, -1, -1, -1, -1, -1, -1, -1, -1, -1, -1, -1, -1, -1, -1, -1, -1, -1, -1, -1, -1, -1, -1, -1, -1, -1, -1, -1, -1, -1, -1, -1, -1, -1, -1, -1, -1, -1, -1, -1, -1, -1, -1, -1, -1, -1, -1, -1, -1, -1, -1, -1, -1, -1, -1, -1, -1, -1, -1, -1, -1, -1, -1, -1, -1, -1, -1, -1, -1, -1, -1, -1, -1, -1, -1, -1, -1, -1, -1, -1, -1, -1, -1, -1, -1, -1, -1, -1, -1, -1, -1, -1, -1, -1, -1, -1, -1, -1, -1, -1, -1, -1, -1, -1, -1, -1]"
150,22,16,0.5,None,1,237,"[{'cluster_no': -1, 'count': 237}]","[-1, -1, -1, -1, -1, -1, -1, -1, -1, -1, -1, -1, -1, -1, -1, -1, -1, -1, -1, -1, -1, -1, -1, -1, -1, -1, -1, -1, -1, -1, -1, -1, -1, -1, -1, -1, -1, -1, -1, -1, -1, -1, -1, -1, -1, -1, -1, -1, -1, -1, -1, -1, -1, -1, -1, -1, -1, -1, -1, -1, -1, -1, -1, -1, -1, -1, -1, -1, -1, -1, -1, -1, -1, -1, -1, -1, -1, -1, -1, -1, -1, -1, -1, -1, -1, -1, -1, -1, -1, -1, -1, -1, -1, -1, -1, -1, -1, -1, -1, -1, -1, -1, -1, -1, -1, -1, -1, -1, -1, -1, -1, -1, -1, -1, -1, -1, -1, -1, -1, -1, -1, -1, -1, -1, -1, -1, -1, -1, -1, -1, -1, -1, -1, -1, -1, -1, -1, -1, -1, -1, -1, -1, -1, -1, -1, -1, -1, -1, -1, -1, -1, -1, -1, -1, -1, -1, -1, -1, -1, -1, -1, -1, -1, -1, -1, -1, -1, -1, -1, -1, -1, -1, -1, -1, -1, -1, -1, -1, -1, -1, -1, -1, -1, -1, -1, -1, -1, -1, -1, -1, -1, -1, -1, -1, -1, -1, -1, -1, -1, -1, -1, -1, -1, -1, -1, -1, -1, -1, -1, -1, -1, -1, -1, -1, -1, -1, -1, -1, -1, -1, -1, -1, -1, -1, -1, -1, -1, -1, -1, -1, -1, -1, -1, -1, -1, -1, -1]"
150,22,16,1.0,None,1,237,"[{'cluster_no': -1, 'count': 237}]","[-1, -1, -1, -1, -1, -1, -1, -1, -1, -1, -1, -1, -1, -1, -1, -1, -1, -1, -1, -1, -1, -1, -1, -1, -1, -1, -1, -1, -1, -1, -1, -1, -1, -1, -1, -1, -1, -1, -1, -1, -1, -1, -1, -1, -1, -1, -1, -1, -1, -1, -1, -1, -1, -1, -1, -1, -1, -1, -1, -1, -1, -1, -1, -1, -1, -1, -1, -1, -1, -1, -1, -1, -1, -1, -1, -1, -1, -1, -1, -1, -1, -1, -1, -1, -1, -1, -1, -1, -1, -1, -1, -1, -1, -1, -1, -1, -1, -1, -1, -1, -1, -1, -1, -1, -1, -1, -1, -1, -1, -1, -1, -1, -1, -1, -1, -1, -1, -1, -1, -1, -1, -1, -1, -1, -1, -1, -1, -1, -1, -1, -1, -1, -1, -1, -1, -1, -1, -1, -1, -1, -1, -1, -1, -1, -1, -1, -1, -1, -1, -1, -1, -1, -1, -1, -1, -1, -1, -1, -1, -1, -1, -1, -1, -1, -1, -1, -1, -1, -1, -1, -1, -1, -1, -1, -1, -1, -1, -1, -1, -1, -1, -1, -1, -1, -1, -1, -1, -1, -1, -1, -1, -1, -1, -1, -1, -1, -1, -1, -1, -1, -1, -1, -1, -1, -1, -1, -1, -1, -1, -1, -1, -1, -1, -1, -1, -1, -1, -1, -1, -1, -1, -1, -1, -1, -1, -1, -1, -1, -1, -1, -1, -1, -1, -1, -1, -1, -1]"
150,22,17,0.0,None,1,237,"[{'cluster_no': -1, 'count': 237}]","[-1, -1, -1, -1, -1, -1, -1, -1, -1, -1, -1, -1, -1, -1, -1, -1, -1, -1, -1, -1, -1, -1, -1, -1, -1, -1, -1, -1, -1, -1, -1, -1, -1, -1, -1, -1, -1, -1, -1, -1, -1, -1, -1, -1, -1, -1, -1, -1, -1, -1, -1, -1, -1, -1, -1, -1, -1, -1, -1, -1, -1, -1, -1, -1, -1, -1, -1, -1, -1, -1, -1, -1, -1, -1, -1, -1, -1, -1, -1, -1, -1, -1, -1, -1, -1, -1, -1, -1, -1, -1, -1, -1, -1, -1, -1, -1, -1, -1, -1, -1, -1, -1, -1, -1, -1, -1, -1, -1, -1, -1, -1, -1, -1, -1, -1, -1, -1, -1, -1, -1, -1, -1, -1, -1, -1, -1, -1, -1, -1, -1, -1, -1, -1, -1, -1, -1, -1, -1, -1, -1, -1, -1, -1, -1, -1, -1, -1, -1, -1, -1, -1, -1, -1, -1, -1, -1, -1, -1, -1, -1, -1, -1, -1, -1, -1, -1, -1, -1, -1, -1, -1, -1, -1, -1, -1, -1, -1, -1, -1, -1, -1, -1, -1, -1, -1, -1, -1, -1, -1, -1, -1, -1, -1, -1, -1, -1, -1, -1, -1, -1, -1, -1, -1, -1, -1, -1, -1, -1, -1, -1, -1, -1, -1, -1, -1, -1, -1, -1, -1, -1, -1, -1, -1, -1, -1, -1, -1, -1, -1, -1, -1, -1, -1, -1, -1, -1, -1]"
150,22,17,0.5,None,1,237,"[{'cluster_no': -1, 'count': 237}]","[-1, -1, -1, -1, -1, -1, -1, -1, -1, -1, -1, -1, -1, -1, -1, -1, -1, -1, -1, -1, -1, -1, -1, -1, -1, -1, -1, -1, -1, -1, -1, -1, -1, -1, -1, -1, -1, -1, -1, -1, -1, -1, -1, -1, -1, -1, -1, -1, -1, -1, -1, -1, -1, -1, -1, -1, -1, -1, -1, -1, -1, -1, -1, -1, -1, -1, -1, -1, -1, -1, -1, -1, -1, -1, -1, -1, -1, -1, -1, -1, -1, -1, -1, -1, -1, -1, -1, -1, -1, -1, -1, -1, -1, -1, -1, -1, -1, -1, -1, -1, -1, -1, -1, -1, -1, -1, -1, -1, -1, -1, -1, -1, -1, -1, -1, -1, -1, -1, -1, -1, -1, -1, -1, -1, -1, -1, -1, -1, -1, -1, -1, -1, -1, -1, -1, -1, -1, -1, -1, -1, -1, -1, -1, -1, -1, -1, -1, -1, -1, -1, -1, -1, -1, -1, -1, -1, -1, -1, -1, -1, -1, -1, -1, -1, -1, -1, -1, -1, -1, -1, -1, -1, -1, -1, -1, -1, -1, -1, -1, -1, -1, -1, -1, -1, -1, -1, -1, -1, -1, -1, -1, -1, -1, -1, -1, -1, -1, -1, -1, -1, -1, -1, -1, -1, -1, -1, -1, -1, -1, -1, -1, -1, -1, -1, -1, -1, -1, -1, -1, -1, -1, -1, -1, -1, -1, -1, -1, -1, -1, -1, -1, -1, -1, -1, -1, -1, -1]"
150,22,17,1.0,None,1,237,"[{'cluster_no': -1, 'count': 237}]","[-1, -1, -1, -1, -1, -1, -1, -1, -1, -1, -1, -1, -1, -1, -1, -1, -1, -1, -1, -1, -1, -1, -1, -1, -1, -1, -1, -1, -1, -1, -1, -1, -1, -1, -1, -1, -1, -1, -1, -1, -1, -1, -1, -1, -1, -1, -1, -1, -1, -1, -1, -1, -1, -1, -1, -1, -1, -1, -1, -1, -1, -1, -1, -1, -1, -1, -1, -1, -1, -1, -1, -1, -1, -1, -1, -1, -1, -1, -1, -1, -1, -1, -1, -1, -1, -1, -1, -1, -1, -1, -1, -1, -1, -1, -1, -1, -1, -1, -1, -1, -1, -1, -1, -1, -1, -1, -1, -1, -1, -1, -1, -1, -1, -1, -1, -1, -1, -1, -1, -1, -1, -1, -1, -1, -1, -1, -1, -1, -1, -1, -1, -1, -1, -1, -1, -1, -1, -1, -1, -1, -1, -1, -1, -1, -1, -1, -1, -1, -1, -1, -1, -1, -1, -1, -1, -1, -1, -1, -1, -1, -1, -1, -1, -1, -1, -1, -1, -1, -1, -1, -1, -1, -1, -1, -1, -1, -1, -1, -1, -1, -1, -1, -1, -1, -1, -1, -1, -1, -1, -1, -1, -1, -1, -1, -1, -1, -1, -1, -1, -1, -1, -1, -1, -1, -1, -1, -1, -1, -1, -1, -1, -1, -1, -1, -1, -1, -1, -1, -1, -1, -1, -1, -1, -1, -1, -1, -1, -1, -1, -1, -1, -1, -1, -1, -1, -1, -1]"
150,22,18,0.0,None,1,237,"[{'cluster_no': -1, 'count': 237}]","[-1, -1, -1, -1, -1, -1, -1, -1, -1, -1, -1, -1, -1, -1, -1, -1, -1, -1, -1, -1, -1, -1, -1, -1, -1, -1, -1, -1, -1, -1, -1, -1, -1, -1, -1, -1, -1, -1, -1, -1, -1, -1, -1, -1, -1, -1, -1, -1, -1, -1, -1, -1, -1, -1, -1, -1, -1, -1, -1, -1, -1, -1, -1, -1, -1, -1, -1, -1, -1, -1, -1, -1, -1, -1, -1, -1, -1, -1, -1, -1, -1, -1, -1, -1, -1, -1, -1, -1, -1, -1, -1, -1, -1, -1, -1, -1, -1, -1, -1, -1, -1, -1, -1, -1, -1, -1, -1, -1, -1, -1, -1, -1, -1, -1, -1, -1, -1, -1, -1, -1, -1, -1, -1, -1, -1, -1, -1, -1, -1, -1, -1, -1, -1, -1, -1, -1, -1, -1, -1, -1, -1, -1, -1, -1, -1, -1, -1, -1, -1, -1, -1, -1, -1, -1, -1, -1, -1, -1, -1, -1, -1, -1, -1, -1, -1, -1, -1, -1, -1, -1, -1, -1, -1, -1, -1, -1, -1, -1, -1, -1, -1, -1, -1, -1, -1, -1, -1, -1, -1, -1, -1, -1, -1, -1, -1, -1, -1, -1, -1, -1, -1, -1, -1, -1, -1, -1, -1, -1, -1, -1, -1, -1, -1, -1, -1, -1, -1, -1, -1, -1, -1, -1, -1, -1, -1, -1, -1, -1, -1, -1, -1, -1, -1, -1, -1, -1, -1]"
150,22,18,0.5,None,1,237,"[{'cluster_no': -1, 'count': 237}]","[-1, -1, -1, -1, -1, -1, -1, -1, -1, -1, -1, -1, -1, -1, -1, -1, -1, -1, -1, -1, -1, -1, -1, -1, -1, -1, -1, -1, -1, -1, -1, -1, -1, -1, -1, -1, -1, -1, -1, -1, -1, -1, -1, -1, -1, -1, -1, -1, -1, -1, -1, -1, -1, -1, -1, -1, -1, -1, -1, -1, -1, -1, -1, -1, -1, -1, -1, -1, -1, -1, -1, -1, -1, -1, -1, -1, -1, -1, -1, -1, -1, -1, -1, -1, -1, -1, -1, -1, -1, -1, -1, -1, -1, -1, -1, -1, -1, -1, -1, -1, -1, -1, -1, -1, -1, -1, -1, -1, -1, -1, -1, -1, -1, -1, -1, -1, -1, -1, -1, -1, -1, -1, -1, -1, -1, -1, -1, -1, -1, -1, -1, -1, -1, -1, -1, -1, -1, -1, -1, -1, -1, -1, -1, -1, -1, -1, -1, -1, -1, -1, -1, -1, -1, -1, -1, -1, -1, -1, -1, -1, -1, -1, -1, -1, -1, -1, -1, -1, -1, -1, -1, -1, -1, -1, -1, -1, -1, -1, -1, -1, -1, -1, -1, -1, -1, -1, -1, -1, -1, -1, -1, -1, -1, -1, -1, -1, -1, -1, -1, -1, -1, -1, -1, -1, -1, -1, -1, -1, -1, -1, -1, -1, -1, -1, -1, -1, -1, -1, -1, -1, -1, -1, -1, -1, -1, -1, -1, -1, -1, -1, -1, -1, -1, -1, -1, -1, -1]"
150,22,18,1.0,None,1,237,"[{'cluster_no': -1, 'count': 237}]","[-1, -1, -1, -1, -1, -1, -1, -1, -1, -1, -1, -1, -1, -1, -1, -1, -1, -1, -1, -1, -1, -1, -1, -1, -1, -1, -1, -1, -1, -1, -1, -1, -1, -1, -1, -1, -1, -1, -1, -1, -1, -1, -1, -1, -1, -1, -1, -1, -1, -1, -1, -1, -1, -1, -1, -1, -1, -1, -1, -1, -1, -1, -1, -1, -1, -1, -1, -1, -1, -1, -1, -1, -1, -1, -1, -1, -1, -1, -1, -1, -1, -1, -1, -1, -1, -1, -1, -1, -1, -1, -1, -1, -1, -1, -1, -1, -1, -1, -1, -1, -1, -1, -1, -1, -1, -1, -1, -1, -1, -1, -1, -1, -1, -1, -1, -1, -1, -1, -1, -1, -1, -1, -1, -1, -1, -1, -1, -1, -1, -1, -1, -1, -1, -1, -1, -1, -1, -1, -1, -1, -1, -1, -1, -1, -1, -1, -1, -1, -1, -1, -1, -1, -1, -1, -1, -1, -1, -1, -1, -1, -1, -1, -1, -1, -1, -1, -1, -1, -1, -1, -1, -1, -1, -1, -1, -1, -1, -1, -1, -1, -1, -1, -1, -1, -1, -1, -1, -1, -1, -1, -1, -1, -1, -1, -1, -1, -1, -1, -1, -1, -1, -1, -1, -1, -1, -1, -1, -1, -1, -1, -1, -1, -1, -1, -1, -1, -1, -1, -1, -1, -1, -1, -1, -1, -1, -1, -1, -1, -1, -1, -1, -1, -1, -1, -1, -1, -1]"
150,22,19,0.0,None,1,237,"[{'cluster_no': -1, 'count': 237}]","[-1, -1, -1, -1, -1, -1, -1, -1, -1, -1, -1, -1, -1, -1, -1, -1, -1, -1, -1, -1, -1, -1, -1, -1, -1, -1, -1, -1, -1, -1, -1, -1, -1, -1, -1, -1, -1, -1, -1, -1, -1, -1, -1, -1, -1, -1, -1, -1, -1, -1, -1, -1, -1, -1, -1, -1, -1, -1, -1, -1, -1, -1, -1, -1, -1, -1, -1, -1, -1, -1, -1, -1, -1, -1, -1, -1, -1, -1, -1, -1, -1, -1, -1, -1, -1, -1, -1, -1, -1, -1, -1, -1, -1, -1, -1, -1, -1, -1, -1, -1, -1, -1, -1, -1, -1, -1, -1, -1, -1, -1, -1, -1, -1, -1, -1, -1, -1, -1, -1, -1, -1, -1, -1, -1, -1, -1, -1, -1, -1, -1, -1, -1, -1, -1, -1, -1, -1, -1, -1, -1, -1, -1, -1, -1, -1, -1, -1, -1, -1, -1, -1, -1, -1, -1, -1, -1, -1, -1, -1, -1, -1, -1, -1, -1, -1, -1, -1, -1, -1, -1, -1, -1, -1, -1, -1, -1, -1, -1, -1, -1, -1, -1, -1, -1, -1, -1, -1, -1, -1, -1, -1, -1, -1, -1, -1, -1, -1, -1, -1, -1, -1, -1, -1, -1, -1, -1, -1, -1, -1, -1, -1, -1, -1, -1, -1, -1, -1, -1, -1, -1, -1, -1, -1, -1, -1, -1, -1, -1, -1, -1, -1, -1, -1, -1, -1, -1, -1]"
150,22,19,0.5,None,1,237,"[{'cluster_no': -1, 'count': 237}]","[-1, -1, -1, -1, -1, -1, -1, -1, -1, -1, -1, -1, -1, -1, -1, -1, -1, -1, -1, -1, -1, -1, -1, -1, -1, -1, -1, -1, -1, -1, -1, -1, -1, -1, -1, -1, -1, -1, -1, -1, -1, -1, -1, -1, -1, -1, -1, -1, -1, -1, -1, -1, -1, -1, -1, -1, -1, -1, -1, -1, -1, -1, -1, -1, -1, -1, -1, -1, -1, -1, -1, -1, -1, -1, -1, -1, -1, -1, -1, -1, -1, -1, -1, -1, -1, -1, -1, -1, -1, -1, -1, -1, -1, -1, -1, -1, -1, -1, -1, -1, -1, -1, -1, -1, -1, -1, -1, -1, -1, -1, -1, -1, -1, -1, -1, -1, -1, -1, -1, -1, -1, -1, -1, -1, -1, -1, -1, -1, -1, -1, -1, -1, -1, -1, -1, -1, -1, -1, -1, -1, -1, -1, -1, -1, -1, -1, -1, -1, -1, -1, -1, -1, -1, -1, -1, -1, -1, -1, -1, -1, -1, -1, -1, -1, -1, -1, -1, -1, -1, -1, -1, -1, -1, -1, -1, -1, -1, -1, -1, -1, -1, -1, -1, -1, -1, -1, -1, -1, -1, -1, -1, -1, -1, -1, -1, -1, -1, -1, -1, -1, -1, -1, -1, -1, -1, -1, -1, -1, -1, -1, -1, -1, -1, -1, -1, -1, -1, -1, -1, -1, -1, -1, -1, -1, -1, -1, -1, -1, -1, -1, -1, -1, -1, -1, -1, -1, -1]"
150,22,19,1.0,None,1,237,"[{'cluster_no': -1, 'count': 237}]","[-1, -1, -1, -1, -1, -1, -1, -1, -1, -1, -1, -1, -1, -1, -1, -1, -1, -1, -1, -1, -1, -1, -1, -1, -1, -1, -1, -1, -1, -1, -1, -1, -1, -1, -1, -1, -1, -1, -1, -1, -1, -1, -1, -1, -1, -1, -1, -1, -1, -1, -1, -1, -1, -1, -1, -1, -1, -1, -1, -1, -1, -1, -1, -1, -1, -1, -1, -1, -1, -1, -1, -1, -1, -1, -1, -1, -1, -1, -1, -1, -1, -1, -1, -1, -1, -1, -1, -1, -1, -1, -1, -1, -1, -1, -1, -1, -1, -1, -1, -1, -1, -1, -1, -1, -1, -1, -1, -1, -1, -1, -1, -1, -1, -1, -1, -1, -1, -1, -1, -1, -1, -1, -1, -1, -1, -1, -1, -1, -1, -1, -1, -1, -1, -1, -1, -1, -1, -1, -1, -1, -1, -1, -1, -1, -1, -1, -1, -1, -1, -1, -1, -1, -1, -1, -1, -1, -1, -1, -1, -1, -1, -1, -1, -1, -1, -1, -1, -1, -1, -1, -1, -1, -1, -1, -1, -1, -1, -1, -1, -1, -1, -1, -1, -1, -1, -1, -1, -1, -1, -1, -1, -1, -1, -1, -1, -1, -1, -1, -1, -1, -1, -1, -1, -1, -1, -1, -1, -1, -1, -1, -1, -1, -1, -1, -1, -1, -1, -1, -1, -1, -1, -1, -1, -1, -1, -1, -1, -1, -1, -1, -1, -1, -1, -1, -1, -1, -1]"
150,22,20,0.0,None,1,237,"[{'cluster_no': -1, 'count': 237}]","[-1, -1, -1, -1, -1, -1, -1, -1, -1, -1, -1, -1, -1, -1, -1, -1, -1, -1, -1, -1, -1, -1, -1, -1, -1, -1, -1, -1, -1, -1, -1, -1, -1, -1, -1, -1, -1, -1, -1, -1, -1, -1, -1, -1, -1, -1, -1, -1, -1, -1, -1, -1, -1, -1, -1, -1, -1, -1, -1, -1, -1, -1, -1, -1, -1, -1, -1, -1, -1, -1, -1, -1, -1, -1, -1, -1, -1, -1, -1, -1, -1, -1, -1, -1, -1, -1, -1, -1, -1, -1, -1, -1, -1, -1, -1, -1, -1, -1, -1, -1, -1, -1, -1, -1, -1, -1, -1, -1, -1, -1, -1, -1, -1, -1, -1, -1, -1, -1, -1, -1, -1, -1, -1, -1, -1, -1, -1, -1, -1, -1, -1, -1, -1, -1, -1, -1, -1, -1, -1, -1, -1, -1, -1, -1, -1, -1, -1, -1, -1, -1, -1, -1, -1, -1, -1, -1, -1, -1, -1, -1, -1, -1, -1, -1, -1, -1, -1, -1, -1, -1, -1, -1, -1, -1, -1, -1, -1, -1, -1, -1, -1, -1, -1, -1, -1, -1, -1, -1, -1, -1, -1, -1, -1, -1, -1, -1, -1, -1, -1, -1, -1, -1, -1, -1, -1, -1, -1, -1, -1, -1, -1, -1, -1, -1, -1, -1, -1, -1, -1, -1, -1, -1, -1, -1, -1, -1, -1, -1, -1, -1, -1, -1, -1, -1, -1, -1, -1]"
150,22,20,0.5,None,1,237,"[{'cluster_no': -1, 'count': 237}]","[-1, -1, -1, -1, -1, -1, -1, -1, -1, -1, -1, -1, -1, -1, -1, -1, -1, -1, -1, -1, -1, -1, -1, -1, -1, -1, -1, -1, -1, -1, -1, -1, -1, -1, -1, -1, -1, -1, -1, -1, -1, -1, -1, -1, -1, -1, -1, -1, -1, -1, -1, -1, -1, -1, -1, -1, -1, -1, -1, -1, -1, -1, -1, -1, -1, -1, -1, -1, -1, -1, -1, -1, -1, -1, -1, -1, -1, -1, -1, -1, -1, -1, -1, -1, -1, -1, -1, -1, -1, -1, -1, -1, -1, -1, -1, -1, -1, -1, -1, -1, -1, -1, -1, -1, -1, -1, -1, -1, -1, -1, -1, -1, -1, -1, -1, -1, -1, -1, -1, -1, -1, -1, -1, -1, -1, -1, -1, -1, -1, -1, -1, -1, -1, -1, -1, -1, -1, -1, -1, -1, -1, -1, -1, -1, -1, -1, -1, -1, -1, -1, -1, -1, -1, -1, -1, -1, -1, -1, -1, -1, -1, -1, -1, -1, -1, -1, -1, -1, -1, -1, -1, -1, -1, -1, -1, -1, -1, -1, -1, -1, -1, -1, -1, -1, -1, -1, -1, -1, -1, -1, -1, -1, -1, -1, -1, -1, -1, -1, -1, -1, -1, -1, -1, -1, -1, -1, -1, -1, -1, -1, -1, -1, -1, -1, -1, -1, -1, -1, -1, -1, -1, -1, -1, -1, -1, -1, -1, -1, -1, -1, -1, -1, -1, -1, -1, -1, -1]"
150,22,20,1.0,None,1,237,"[{'cluster_no': -1, 'count': 237}]","[-1, -1, -1, -1, -1, -1, -1, -1, -1, -1, -1, -1, -1, -1, -1, -1, -1, -1, -1, -1, -1, -1, -1, -1, -1, -1, -1, -1, -1, -1, -1, -1, -1, -1, -1, -1, -1, -1, -1, -1, -1, -1, -1, -1, -1, -1, -1, -1, -1, -1, -1, -1, -1, -1, -1, -1, -1, -1, -1, -1, -1, -1, -1, -1, -1, -1, -1, -1, -1, -1, -1, -1, -1, -1, -1, -1, -1, -1, -1, -1, -1, -1, -1, -1, -1, -1, -1, -1, -1, -1, -1, -1, -1, -1, -1, -1, -1, -1, -1, -1, -1, -1, -1, -1, -1, -1, -1, -1, -1, -1, -1, -1, -1, -1, -1, -1, -1, -1, -1, -1, -1, -1, -1, -1, -1, -1, -1, -1, -1, -1, -1, -1, -1, -1, -1, -1, -1, -1, -1, -1, -1, -1, -1, -1, -1, -1, -1, -1, -1, -1, -1, -1, -1, -1, -1, -1, -1, -1, -1, -1, -1, -1, -1, -1, -1, -1, -1, -1, -1, -1, -1, -1, -1, -1, -1, -1, -1, -1, -1, -1, -1, -1, -1, -1, -1, -1, -1, -1, -1, -1, -1, -1, -1, -1, -1, -1, -1, -1, -1, -1, -1, -1, -1, -1, -1, -1, -1, -1, -1, -1, -1, -1, -1, -1, -1, -1, -1, -1, -1, -1, -1, -1, -1, -1, -1, -1, -1, -1, -1, -1, -1, -1, -1, -1, -1, -1, -1]"
150,22,21,0.0,None,1,237,"[{'cluster_no': -1, 'count': 237}]","[-1, -1, -1, -1, -1, -1, -1, -1, -1, -1, -1, -1, -1, -1, -1, -1, -1, -1, -1, -1, -1, -1, -1, -1, -1, -1, -1, -1, -1, -1, -1, -1, -1, -1, -1, -1, -1, -1, -1, -1, -1, -1, -1, -1, -1, -1, -1, -1, -1, -1, -1, -1, -1, -1, -1, -1, -1, -1, -1, -1, -1, -1, -1, -1, -1, -1, -1, -1, -1, -1, -1, -1, -1, -1, -1, -1, -1, -1, -1, -1, -1, -1, -1, -1, -1, -1, -1, -1, -1, -1, -1, -1, -1, -1, -1, -1, -1, -1, -1, -1, -1, -1, -1, -1, -1, -1, -1, -1, -1, -1, -1, -1, -1, -1, -1, -1, -1, -1, -1, -1, -1, -1, -1, -1, -1, -1, -1, -1, -1, -1, -1, -1, -1, -1, -1, -1, -1, -1, -1, -1, -1, -1, -1, -1, -1, -1, -1, -1, -1, -1, -1, -1, -1, -1, -1, -1, -1, -1, -1, -1, -1, -1, -1, -1, -1, -1, -1, -1, -1, -1, -1, -1, -1, -1, -1, -1, -1, -1, -1, -1, -1, -1, -1, -1, -1, -1, -1, -1, -1, -1, -1, -1, -1, -1, -1, -1, -1, -1, -1, -1, -1, -1, -1, -1, -1, -1, -1, -1, -1, -1, -1, -1, -1, -1, -1, -1, -1, -1, -1, -1, -1, -1, -1, -1, -1, -1, -1, -1, -1, -1, -1, -1, -1, -1, -1, -1, -1]"
150,22,21,0.5,None,1,237,"[{'cluster_no': -1, 'count': 237}]","[-1, -1, -1, -1, -1, -1, -1, -1, -1, -1, -1, -1, -1, -1, -1, -1, -1, -1, -1, -1, -1, -1, -1, -1, -1, -1, -1, -1, -1, -1, -1, -1, -1, -1, -1, -1, -1, -1, -1, -1, -1, -1, -1, -1, -1, -1, -1, -1, -1, -1, -1, -1, -1, -1, -1, -1, -1, -1, -1, -1, -1, -1, -1, -1, -1, -1, -1, -1, -1, -1, -1, -1, -1, -1, -1, -1, -1, -1, -1, -1, -1, -1, -1, -1, -1, -1, -1, -1, -1, -1, -1, -1, -1, -1, -1, -1, -1, -1, -1, -1, -1, -1, -1, -1, -1, -1, -1, -1, -1, -1, -1, -1, -1, -1, -1, -1, -1, -1, -1, -1, -1, -1, -1, -1, -1, -1, -1, -1, -1, -1, -1, -1, -1, -1, -1, -1, -1, -1, -1, -1, -1, -1, -1, -1, -1, -1, -1, -1, -1, -1, -1, -1, -1, -1, -1, -1, -1, -1, -1, -1, -1, -1, -1, -1, -1, -1, -1, -1, -1, -1, -1, -1, -1, -1, -1, -1, -1, -1, -1, -1, -1, -1, -1, -1, -1, -1, -1, -1, -1, -1, -1, -1, -1, -1, -1, -1, -1, -1, -1, -1, -1, -1, -1, -1, -1, -1, -1, -1, -1, -1, -1, -1, -1, -1, -1, -1, -1, -1, -1, -1, -1, -1, -1, -1, -1, -1, -1, -1, -1, -1, -1, -1, -1, -1, -1, -1, -1]"
150,22,21,1.0,None,1,237,"[{'cluster_no': -1, 'count': 237}]","[-1, -1, -1, -1, -1, -1, -1, -1, -1, -1, -1, -1, -1, -1, -1, -1, -1, -1, -1, -1, -1, -1, -1, -1, -1, -1, -1, -1, -1, -1, -1, -1, -1, -1, -1, -1, -1, -1, -1, -1, -1, -1, -1, -1, -1, -1, -1, -1, -1, -1, -1, -1, -1, -1, -1, -1, -1, -1, -1, -1, -1, -1, -1, -1, -1, -1, -1, -1, -1, -1, -1, -1, -1, -1, -1, -1, -1, -1, -1, -1, -1, -1, -1, -1, -1, -1, -1, -1, -1, -1, -1, -1, -1, -1, -1, -1, -1, -1, -1, -1, -1, -1, -1, -1, -1, -1, -1, -1, -1, -1, -1, -1, -1, -1, -1, -1, -1, -1, -1, -1, -1, -1, -1, -1, -1, -1, -1, -1, -1, -1, -1, -1, -1, -1, -1, -1, -1, -1, -1, -1, -1, -1, -1, -1, -1, -1, -1, -1, -1, -1, -1, -1, -1, -1, -1, -1, -1, -1, -1, -1, -1, -1, -1, -1, -1, -1, -1, -1, -1, -1, -1, -1, -1, -1, -1, -1, -1, -1, -1, -1, -1, -1, -1, -1, -1, -1, -1, -1, -1, -1, -1, -1, -1, -1, -1, -1, -1, -1, -1, -1, -1, -1, -1, -1, -1, -1, -1, -1, -1, -1, -1, -1, -1, -1, -1, -1, -1, -1, -1, -1, -1, -1, -1, -1, -1, -1, -1, -1, -1, -1, -1, -1, -1, -1, -1, -1, -1]"
150,22,22,0.0,None,1,237,"[{'cluster_no': -1, 'count': 237}]","[-1, -1, -1, -1, -1, -1, -1, -1, -1, -1, -1, -1, -1, -1, -1, -1, -1, -1, -1, -1, -1, -1, -1, -1, -1, -1, -1, -1, -1, -1, -1, -1, -1, -1, -1, -1, -1, -1, -1, -1, -1, -1, -1, -1, -1, -1, -1, -1, -1, -1, -1, -1, -1, -1, -1, -1, -1, -1, -1, -1, -1, -1, -1, -1, -1, -1, -1, -1, -1, -1, -1, -1, -1, -1, -1, -1, -1, -1, -1, -1, -1, -1, -1, -1, -1, -1, -1, -1, -1, -1, -1, -1, -1, -1, -1, -1, -1, -1, -1, -1, -1, -1, -1, -1, -1, -1, -1, -1, -1, -1, -1, -1, -1, -1, -1, -1, -1, -1, -1, -1, -1, -1, -1, -1, -1, -1, -1, -1, -1, -1, -1, -1, -1, -1, -1, -1, -1, -1, -1, -1, -1, -1, -1, -1, -1, -1, -1, -1, -1, -1, -1, -1, -1, -1, -1, -1, -1, -1, -1, -1, -1, -1, -1, -1, -1, -1, -1, -1, -1, -1, -1, -1, -1, -1, -1, -1, -1, -1, -1, -1, -1, -1, -1, -1, -1, -1, -1, -1, -1, -1, -1, -1, -1, -1, -1, -1, -1, -1, -1, -1, -1, -1, -1, -1, -1, -1, -1, -1, -1, -1, -1, -1, -1, -1, -1, -1, -1, -1, -1, -1, -1, -1, -1, -1, -1, -1, -1, -1, -1, -1, -1, -1, -1, -1, -1, -1, -1]"
150,22,22,0.5,None,1,237,"[{'cluster_no': -1, 'count': 237}]","[-1, -1, -1, -1, -1, -1, -1, -1, -1, -1, -1, -1, -1, -1, -1, -1, -1, -1, -1, -1, -1, -1, -1, -1, -1, -1, -1, -1, -1, -1, -1, -1, -1, -1, -1, -1, -1, -1, -1, -1, -1, -1, -1, -1, -1, -1, -1, -1, -1, -1, -1, -1, -1, -1, -1, -1, -1, -1, -1, -1, -1, -1, -1, -1, -1, -1, -1, -1, -1, -1, -1, -1, -1, -1, -1, -1, -1, -1, -1, -1, -1, -1, -1, -1, -1, -1, -1, -1, -1, -1, -1, -1, -1, -1, -1, -1, -1, -1, -1, -1, -1, -1, -1, -1, -1, -1, -1, -1, -1, -1, -1, -1, -1, -1, -1, -1, -1, -1, -1, -1, -1, -1, -1, -1, -1, -1, -1, -1, -1, -1, -1, -1, -1, -1, -1, -1, -1, -1, -1, -1, -1, -1, -1, -1, -1, -1, -1, -1, -1, -1, -1, -1, -1, -1, -1, -1, -1, -1, -1, -1, -1, -1, -1, -1, -1, -1, -1, -1, -1, -1, -1, -1, -1, -1, -1, -1, -1, -1, -1, -1, -1, -1, -1, -1, -1, -1, -1, -1, -1, -1, -1, -1, -1, -1, -1, -1, -1, -1, -1, -1, -1, -1, -1, -1, -1, -1, -1, -1, -1, -1, -1, -1, -1, -1, -1, -1, -1, -1, -1, -1, -1, -1, -1, -1, -1, -1, -1, -1, -1, -1, -1, -1, -1, -1, -1, -1, -1]"
150,22,22,1.0,None,1,237,"[{'cluster_no': -1, 'count': 237}]","[-1, -1, -1, -1, -1, -1, -1, -1, -1, -1, -1, -1, -1, -1, -1, -1, -1, -1, -1, -1, -1, -1, -1, -1, -1, -1, -1, -1, -1, -1, -1, -1, -1, -1, -1, -1, -1, -1, -1, -1, -1, -1, -1, -1, -1, -1, -1, -1, -1, -1, -1, -1, -1, -1, -1, -1, -1, -1, -1, -1, -1, -1, -1, -1, -1, -1, -1, -1, -1, -1, -1, -1, -1, -1, -1, -1, -1, -1, -1, -1, -1, -1, -1, -1, -1, -1, -1, -1, -1, -1, -1, -1, -1, -1, -1, -1, -1, -1, -1, -1, -1, -1, -1, -1, -1, -1, -1, -1, -1, -1, -1, -1, -1, -1, -1, -1, -1, -1, -1, -1, -1, -1, -1, -1, -1, -1, -1, -1, -1, -1, -1, -1, -1, -1, -1, -1, -1, -1, -1, -1, -1, -1, -1, -1, -1, -1, -1, -1, -1, -1, -1, -1, -1, -1, -1, -1, -1, -1, -1, -1, -1, -1, -1, -1, -1, -1, -1, -1, -1, -1, -1, -1, -1, -1, -1, -1, -1, -1, -1, -1, -1, -1, -1, -1, -1, -1, -1, -1, -1, -1, -1, -1, -1, -1, -1, -1, -1, -1, -1, -1, -1, -1, -1, -1, -1, -1, -1, -1, -1, -1, -1, -1, -1, -1, -1, -1, -1, -1, -1, -1, -1, -1, -1, -1, -1, -1, -1, -1, -1, -1, -1, -1, -1, -1, -1, -1, -1]"
150,22,23,0.0,None,1,237,"[{'cluster_no': -1, 'count': 237}]","[-1, -1, -1, -1, -1, -1, -1, -1, -1, -1, -1, -1, -1, -1, -1, -1, -1, -1, -1, -1, -1, -1, -1, -1, -1, -1, -1, -1, -1, -1, -1, -1, -1, -1, -1, -1, -1, -1, -1, -1, -1, -1, -1, -1, -1, -1, -1, -1, -1, -1, -1, -1, -1, -1, -1, -1, -1, -1, -1, -1, -1, -1, -1, -1, -1, -1, -1, -1, -1, -1, -1, -1, -1, -1, -1, -1, -1, -1, -1, -1, -1, -1, -1, -1, -1, -1, -1, -1, -1, -1, -1, -1, -1, -1, -1, -1, -1, -1, -1, -1, -1, -1, -1, -1, -1, -1, -1, -1, -1, -1, -1, -1, -1, -1, -1, -1, -1, -1, -1, -1, -1, -1, -1, -1, -1, -1, -1, -1, -1, -1, -1, -1, -1, -1, -1, -1, -1, -1, -1, -1, -1, -1, -1, -1, -1, -1, -1, -1, -1, -1, -1, -1, -1, -1, -1, -1, -1, -1, -1, -1, -1, -1, -1, -1, -1, -1, -1, -1, -1, -1, -1, -1, -1, -1, -1, -1, -1, -1, -1, -1, -1, -1, -1, -1, -1, -1, -1, -1, -1, -1, -1, -1, -1, -1, -1, -1, -1, -1, -1, -1, -1, -1, -1, -1, -1, -1, -1, -1, -1, -1, -1, -1, -1, -1, -1, -1, -1, -1, -1, -1, -1, -1, -1, -1, -1, -1, -1, -1, -1, -1, -1, -1, -1, -1, -1, -1, -1]"
150,22,23,0.5,None,1,237,"[{'cluster_no': -1, 'count': 237}]","[-1, -1, -1, -1, -1, -1, -1, -1, -1, -1, -1, -1, -1, -1, -1, -1, -1, -1, -1, -1, -1, -1, -1, -1, -1, -1, -1, -1, -1, -1, -1, -1, -1, -1, -1, -1, -1, -1, -1, -1, -1, -1, -1, -1, -1, -1, -1, -1, -1, -1, -1, -1, -1, -1, -1, -1, -1, -1, -1, -1, -1, -1, -1, -1, -1, -1, -1, -1, -1, -1, -1, -1, -1, -1, -1, -1, -1, -1, -1, -1, -1, -1, -1, -1, -1, -1, -1, -1, -1, -1, -1, -1, -1, -1, -1, -1, -1, -1, -1, -1, -1, -1, -1, -1, -1, -1, -1, -1, -1, -1, -1, -1, -1, -1, -1, -1, -1, -1, -1, -1, -1, -1, -1, -1, -1, -1, -1, -1, -1, -1, -1, -1, -1, -1, -1, -1, -1, -1, -1, -1, -1, -1, -1, -1, -1, -1, -1, -1, -1, -1, -1, -1, -1, -1, -1, -1, -1, -1, -1, -1, -1, -1, -1, -1, -1, -1, -1, -1, -1, -1, -1, -1, -1, -1, -1, -1, -1, -1, -1, -1, -1, -1, -1, -1, -1, -1, -1, -1, -1, -1, -1, -1, -1, -1, -1, -1, -1, -1, -1, -1, -1, -1, -1, -1, -1, -1, -1, -1, -1, -1, -1, -1, -1, -1, -1, -1, -1, -1, -1, -1, -1, -1, -1, -1, -1, -1, -1, -1, -1, -1, -1, -1, -1, -1, -1, -1, -1]"
150,22,23,1.0,None,1,237,"[{'cluster_no': -1, 'count': 237}]","[-1, -1, -1, -1, -1, -1, -1, -1, -1, -1, -1, -1, -1, -1, -1, -1, -1, -1, -1, -1, -1, -1, -1, -1, -1, -1, -1, -1, -1, -1, -1, -1, -1, -1, -1, -1, -1, -1, -1, -1, -1, -1, -1, -1, -1, -1, -1, -1, -1, -1, -1, -1, -1, -1, -1, -1, -1, -1, -1, -1, -1, -1, -1, -1, -1, -1, -1, -1, -1, -1, -1, -1, -1, -1, -1, -1, -1, -1, -1, -1, -1, -1, -1, -1, -1, -1, -1, -1, -1, -1, -1, -1, -1, -1, -1, -1, -1, -1, -1, -1, -1, -1, -1, -1, -1, -1, -1, -1, -1, -1, -1, -1, -1, -1, -1, -1, -1, -1, -1, -1, -1, -1, -1, -1, -1, -1, -1, -1, -1, -1, -1, -1, -1, -1, -1, -1, -1, -1, -1, -1, -1, -1, -1, -1, -1, -1, -1, -1, -1, -1, -1, -1, -1, -1, -1, -1, -1, -1, -1, -1, -1, -1, -1, -1, -1, -1, -1, -1, -1, -1, -1, -1, -1, -1, -1, -1, -1, -1, -1, -1, -1, -1, -1, -1, -1, -1, -1, -1, -1, -1, -1, -1, -1, -1, -1, -1, -1, -1, -1, -1, -1, -1, -1, -1, -1, -1, -1, -1, -1, -1, -1, -1, -1, -1, -1, -1, -1, -1, -1, -1, -1, -1, -1, -1, -1, -1, -1, -1, -1, -1, -1, -1, -1, -1, -1, -1, -1]"
150,22,24,0.0,None,1,237,"[{'cluster_no': -1, 'count': 237}]","[-1, -1, -1, -1, -1, -1, -1, -1, -1, -1, -1, -1, -1, -1, -1, -1, -1, -1, -1, -1, -1, -1, -1, -1, -1, -1, -1, -1, -1, -1, -1, -1, -1, -1, -1, -1, -1, -1, -1, -1, -1, -1, -1, -1, -1, -1, -1, -1, -1, -1, -1, -1, -1, -1, -1, -1, -1, -1, -1, -1, -1, -1, -1, -1, -1, -1, -1, -1, -1, -1, -1, -1, -1, -1, -1, -1, -1, -1, -1, -1, -1, -1, -1, -1, -1, -1, -1, -1, -1, -1, -1, -1, -1, -1, -1, -1, -1, -1, -1, -1, -1, -1, -1, -1, -1, -1, -1, -1, -1, -1, -1, -1, -1, -1, -1, -1, -1, -1, -1, -1, -1, -1, -1, -1, -1, -1, -1, -1, -1, -1, -1, -1, -1, -1, -1, -1, -1, -1, -1, -1, -1, -1, -1, -1, -1, -1, -1, -1, -1, -1, -1, -1, -1, -1, -1, -1, -1, -1, -1, -1, -1, -1, -1, -1, -1, -1, -1, -1, -1, -1, -1, -1, -1, -1, -1, -1, -1, -1, -1, -1, -1, -1, -1, -1, -1, -1, -1, -1, -1, -1, -1, -1, -1, -1, -1, -1, -1, -1, -1, -1, -1, -1, -1, -1, -1, -1, -1, -1, -1, -1, -1, -1, -1, -1, -1, -1, -1, -1, -1, -1, -1, -1, -1, -1, -1, -1, -1, -1, -1, -1, -1, -1, -1, -1, -1, -1, -1]"
150,22,24,0.5,None,1,237,"[{'cluster_no': -1, 'count': 237}]","[-1, -1, -1, -1, -1, -1, -1, -1, -1, -1, -1, -1, -1, -1, -1, -1, -1, -1, -1, -1, -1, -1, -1, -1, -1, -1, -1, -1, -1, -1, -1, -1, -1, -1, -1, -1, -1, -1, -1, -1, -1, -1, -1, -1, -1, -1, -1, -1, -1, -1, -1, -1, -1, -1, -1, -1, -1, -1, -1, -1, -1, -1, -1, -1, -1, -1, -1, -1, -1, -1, -1, -1, -1, -1, -1, -1, -1, -1, -1, -1, -1, -1, -1, -1, -1, -1, -1, -1, -1, -1, -1, -1, -1, -1, -1, -1, -1, -1, -1, -1, -1, -1, -1, -1, -1, -1, -1, -1, -1, -1, -1, -1, -1, -1, -1, -1, -1, -1, -1, -1, -1, -1, -1, -1, -1, -1, -1, -1, -1, -1, -1, -1, -1, -1, -1, -1, -1, -1, -1, -1, -1, -1, -1, -1, -1, -1, -1, -1, -1, -1, -1, -1, -1, -1, -1, -1, -1, -1, -1, -1, -1, -1, -1, -1, -1, -1, -1, -1, -1, -1, -1, -1, -1, -1, -1, -1, -1, -1, -1, -1, -1, -1, -1, -1, -1, -1, -1, -1, -1, -1, -1, -1, -1, -1, -1, -1, -1, -1, -1, -1, -1, -1, -1, -1, -1, -1, -1, -1, -1, -1, -1, -1, -1, -1, -1, -1, -1, -1, -1, -1, -1, -1, -1, -1, -1, -1, -1, -1, -1, -1, -1, -1, -1, -1, -1, -1, -1]"
150,22,24,1.0,None,1,237,"[{'cluster_no': -1, 'count': 237}]","[-1, -1, -1, -1, -1, -1, -1, -1, -1, -1, -1, -1, -1, -1, -1, -1, -1, -1, -1, -1, -1, -1, -1, -1, -1, -1, -1, -1, -1, -1, -1, -1, -1, -1, -1, -1, -1, -1, -1, -1, -1, -1, -1, -1, -1, -1, -1, -1, -1, -1, -1, -1, -1, -1, -1, -1, -1, -1, -1, -1, -1, -1, -1, -1, -1, -1, -1, -1, -1, -1, -1, -1, -1, -1, -1, -1, -1, -1, -1, -1, -1, -1, -1, -1, -1, -1, -1, -1, -1, -1, -1, -1, -1, -1, -1, -1, -1, -1, -1, -1, -1, -1, -1, -1, -1, -1, -1, -1, -1, -1, -1, -1, -1, -1, -1, -1, -1, -1, -1, -1, -1, -1, -1, -1, -1, -1, -1, -1, -1, -1, -1, -1, -1, -1, -1, -1, -1, -1, -1, -1, -1, -1, -1, -1, -1, -1, -1, -1, -1, -1, -1, -1, -1, -1, -1, -1, -1, -1, -1, -1, -1, -1, -1, -1, -1, -1, -1, -1, -1, -1, -1, -1, -1, -1, -1, -1, -1, -1, -1, -1, -1, -1, -1, -1, -1, -1, -1, -1, -1, -1, -1, -1, -1, -1, -1, -1, -1, -1, -1, -1, -1, -1, -1, -1, -1, -1, -1, -1, -1, -1, -1, -1, -1, -1, -1, -1, -1, -1, -1, -1, -1, -1, -1, -1, -1, -1, -1, -1, -1, -1, -1, -1, -1, -1, -1, -1, -1]"
150,22,25,0.0,None,1,237,"[{'cluster_no': -1, 'count': 237}]","[-1, -1, -1, -1, -1, -1, -1, -1, -1, -1, -1, -1, -1, -1, -1, -1, -1, -1, -1, -1, -1, -1, -1, -1, -1, -1, -1, -1, -1, -1, -1, -1, -1, -1, -1, -1, -1, -1, -1, -1, -1, -1, -1, -1, -1, -1, -1, -1, -1, -1, -1, -1, -1, -1, -1, -1, -1, -1, -1, -1, -1, -1, -1, -1, -1, -1, -1, -1, -1, -1, -1, -1, -1, -1, -1, -1, -1, -1, -1, -1, -1, -1, -1, -1, -1, -1, -1, -1, -1, -1, -1, -1, -1, -1, -1, -1, -1, -1, -1, -1, -1, -1, -1, -1, -1, -1, -1, -1, -1, -1, -1, -1, -1, -1, -1, -1, -1, -1, -1, -1, -1, -1, -1, -1, -1, -1, -1, -1, -1, -1, -1, -1, -1, -1, -1, -1, -1, -1, -1, -1, -1, -1, -1, -1, -1, -1, -1, -1, -1, -1, -1, -1, -1, -1, -1, -1, -1, -1, -1, -1, -1, -1, -1, -1, -1, -1, -1, -1, -1, -1, -1, -1, -1, -1, -1, -1, -1, -1, -1, -1, -1, -1, -1, -1, -1, -1, -1, -1, -1, -1, -1, -1, -1, -1, -1, -1, -1, -1, -1, -1, -1, -1, -1, -1, -1, -1, -1, -1, -1, -1, -1, -1, -1, -1, -1, -1, -1, -1, -1, -1, -1, -1, -1, -1, -1, -1, -1, -1, -1, -1, -1, -1, -1, -1, -1, -1, -1]"
150,22,25,0.5,None,1,237,"[{'cluster_no': -1, 'count': 237}]","[-1, -1, -1, -1, -1, -1, -1, -1, -1, -1, -1, -1, -1, -1, -1, -1, -1, -1, -1, -1, -1, -1, -1, -1, -1, -1, -1, -1, -1, -1, -1, -1, -1, -1, -1, -1, -1, -1, -1, -1, -1, -1, -1, -1, -1, -1, -1, -1, -1, -1, -1, -1, -1, -1, -1, -1, -1, -1, -1, -1, -1, -1, -1, -1, -1, -1, -1, -1, -1, -1, -1, -1, -1, -1, -1, -1, -1, -1, -1, -1, -1, -1, -1, -1, -1, -1, -1, -1, -1, -1, -1, -1, -1, -1, -1, -1, -1, -1, -1, -1, -1, -1, -1, -1, -1, -1, -1, -1, -1, -1, -1, -1, -1, -1, -1, -1, -1, -1, -1, -1, -1, -1, -1, -1, -1, -1, -1, -1, -1, -1, -1, -1, -1, -1, -1, -1, -1, -1, -1, -1, -1, -1, -1, -1, -1, -1, -1, -1, -1, -1, -1, -1, -1, -1, -1, -1, -1, -1, -1, -1, -1, -1, -1, -1, -1, -1, -1, -1, -1, -1, -1, -1, -1, -1, -1, -1, -1, -1, -1, -1, -1, -1, -1, -1, -1, -1, -1, -1, -1, -1, -1, -1, -1, -1, -1, -1, -1, -1, -1, -1, -1, -1, -1, -1, -1, -1, -1, -1, -1, -1, -1, -1, -1, -1, -1, -1, -1, -1, -1, -1, -1, -1, -1, -1, -1, -1, -1, -1, -1, -1, -1, -1, -1, -1, -1, -1, -1]"
150,22,25,1.0,None,1,237,"[{'cluster_no': -1, 'count': 237}]","[-1, -1, -1, -1, -1, -1, -1, -1, -1, -1, -1, -1, -1, -1, -1, -1, -1, -1, -1, -1, -1, -1, -1, -1, -1, -1, -1, -1, -1, -1, -1, -1, -1, -1, -1, -1, -1, -1, -1, -1, -1, -1, -1, -1, -1, -1, -1, -1, -1, -1, -1, -1, -1, -1, -1, -1, -1, -1, -1, -1, -1, -1, -1, -1, -1, -1, -1, -1, -1, -1, -1, -1, -1, -1, -1, -1, -1, -1, -1, -1, -1, -1, -1, -1, -1, -1, -1, -1, -1, -1, -1, -1, -1, -1, -1, -1, -1, -1, -1, -1, -1, -1, -1, -1, -1, -1, -1, -1, -1, -1, -1, -1, -1, -1, -1, -1, -1, -1, -1, -1, -1, -1, -1, -1, -1, -1, -1, -1, -1, -1, -1, -1, -1, -1, -1, -1, -1, -1, -1, -1, -1, -1, -1, -1, -1, -1, -1, -1, -1, -1, -1, -1, -1, -1, -1, -1, -1, -1, -1, -1, -1, -1, -1, -1, -1, -1, -1, -1, -1, -1, -1, -1, -1, -1, -1, -1, -1, -1, -1, -1, -1, -1, -1, -1, -1, -1, -1, -1, -1, -1, -1, -1, -1, -1, -1, -1, -1, -1, -1, -1, -1, -1, -1, -1, -1, -1, -1, -1, -1, -1, -1, -1, -1, -1, -1, -1, -1, -1, -1, -1, -1, -1, -1, -1, -1, -1, -1, -1, -1, -1, -1, -1, -1, -1, -1, -1, -1]"
150,22,26,0.0,None,1,237,"[{'cluster_no': -1, 'count': 237}]","[-1, -1, -1, -1, -1, -1, -1, -1, -1, -1, -1, -1, -1, -1, -1, -1, -1, -1, -1, -1, -1, -1, -1, -1, -1, -1, -1, -1, -1, -1, -1, -1, -1, -1, -1, -1, -1, -1, -1, -1, -1, -1, -1, -1, -1, -1, -1, -1, -1, -1, -1, -1, -1, -1, -1, -1, -1, -1, -1, -1, -1, -1, -1, -1, -1, -1, -1, -1, -1, -1, -1, -1, -1, -1, -1, -1, -1, -1, -1, -1, -1, -1, -1, -1, -1, -1, -1, -1, -1, -1, -1, -1, -1, -1, -1, -1, -1, -1, -1, -1, -1, -1, -1, -1, -1, -1, -1, -1, -1, -1, -1, -1, -1, -1, -1, -1, -1, -1, -1, -1, -1, -1, -1, -1, -1, -1, -1, -1, -1, -1, -1, -1, -1, -1, -1, -1, -1, -1, -1, -1, -1, -1, -1, -1, -1, -1, -1, -1, -1, -1, -1, -1, -1, -1, -1, -1, -1, -1, -1, -1, -1, -1, -1, -1, -1, -1, -1, -1, -1, -1, -1, -1, -1, -1, -1, -1, -1, -1, -1, -1, -1, -1, -1, -1, -1, -1, -1, -1, -1, -1, -1, -1, -1, -1, -1, -1, -1, -1, -1, -1, -1, -1, -1, -1, -1, -1, -1, -1, -1, -1, -1, -1, -1, -1, -1, -1, -1, -1, -1, -1, -1, -1, -1, -1, -1, -1, -1, -1, -1, -1, -1, -1, -1, -1, -1, -1, -1]"
150,22,26,0.5,None,1,237,"[{'cluster_no': -1, 'count': 237}]","[-1, -1, -1, -1, -1, -1, -1, -1, -1, -1, -1, -1, -1, -1, -1, -1, -1, -1, -1, -1, -1, -1, -1, -1, -1, -1, -1, -1, -1, -1, -1, -1, -1, -1, -1, -1, -1, -1, -1, -1, -1, -1, -1, -1, -1, -1, -1, -1, -1, -1, -1, -1, -1, -1, -1, -1, -1, -1, -1, -1, -1, -1, -1, -1, -1, -1, -1, -1, -1, -1, -1, -1, -1, -1, -1, -1, -1, -1, -1, -1, -1, -1, -1, -1, -1, -1, -1, -1, -1, -1, -1, -1, -1, -1, -1, -1, -1, -1, -1, -1, -1, -1, -1, -1, -1, -1, -1, -1, -1, -1, -1, -1, -1, -1, -1, -1, -1, -1, -1, -1, -1, -1, -1, -1, -1, -1, -1, -1, -1, -1, -1, -1, -1, -1, -1, -1, -1, -1, -1, -1, -1, -1, -1, -1, -1, -1, -1, -1, -1, -1, -1, -1, -1, -1, -1, -1, -1, -1, -1, -1, -1, -1, -1, -1, -1, -1, -1, -1, -1, -1, -1, -1, -1, -1, -1, -1, -1, -1, -1, -1, -1, -1, -1, -1, -1, -1, -1, -1, -1, -1, -1, -1, -1, -1, -1, -1, -1, -1, -1, -1, -1, -1, -1, -1, -1, -1, -1, -1, -1, -1, -1, -1, -1, -1, -1, -1, -1, -1, -1, -1, -1, -1, -1, -1, -1, -1, -1, -1, -1, -1, -1, -1, -1, -1, -1, -1, -1]"
150,22,26,1.0,None,1,237,"[{'cluster_no': -1, 'count': 237}]","[-1, -1, -1, -1, -1, -1, -1, -1, -1, -1, -1, -1, -1, -1, -1, -1, -1, -1, -1, -1, -1, -1, -1, -1, -1, -1, -1, -1, -1, -1, -1, -1, -1, -1, -1, -1, -1, -1, -1, -1, -1, -1, -1, -1, -1, -1, -1, -1, -1, -1, -1, -1, -1, -1, -1, -1, -1, -1, -1, -1, -1, -1, -1, -1, -1, -1, -1, -1, -1, -1, -1, -1, -1, -1, -1, -1, -1, -1, -1, -1, -1, -1, -1, -1, -1, -1, -1, -1, -1, -1, -1, -1, -1, -1, -1, -1, -1, -1, -1, -1, -1, -1, -1, -1, -1, -1, -1, -1, -1, -1, -1, -1, -1, -1, -1, -1, -1, -1, -1, -1, -1, -1, -1, -1, -1, -1, -1, -1, -1, -1, -1, -1, -1, -1, -1, -1, -1, -1, -1, -1, -1, -1, -1, -1, -1, -1, -1, -1, -1, -1, -1, -1, -1, -1, -1, -1, -1, -1, -1, -1, -1, -1, -1, -1, -1, -1, -1, -1, -1, -1, -1, -1, -1, -1, -1, -1, -1, -1, -1, -1, -1, -1, -1, -1, -1, -1, -1, -1, -1, -1, -1, -1, -1, -1, -1, -1, -1, -1, -1, -1, -1, -1, -1, -1, -1, -1, -1, -1, -1, -1, -1, -1, -1, -1, -1, -1, -1, -1, -1, -1, -1, -1, -1, -1, -1, -1, -1, -1, -1, -1, -1, -1, -1, -1, -1, -1, -1]"
150,22,27,0.0,None,1,237,"[{'cluster_no': -1, 'count': 237}]","[-1, -1, -1, -1, -1, -1, -1, -1, -1, -1, -1, -1, -1, -1, -1, -1, -1, -1, -1, -1, -1, -1, -1, -1, -1, -1, -1, -1, -1, -1, -1, -1, -1, -1, -1, -1, -1, -1, -1, -1, -1, -1, -1, -1, -1, -1, -1, -1, -1, -1, -1, -1, -1, -1, -1, -1, -1, -1, -1, -1, -1, -1, -1, -1, -1, -1, -1, -1, -1, -1, -1, -1, -1, -1, -1, -1, -1, -1, -1, -1, -1, -1, -1, -1, -1, -1, -1, -1, -1, -1, -1, -1, -1, -1, -1, -1, -1, -1, -1, -1, -1, -1, -1, -1, -1, -1, -1, -1, -1, -1, -1, -1, -1, -1, -1, -1, -1, -1, -1, -1, -1, -1, -1, -1, -1, -1, -1, -1, -1, -1, -1, -1, -1, -1, -1, -1, -1, -1, -1, -1, -1, -1, -1, -1, -1, -1, -1, -1, -1, -1, -1, -1, -1, -1, -1, -1, -1, -1, -1, -1, -1, -1, -1, -1, -1, -1, -1, -1, -1, -1, -1, -1, -1, -1, -1, -1, -1, -1, -1, -1, -1, -1, -1, -1, -1, -1, -1, -1, -1, -1, -1, -1, -1, -1, -1, -1, -1, -1, -1, -1, -1, -1, -1, -1, -1, -1, -1, -1, -1, -1, -1, -1, -1, -1, -1, -1, -1, -1, -1, -1, -1, -1, -1, -1, -1, -1, -1, -1, -1, -1, -1, -1, -1, -1, -1, -1, -1]"
150,22,27,0.5,None,1,237,"[{'cluster_no': -1, 'count': 237}]","[-1, -1, -1, -1, -1, -1, -1, -1, -1, -1, -1, -1, -1, -1, -1, -1, -1, -1, -1, -1, -1, -1, -1, -1, -1, -1, -1, -1, -1, -1, -1, -1, -1, -1, -1, -1, -1, -1, -1, -1, -1, -1, -1, -1, -1, -1, -1, -1, -1, -1, -1, -1, -1, -1, -1, -1, -1, -1, -1, -1, -1, -1, -1, -1, -1, -1, -1, -1, -1, -1, -1, -1, -1, -1, -1, -1, -1, -1, -1, -1, -1, -1, -1, -1, -1, -1, -1, -1, -1, -1, -1, -1, -1, -1, -1, -1, -1, -1, -1, -1, -1, -1, -1, -1, -1, -1, -1, -1, -1, -1, -1, -1, -1, -1, -1, -1, -1, -1, -1, -1, -1, -1, -1, -1, -1, -1, -1, -1, -1, -1, -1, -1, -1, -1, -1, -1, -1, -1, -1, -1, -1, -1, -1, -1, -1, -1, -1, -1, -1, -1, -1, -1, -1, -1, -1, -1, -1, -1, -1, -1, -1, -1, -1, -1, -1, -1, -1, -1, -1, -1, -1, -1, -1, -1, -1, -1, -1, -1, -1, -1, -1, -1, -1, -1, -1, -1, -1, -1, -1, -1, -1, -1, -1, -1, -1, -1, -1, -1, -1, -1, -1, -1, -1, -1, -1, -1, -1, -1, -1, -1, -1, -1, -1, -1, -1, -1, -1, -1, -1, -1, -1, -1, -1, -1, -1, -1, -1, -1, -1, -1, -1, -1, -1, -1, -1, -1, -1]"
150,22,27,1.0,None,1,237,"[{'cluster_no': -1, 'count': 237}]","[-1, -1, -1, -1, -1, -1, -1, -1, -1, -1, -1, -1, -1, -1, -1, -1, -1, -1, -1, -1, -1, -1, -1, -1, -1, -1, -1, -1, -1, -1, -1, -1, -1, -1, -1, -1, -1, -1, -1, -1, -1, -1, -1, -1, -1, -1, -1, -1, -1, -1, -1, -1, -1, -1, -1, -1, -1, -1, -1, -1, -1, -1, -1, -1, -1, -1, -1, -1, -1, -1, -1, -1, -1, -1, -1, -1, -1, -1, -1, -1, -1, -1, -1, -1, -1, -1, -1, -1, -1, -1, -1, -1, -1, -1, -1, -1, -1, -1, -1, -1, -1, -1, -1, -1, -1, -1, -1, -1, -1, -1, -1, -1, -1, -1, -1, -1, -1, -1, -1, -1, -1, -1, -1, -1, -1, -1, -1, -1, -1, -1, -1, -1, -1, -1, -1, -1, -1, -1, -1, -1, -1, -1, -1, -1, -1, -1, -1, -1, -1, -1, -1, -1, -1, -1, -1, -1, -1, -1, -1, -1, -1, -1, -1, -1, -1, -1, -1, -1, -1, -1, -1, -1, -1, -1, -1, -1, -1, -1, -1, -1, -1, -1, -1, -1, -1, -1, -1, -1, -1, -1, -1, -1, -1, -1, -1, -1, -1, -1, -1, -1, -1, -1, -1, -1, -1, -1, -1, -1, -1, -1, -1, -1, -1, -1, -1, -1, -1, -1, -1, -1, -1, -1, -1, -1, -1, -1, -1, -1, -1, -1, -1, -1, -1, -1, -1, -1, -1]"
150,22,28,0.0,None,1,237,"[{'cluster_no': -1, 'count': 237}]","[-1, -1, -1, -1, -1, -1, -1, -1, -1, -1, -1, -1, -1, -1, -1, -1, -1, -1, -1, -1, -1, -1, -1, -1, -1, -1, -1, -1, -1, -1, -1, -1, -1, -1, -1, -1, -1, -1, -1, -1, -1, -1, -1, -1, -1, -1, -1, -1, -1, -1, -1, -1, -1, -1, -1, -1, -1, -1, -1, -1, -1, -1, -1, -1, -1, -1, -1, -1, -1, -1, -1, -1, -1, -1, -1, -1, -1, -1, -1, -1, -1, -1, -1, -1, -1, -1, -1, -1, -1, -1, -1, -1, -1, -1, -1, -1, -1, -1, -1, -1, -1, -1, -1, -1, -1, -1, -1, -1, -1, -1, -1, -1, -1, -1, -1, -1, -1, -1, -1, -1, -1, -1, -1, -1, -1, -1, -1, -1, -1, -1, -1, -1, -1, -1, -1, -1, -1, -1, -1, -1, -1, -1, -1, -1, -1, -1, -1, -1, -1, -1, -1, -1, -1, -1, -1, -1, -1, -1, -1, -1, -1, -1, -1, -1, -1, -1, -1, -1, -1, -1, -1, -1, -1, -1, -1, -1, -1, -1, -1, -1, -1, -1, -1, -1, -1, -1, -1, -1, -1, -1, -1, -1, -1, -1, -1, -1, -1, -1, -1, -1, -1, -1, -1, -1, -1, -1, -1, -1, -1, -1, -1, -1, -1, -1, -1, -1, -1, -1, -1, -1, -1, -1, -1, -1, -1, -1, -1, -1, -1, -1, -1, -1, -1, -1, -1, -1, -1]"
150,22,28,0.5,None,1,237,"[{'cluster_no': -1, 'count': 237}]","[-1, -1, -1, -1, -1, -1, -1, -1, -1, -1, -1, -1, -1, -1, -1, -1, -1, -1, -1, -1, -1, -1, -1, -1, -1, -1, -1, -1, -1, -1, -1, -1, -1, -1, -1, -1, -1, -1, -1, -1, -1, -1, -1, -1, -1, -1, -1, -1, -1, -1, -1, -1, -1, -1, -1, -1, -1, -1, -1, -1, -1, -1, -1, -1, -1, -1, -1, -1, -1, -1, -1, -1, -1, -1, -1, -1, -1, -1, -1, -1, -1, -1, -1, -1, -1, -1, -1, -1, -1, -1, -1, -1, -1, -1, -1, -1, -1, -1, -1, -1, -1, -1, -1, -1, -1, -1, -1, -1, -1, -1, -1, -1, -1, -1, -1, -1, -1, -1, -1, -1, -1, -1, -1, -1, -1, -1, -1, -1, -1, -1, -1, -1, -1, -1, -1, -1, -1, -1, -1, -1, -1, -1, -1, -1, -1, -1, -1, -1, -1, -1, -1, -1, -1, -1, -1, -1, -1, -1, -1, -1, -1, -1, -1, -1, -1, -1, -1, -1, -1, -1, -1, -1, -1, -1, -1, -1, -1, -1, -1, -1, -1, -1, -1, -1, -1, -1, -1, -1, -1, -1, -1, -1, -1, -1, -1, -1, -1, -1, -1, -1, -1, -1, -1, -1, -1, -1, -1, -1, -1, -1, -1, -1, -1, -1, -1, -1, -1, -1, -1, -1, -1, -1, -1, -1, -1, -1, -1, -1, -1, -1, -1, -1, -1, -1, -1, -1, -1]"
150,22,28,1.0,None,1,237,"[{'cluster_no': -1, 'count': 237}]","[-1, -1, -1, -1, -1, -1, -1, -1, -1, -1, -1, -1, -1, -1, -1, -1, -1, -1, -1, -1, -1, -1, -1, -1, -1, -1, -1, -1, -1, -1, -1, -1, -1, -1, -1, -1, -1, -1, -1, -1, -1, -1, -1, -1, -1, -1, -1, -1, -1, -1, -1, -1, -1, -1, -1, -1, -1, -1, -1, -1, -1, -1, -1, -1, -1, -1, -1, -1, -1, -1, -1, -1, -1, -1, -1, -1, -1, -1, -1, -1, -1, -1, -1, -1, -1, -1, -1, -1, -1, -1, -1, -1, -1, -1, -1, -1, -1, -1, -1, -1, -1, -1, -1, -1, -1, -1, -1, -1, -1, -1, -1, -1, -1, -1, -1, -1, -1, -1, -1, -1, -1, -1, -1, -1, -1, -1, -1, -1, -1, -1, -1, -1, -1, -1, -1, -1, -1, -1, -1, -1, -1, -1, -1, -1, -1, -1, -1, -1, -1, -1, -1, -1, -1, -1, -1, -1, -1, -1, -1, -1, -1, -1, -1, -1, -1, -1, -1, -1, -1, -1, -1, -1, -1, -1, -1, -1, -1, -1, -1, -1, -1, -1, -1, -1, -1, -1, -1, -1, -1, -1, -1, -1, -1, -1, -1, -1, -1, -1, -1, -1, -1, -1, -1, -1, -1, -1, -1, -1, -1, -1, -1, -1, -1, -1, -1, -1, -1, -1, -1, -1, -1, -1, -1, -1, -1, -1, -1, -1, -1, -1, -1, -1, -1, -1, -1, -1, -1]"
150,22,29,0.0,None,1,237,"[{'cluster_no': -1, 'count': 237}]","[-1, -1, -1, -1, -1, -1, -1, -1, -1, -1, -1, -1, -1, -1, -1, -1, -1, -1, -1, -1, -1, -1, -1, -1, -1, -1, -1, -1, -1, -1, -1, -1, -1, -1, -1, -1, -1, -1, -1, -1, -1, -1, -1, -1, -1, -1, -1, -1, -1, -1, -1, -1, -1, -1, -1, -1, -1, -1, -1, -1, -1, -1, -1, -1, -1, -1, -1, -1, -1, -1, -1, -1, -1, -1, -1, -1, -1, -1, -1, -1, -1, -1, -1, -1, -1, -1, -1, -1, -1, -1, -1, -1, -1, -1, -1, -1, -1, -1, -1, -1, -1, -1, -1, -1, -1, -1, -1, -1, -1, -1, -1, -1, -1, -1, -1, -1, -1, -1, -1, -1, -1, -1, -1, -1, -1, -1, -1, -1, -1, -1, -1, -1, -1, -1, -1, -1, -1, -1, -1, -1, -1, -1, -1, -1, -1, -1, -1, -1, -1, -1, -1, -1, -1, -1, -1, -1, -1, -1, -1, -1, -1, -1, -1, -1, -1, -1, -1, -1, -1, -1, -1, -1, -1, -1, -1, -1, -1, -1, -1, -1, -1, -1, -1, -1, -1, -1, -1, -1, -1, -1, -1, -1, -1, -1, -1, -1, -1, -1, -1, -1, -1, -1, -1, -1, -1, -1, -1, -1, -1, -1, -1, -1, -1, -1, -1, -1, -1, -1, -1, -1, -1, -1, -1, -1, -1, -1, -1, -1, -1, -1, -1, -1, -1, -1, -1, -1, -1]"
150,22,29,0.5,None,1,237,"[{'cluster_no': -1, 'count': 237}]","[-1, -1, -1, -1, -1, -1, -1, -1, -1, -1, -1, -1, -1, -1, -1, -1, -1, -1, -1, -1, -1, -1, -1, -1, -1, -1, -1, -1, -1, -1, -1, -1, -1, -1, -1, -1, -1, -1, -1, -1, -1, -1, -1, -1, -1, -1, -1, -1, -1, -1, -1, -1, -1, -1, -1, -1, -1, -1, -1, -1, -1, -1, -1, -1, -1, -1, -1, -1, -1, -1, -1, -1, -1, -1, -1, -1, -1, -1, -1, -1, -1, -1, -1, -1, -1, -1, -1, -1, -1, -1, -1, -1, -1, -1, -1, -1, -1, -1, -1, -1, -1, -1, -1, -1, -1, -1, -1, -1, -1, -1, -1, -1, -1, -1, -1, -1, -1, -1, -1, -1, -1, -1, -1, -1, -1, -1, -1, -1, -1, -1, -1, -1, -1, -1, -1, -1, -1, -1, -1, -1, -1, -1, -1, -1, -1, -1, -1, -1, -1, -1, -1, -1, -1, -1, -1, -1, -1, -1, -1, -1, -1, -1, -1, -1, -1, -1, -1, -1, -1, -1, -1, -1, -1, -1, -1, -1, -1, -1, -1, -1, -1, -1, -1, -1, -1, -1, -1, -1, -1, -1, -1, -1, -1, -1, -1, -1, -1, -1, -1, -1, -1, -1, -1, -1, -1, -1, -1, -1, -1, -1, -1, -1, -1, -1, -1, -1, -1, -1, -1, -1, -1, -1, -1, -1, -1, -1, -1, -1, -1, -1, -1, -1, -1, -1, -1, -1, -1]"
150,22,29,1.0,None,1,237,"[{'cluster_no': -1, 'count': 237}]","[-1, -1, -1, -1, -1, -1, -1, -1, -1, -1, -1, -1, -1, -1, -1, -1, -1, -1, -1, -1, -1, -1, -1, -1, -1, -1, -1, -1, -1, -1, -1, -1, -1, -1, -1, -1, -1, -1, -1, -1, -1, -1, -1, -1, -1, -1, -1, -1, -1, -1, -1, -1, -1, -1, -1, -1, -1, -1, -1, -1, -1, -1, -1, -1, -1, -1, -1, -1, -1, -1, -1, -1, -1, -1, -1, -1, -1, -1, -1, -1, -1, -1, -1, -1, -1, -1, -1, -1, -1, -1, -1, -1, -1, -1, -1, -1, -1, -1, -1, -1, -1, -1, -1, -1, -1, -1, -1, -1, -1, -1, -1, -1, -1, -1, -1, -1, -1, -1, -1, -1, -1, -1, -1, -1, -1, -1, -1, -1, -1, -1, -1, -1, -1, -1, -1, -1, -1, -1, -1, -1, -1, -1, -1, -1, -1, -1, -1, -1, -1, -1, -1, -1, -1, -1, -1, -1, -1, -1, -1, -1, -1, -1, -1, -1, -1, -1, -1, -1, -1, -1, -1, -1, -1, -1, -1, -1, -1, -1, -1, -1, -1, -1, -1, -1, -1, -1, -1, -1, -1, -1, -1, -1, -1, -1, -1, -1, -1, -1, -1, -1, -1, -1, -1, -1, -1, -1, -1, -1, -1, -1, -1, -1, -1, -1, -1, -1, -1, -1, -1, -1, -1, -1, -1, -1, -1, -1, -1, -1, -1, -1, -1, -1, -1, -1, -1, -1, -1]"
150,22,30,0.0,None,1,237,"[{'cluster_no': -1, 'count': 237}]","[-1, -1, -1, -1, -1, -1, -1, -1, -1, -1, -1, -1, -1, -1, -1, -1, -1, -1, -1, -1, -1, -1, -1, -1, -1, -1, -1, -1, -1, -1, -1, -1, -1, -1, -1, -1, -1, -1, -1, -1, -1, -1, -1, -1, -1, -1, -1, -1, -1, -1, -1, -1, -1, -1, -1, -1, -1, -1, -1, -1, -1, -1, -1, -1, -1, -1, -1, -1, -1, -1, -1, -1, -1, -1, -1, -1, -1, -1, -1, -1, -1, -1, -1, -1, -1, -1, -1, -1, -1, -1, -1, -1, -1, -1, -1, -1, -1, -1, -1, -1, -1, -1, -1, -1, -1, -1, -1, -1, -1, -1, -1, -1, -1, -1, -1, -1, -1, -1, -1, -1, -1, -1, -1, -1, -1, -1, -1, -1, -1, -1, -1, -1, -1, -1, -1, -1, -1, -1, -1, -1, -1, -1, -1, -1, -1, -1, -1, -1, -1, -1, -1, -1, -1, -1, -1, -1, -1, -1, -1, -1, -1, -1, -1, -1, -1, -1, -1, -1, -1, -1, -1, -1, -1, -1, -1, -1, -1, -1, -1, -1, -1, -1, -1, -1, -1, -1, -1, -1, -1, -1, -1, -1, -1, -1, -1, -1, -1, -1, -1, -1, -1, -1, -1, -1, -1, -1, -1, -1, -1, -1, -1, -1, -1, -1, -1, -1, -1, -1, -1, -1, -1, -1, -1, -1, -1, -1, -1, -1, -1, -1, -1, -1, -1, -1, -1, -1, -1]"
150,22,30,0.5,None,1,237,"[{'cluster_no': -1, 'count': 237}]","[-1, -1, -1, -1, -1, -1, -1, -1, -1, -1, -1, -1, -1, -1, -1, -1, -1, -1, -1, -1, -1, -1, -1, -1, -1, -1, -1, -1, -1, -1, -1, -1, -1, -1, -1, -1, -1, -1, -1, -1, -1, -1, -1, -1, -1, -1, -1, -1, -1, -1, -1, -1, -1, -1, -1, -1, -1, -1, -1, -1, -1, -1, -1, -1, -1, -1, -1, -1, -1, -1, -1, -1, -1, -1, -1, -1, -1, -1, -1, -1, -1, -1, -1, -1, -1, -1, -1, -1, -1, -1, -1, -1, -1, -1, -1, -1, -1, -1, -1, -1, -1, -1, -1, -1, -1, -1, -1, -1, -1, -1, -1, -1, -1, -1, -1, -1, -1, -1, -1, -1, -1, -1, -1, -1, -1, -1, -1, -1, -1, -1, -1, -1, -1, -1, -1, -1, -1, -1, -1, -1, -1, -1, -1, -1, -1, -1, -1, -1, -1, -1, -1, -1, -1, -1, -1, -1, -1, -1, -1, -1, -1, -1, -1, -1, -1, -1, -1, -1, -1, -1, -1, -1, -1, -1, -1, -1, -1, -1, -1, -1, -1, -1, -1, -1, -1, -1, -1, -1, -1, -1, -1, -1, -1, -1, -1, -1, -1, -1, -1, -1, -1, -1, -1, -1, -1, -1, -1, -1, -1, -1, -1, -1, -1, -1, -1, -1, -1, -1, -1, -1, -1, -1, -1, -1, -1, -1, -1, -1, -1, -1, -1, -1, -1, -1, -1, -1, -1]"
150,22,30,1.0,None,1,237,"[{'cluster_no': -1, 'count': 237}]","[-1, -1, -1, -1, -1, -1, -1, -1, -1, -1, -1, -1, -1, -1, -1, -1, -1, -1, -1, -1, -1, -1, -1, -1, -1, -1, -1, -1, -1, -1, -1, -1, -1, -1, -1, -1, -1, -1, -1, -1, -1, -1, -1, -1, -1, -1, -1, -1, -1, -1, -1, -1, -1, -1, -1, -1, -1, -1, -1, -1, -1, -1, -1, -1, -1, -1, -1, -1, -1, -1, -1, -1, -1, -1, -1, -1, -1, -1, -1, -1, -1, -1, -1, -1, -1, -1, -1, -1, -1, -1, -1, -1, -1, -1, -1, -1, -1, -1, -1, -1, -1, -1, -1, -1, -1, -1, -1, -1, -1, -1, -1, -1, -1, -1, -1, -1, -1, -1, -1, -1, -1, -1, -1, -1, -1, -1, -1, -1, -1, -1, -1, -1, -1, -1, -1, -1, -1, -1, -1, -1, -1, -1, -1, -1, -1, -1, -1, -1, -1, -1, -1, -1, -1, -1, -1, -1, -1, -1, -1, -1, -1, -1, -1, -1, -1, -1, -1, -1, -1, -1, -1, -1, -1, -1, -1, -1, -1, -1, -1, -1, -1, -1, -1, -1, -1, -1, -1, -1, -1, -1, -1, -1, -1, -1, -1, -1, -1, -1, -1, -1, -1, -1, -1, -1, -1, -1, -1, -1, -1, -1, -1, -1, -1, -1, -1, -1, -1, -1, -1, -1, -1, -1, -1, -1, -1, -1, -1, -1, -1, -1, -1, -1, -1, -1, -1, -1, -1]"
150,23,5,0.0,0.6554143555269757,3,215,"[{'cluster_no': -1, 'count': 215}, {'cluster_no': 0, 'count': 15}, {'cluster_no': 1, 'count': 7}]","[-1, -1, -1, -1, -1, -1, -1, -1, -1, -1, -1, -1, -1, -1, -1, -1, -1, -1, -1, -1, -1, -1, -1, -1, -1, -1, -1, -1, -1, -1, -1, -1, -1, -1, -1, -1, -1, -1, -1, -1, -1, -1, -1, -1, -1, -1, -1, -1, -1, -1, -1, -1, -1, -1, -1, -1, -1, -1, -1, -1, -1, -1, -1, -1, -1, -1, -1, -1, 1, -1, -1, -1, -1, -1, 1, -1, -1, -1, -1, -1, -1, -1, -1, -1, -1, -1, -1, -1, -1, -1, -1, -1, -1, -1, -1, -1, -1, -1, -1, -1, 0, -1, -1, -1, -1, -1, -1, -1, -1, -1, -1, -1, -1, -1, -1, -1, -1, -1, -1, -1, -1, -1, -1, -1, -1, -1, -1, -1, -1, -1, 1, -1, -1, -1, -1, -1, 0, -1, -1, -1, -1, -1, -1, 0, -1, -1, -1, -1, -1, -1, -1, -1, -1, -1, -1, -1, -1, -1, -1, -1, 0, -1, -1, -1, -1, 1, 0, 0, -1, -1, -1, -1, 0, -1, -1, -1, -1, -1, -1, -1, -1, 0, -1, 1, 0, -1, -1, -1, -1, -1, -1, -1, -1, -1, 1, -1, -1, -1, -1, -1, -1, -1, -1, 1, -1, -1, 0, -1, 0, 0, 0, 0, -1, -1, -1, 0, -1, -1, -1, -1, -1, -1, -1, -1, -1, -1, -1, -1, -1, -1, -1, -1, -1, -1, -1, -1, -1]"
150,23,5,0.5,0.6554143555269757,3,215,"[{'cluster_no': -1, 'count': 215}, {'cluster_no': 0, 'count': 15}, {'cluster_no': 1, 'count': 7}]","[-1, -1, -1, -1, -1, -1, -1, -1, -1, -1, -1, -1, -1, -1, -1, -1, -1, -1, -1, -1, -1, -1, -1, -1, -1, -1, -1, -1, -1, -1, -1, -1, -1, -1, -1, -1, -1, -1, -1, -1, -1, -1, -1, -1, -1, -1, -1, -1, -1, -1, -1, -1, -1, -1, -1, -1, -1, -1, -1, -1, -1, -1, -1, -1, -1, -1, -1, -1, 1, -1, -1, -1, -1, -1, 1, -1, -1, -1, -1, -1, -1, -1, -1, -1, -1, -1, -1, -1, -1, -1, -1, -1, -1, -1, -1, -1, -1, -1, -1, -1, 0, -1, -1, -1, -1, -1, -1, -1, -1, -1, -1, -1, -1, -1, -1, -1, -1, -1, -1, -1, -1, -1, -1, -1, -1, -1, -1, -1, -1, -1, 1, -1, -1, -1, -1, -1, 0, -1, -1, -1, -1, -1, -1, 0, -1, -1, -1, -1, -1, -1, -1, -1, -1, -1, -1, -1, -1, -1, -1, -1, 0, -1, -1, -1, -1, 1, 0, 0, -1, -1, -1, -1, 0, -1, -1, -1, -1, -1, -1, -1, -1, 0, -1, 1, 0, -1, -1, -1, -1, -1, -1, -1, -1, -1, 1, -1, -1, -1, -1, -1, -1, -1, -1, 1, -1, -1, 0, -1, 0, 0, 0, 0, -1, -1, -1, 0, -1, -1, -1, -1, -1, -1, -1, -1, -1, -1, -1, -1, -1, -1, -1, -1, -1, -1, -1, -1, -1]"
150,23,5,1.0,0.6554143555269757,3,215,"[{'cluster_no': -1, 'count': 215}, {'cluster_no': 0, 'count': 15}, {'cluster_no': 1, 'count': 7}]","[-1, -1, -1, -1, -1, -1, -1, -1, -1, -1, -1, -1, -1, -1, -1, -1, -1, -1, -1, -1, -1, -1, -1, -1, -1, -1, -1, -1, -1, -1, -1, -1, -1, -1, -1, -1, -1, -1, -1, -1, -1, -1, -1, -1, -1, -1, -1, -1, -1, -1, -1, -1, -1, -1, -1, -1, -1, -1, -1, -1, -1, -1, -1, -1, -1, -1, -1, -1, 1, -1, -1, -1, -1, -1, 1, -1, -1, -1, -1, -1, -1, -1, -1, -1, -1, -1, -1, -1, -1, -1, -1, -1, -1, -1, -1, -1, -1, -1, -1, -1, 0, -1, -1, -1, -1, -1, -1, -1, -1, -1, -1, -1, -1, -1, -1, -1, -1, -1, -1, -1, -1, -1, -1, -1, -1, -1, -1, -1, -1, -1, 1, -1, -1, -1, -1, -1, 0, -1, -1, -1, -1, -1, -1, 0, -1, -1, -1, -1, -1, -1, -1, -1, -1, -1, -1, -1, -1, -1, -1, -1, 0, -1, -1, -1, -1, 1, 0, 0, -1, -1, -1, -1, 0, -1, -1, -1, -1, -1, -1, -1, -1, 0, -1, 1, 0, -1, -1, -1, -1, -1, -1, -1, -1, -1, 1, -1, -1, -1, -1, -1, -1, -1, -1, 1, -1, -1, 0, -1, 0, 0, 0, 0, -1, -1, -1, 0, -1, -1, -1, -1, -1, -1, -1, -1, -1, -1, -1, -1, -1, -1, -1, -1, -1, -1, -1, -1, -1]"
150,23,6,0.0,0.6554143555269757,3,215,"[{'cluster_no': -1, 'count': 215}, {'cluster_no': 0, 'count': 15}, {'cluster_no': 1, 'count': 7}]","[-1, -1, -1, -1, -1, -1, -1, -1, -1, -1, -1, -1, -1, -1, -1, -1, -1, -1, -1, -1, -1, -1, -1, -1, -1, -1, -1, -1, -1, -1, -1, -1, -1, -1, -1, -1, -1, -1, -1, -1, -1, -1, -1, -1, -1, -1, -1, -1, -1, -1, -1, -1, -1, -1, -1, -1, -1, -1, -1, -1, -1, -1, -1, -1, -1, -1, -1, -1, 1, -1, -1, -1, -1, -1, 1, -1, -1, -1, -1, -1, -1, -1, -1, -1, -1, -1, -1, -1, -1, -1, -1, -1, -1, -1, -1, -1, -1, -1, -1, -1, 0, -1, -1, -1, -1, -1, -1, -1, -1, -1, -1, -1, -1, -1, -1, -1, -1, -1, -1, -1, -1, -1, -1, -1, -1, -1, -1, -1, -1, -1, 1, -1, -1, -1, -1, -1, 0, -1, -1, -1, -1, -1, -1, 0, -1, -1, -1, -1, -1, -1, -1, -1, -1, -1, -1, -1, -1, -1, -1, -1, 0, -1, -1, -1, -1, 1, 0, 0, -1, -1, -1, -1, 0, -1, -1, -1, -1, -1, -1, -1, -1, 0, -1, 1, 0, -1, -1, -1, -1, -1, -1, -1, -1, -1, 1, -1, -1, -1, -1, -1, -1, -1, -1, 1, -1, -1, 0, -1, 0, 0, 0, 0, -1, -1, -1, 0, -1, -1, -1, -1, -1, -1, -1, -1, -1, -1, -1, -1, -1, -1, -1, -1, -1, -1, -1, -1, -1]"
150,23,6,0.5,0.6554143555269757,3,215,"[{'cluster_no': -1, 'count': 215}, {'cluster_no': 0, 'count': 15}, {'cluster_no': 1, 'count': 7}]","[-1, -1, -1, -1, -1, -1, -1, -1, -1, -1, -1, -1, -1, -1, -1, -1, -1, -1, -1, -1, -1, -1, -1, -1, -1, -1, -1, -1, -1, -1, -1, -1, -1, -1, -1, -1, -1, -1, -1, -1, -1, -1, -1, -1, -1, -1, -1, -1, -1, -1, -1, -1, -1, -1, -1, -1, -1, -1, -1, -1, -1, -1, -1, -1, -1, -1, -1, -1, 1, -1, -1, -1, -1, -1, 1, -1, -1, -1, -1, -1, -1, -1, -1, -1, -1, -1, -1, -1, -1, -1, -1, -1, -1, -1, -1, -1, -1, -1, -1, -1, 0, -1, -1, -1, -1, -1, -1, -1, -1, -1, -1, -1, -1, -1, -1, -1, -1, -1, -1, -1, -1, -1, -1, -1, -1, -1, -1, -1, -1, -1, 1, -1, -1, -1, -1, -1, 0, -1, -1, -1, -1, -1, -1, 0, -1, -1, -1, -1, -1, -1, -1, -1, -1, -1, -1, -1, -1, -1, -1, -1, 0, -1, -1, -1, -1, 1, 0, 0, -1, -1, -1, -1, 0, -1, -1, -1, -1, -1, -1, -1, -1, 0, -1, 1, 0, -1, -1, -1, -1, -1, -1, -1, -1, -1, 1, -1, -1, -1, -1, -1, -1, -1, -1, 1, -1, -1, 0, -1, 0, 0, 0, 0, -1, -1, -1, 0, -1, -1, -1, -1, -1, -1, -1, -1, -1, -1, -1, -1, -1, -1, -1, -1, -1, -1, -1, -1, -1]"
150,23,6,1.0,0.6554143555269757,3,215,"[{'cluster_no': -1, 'count': 215}, {'cluster_no': 0, 'count': 15}, {'cluster_no': 1, 'count': 7}]","[-1, -1, -1, -1, -1, -1, -1, -1, -1, -1, -1, -1, -1, -1, -1, -1, -1, -1, -1, -1, -1, -1, -1, -1, -1, -1, -1, -1, -1, -1, -1, -1, -1, -1, -1, -1, -1, -1, -1, -1, -1, -1, -1, -1, -1, -1, -1, -1, -1, -1, -1, -1, -1, -1, -1, -1, -1, -1, -1, -1, -1, -1, -1, -1, -1, -1, -1, -1, 1, -1, -1, -1, -1, -1, 1, -1, -1, -1, -1, -1, -1, -1, -1, -1, -1, -1, -1, -1, -1, -1, -1, -1, -1, -1, -1, -1, -1, -1, -1, -1, 0, -1, -1, -1, -1, -1, -1, -1, -1, -1, -1, -1, -1, -1, -1, -1, -1, -1, -1, -1, -1, -1, -1, -1, -1, -1, -1, -1, -1, -1, 1, -1, -1, -1, -1, -1, 0, -1, -1, -1, -1, -1, -1, 0, -1, -1, -1, -1, -1, -1, -1, -1, -1, -1, -1, -1, -1, -1, -1, -1, 0, -1, -1, -1, -1, 1, 0, 0, -1, -1, -1, -1, 0, -1, -1, -1, -1, -1, -1, -1, -1, 0, -1, 1, 0, -1, -1, -1, -1, -1, -1, -1, -1, -1, 1, -1, -1, -1, -1, -1, -1, -1, -1, 1, -1, -1, 0, -1, 0, 0, 0, 0, -1, -1, -1, 0, -1, -1, -1, -1, -1, -1, -1, -1, -1, -1, -1, -1, -1, -1, -1, -1, -1, -1, -1, -1, -1]"
150,23,7,0.0,0.6554143555269757,3,215,"[{'cluster_no': -1, 'count': 215}, {'cluster_no': 0, 'count': 15}, {'cluster_no': 1, 'count': 7}]","[-1, -1, -1, -1, -1, -1, -1, -1, -1, -1, -1, -1, -1, -1, -1, -1, -1, -1, -1, -1, -1, -1, -1, -1, -1, -1, -1, -1, -1, -1, -1, -1, -1, -1, -1, -1, -1, -1, -1, -1, -1, -1, -1, -1, -1, -1, -1, -1, -1, -1, -1, -1, -1, -1, -1, -1, -1, -1, -1, -1, -1, -1, -1, -1, -1, -1, -1, -1, 1, -1, -1, -1, -1, -1, 1, -1, -1, -1, -1, -1, -1, -1, -1, -1, -1, -1, -1, -1, -1, -1, -1, -1, -1, -1, -1, -1, -1, -1, -1, -1, 0, -1, -1, -1, -1, -1, -1, -1, -1, -1, -1, -1, -1, -1, -1, -1, -1, -1, -1, -1, -1, -1, -1, -1, -1, -1, -1, -1, -1, -1, 1, -1, -1, -1, -1, -1, 0, -1, -1, -1, -1, -1, -1, 0, -1, -1, -1, -1, -1, -1, -1, -1, -1, -1, -1, -1, -1, -1, -1, -1, 0, -1, -1, -1, -1, 1, 0, 0, -1, -1, -1, -1, 0, -1, -1, -1, -1, -1, -1, -1, -1, 0, -1, 1, 0, -1, -1, -1, -1, -1, -1, -1, -1, -1, 1, -1, -1, -1, -1, -1, -1, -1, -1, 1, -1, -1, 0, -1, 0, 0, 0, 0, -1, -1, -1, 0, -1, -1, -1, -1, -1, -1, -1, -1, -1, -1, -1, -1, -1, -1, -1, -1, -1, -1, -1, -1, -1]"
150,23,7,0.5,0.6554143555269757,3,215,"[{'cluster_no': -1, 'count': 215}, {'cluster_no': 0, 'count': 15}, {'cluster_no': 1, 'count': 7}]","[-1, -1, -1, -1, -1, -1, -1, -1, -1, -1, -1, -1, -1, -1, -1, -1, -1, -1, -1, -1, -1, -1, -1, -1, -1, -1, -1, -1, -1, -1, -1, -1, -1, -1, -1, -1, -1, -1, -1, -1, -1, -1, -1, -1, -1, -1, -1, -1, -1, -1, -1, -1, -1, -1, -1, -1, -1, -1, -1, -1, -1, -1, -1, -1, -1, -1, -1, -1, 1, -1, -1, -1, -1, -1, 1, -1, -1, -1, -1, -1, -1, -1, -1, -1, -1, -1, -1, -1, -1, -1, -1, -1, -1, -1, -1, -1, -1, -1, -1, -1, 0, -1, -1, -1, -1, -1, -1, -1, -1, -1, -1, -1, -1, -1, -1, -1, -1, -1, -1, -1, -1, -1, -1, -1, -1, -1, -1, -1, -1, -1, 1, -1, -1, -1, -1, -1, 0, -1, -1, -1, -1, -1, -1, 0, -1, -1, -1, -1, -1, -1, -1, -1, -1, -1, -1, -1, -1, -1, -1, -1, 0, -1, -1, -1, -1, 1, 0, 0, -1, -1, -1, -1, 0, -1, -1, -1, -1, -1, -1, -1, -1, 0, -1, 1, 0, -1, -1, -1, -1, -1, -1, -1, -1, -1, 1, -1, -1, -1, -1, -1, -1, -1, -1, 1, -1, -1, 0, -1, 0, 0, 0, 0, -1, -1, -1, 0, -1, -1, -1, -1, -1, -1, -1, -1, -1, -1, -1, -1, -1, -1, -1, -1, -1, -1, -1, -1, -1]"
150,23,7,1.0,0.6554143555269757,3,215,"[{'cluster_no': -1, 'count': 215}, {'cluster_no': 0, 'count': 15}, {'cluster_no': 1, 'count': 7}]","[-1, -1, -1, -1, -1, -1, -1, -1, -1, -1, -1, -1, -1, -1, -1, -1, -1, -1, -1, -1, -1, -1, -1, -1, -1, -1, -1, -1, -1, -1, -1, -1, -1, -1, -1, -1, -1, -1, -1, -1, -1, -1, -1, -1, -1, -1, -1, -1, -1, -1, -1, -1, -1, -1, -1, -1, -1, -1, -1, -1, -1, -1, -1, -1, -1, -1, -1, -1, 1, -1, -1, -1, -1, -1, 1, -1, -1, -1, -1, -1, -1, -1, -1, -1, -1, -1, -1, -1, -1, -1, -1, -1, -1, -1, -1, -1, -1, -1, -1, -1, 0, -1, -1, -1, -1, -1, -1, -1, -1, -1, -1, -1, -1, -1, -1, -1, -1, -1, -1, -1, -1, -1, -1, -1, -1, -1, -1, -1, -1, -1, 1, -1, -1, -1, -1, -1, 0, -1, -1, -1, -1, -1, -1, 0, -1, -1, -1, -1, -1, -1, -1, -1, -1, -1, -1, -1, -1, -1, -1, -1, 0, -1, -1, -1, -1, 1, 0, 0, -1, -1, -1, -1, 0, -1, -1, -1, -1, -1, -1, -1, -1, 0, -1, 1, 0, -1, -1, -1, -1, -1, -1, -1, -1, -1, 1, -1, -1, -1, -1, -1, -1, -1, -1, 1, -1, -1, 0, -1, 0, 0, 0, 0, -1, -1, -1, 0, -1, -1, -1, -1, -1, -1, -1, -1, -1, -1, -1, -1, -1, -1, -1, -1, -1, -1, -1, -1, -1]"
150,23,8,0.0,None,1,237,"[{'cluster_no': -1, 'count': 237}]","[-1, -1, -1, -1, -1, -1, -1, -1, -1, -1, -1, -1, -1, -1, -1, -1, -1, -1, -1, -1, -1, -1, -1, -1, -1, -1, -1, -1, -1, -1, -1, -1, -1, -1, -1, -1, -1, -1, -1, -1, -1, -1, -1, -1, -1, -1, -1, -1, -1, -1, -1, -1, -1, -1, -1, -1, -1, -1, -1, -1, -1, -1, -1, -1, -1, -1, -1, -1, -1, -1, -1, -1, -1, -1, -1, -1, -1, -1, -1, -1, -1, -1, -1, -1, -1, -1, -1, -1, -1, -1, -1, -1, -1, -1, -1, -1, -1, -1, -1, -1, -1, -1, -1, -1, -1, -1, -1, -1, -1, -1, -1, -1, -1, -1, -1, -1, -1, -1, -1, -1, -1, -1, -1, -1, -1, -1, -1, -1, -1, -1, -1, -1, -1, -1, -1, -1, -1, -1, -1, -1, -1, -1, -1, -1, -1, -1, -1, -1, -1, -1, -1, -1, -1, -1, -1, -1, -1, -1, -1, -1, -1, -1, -1, -1, -1, -1, -1, -1, -1, -1, -1, -1, -1, -1, -1, -1, -1, -1, -1, -1, -1, -1, -1, -1, -1, -1, -1, -1, -1, -1, -1, -1, -1, -1, -1, -1, -1, -1, -1, -1, -1, -1, -1, -1, -1, -1, -1, -1, -1, -1, -1, -1, -1, -1, -1, -1, -1, -1, -1, -1, -1, -1, -1, -1, -1, -1, -1, -1, -1, -1, -1, -1, -1, -1, -1, -1, -1]"
150,23,8,0.5,None,1,237,"[{'cluster_no': -1, 'count': 237}]","[-1, -1, -1, -1, -1, -1, -1, -1, -1, -1, -1, -1, -1, -1, -1, -1, -1, -1, -1, -1, -1, -1, -1, -1, -1, -1, -1, -1, -1, -1, -1, -1, -1, -1, -1, -1, -1, -1, -1, -1, -1, -1, -1, -1, -1, -1, -1, -1, -1, -1, -1, -1, -1, -1, -1, -1, -1, -1, -1, -1, -1, -1, -1, -1, -1, -1, -1, -1, -1, -1, -1, -1, -1, -1, -1, -1, -1, -1, -1, -1, -1, -1, -1, -1, -1, -1, -1, -1, -1, -1, -1, -1, -1, -1, -1, -1, -1, -1, -1, -1, -1, -1, -1, -1, -1, -1, -1, -1, -1, -1, -1, -1, -1, -1, -1, -1, -1, -1, -1, -1, -1, -1, -1, -1, -1, -1, -1, -1, -1, -1, -1, -1, -1, -1, -1, -1, -1, -1, -1, -1, -1, -1, -1, -1, -1, -1, -1, -1, -1, -1, -1, -1, -1, -1, -1, -1, -1, -1, -1, -1, -1, -1, -1, -1, -1, -1, -1, -1, -1, -1, -1, -1, -1, -1, -1, -1, -1, -1, -1, -1, -1, -1, -1, -1, -1, -1, -1, -1, -1, -1, -1, -1, -1, -1, -1, -1, -1, -1, -1, -1, -1, -1, -1, -1, -1, -1, -1, -1, -1, -1, -1, -1, -1, -1, -1, -1, -1, -1, -1, -1, -1, -1, -1, -1, -1, -1, -1, -1, -1, -1, -1, -1, -1, -1, -1, -1, -1]"
150,23,8,1.0,None,1,237,"[{'cluster_no': -1, 'count': 237}]","[-1, -1, -1, -1, -1, -1, -1, -1, -1, -1, -1, -1, -1, -1, -1, -1, -1, -1, -1, -1, -1, -1, -1, -1, -1, -1, -1, -1, -1, -1, -1, -1, -1, -1, -1, -1, -1, -1, -1, -1, -1, -1, -1, -1, -1, -1, -1, -1, -1, -1, -1, -1, -1, -1, -1, -1, -1, -1, -1, -1, -1, -1, -1, -1, -1, -1, -1, -1, -1, -1, -1, -1, -1, -1, -1, -1, -1, -1, -1, -1, -1, -1, -1, -1, -1, -1, -1, -1, -1, -1, -1, -1, -1, -1, -1, -1, -1, -1, -1, -1, -1, -1, -1, -1, -1, -1, -1, -1, -1, -1, -1, -1, -1, -1, -1, -1, -1, -1, -1, -1, -1, -1, -1, -1, -1, -1, -1, -1, -1, -1, -1, -1, -1, -1, -1, -1, -1, -1, -1, -1, -1, -1, -1, -1, -1, -1, -1, -1, -1, -1, -1, -1, -1, -1, -1, -1, -1, -1, -1, -1, -1, -1, -1, -1, -1, -1, -1, -1, -1, -1, -1, -1, -1, -1, -1, -1, -1, -1, -1, -1, -1, -1, -1, -1, -1, -1, -1, -1, -1, -1, -1, -1, -1, -1, -1, -1, -1, -1, -1, -1, -1, -1, -1, -1, -1, -1, -1, -1, -1, -1, -1, -1, -1, -1, -1, -1, -1, -1, -1, -1, -1, -1, -1, -1, -1, -1, -1, -1, -1, -1, -1, -1, -1, -1, -1, -1, -1]"
150,23,9,0.0,None,1,237,"[{'cluster_no': -1, 'count': 237}]","[-1, -1, -1, -1, -1, -1, -1, -1, -1, -1, -1, -1, -1, -1, -1, -1, -1, -1, -1, -1, -1, -1, -1, -1, -1, -1, -1, -1, -1, -1, -1, -1, -1, -1, -1, -1, -1, -1, -1, -1, -1, -1, -1, -1, -1, -1, -1, -1, -1, -1, -1, -1, -1, -1, -1, -1, -1, -1, -1, -1, -1, -1, -1, -1, -1, -1, -1, -1, -1, -1, -1, -1, -1, -1, -1, -1, -1, -1, -1, -1, -1, -1, -1, -1, -1, -1, -1, -1, -1, -1, -1, -1, -1, -1, -1, -1, -1, -1, -1, -1, -1, -1, -1, -1, -1, -1, -1, -1, -1, -1, -1, -1, -1, -1, -1, -1, -1, -1, -1, -1, -1, -1, -1, -1, -1, -1, -1, -1, -1, -1, -1, -1, -1, -1, -1, -1, -1, -1, -1, -1, -1, -1, -1, -1, -1, -1, -1, -1, -1, -1, -1, -1, -1, -1, -1, -1, -1, -1, -1, -1, -1, -1, -1, -1, -1, -1, -1, -1, -1, -1, -1, -1, -1, -1, -1, -1, -1, -1, -1, -1, -1, -1, -1, -1, -1, -1, -1, -1, -1, -1, -1, -1, -1, -1, -1, -1, -1, -1, -1, -1, -1, -1, -1, -1, -1, -1, -1, -1, -1, -1, -1, -1, -1, -1, -1, -1, -1, -1, -1, -1, -1, -1, -1, -1, -1, -1, -1, -1, -1, -1, -1, -1, -1, -1, -1, -1, -1]"
150,23,9,0.5,None,1,237,"[{'cluster_no': -1, 'count': 237}]","[-1, -1, -1, -1, -1, -1, -1, -1, -1, -1, -1, -1, -1, -1, -1, -1, -1, -1, -1, -1, -1, -1, -1, -1, -1, -1, -1, -1, -1, -1, -1, -1, -1, -1, -1, -1, -1, -1, -1, -1, -1, -1, -1, -1, -1, -1, -1, -1, -1, -1, -1, -1, -1, -1, -1, -1, -1, -1, -1, -1, -1, -1, -1, -1, -1, -1, -1, -1, -1, -1, -1, -1, -1, -1, -1, -1, -1, -1, -1, -1, -1, -1, -1, -1, -1, -1, -1, -1, -1, -1, -1, -1, -1, -1, -1, -1, -1, -1, -1, -1, -1, -1, -1, -1, -1, -1, -1, -1, -1, -1, -1, -1, -1, -1, -1, -1, -1, -1, -1, -1, -1, -1, -1, -1, -1, -1, -1, -1, -1, -1, -1, -1, -1, -1, -1, -1, -1, -1, -1, -1, -1, -1, -1, -1, -1, -1, -1, -1, -1, -1, -1, -1, -1, -1, -1, -1, -1, -1, -1, -1, -1, -1, -1, -1, -1, -1, -1, -1, -1, -1, -1, -1, -1, -1, -1, -1, -1, -1, -1, -1, -1, -1, -1, -1, -1, -1, -1, -1, -1, -1, -1, -1, -1, -1, -1, -1, -1, -1, -1, -1, -1, -1, -1, -1, -1, -1, -1, -1, -1, -1, -1, -1, -1, -1, -1, -1, -1, -1, -1, -1, -1, -1, -1, -1, -1, -1, -1, -1, -1, -1, -1, -1, -1, -1, -1, -1, -1]"
150,23,9,1.0,None,1,237,"[{'cluster_no': -1, 'count': 237}]","[-1, -1, -1, -1, -1, -1, -1, -1, -1, -1, -1, -1, -1, -1, -1, -1, -1, -1, -1, -1, -1, -1, -1, -1, -1, -1, -1, -1, -1, -1, -1, -1, -1, -1, -1, -1, -1, -1, -1, -1, -1, -1, -1, -1, -1, -1, -1, -1, -1, -1, -1, -1, -1, -1, -1, -1, -1, -1, -1, -1, -1, -1, -1, -1, -1, -1, -1, -1, -1, -1, -1, -1, -1, -1, -1, -1, -1, -1, -1, -1, -1, -1, -1, -1, -1, -1, -1, -1, -1, -1, -1, -1, -1, -1, -1, -1, -1, -1, -1, -1, -1, -1, -1, -1, -1, -1, -1, -1, -1, -1, -1, -1, -1, -1, -1, -1, -1, -1, -1, -1, -1, -1, -1, -1, -1, -1, -1, -1, -1, -1, -1, -1, -1, -1, -1, -1, -1, -1, -1, -1, -1, -1, -1, -1, -1, -1, -1, -1, -1, -1, -1, -1, -1, -1, -1, -1, -1, -1, -1, -1, -1, -1, -1, -1, -1, -1, -1, -1, -1, -1, -1, -1, -1, -1, -1, -1, -1, -1, -1, -1, -1, -1, -1, -1, -1, -1, -1, -1, -1, -1, -1, -1, -1, -1, -1, -1, -1, -1, -1, -1, -1, -1, -1, -1, -1, -1, -1, -1, -1, -1, -1, -1, -1, -1, -1, -1, -1, -1, -1, -1, -1, -1, -1, -1, -1, -1, -1, -1, -1, -1, -1, -1, -1, -1, -1, -1, -1]"
150,23,10,0.0,None,1,237,"[{'cluster_no': -1, 'count': 237}]","[-1, -1, -1, -1, -1, -1, -1, -1, -1, -1, -1, -1, -1, -1, -1, -1, -1, -1, -1, -1, -1, -1, -1, -1, -1, -1, -1, -1, -1, -1, -1, -1, -1, -1, -1, -1, -1, -1, -1, -1, -1, -1, -1, -1, -1, -1, -1, -1, -1, -1, -1, -1, -1, -1, -1, -1, -1, -1, -1, -1, -1, -1, -1, -1, -1, -1, -1, -1, -1, -1, -1, -1, -1, -1, -1, -1, -1, -1, -1, -1, -1, -1, -1, -1, -1, -1, -1, -1, -1, -1, -1, -1, -1, -1, -1, -1, -1, -1, -1, -1, -1, -1, -1, -1, -1, -1, -1, -1, -1, -1, -1, -1, -1, -1, -1, -1, -1, -1, -1, -1, -1, -1, -1, -1, -1, -1, -1, -1, -1, -1, -1, -1, -1, -1, -1, -1, -1, -1, -1, -1, -1, -1, -1, -1, -1, -1, -1, -1, -1, -1, -1, -1, -1, -1, -1, -1, -1, -1, -1, -1, -1, -1, -1, -1, -1, -1, -1, -1, -1, -1, -1, -1, -1, -1, -1, -1, -1, -1, -1, -1, -1, -1, -1, -1, -1, -1, -1, -1, -1, -1, -1, -1, -1, -1, -1, -1, -1, -1, -1, -1, -1, -1, -1, -1, -1, -1, -1, -1, -1, -1, -1, -1, -1, -1, -1, -1, -1, -1, -1, -1, -1, -1, -1, -1, -1, -1, -1, -1, -1, -1, -1, -1, -1, -1, -1, -1, -1]"
150,23,10,0.5,None,1,237,"[{'cluster_no': -1, 'count': 237}]","[-1, -1, -1, -1, -1, -1, -1, -1, -1, -1, -1, -1, -1, -1, -1, -1, -1, -1, -1, -1, -1, -1, -1, -1, -1, -1, -1, -1, -1, -1, -1, -1, -1, -1, -1, -1, -1, -1, -1, -1, -1, -1, -1, -1, -1, -1, -1, -1, -1, -1, -1, -1, -1, -1, -1, -1, -1, -1, -1, -1, -1, -1, -1, -1, -1, -1, -1, -1, -1, -1, -1, -1, -1, -1, -1, -1, -1, -1, -1, -1, -1, -1, -1, -1, -1, -1, -1, -1, -1, -1, -1, -1, -1, -1, -1, -1, -1, -1, -1, -1, -1, -1, -1, -1, -1, -1, -1, -1, -1, -1, -1, -1, -1, -1, -1, -1, -1, -1, -1, -1, -1, -1, -1, -1, -1, -1, -1, -1, -1, -1, -1, -1, -1, -1, -1, -1, -1, -1, -1, -1, -1, -1, -1, -1, -1, -1, -1, -1, -1, -1, -1, -1, -1, -1, -1, -1, -1, -1, -1, -1, -1, -1, -1, -1, -1, -1, -1, -1, -1, -1, -1, -1, -1, -1, -1, -1, -1, -1, -1, -1, -1, -1, -1, -1, -1, -1, -1, -1, -1, -1, -1, -1, -1, -1, -1, -1, -1, -1, -1, -1, -1, -1, -1, -1, -1, -1, -1, -1, -1, -1, -1, -1, -1, -1, -1, -1, -1, -1, -1, -1, -1, -1, -1, -1, -1, -1, -1, -1, -1, -1, -1, -1, -1, -1, -1, -1, -1]"
150,23,10,1.0,None,1,237,"[{'cluster_no': -1, 'count': 237}]","[-1, -1, -1, -1, -1, -1, -1, -1, -1, -1, -1, -1, -1, -1, -1, -1, -1, -1, -1, -1, -1, -1, -1, -1, -1, -1, -1, -1, -1, -1, -1, -1, -1, -1, -1, -1, -1, -1, -1, -1, -1, -1, -1, -1, -1, -1, -1, -1, -1, -1, -1, -1, -1, -1, -1, -1, -1, -1, -1, -1, -1, -1, -1, -1, -1, -1, -1, -1, -1, -1, -1, -1, -1, -1, -1, -1, -1, -1, -1, -1, -1, -1, -1, -1, -1, -1, -1, -1, -1, -1, -1, -1, -1, -1, -1, -1, -1, -1, -1, -1, -1, -1, -1, -1, -1, -1, -1, -1, -1, -1, -1, -1, -1, -1, -1, -1, -1, -1, -1, -1, -1, -1, -1, -1, -1, -1, -1, -1, -1, -1, -1, -1, -1, -1, -1, -1, -1, -1, -1, -1, -1, -1, -1, -1, -1, -1, -1, -1, -1, -1, -1, -1, -1, -1, -1, -1, -1, -1, -1, -1, -1, -1, -1, -1, -1, -1, -1, -1, -1, -1, -1, -1, -1, -1, -1, -1, -1, -1, -1, -1, -1, -1, -1, -1, -1, -1, -1, -1, -1, -1, -1, -1, -1, -1, -1, -1, -1, -1, -1, -1, -1, -1, -1, -1, -1, -1, -1, -1, -1, -1, -1, -1, -1, -1, -1, -1, -1, -1, -1, -1, -1, -1, -1, -1, -1, -1, -1, -1, -1, -1, -1, -1, -1, -1, -1, -1, -1]"
150,23,11,0.0,None,1,237,"[{'cluster_no': -1, 'count': 237}]","[-1, -1, -1, -1, -1, -1, -1, -1, -1, -1, -1, -1, -1, -1, -1, -1, -1, -1, -1, -1, -1, -1, -1, -1, -1, -1, -1, -1, -1, -1, -1, -1, -1, -1, -1, -1, -1, -1, -1, -1, -1, -1, -1, -1, -1, -1, -1, -1, -1, -1, -1, -1, -1, -1, -1, -1, -1, -1, -1, -1, -1, -1, -1, -1, -1, -1, -1, -1, -1, -1, -1, -1, -1, -1, -1, -1, -1, -1, -1, -1, -1, -1, -1, -1, -1, -1, -1, -1, -1, -1, -1, -1, -1, -1, -1, -1, -1, -1, -1, -1, -1, -1, -1, -1, -1, -1, -1, -1, -1, -1, -1, -1, -1, -1, -1, -1, -1, -1, -1, -1, -1, -1, -1, -1, -1, -1, -1, -1, -1, -1, -1, -1, -1, -1, -1, -1, -1, -1, -1, -1, -1, -1, -1, -1, -1, -1, -1, -1, -1, -1, -1, -1, -1, -1, -1, -1, -1, -1, -1, -1, -1, -1, -1, -1, -1, -1, -1, -1, -1, -1, -1, -1, -1, -1, -1, -1, -1, -1, -1, -1, -1, -1, -1, -1, -1, -1, -1, -1, -1, -1, -1, -1, -1, -1, -1, -1, -1, -1, -1, -1, -1, -1, -1, -1, -1, -1, -1, -1, -1, -1, -1, -1, -1, -1, -1, -1, -1, -1, -1, -1, -1, -1, -1, -1, -1, -1, -1, -1, -1, -1, -1, -1, -1, -1, -1, -1, -1]"
150,23,11,0.5,None,1,237,"[{'cluster_no': -1, 'count': 237}]","[-1, -1, -1, -1, -1, -1, -1, -1, -1, -1, -1, -1, -1, -1, -1, -1, -1, -1, -1, -1, -1, -1, -1, -1, -1, -1, -1, -1, -1, -1, -1, -1, -1, -1, -1, -1, -1, -1, -1, -1, -1, -1, -1, -1, -1, -1, -1, -1, -1, -1, -1, -1, -1, -1, -1, -1, -1, -1, -1, -1, -1, -1, -1, -1, -1, -1, -1, -1, -1, -1, -1, -1, -1, -1, -1, -1, -1, -1, -1, -1, -1, -1, -1, -1, -1, -1, -1, -1, -1, -1, -1, -1, -1, -1, -1, -1, -1, -1, -1, -1, -1, -1, -1, -1, -1, -1, -1, -1, -1, -1, -1, -1, -1, -1, -1, -1, -1, -1, -1, -1, -1, -1, -1, -1, -1, -1, -1, -1, -1, -1, -1, -1, -1, -1, -1, -1, -1, -1, -1, -1, -1, -1, -1, -1, -1, -1, -1, -1, -1, -1, -1, -1, -1, -1, -1, -1, -1, -1, -1, -1, -1, -1, -1, -1, -1, -1, -1, -1, -1, -1, -1, -1, -1, -1, -1, -1, -1, -1, -1, -1, -1, -1, -1, -1, -1, -1, -1, -1, -1, -1, -1, -1, -1, -1, -1, -1, -1, -1, -1, -1, -1, -1, -1, -1, -1, -1, -1, -1, -1, -1, -1, -1, -1, -1, -1, -1, -1, -1, -1, -1, -1, -1, -1, -1, -1, -1, -1, -1, -1, -1, -1, -1, -1, -1, -1, -1, -1]"
150,23,11,1.0,None,1,237,"[{'cluster_no': -1, 'count': 237}]","[-1, -1, -1, -1, -1, -1, -1, -1, -1, -1, -1, -1, -1, -1, -1, -1, -1, -1, -1, -1, -1, -1, -1, -1, -1, -1, -1, -1, -1, -1, -1, -1, -1, -1, -1, -1, -1, -1, -1, -1, -1, -1, -1, -1, -1, -1, -1, -1, -1, -1, -1, -1, -1, -1, -1, -1, -1, -1, -1, -1, -1, -1, -1, -1, -1, -1, -1, -1, -1, -1, -1, -1, -1, -1, -1, -1, -1, -1, -1, -1, -1, -1, -1, -1, -1, -1, -1, -1, -1, -1, -1, -1, -1, -1, -1, -1, -1, -1, -1, -1, -1, -1, -1, -1, -1, -1, -1, -1, -1, -1, -1, -1, -1, -1, -1, -1, -1, -1, -1, -1, -1, -1, -1, -1, -1, -1, -1, -1, -1, -1, -1, -1, -1, -1, -1, -1, -1, -1, -1, -1, -1, -1, -1, -1, -1, -1, -1, -1, -1, -1, -1, -1, -1, -1, -1, -1, -1, -1, -1, -1, -1, -1, -1, -1, -1, -1, -1, -1, -1, -1, -1, -1, -1, -1, -1, -1, -1, -1, -1, -1, -1, -1, -1, -1, -1, -1, -1, -1, -1, -1, -1, -1, -1, -1, -1, -1, -1, -1, -1, -1, -1, -1, -1, -1, -1, -1, -1, -1, -1, -1, -1, -1, -1, -1, -1, -1, -1, -1, -1, -1, -1, -1, -1, -1, -1, -1, -1, -1, -1, -1, -1, -1, -1, -1, -1, -1, -1]"
150,23,12,0.0,None,1,237,"[{'cluster_no': -1, 'count': 237}]","[-1, -1, -1, -1, -1, -1, -1, -1, -1, -1, -1, -1, -1, -1, -1, -1, -1, -1, -1, -1, -1, -1, -1, -1, -1, -1, -1, -1, -1, -1, -1, -1, -1, -1, -1, -1, -1, -1, -1, -1, -1, -1, -1, -1, -1, -1, -1, -1, -1, -1, -1, -1, -1, -1, -1, -1, -1, -1, -1, -1, -1, -1, -1, -1, -1, -1, -1, -1, -1, -1, -1, -1, -1, -1, -1, -1, -1, -1, -1, -1, -1, -1, -1, -1, -1, -1, -1, -1, -1, -1, -1, -1, -1, -1, -1, -1, -1, -1, -1, -1, -1, -1, -1, -1, -1, -1, -1, -1, -1, -1, -1, -1, -1, -1, -1, -1, -1, -1, -1, -1, -1, -1, -1, -1, -1, -1, -1, -1, -1, -1, -1, -1, -1, -1, -1, -1, -1, -1, -1, -1, -1, -1, -1, -1, -1, -1, -1, -1, -1, -1, -1, -1, -1, -1, -1, -1, -1, -1, -1, -1, -1, -1, -1, -1, -1, -1, -1, -1, -1, -1, -1, -1, -1, -1, -1, -1, -1, -1, -1, -1, -1, -1, -1, -1, -1, -1, -1, -1, -1, -1, -1, -1, -1, -1, -1, -1, -1, -1, -1, -1, -1, -1, -1, -1, -1, -1, -1, -1, -1, -1, -1, -1, -1, -1, -1, -1, -1, -1, -1, -1, -1, -1, -1, -1, -1, -1, -1, -1, -1, -1, -1, -1, -1, -1, -1, -1, -1]"
150,23,12,0.5,None,1,237,"[{'cluster_no': -1, 'count': 237}]","[-1, -1, -1, -1, -1, -1, -1, -1, -1, -1, -1, -1, -1, -1, -1, -1, -1, -1, -1, -1, -1, -1, -1, -1, -1, -1, -1, -1, -1, -1, -1, -1, -1, -1, -1, -1, -1, -1, -1, -1, -1, -1, -1, -1, -1, -1, -1, -1, -1, -1, -1, -1, -1, -1, -1, -1, -1, -1, -1, -1, -1, -1, -1, -1, -1, -1, -1, -1, -1, -1, -1, -1, -1, -1, -1, -1, -1, -1, -1, -1, -1, -1, -1, -1, -1, -1, -1, -1, -1, -1, -1, -1, -1, -1, -1, -1, -1, -1, -1, -1, -1, -1, -1, -1, -1, -1, -1, -1, -1, -1, -1, -1, -1, -1, -1, -1, -1, -1, -1, -1, -1, -1, -1, -1, -1, -1, -1, -1, -1, -1, -1, -1, -1, -1, -1, -1, -1, -1, -1, -1, -1, -1, -1, -1, -1, -1, -1, -1, -1, -1, -1, -1, -1, -1, -1, -1, -1, -1, -1, -1, -1, -1, -1, -1, -1, -1, -1, -1, -1, -1, -1, -1, -1, -1, -1, -1, -1, -1, -1, -1, -1, -1, -1, -1, -1, -1, -1, -1, -1, -1, -1, -1, -1, -1, -1, -1, -1, -1, -1, -1, -1, -1, -1, -1, -1, -1, -1, -1, -1, -1, -1, -1, -1, -1, -1, -1, -1, -1, -1, -1, -1, -1, -1, -1, -1, -1, -1, -1, -1, -1, -1, -1, -1, -1, -1, -1, -1]"
150,23,12,1.0,None,1,237,"[{'cluster_no': -1, 'count': 237}]","[-1, -1, -1, -1, -1, -1, -1, -1, -1, -1, -1, -1, -1, -1, -1, -1, -1, -1, -1, -1, -1, -1, -1, -1, -1, -1, -1, -1, -1, -1, -1, -1, -1, -1, -1, -1, -1, -1, -1, -1, -1, -1, -1, -1, -1, -1, -1, -1, -1, -1, -1, -1, -1, -1, -1, -1, -1, -1, -1, -1, -1, -1, -1, -1, -1, -1, -1, -1, -1, -1, -1, -1, -1, -1, -1, -1, -1, -1, -1, -1, -1, -1, -1, -1, -1, -1, -1, -1, -1, -1, -1, -1, -1, -1, -1, -1, -1, -1, -1, -1, -1, -1, -1, -1, -1, -1, -1, -1, -1, -1, -1, -1, -1, -1, -1, -1, -1, -1, -1, -1, -1, -1, -1, -1, -1, -1, -1, -1, -1, -1, -1, -1, -1, -1, -1, -1, -1, -1, -1, -1, -1, -1, -1, -1, -1, -1, -1, -1, -1, -1, -1, -1, -1, -1, -1, -1, -1, -1, -1, -1, -1, -1, -1, -1, -1, -1, -1, -1, -1, -1, -1, -1, -1, -1, -1, -1, -1, -1, -1, -1, -1, -1, -1, -1, -1, -1, -1, -1, -1, -1, -1, -1, -1, -1, -1, -1, -1, -1, -1, -1, -1, -1, -1, -1, -1, -1, -1, -1, -1, -1, -1, -1, -1, -1, -1, -1, -1, -1, -1, -1, -1, -1, -1, -1, -1, -1, -1, -1, -1, -1, -1, -1, -1, -1, -1, -1, -1]"
150,23,13,0.0,None,1,237,"[{'cluster_no': -1, 'count': 237}]","[-1, -1, -1, -1, -1, -1, -1, -1, -1, -1, -1, -1, -1, -1, -1, -1, -1, -1, -1, -1, -1, -1, -1, -1, -1, -1, -1, -1, -1, -1, -1, -1, -1, -1, -1, -1, -1, -1, -1, -1, -1, -1, -1, -1, -1, -1, -1, -1, -1, -1, -1, -1, -1, -1, -1, -1, -1, -1, -1, -1, -1, -1, -1, -1, -1, -1, -1, -1, -1, -1, -1, -1, -1, -1, -1, -1, -1, -1, -1, -1, -1, -1, -1, -1, -1, -1, -1, -1, -1, -1, -1, -1, -1, -1, -1, -1, -1, -1, -1, -1, -1, -1, -1, -1, -1, -1, -1, -1, -1, -1, -1, -1, -1, -1, -1, -1, -1, -1, -1, -1, -1, -1, -1, -1, -1, -1, -1, -1, -1, -1, -1, -1, -1, -1, -1, -1, -1, -1, -1, -1, -1, -1, -1, -1, -1, -1, -1, -1, -1, -1, -1, -1, -1, -1, -1, -1, -1, -1, -1, -1, -1, -1, -1, -1, -1, -1, -1, -1, -1, -1, -1, -1, -1, -1, -1, -1, -1, -1, -1, -1, -1, -1, -1, -1, -1, -1, -1, -1, -1, -1, -1, -1, -1, -1, -1, -1, -1, -1, -1, -1, -1, -1, -1, -1, -1, -1, -1, -1, -1, -1, -1, -1, -1, -1, -1, -1, -1, -1, -1, -1, -1, -1, -1, -1, -1, -1, -1, -1, -1, -1, -1, -1, -1, -1, -1, -1, -1]"
150,23,13,0.5,None,1,237,"[{'cluster_no': -1, 'count': 237}]","[-1, -1, -1, -1, -1, -1, -1, -1, -1, -1, -1, -1, -1, -1, -1, -1, -1, -1, -1, -1, -1, -1, -1, -1, -1, -1, -1, -1, -1, -1, -1, -1, -1, -1, -1, -1, -1, -1, -1, -1, -1, -1, -1, -1, -1, -1, -1, -1, -1, -1, -1, -1, -1, -1, -1, -1, -1, -1, -1, -1, -1, -1, -1, -1, -1, -1, -1, -1, -1, -1, -1, -1, -1, -1, -1, -1, -1, -1, -1, -1, -1, -1, -1, -1, -1, -1, -1, -1, -1, -1, -1, -1, -1, -1, -1, -1, -1, -1, -1, -1, -1, -1, -1, -1, -1, -1, -1, -1, -1, -1, -1, -1, -1, -1, -1, -1, -1, -1, -1, -1, -1, -1, -1, -1, -1, -1, -1, -1, -1, -1, -1, -1, -1, -1, -1, -1, -1, -1, -1, -1, -1, -1, -1, -1, -1, -1, -1, -1, -1, -1, -1, -1, -1, -1, -1, -1, -1, -1, -1, -1, -1, -1, -1, -1, -1, -1, -1, -1, -1, -1, -1, -1, -1, -1, -1, -1, -1, -1, -1, -1, -1, -1, -1, -1, -1, -1, -1, -1, -1, -1, -1, -1, -1, -1, -1, -1, -1, -1, -1, -1, -1, -1, -1, -1, -1, -1, -1, -1, -1, -1, -1, -1, -1, -1, -1, -1, -1, -1, -1, -1, -1, -1, -1, -1, -1, -1, -1, -1, -1, -1, -1, -1, -1, -1, -1, -1, -1]"
150,23,13,1.0,None,1,237,"[{'cluster_no': -1, 'count': 237}]","[-1, -1, -1, -1, -1, -1, -1, -1, -1, -1, -1, -1, -1, -1, -1, -1, -1, -1, -1, -1, -1, -1, -1, -1, -1, -1, -1, -1, -1, -1, -1, -1, -1, -1, -1, -1, -1, -1, -1, -1, -1, -1, -1, -1, -1, -1, -1, -1, -1, -1, -1, -1, -1, -1, -1, -1, -1, -1, -1, -1, -1, -1, -1, -1, -1, -1, -1, -1, -1, -1, -1, -1, -1, -1, -1, -1, -1, -1, -1, -1, -1, -1, -1, -1, -1, -1, -1, -1, -1, -1, -1, -1, -1, -1, -1, -1, -1, -1, -1, -1, -1, -1, -1, -1, -1, -1, -1, -1, -1, -1, -1, -1, -1, -1, -1, -1, -1, -1, -1, -1, -1, -1, -1, -1, -1, -1, -1, -1, -1, -1, -1, -1, -1, -1, -1, -1, -1, -1, -1, -1, -1, -1, -1, -1, -1, -1, -1, -1, -1, -1, -1, -1, -1, -1, -1, -1, -1, -1, -1, -1, -1, -1, -1, -1, -1, -1, -1, -1, -1, -1, -1, -1, -1, -1, -1, -1, -1, -1, -1, -1, -1, -1, -1, -1, -1, -1, -1, -1, -1, -1, -1, -1, -1, -1, -1, -1, -1, -1, -1, -1, -1, -1, -1, -1, -1, -1, -1, -1, -1, -1, -1, -1, -1, -1, -1, -1, -1, -1, -1, -1, -1, -1, -1, -1, -1, -1, -1, -1, -1, -1, -1, -1, -1, -1, -1, -1, -1]"
150,23,14,0.0,None,1,237,"[{'cluster_no': -1, 'count': 237}]","[-1, -1, -1, -1, -1, -1, -1, -1, -1, -1, -1, -1, -1, -1, -1, -1, -1, -1, -1, -1, -1, -1, -1, -1, -1, -1, -1, -1, -1, -1, -1, -1, -1, -1, -1, -1, -1, -1, -1, -1, -1, -1, -1, -1, -1, -1, -1, -1, -1, -1, -1, -1, -1, -1, -1, -1, -1, -1, -1, -1, -1, -1, -1, -1, -1, -1, -1, -1, -1, -1, -1, -1, -1, -1, -1, -1, -1, -1, -1, -1, -1, -1, -1, -1, -1, -1, -1, -1, -1, -1, -1, -1, -1, -1, -1, -1, -1, -1, -1, -1, -1, -1, -1, -1, -1, -1, -1, -1, -1, -1, -1, -1, -1, -1, -1, -1, -1, -1, -1, -1, -1, -1, -1, -1, -1, -1, -1, -1, -1, -1, -1, -1, -1, -1, -1, -1, -1, -1, -1, -1, -1, -1, -1, -1, -1, -1, -1, -1, -1, -1, -1, -1, -1, -1, -1, -1, -1, -1, -1, -1, -1, -1, -1, -1, -1, -1, -1, -1, -1, -1, -1, -1, -1, -1, -1, -1, -1, -1, -1, -1, -1, -1, -1, -1, -1, -1, -1, -1, -1, -1, -1, -1, -1, -1, -1, -1, -1, -1, -1, -1, -1, -1, -1, -1, -1, -1, -1, -1, -1, -1, -1, -1, -1, -1, -1, -1, -1, -1, -1, -1, -1, -1, -1, -1, -1, -1, -1, -1, -1, -1, -1, -1, -1, -1, -1, -1, -1]"
150,23,14,0.5,None,1,237,"[{'cluster_no': -1, 'count': 237}]","[-1, -1, -1, -1, -1, -1, -1, -1, -1, -1, -1, -1, -1, -1, -1, -1, -1, -1, -1, -1, -1, -1, -1, -1, -1, -1, -1, -1, -1, -1, -1, -1, -1, -1, -1, -1, -1, -1, -1, -1, -1, -1, -1, -1, -1, -1, -1, -1, -1, -1, -1, -1, -1, -1, -1, -1, -1, -1, -1, -1, -1, -1, -1, -1, -1, -1, -1, -1, -1, -1, -1, -1, -1, -1, -1, -1, -1, -1, -1, -1, -1, -1, -1, -1, -1, -1, -1, -1, -1, -1, -1, -1, -1, -1, -1, -1, -1, -1, -1, -1, -1, -1, -1, -1, -1, -1, -1, -1, -1, -1, -1, -1, -1, -1, -1, -1, -1, -1, -1, -1, -1, -1, -1, -1, -1, -1, -1, -1, -1, -1, -1, -1, -1, -1, -1, -1, -1, -1, -1, -1, -1, -1, -1, -1, -1, -1, -1, -1, -1, -1, -1, -1, -1, -1, -1, -1, -1, -1, -1, -1, -1, -1, -1, -1, -1, -1, -1, -1, -1, -1, -1, -1, -1, -1, -1, -1, -1, -1, -1, -1, -1, -1, -1, -1, -1, -1, -1, -1, -1, -1, -1, -1, -1, -1, -1, -1, -1, -1, -1, -1, -1, -1, -1, -1, -1, -1, -1, -1, -1, -1, -1, -1, -1, -1, -1, -1, -1, -1, -1, -1, -1, -1, -1, -1, -1, -1, -1, -1, -1, -1, -1, -1, -1, -1, -1, -1, -1]"
150,23,14,1.0,None,1,237,"[{'cluster_no': -1, 'count': 237}]","[-1, -1, -1, -1, -1, -1, -1, -1, -1, -1, -1, -1, -1, -1, -1, -1, -1, -1, -1, -1, -1, -1, -1, -1, -1, -1, -1, -1, -1, -1, -1, -1, -1, -1, -1, -1, -1, -1, -1, -1, -1, -1, -1, -1, -1, -1, -1, -1, -1, -1, -1, -1, -1, -1, -1, -1, -1, -1, -1, -1, -1, -1, -1, -1, -1, -1, -1, -1, -1, -1, -1, -1, -1, -1, -1, -1, -1, -1, -1, -1, -1, -1, -1, -1, -1, -1, -1, -1, -1, -1, -1, -1, -1, -1, -1, -1, -1, -1, -1, -1, -1, -1, -1, -1, -1, -1, -1, -1, -1, -1, -1, -1, -1, -1, -1, -1, -1, -1, -1, -1, -1, -1, -1, -1, -1, -1, -1, -1, -1, -1, -1, -1, -1, -1, -1, -1, -1, -1, -1, -1, -1, -1, -1, -1, -1, -1, -1, -1, -1, -1, -1, -1, -1, -1, -1, -1, -1, -1, -1, -1, -1, -1, -1, -1, -1, -1, -1, -1, -1, -1, -1, -1, -1, -1, -1, -1, -1, -1, -1, -1, -1, -1, -1, -1, -1, -1, -1, -1, -1, -1, -1, -1, -1, -1, -1, -1, -1, -1, -1, -1, -1, -1, -1, -1, -1, -1, -1, -1, -1, -1, -1, -1, -1, -1, -1, -1, -1, -1, -1, -1, -1, -1, -1, -1, -1, -1, -1, -1, -1, -1, -1, -1, -1, -1, -1, -1, -1]"
150,23,15,0.0,None,1,237,"[{'cluster_no': -1, 'count': 237}]","[-1, -1, -1, -1, -1, -1, -1, -1, -1, -1, -1, -1, -1, -1, -1, -1, -1, -1, -1, -1, -1, -1, -1, -1, -1, -1, -1, -1, -1, -1, -1, -1, -1, -1, -1, -1, -1, -1, -1, -1, -1, -1, -1, -1, -1, -1, -1, -1, -1, -1, -1, -1, -1, -1, -1, -1, -1, -1, -1, -1, -1, -1, -1, -1, -1, -1, -1, -1, -1, -1, -1, -1, -1, -1, -1, -1, -1, -1, -1, -1, -1, -1, -1, -1, -1, -1, -1, -1, -1, -1, -1, -1, -1, -1, -1, -1, -1, -1, -1, -1, -1, -1, -1, -1, -1, -1, -1, -1, -1, -1, -1, -1, -1, -1, -1, -1, -1, -1, -1, -1, -1, -1, -1, -1, -1, -1, -1, -1, -1, -1, -1, -1, -1, -1, -1, -1, -1, -1, -1, -1, -1, -1, -1, -1, -1, -1, -1, -1, -1, -1, -1, -1, -1, -1, -1, -1, -1, -1, -1, -1, -1, -1, -1, -1, -1, -1, -1, -1, -1, -1, -1, -1, -1, -1, -1, -1, -1, -1, -1, -1, -1, -1, -1, -1, -1, -1, -1, -1, -1, -1, -1, -1, -1, -1, -1, -1, -1, -1, -1, -1, -1, -1, -1, -1, -1, -1, -1, -1, -1, -1, -1, -1, -1, -1, -1, -1, -1, -1, -1, -1, -1, -1, -1, -1, -1, -1, -1, -1, -1, -1, -1, -1, -1, -1, -1, -1, -1]"
150,23,15,0.5,None,1,237,"[{'cluster_no': -1, 'count': 237}]","[-1, -1, -1, -1, -1, -1, -1, -1, -1, -1, -1, -1, -1, -1, -1, -1, -1, -1, -1, -1, -1, -1, -1, -1, -1, -1, -1, -1, -1, -1, -1, -1, -1, -1, -1, -1, -1, -1, -1, -1, -1, -1, -1, -1, -1, -1, -1, -1, -1, -1, -1, -1, -1, -1, -1, -1, -1, -1, -1, -1, -1, -1, -1, -1, -1, -1, -1, -1, -1, -1, -1, -1, -1, -1, -1, -1, -1, -1, -1, -1, -1, -1, -1, -1, -1, -1, -1, -1, -1, -1, -1, -1, -1, -1, -1, -1, -1, -1, -1, -1, -1, -1, -1, -1, -1, -1, -1, -1, -1, -1, -1, -1, -1, -1, -1, -1, -1, -1, -1, -1, -1, -1, -1, -1, -1, -1, -1, -1, -1, -1, -1, -1, -1, -1, -1, -1, -1, -1, -1, -1, -1, -1, -1, -1, -1, -1, -1, -1, -1, -1, -1, -1, -1, -1, -1, -1, -1, -1, -1, -1, -1, -1, -1, -1, -1, -1, -1, -1, -1, -1, -1, -1, -1, -1, -1, -1, -1, -1, -1, -1, -1, -1, -1, -1, -1, -1, -1, -1, -1, -1, -1, -1, -1, -1, -1, -1, -1, -1, -1, -1, -1, -1, -1, -1, -1, -1, -1, -1, -1, -1, -1, -1, -1, -1, -1, -1, -1, -1, -1, -1, -1, -1, -1, -1, -1, -1, -1, -1, -1, -1, -1, -1, -1, -1, -1, -1, -1]"
150,23,15,1.0,None,1,237,"[{'cluster_no': -1, 'count': 237}]","[-1, -1, -1, -1, -1, -1, -1, -1, -1, -1, -1, -1, -1, -1, -1, -1, -1, -1, -1, -1, -1, -1, -1, -1, -1, -1, -1, -1, -1, -1, -1, -1, -1, -1, -1, -1, -1, -1, -1, -1, -1, -1, -1, -1, -1, -1, -1, -1, -1, -1, -1, -1, -1, -1, -1, -1, -1, -1, -1, -1, -1, -1, -1, -1, -1, -1, -1, -1, -1, -1, -1, -1, -1, -1, -1, -1, -1, -1, -1, -1, -1, -1, -1, -1, -1, -1, -1, -1, -1, -1, -1, -1, -1, -1, -1, -1, -1, -1, -1, -1, -1, -1, -1, -1, -1, -1, -1, -1, -1, -1, -1, -1, -1, -1, -1, -1, -1, -1, -1, -1, -1, -1, -1, -1, -1, -1, -1, -1, -1, -1, -1, -1, -1, -1, -1, -1, -1, -1, -1, -1, -1, -1, -1, -1, -1, -1, -1, -1, -1, -1, -1, -1, -1, -1, -1, -1, -1, -1, -1, -1, -1, -1, -1, -1, -1, -1, -1, -1, -1, -1, -1, -1, -1, -1, -1, -1, -1, -1, -1, -1, -1, -1, -1, -1, -1, -1, -1, -1, -1, -1, -1, -1, -1, -1, -1, -1, -1, -1, -1, -1, -1, -1, -1, -1, -1, -1, -1, -1, -1, -1, -1, -1, -1, -1, -1, -1, -1, -1, -1, -1, -1, -1, -1, -1, -1, -1, -1, -1, -1, -1, -1, -1, -1, -1, -1, -1, -1]"
150,23,16,0.0,None,1,237,"[{'cluster_no': -1, 'count': 237}]","[-1, -1, -1, -1, -1, -1, -1, -1, -1, -1, -1, -1, -1, -1, -1, -1, -1, -1, -1, -1, -1, -1, -1, -1, -1, -1, -1, -1, -1, -1, -1, -1, -1, -1, -1, -1, -1, -1, -1, -1, -1, -1, -1, -1, -1, -1, -1, -1, -1, -1, -1, -1, -1, -1, -1, -1, -1, -1, -1, -1, -1, -1, -1, -1, -1, -1, -1, -1, -1, -1, -1, -1, -1, -1, -1, -1, -1, -1, -1, -1, -1, -1, -1, -1, -1, -1, -1, -1, -1, -1, -1, -1, -1, -1, -1, -1, -1, -1, -1, -1, -1, -1, -1, -1, -1, -1, -1, -1, -1, -1, -1, -1, -1, -1, -1, -1, -1, -1, -1, -1, -1, -1, -1, -1, -1, -1, -1, -1, -1, -1, -1, -1, -1, -1, -1, -1, -1, -1, -1, -1, -1, -1, -1, -1, -1, -1, -1, -1, -1, -1, -1, -1, -1, -1, -1, -1, -1, -1, -1, -1, -1, -1, -1, -1, -1, -1, -1, -1, -1, -1, -1, -1, -1, -1, -1, -1, -1, -1, -1, -1, -1, -1, -1, -1, -1, -1, -1, -1, -1, -1, -1, -1, -1, -1, -1, -1, -1, -1, -1, -1, -1, -1, -1, -1, -1, -1, -1, -1, -1, -1, -1, -1, -1, -1, -1, -1, -1, -1, -1, -1, -1, -1, -1, -1, -1, -1, -1, -1, -1, -1, -1, -1, -1, -1, -1, -1, -1]"
150,23,16,0.5,None,1,237,"[{'cluster_no': -1, 'count': 237}]","[-1, -1, -1, -1, -1, -1, -1, -1, -1, -1, -1, -1, -1, -1, -1, -1, -1, -1, -1, -1, -1, -1, -1, -1, -1, -1, -1, -1, -1, -1, -1, -1, -1, -1, -1, -1, -1, -1, -1, -1, -1, -1, -1, -1, -1, -1, -1, -1, -1, -1, -1, -1, -1, -1, -1, -1, -1, -1, -1, -1, -1, -1, -1, -1, -1, -1, -1, -1, -1, -1, -1, -1, -1, -1, -1, -1, -1, -1, -1, -1, -1, -1, -1, -1, -1, -1, -1, -1, -1, -1, -1, -1, -1, -1, -1, -1, -1, -1, -1, -1, -1, -1, -1, -1, -1, -1, -1, -1, -1, -1, -1, -1, -1, -1, -1, -1, -1, -1, -1, -1, -1, -1, -1, -1, -1, -1, -1, -1, -1, -1, -1, -1, -1, -1, -1, -1, -1, -1, -1, -1, -1, -1, -1, -1, -1, -1, -1, -1, -1, -1, -1, -1, -1, -1, -1, -1, -1, -1, -1, -1, -1, -1, -1, -1, -1, -1, -1, -1, -1, -1, -1, -1, -1, -1, -1, -1, -1, -1, -1, -1, -1, -1, -1, -1, -1, -1, -1, -1, -1, -1, -1, -1, -1, -1, -1, -1, -1, -1, -1, -1, -1, -1, -1, -1, -1, -1, -1, -1, -1, -1, -1, -1, -1, -1, -1, -1, -1, -1, -1, -1, -1, -1, -1, -1, -1, -1, -1, -1, -1, -1, -1, -1, -1, -1, -1, -1, -1]"
150,23,16,1.0,None,1,237,"[{'cluster_no': -1, 'count': 237}]","[-1, -1, -1, -1, -1, -1, -1, -1, -1, -1, -1, -1, -1, -1, -1, -1, -1, -1, -1, -1, -1, -1, -1, -1, -1, -1, -1, -1, -1, -1, -1, -1, -1, -1, -1, -1, -1, -1, -1, -1, -1, -1, -1, -1, -1, -1, -1, -1, -1, -1, -1, -1, -1, -1, -1, -1, -1, -1, -1, -1, -1, -1, -1, -1, -1, -1, -1, -1, -1, -1, -1, -1, -1, -1, -1, -1, -1, -1, -1, -1, -1, -1, -1, -1, -1, -1, -1, -1, -1, -1, -1, -1, -1, -1, -1, -1, -1, -1, -1, -1, -1, -1, -1, -1, -1, -1, -1, -1, -1, -1, -1, -1, -1, -1, -1, -1, -1, -1, -1, -1, -1, -1, -1, -1, -1, -1, -1, -1, -1, -1, -1, -1, -1, -1, -1, -1, -1, -1, -1, -1, -1, -1, -1, -1, -1, -1, -1, -1, -1, -1, -1, -1, -1, -1, -1, -1, -1, -1, -1, -1, -1, -1, -1, -1, -1, -1, -1, -1, -1, -1, -1, -1, -1, -1, -1, -1, -1, -1, -1, -1, -1, -1, -1, -1, -1, -1, -1, -1, -1, -1, -1, -1, -1, -1, -1, -1, -1, -1, -1, -1, -1, -1, -1, -1, -1, -1, -1, -1, -1, -1, -1, -1, -1, -1, -1, -1, -1, -1, -1, -1, -1, -1, -1, -1, -1, -1, -1, -1, -1, -1, -1, -1, -1, -1, -1, -1, -1]"
150,23,17,0.0,None,1,237,"[{'cluster_no': -1, 'count': 237}]","[-1, -1, -1, -1, -1, -1, -1, -1, -1, -1, -1, -1, -1, -1, -1, -1, -1, -1, -1, -1, -1, -1, -1, -1, -1, -1, -1, -1, -1, -1, -1, -1, -1, -1, -1, -1, -1, -1, -1, -1, -1, -1, -1, -1, -1, -1, -1, -1, -1, -1, -1, -1, -1, -1, -1, -1, -1, -1, -1, -1, -1, -1, -1, -1, -1, -1, -1, -1, -1, -1, -1, -1, -1, -1, -1, -1, -1, -1, -1, -1, -1, -1, -1, -1, -1, -1, -1, -1, -1, -1, -1, -1, -1, -1, -1, -1, -1, -1, -1, -1, -1, -1, -1, -1, -1, -1, -1, -1, -1, -1, -1, -1, -1, -1, -1, -1, -1, -1, -1, -1, -1, -1, -1, -1, -1, -1, -1, -1, -1, -1, -1, -1, -1, -1, -1, -1, -1, -1, -1, -1, -1, -1, -1, -1, -1, -1, -1, -1, -1, -1, -1, -1, -1, -1, -1, -1, -1, -1, -1, -1, -1, -1, -1, -1, -1, -1, -1, -1, -1, -1, -1, -1, -1, -1, -1, -1, -1, -1, -1, -1, -1, -1, -1, -1, -1, -1, -1, -1, -1, -1, -1, -1, -1, -1, -1, -1, -1, -1, -1, -1, -1, -1, -1, -1, -1, -1, -1, -1, -1, -1, -1, -1, -1, -1, -1, -1, -1, -1, -1, -1, -1, -1, -1, -1, -1, -1, -1, -1, -1, -1, -1, -1, -1, -1, -1, -1, -1]"
150,23,17,0.5,None,1,237,"[{'cluster_no': -1, 'count': 237}]","[-1, -1, -1, -1, -1, -1, -1, -1, -1, -1, -1, -1, -1, -1, -1, -1, -1, -1, -1, -1, -1, -1, -1, -1, -1, -1, -1, -1, -1, -1, -1, -1, -1, -1, -1, -1, -1, -1, -1, -1, -1, -1, -1, -1, -1, -1, -1, -1, -1, -1, -1, -1, -1, -1, -1, -1, -1, -1, -1, -1, -1, -1, -1, -1, -1, -1, -1, -1, -1, -1, -1, -1, -1, -1, -1, -1, -1, -1, -1, -1, -1, -1, -1, -1, -1, -1, -1, -1, -1, -1, -1, -1, -1, -1, -1, -1, -1, -1, -1, -1, -1, -1, -1, -1, -1, -1, -1, -1, -1, -1, -1, -1, -1, -1, -1, -1, -1, -1, -1, -1, -1, -1, -1, -1, -1, -1, -1, -1, -1, -1, -1, -1, -1, -1, -1, -1, -1, -1, -1, -1, -1, -1, -1, -1, -1, -1, -1, -1, -1, -1, -1, -1, -1, -1, -1, -1, -1, -1, -1, -1, -1, -1, -1, -1, -1, -1, -1, -1, -1, -1, -1, -1, -1, -1, -1, -1, -1, -1, -1, -1, -1, -1, -1, -1, -1, -1, -1, -1, -1, -1, -1, -1, -1, -1, -1, -1, -1, -1, -1, -1, -1, -1, -1, -1, -1, -1, -1, -1, -1, -1, -1, -1, -1, -1, -1, -1, -1, -1, -1, -1, -1, -1, -1, -1, -1, -1, -1, -1, -1, -1, -1, -1, -1, -1, -1, -1, -1]"
150,23,17,1.0,None,1,237,"[{'cluster_no': -1, 'count': 237}]","[-1, -1, -1, -1, -1, -1, -1, -1, -1, -1, -1, -1, -1, -1, -1, -1, -1, -1, -1, -1, -1, -1, -1, -1, -1, -1, -1, -1, -1, -1, -1, -1, -1, -1, -1, -1, -1, -1, -1, -1, -1, -1, -1, -1, -1, -1, -1, -1, -1, -1, -1, -1, -1, -1, -1, -1, -1, -1, -1, -1, -1, -1, -1, -1, -1, -1, -1, -1, -1, -1, -1, -1, -1, -1, -1, -1, -1, -1, -1, -1, -1, -1, -1, -1, -1, -1, -1, -1, -1, -1, -1, -1, -1, -1, -1, -1, -1, -1, -1, -1, -1, -1, -1, -1, -1, -1, -1, -1, -1, -1, -1, -1, -1, -1, -1, -1, -1, -1, -1, -1, -1, -1, -1, -1, -1, -1, -1, -1, -1, -1, -1, -1, -1, -1, -1, -1, -1, -1, -1, -1, -1, -1, -1, -1, -1, -1, -1, -1, -1, -1, -1, -1, -1, -1, -1, -1, -1, -1, -1, -1, -1, -1, -1, -1, -1, -1, -1, -1, -1, -1, -1, -1, -1, -1, -1, -1, -1, -1, -1, -1, -1, -1, -1, -1, -1, -1, -1, -1, -1, -1, -1, -1, -1, -1, -1, -1, -1, -1, -1, -1, -1, -1, -1, -1, -1, -1, -1, -1, -1, -1, -1, -1, -1, -1, -1, -1, -1, -1, -1, -1, -1, -1, -1, -1, -1, -1, -1, -1, -1, -1, -1, -1, -1, -1, -1, -1, -1]"
150,23,18,0.0,None,1,237,"[{'cluster_no': -1, 'count': 237}]","[-1, -1, -1, -1, -1, -1, -1, -1, -1, -1, -1, -1, -1, -1, -1, -1, -1, -1, -1, -1, -1, -1, -1, -1, -1, -1, -1, -1, -1, -1, -1, -1, -1, -1, -1, -1, -1, -1, -1, -1, -1, -1, -1, -1, -1, -1, -1, -1, -1, -1, -1, -1, -1, -1, -1, -1, -1, -1, -1, -1, -1, -1, -1, -1, -1, -1, -1, -1, -1, -1, -1, -1, -1, -1, -1, -1, -1, -1, -1, -1, -1, -1, -1, -1, -1, -1, -1, -1, -1, -1, -1, -1, -1, -1, -1, -1, -1, -1, -1, -1, -1, -1, -1, -1, -1, -1, -1, -1, -1, -1, -1, -1, -1, -1, -1, -1, -1, -1, -1, -1, -1, -1, -1, -1, -1, -1, -1, -1, -1, -1, -1, -1, -1, -1, -1, -1, -1, -1, -1, -1, -1, -1, -1, -1, -1, -1, -1, -1, -1, -1, -1, -1, -1, -1, -1, -1, -1, -1, -1, -1, -1, -1, -1, -1, -1, -1, -1, -1, -1, -1, -1, -1, -1, -1, -1, -1, -1, -1, -1, -1, -1, -1, -1, -1, -1, -1, -1, -1, -1, -1, -1, -1, -1, -1, -1, -1, -1, -1, -1, -1, -1, -1, -1, -1, -1, -1, -1, -1, -1, -1, -1, -1, -1, -1, -1, -1, -1, -1, -1, -1, -1, -1, -1, -1, -1, -1, -1, -1, -1, -1, -1, -1, -1, -1, -1, -1, -1]"
150,23,18,0.5,None,1,237,"[{'cluster_no': -1, 'count': 237}]","[-1, -1, -1, -1, -1, -1, -1, -1, -1, -1, -1, -1, -1, -1, -1, -1, -1, -1, -1, -1, -1, -1, -1, -1, -1, -1, -1, -1, -1, -1, -1, -1, -1, -1, -1, -1, -1, -1, -1, -1, -1, -1, -1, -1, -1, -1, -1, -1, -1, -1, -1, -1, -1, -1, -1, -1, -1, -1, -1, -1, -1, -1, -1, -1, -1, -1, -1, -1, -1, -1, -1, -1, -1, -1, -1, -1, -1, -1, -1, -1, -1, -1, -1, -1, -1, -1, -1, -1, -1, -1, -1, -1, -1, -1, -1, -1, -1, -1, -1, -1, -1, -1, -1, -1, -1, -1, -1, -1, -1, -1, -1, -1, -1, -1, -1, -1, -1, -1, -1, -1, -1, -1, -1, -1, -1, -1, -1, -1, -1, -1, -1, -1, -1, -1, -1, -1, -1, -1, -1, -1, -1, -1, -1, -1, -1, -1, -1, -1, -1, -1, -1, -1, -1, -1, -1, -1, -1, -1, -1, -1, -1, -1, -1, -1, -1, -1, -1, -1, -1, -1, -1, -1, -1, -1, -1, -1, -1, -1, -1, -1, -1, -1, -1, -1, -1, -1, -1, -1, -1, -1, -1, -1, -1, -1, -1, -1, -1, -1, -1, -1, -1, -1, -1, -1, -1, -1, -1, -1, -1, -1, -1, -1, -1, -1, -1, -1, -1, -1, -1, -1, -1, -1, -1, -1, -1, -1, -1, -1, -1, -1, -1, -1, -1, -1, -1, -1, -1]"
150,23,18,1.0,None,1,237,"[{'cluster_no': -1, 'count': 237}]","[-1, -1, -1, -1, -1, -1, -1, -1, -1, -1, -1, -1, -1, -1, -1, -1, -1, -1, -1, -1, -1, -1, -1, -1, -1, -1, -1, -1, -1, -1, -1, -1, -1, -1, -1, -1, -1, -1, -1, -1, -1, -1, -1, -1, -1, -1, -1, -1, -1, -1, -1, -1, -1, -1, -1, -1, -1, -1, -1, -1, -1, -1, -1, -1, -1, -1, -1, -1, -1, -1, -1, -1, -1, -1, -1, -1, -1, -1, -1, -1, -1, -1, -1, -1, -1, -1, -1, -1, -1, -1, -1, -1, -1, -1, -1, -1, -1, -1, -1, -1, -1, -1, -1, -1, -1, -1, -1, -1, -1, -1, -1, -1, -1, -1, -1, -1, -1, -1, -1, -1, -1, -1, -1, -1, -1, -1, -1, -1, -1, -1, -1, -1, -1, -1, -1, -1, -1, -1, -1, -1, -1, -1, -1, -1, -1, -1, -1, -1, -1, -1, -1, -1, -1, -1, -1, -1, -1, -1, -1, -1, -1, -1, -1, -1, -1, -1, -1, -1, -1, -1, -1, -1, -1, -1, -1, -1, -1, -1, -1, -1, -1, -1, -1, -1, -1, -1, -1, -1, -1, -1, -1, -1, -1, -1, -1, -1, -1, -1, -1, -1, -1, -1, -1, -1, -1, -1, -1, -1, -1, -1, -1, -1, -1, -1, -1, -1, -1, -1, -1, -1, -1, -1, -1, -1, -1, -1, -1, -1, -1, -1, -1, -1, -1, -1, -1, -1, -1]"
150,23,19,0.0,None,1,237,"[{'cluster_no': -1, 'count': 237}]","[-1, -1, -1, -1, -1, -1, -1, -1, -1, -1, -1, -1, -1, -1, -1, -1, -1, -1, -1, -1, -1, -1, -1, -1, -1, -1, -1, -1, -1, -1, -1, -1, -1, -1, -1, -1, -1, -1, -1, -1, -1, -1, -1, -1, -1, -1, -1, -1, -1, -1, -1, -1, -1, -1, -1, -1, -1, -1, -1, -1, -1, -1, -1, -1, -1, -1, -1, -1, -1, -1, -1, -1, -1, -1, -1, -1, -1, -1, -1, -1, -1, -1, -1, -1, -1, -1, -1, -1, -1, -1, -1, -1, -1, -1, -1, -1, -1, -1, -1, -1, -1, -1, -1, -1, -1, -1, -1, -1, -1, -1, -1, -1, -1, -1, -1, -1, -1, -1, -1, -1, -1, -1, -1, -1, -1, -1, -1, -1, -1, -1, -1, -1, -1, -1, -1, -1, -1, -1, -1, -1, -1, -1, -1, -1, -1, -1, -1, -1, -1, -1, -1, -1, -1, -1, -1, -1, -1, -1, -1, -1, -1, -1, -1, -1, -1, -1, -1, -1, -1, -1, -1, -1, -1, -1, -1, -1, -1, -1, -1, -1, -1, -1, -1, -1, -1, -1, -1, -1, -1, -1, -1, -1, -1, -1, -1, -1, -1, -1, -1, -1, -1, -1, -1, -1, -1, -1, -1, -1, -1, -1, -1, -1, -1, -1, -1, -1, -1, -1, -1, -1, -1, -1, -1, -1, -1, -1, -1, -1, -1, -1, -1, -1, -1, -1, -1, -1, -1]"
150,23,19,0.5,None,1,237,"[{'cluster_no': -1, 'count': 237}]","[-1, -1, -1, -1, -1, -1, -1, -1, -1, -1, -1, -1, -1, -1, -1, -1, -1, -1, -1, -1, -1, -1, -1, -1, -1, -1, -1, -1, -1, -1, -1, -1, -1, -1, -1, -1, -1, -1, -1, -1, -1, -1, -1, -1, -1, -1, -1, -1, -1, -1, -1, -1, -1, -1, -1, -1, -1, -1, -1, -1, -1, -1, -1, -1, -1, -1, -1, -1, -1, -1, -1, -1, -1, -1, -1, -1, -1, -1, -1, -1, -1, -1, -1, -1, -1, -1, -1, -1, -1, -1, -1, -1, -1, -1, -1, -1, -1, -1, -1, -1, -1, -1, -1, -1, -1, -1, -1, -1, -1, -1, -1, -1, -1, -1, -1, -1, -1, -1, -1, -1, -1, -1, -1, -1, -1, -1, -1, -1, -1, -1, -1, -1, -1, -1, -1, -1, -1, -1, -1, -1, -1, -1, -1, -1, -1, -1, -1, -1, -1, -1, -1, -1, -1, -1, -1, -1, -1, -1, -1, -1, -1, -1, -1, -1, -1, -1, -1, -1, -1, -1, -1, -1, -1, -1, -1, -1, -1, -1, -1, -1, -1, -1, -1, -1, -1, -1, -1, -1, -1, -1, -1, -1, -1, -1, -1, -1, -1, -1, -1, -1, -1, -1, -1, -1, -1, -1, -1, -1, -1, -1, -1, -1, -1, -1, -1, -1, -1, -1, -1, -1, -1, -1, -1, -1, -1, -1, -1, -1, -1, -1, -1, -1, -1, -1, -1, -1, -1]"
150,23,19,1.0,None,1,237,"[{'cluster_no': -1, 'count': 237}]","[-1, -1, -1, -1, -1, -1, -1, -1, -1, -1, -1, -1, -1, -1, -1, -1, -1, -1, -1, -1, -1, -1, -1, -1, -1, -1, -1, -1, -1, -1, -1, -1, -1, -1, -1, -1, -1, -1, -1, -1, -1, -1, -1, -1, -1, -1, -1, -1, -1, -1, -1, -1, -1, -1, -1, -1, -1, -1, -1, -1, -1, -1, -1, -1, -1, -1, -1, -1, -1, -1, -1, -1, -1, -1, -1, -1, -1, -1, -1, -1, -1, -1, -1, -1, -1, -1, -1, -1, -1, -1, -1, -1, -1, -1, -1, -1, -1, -1, -1, -1, -1, -1, -1, -1, -1, -1, -1, -1, -1, -1, -1, -1, -1, -1, -1, -1, -1, -1, -1, -1, -1, -1, -1, -1, -1, -1, -1, -1, -1, -1, -1, -1, -1, -1, -1, -1, -1, -1, -1, -1, -1, -1, -1, -1, -1, -1, -1, -1, -1, -1, -1, -1, -1, -1, -1, -1, -1, -1, -1, -1, -1, -1, -1, -1, -1, -1, -1, -1, -1, -1, -1, -1, -1, -1, -1, -1, -1, -1, -1, -1, -1, -1, -1, -1, -1, -1, -1, -1, -1, -1, -1, -1, -1, -1, -1, -1, -1, -1, -1, -1, -1, -1, -1, -1, -1, -1, -1, -1, -1, -1, -1, -1, -1, -1, -1, -1, -1, -1, -1, -1, -1, -1, -1, -1, -1, -1, -1, -1, -1, -1, -1, -1, -1, -1, -1, -1, -1]"
150,23,20,0.0,None,1,237,"[{'cluster_no': -1, 'count': 237}]","[-1, -1, -1, -1, -1, -1, -1, -1, -1, -1, -1, -1, -1, -1, -1, -1, -1, -1, -1, -1, -1, -1, -1, -1, -1, -1, -1, -1, -1, -1, -1, -1, -1, -1, -1, -1, -1, -1, -1, -1, -1, -1, -1, -1, -1, -1, -1, -1, -1, -1, -1, -1, -1, -1, -1, -1, -1, -1, -1, -1, -1, -1, -1, -1, -1, -1, -1, -1, -1, -1, -1, -1, -1, -1, -1, -1, -1, -1, -1, -1, -1, -1, -1, -1, -1, -1, -1, -1, -1, -1, -1, -1, -1, -1, -1, -1, -1, -1, -1, -1, -1, -1, -1, -1, -1, -1, -1, -1, -1, -1, -1, -1, -1, -1, -1, -1, -1, -1, -1, -1, -1, -1, -1, -1, -1, -1, -1, -1, -1, -1, -1, -1, -1, -1, -1, -1, -1, -1, -1, -1, -1, -1, -1, -1, -1, -1, -1, -1, -1, -1, -1, -1, -1, -1, -1, -1, -1, -1, -1, -1, -1, -1, -1, -1, -1, -1, -1, -1, -1, -1, -1, -1, -1, -1, -1, -1, -1, -1, -1, -1, -1, -1, -1, -1, -1, -1, -1, -1, -1, -1, -1, -1, -1, -1, -1, -1, -1, -1, -1, -1, -1, -1, -1, -1, -1, -1, -1, -1, -1, -1, -1, -1, -1, -1, -1, -1, -1, -1, -1, -1, -1, -1, -1, -1, -1, -1, -1, -1, -1, -1, -1, -1, -1, -1, -1, -1, -1]"
150,23,20,0.5,None,1,237,"[{'cluster_no': -1, 'count': 237}]","[-1, -1, -1, -1, -1, -1, -1, -1, -1, -1, -1, -1, -1, -1, -1, -1, -1, -1, -1, -1, -1, -1, -1, -1, -1, -1, -1, -1, -1, -1, -1, -1, -1, -1, -1, -1, -1, -1, -1, -1, -1, -1, -1, -1, -1, -1, -1, -1, -1, -1, -1, -1, -1, -1, -1, -1, -1, -1, -1, -1, -1, -1, -1, -1, -1, -1, -1, -1, -1, -1, -1, -1, -1, -1, -1, -1, -1, -1, -1, -1, -1, -1, -1, -1, -1, -1, -1, -1, -1, -1, -1, -1, -1, -1, -1, -1, -1, -1, -1, -1, -1, -1, -1, -1, -1, -1, -1, -1, -1, -1, -1, -1, -1, -1, -1, -1, -1, -1, -1, -1, -1, -1, -1, -1, -1, -1, -1, -1, -1, -1, -1, -1, -1, -1, -1, -1, -1, -1, -1, -1, -1, -1, -1, -1, -1, -1, -1, -1, -1, -1, -1, -1, -1, -1, -1, -1, -1, -1, -1, -1, -1, -1, -1, -1, -1, -1, -1, -1, -1, -1, -1, -1, -1, -1, -1, -1, -1, -1, -1, -1, -1, -1, -1, -1, -1, -1, -1, -1, -1, -1, -1, -1, -1, -1, -1, -1, -1, -1, -1, -1, -1, -1, -1, -1, -1, -1, -1, -1, -1, -1, -1, -1, -1, -1, -1, -1, -1, -1, -1, -1, -1, -1, -1, -1, -1, -1, -1, -1, -1, -1, -1, -1, -1, -1, -1, -1, -1]"
150,23,20,1.0,None,1,237,"[{'cluster_no': -1, 'count': 237}]","[-1, -1, -1, -1, -1, -1, -1, -1, -1, -1, -1, -1, -1, -1, -1, -1, -1, -1, -1, -1, -1, -1, -1, -1, -1, -1, -1, -1, -1, -1, -1, -1, -1, -1, -1, -1, -1, -1, -1, -1, -1, -1, -1, -1, -1, -1, -1, -1, -1, -1, -1, -1, -1, -1, -1, -1, -1, -1, -1, -1, -1, -1, -1, -1, -1, -1, -1, -1, -1, -1, -1, -1, -1, -1, -1, -1, -1, -1, -1, -1, -1, -1, -1, -1, -1, -1, -1, -1, -1, -1, -1, -1, -1, -1, -1, -1, -1, -1, -1, -1, -1, -1, -1, -1, -1, -1, -1, -1, -1, -1, -1, -1, -1, -1, -1, -1, -1, -1, -1, -1, -1, -1, -1, -1, -1, -1, -1, -1, -1, -1, -1, -1, -1, -1, -1, -1, -1, -1, -1, -1, -1, -1, -1, -1, -1, -1, -1, -1, -1, -1, -1, -1, -1, -1, -1, -1, -1, -1, -1, -1, -1, -1, -1, -1, -1, -1, -1, -1, -1, -1, -1, -1, -1, -1, -1, -1, -1, -1, -1, -1, -1, -1, -1, -1, -1, -1, -1, -1, -1, -1, -1, -1, -1, -1, -1, -1, -1, -1, -1, -1, -1, -1, -1, -1, -1, -1, -1, -1, -1, -1, -1, -1, -1, -1, -1, -1, -1, -1, -1, -1, -1, -1, -1, -1, -1, -1, -1, -1, -1, -1, -1, -1, -1, -1, -1, -1, -1]"
150,23,21,0.0,None,1,237,"[{'cluster_no': -1, 'count': 237}]","[-1, -1, -1, -1, -1, -1, -1, -1, -1, -1, -1, -1, -1, -1, -1, -1, -1, -1, -1, -1, -1, -1, -1, -1, -1, -1, -1, -1, -1, -1, -1, -1, -1, -1, -1, -1, -1, -1, -1, -1, -1, -1, -1, -1, -1, -1, -1, -1, -1, -1, -1, -1, -1, -1, -1, -1, -1, -1, -1, -1, -1, -1, -1, -1, -1, -1, -1, -1, -1, -1, -1, -1, -1, -1, -1, -1, -1, -1, -1, -1, -1, -1, -1, -1, -1, -1, -1, -1, -1, -1, -1, -1, -1, -1, -1, -1, -1, -1, -1, -1, -1, -1, -1, -1, -1, -1, -1, -1, -1, -1, -1, -1, -1, -1, -1, -1, -1, -1, -1, -1, -1, -1, -1, -1, -1, -1, -1, -1, -1, -1, -1, -1, -1, -1, -1, -1, -1, -1, -1, -1, -1, -1, -1, -1, -1, -1, -1, -1, -1, -1, -1, -1, -1, -1, -1, -1, -1, -1, -1, -1, -1, -1, -1, -1, -1, -1, -1, -1, -1, -1, -1, -1, -1, -1, -1, -1, -1, -1, -1, -1, -1, -1, -1, -1, -1, -1, -1, -1, -1, -1, -1, -1, -1, -1, -1, -1, -1, -1, -1, -1, -1, -1, -1, -1, -1, -1, -1, -1, -1, -1, -1, -1, -1, -1, -1, -1, -1, -1, -1, -1, -1, -1, -1, -1, -1, -1, -1, -1, -1, -1, -1, -1, -1, -1, -1, -1, -1]"
150,23,21,0.5,None,1,237,"[{'cluster_no': -1, 'count': 237}]","[-1, -1, -1, -1, -1, -1, -1, -1, -1, -1, -1, -1, -1, -1, -1, -1, -1, -1, -1, -1, -1, -1, -1, -1, -1, -1, -1, -1, -1, -1, -1, -1, -1, -1, -1, -1, -1, -1, -1, -1, -1, -1, -1, -1, -1, -1, -1, -1, -1, -1, -1, -1, -1, -1, -1, -1, -1, -1, -1, -1, -1, -1, -1, -1, -1, -1, -1, -1, -1, -1, -1, -1, -1, -1, -1, -1, -1, -1, -1, -1, -1, -1, -1, -1, -1, -1, -1, -1, -1, -1, -1, -1, -1, -1, -1, -1, -1, -1, -1, -1, -1, -1, -1, -1, -1, -1, -1, -1, -1, -1, -1, -1, -1, -1, -1, -1, -1, -1, -1, -1, -1, -1, -1, -1, -1, -1, -1, -1, -1, -1, -1, -1, -1, -1, -1, -1, -1, -1, -1, -1, -1, -1, -1, -1, -1, -1, -1, -1, -1, -1, -1, -1, -1, -1, -1, -1, -1, -1, -1, -1, -1, -1, -1, -1, -1, -1, -1, -1, -1, -1, -1, -1, -1, -1, -1, -1, -1, -1, -1, -1, -1, -1, -1, -1, -1, -1, -1, -1, -1, -1, -1, -1, -1, -1, -1, -1, -1, -1, -1, -1, -1, -1, -1, -1, -1, -1, -1, -1, -1, -1, -1, -1, -1, -1, -1, -1, -1, -1, -1, -1, -1, -1, -1, -1, -1, -1, -1, -1, -1, -1, -1, -1, -1, -1, -1, -1, -1]"
150,23,21,1.0,None,1,237,"[{'cluster_no': -1, 'count': 237}]","[-1, -1, -1, -1, -1, -1, -1, -1, -1, -1, -1, -1, -1, -1, -1, -1, -1, -1, -1, -1, -1, -1, -1, -1, -1, -1, -1, -1, -1, -1, -1, -1, -1, -1, -1, -1, -1, -1, -1, -1, -1, -1, -1, -1, -1, -1, -1, -1, -1, -1, -1, -1, -1, -1, -1, -1, -1, -1, -1, -1, -1, -1, -1, -1, -1, -1, -1, -1, -1, -1, -1, -1, -1, -1, -1, -1, -1, -1, -1, -1, -1, -1, -1, -1, -1, -1, -1, -1, -1, -1, -1, -1, -1, -1, -1, -1, -1, -1, -1, -1, -1, -1, -1, -1, -1, -1, -1, -1, -1, -1, -1, -1, -1, -1, -1, -1, -1, -1, -1, -1, -1, -1, -1, -1, -1, -1, -1, -1, -1, -1, -1, -1, -1, -1, -1, -1, -1, -1, -1, -1, -1, -1, -1, -1, -1, -1, -1, -1, -1, -1, -1, -1, -1, -1, -1, -1, -1, -1, -1, -1, -1, -1, -1, -1, -1, -1, -1, -1, -1, -1, -1, -1, -1, -1, -1, -1, -1, -1, -1, -1, -1, -1, -1, -1, -1, -1, -1, -1, -1, -1, -1, -1, -1, -1, -1, -1, -1, -1, -1, -1, -1, -1, -1, -1, -1, -1, -1, -1, -1, -1, -1, -1, -1, -1, -1, -1, -1, -1, -1, -1, -1, -1, -1, -1, -1, -1, -1, -1, -1, -1, -1, -1, -1, -1, -1, -1, -1]"
150,23,22,0.0,None,1,237,"[{'cluster_no': -1, 'count': 237}]","[-1, -1, -1, -1, -1, -1, -1, -1, -1, -1, -1, -1, -1, -1, -1, -1, -1, -1, -1, -1, -1, -1, -1, -1, -1, -1, -1, -1, -1, -1, -1, -1, -1, -1, -1, -1, -1, -1, -1, -1, -1, -1, -1, -1, -1, -1, -1, -1, -1, -1, -1, -1, -1, -1, -1, -1, -1, -1, -1, -1, -1, -1, -1, -1, -1, -1, -1, -1, -1, -1, -1, -1, -1, -1, -1, -1, -1, -1, -1, -1, -1, -1, -1, -1, -1, -1, -1, -1, -1, -1, -1, -1, -1, -1, -1, -1, -1, -1, -1, -1, -1, -1, -1, -1, -1, -1, -1, -1, -1, -1, -1, -1, -1, -1, -1, -1, -1, -1, -1, -1, -1, -1, -1, -1, -1, -1, -1, -1, -1, -1, -1, -1, -1, -1, -1, -1, -1, -1, -1, -1, -1, -1, -1, -1, -1, -1, -1, -1, -1, -1, -1, -1, -1, -1, -1, -1, -1, -1, -1, -1, -1, -1, -1, -1, -1, -1, -1, -1, -1, -1, -1, -1, -1, -1, -1, -1, -1, -1, -1, -1, -1, -1, -1, -1, -1, -1, -1, -1, -1, -1, -1, -1, -1, -1, -1, -1, -1, -1, -1, -1, -1, -1, -1, -1, -1, -1, -1, -1, -1, -1, -1, -1, -1, -1, -1, -1, -1, -1, -1, -1, -1, -1, -1, -1, -1, -1, -1, -1, -1, -1, -1, -1, -1, -1, -1, -1, -1]"
150,23,22,0.5,None,1,237,"[{'cluster_no': -1, 'count': 237}]","[-1, -1, -1, -1, -1, -1, -1, -1, -1, -1, -1, -1, -1, -1, -1, -1, -1, -1, -1, -1, -1, -1, -1, -1, -1, -1, -1, -1, -1, -1, -1, -1, -1, -1, -1, -1, -1, -1, -1, -1, -1, -1, -1, -1, -1, -1, -1, -1, -1, -1, -1, -1, -1, -1, -1, -1, -1, -1, -1, -1, -1, -1, -1, -1, -1, -1, -1, -1, -1, -1, -1, -1, -1, -1, -1, -1, -1, -1, -1, -1, -1, -1, -1, -1, -1, -1, -1, -1, -1, -1, -1, -1, -1, -1, -1, -1, -1, -1, -1, -1, -1, -1, -1, -1, -1, -1, -1, -1, -1, -1, -1, -1, -1, -1, -1, -1, -1, -1, -1, -1, -1, -1, -1, -1, -1, -1, -1, -1, -1, -1, -1, -1, -1, -1, -1, -1, -1, -1, -1, -1, -1, -1, -1, -1, -1, -1, -1, -1, -1, -1, -1, -1, -1, -1, -1, -1, -1, -1, -1, -1, -1, -1, -1, -1, -1, -1, -1, -1, -1, -1, -1, -1, -1, -1, -1, -1, -1, -1, -1, -1, -1, -1, -1, -1, -1, -1, -1, -1, -1, -1, -1, -1, -1, -1, -1, -1, -1, -1, -1, -1, -1, -1, -1, -1, -1, -1, -1, -1, -1, -1, -1, -1, -1, -1, -1, -1, -1, -1, -1, -1, -1, -1, -1, -1, -1, -1, -1, -1, -1, -1, -1, -1, -1, -1, -1, -1, -1]"
150,23,22,1.0,None,1,237,"[{'cluster_no': -1, 'count': 237}]","[-1, -1, -1, -1, -1, -1, -1, -1, -1, -1, -1, -1, -1, -1, -1, -1, -1, -1, -1, -1, -1, -1, -1, -1, -1, -1, -1, -1, -1, -1, -1, -1, -1, -1, -1, -1, -1, -1, -1, -1, -1, -1, -1, -1, -1, -1, -1, -1, -1, -1, -1, -1, -1, -1, -1, -1, -1, -1, -1, -1, -1, -1, -1, -1, -1, -1, -1, -1, -1, -1, -1, -1, -1, -1, -1, -1, -1, -1, -1, -1, -1, -1, -1, -1, -1, -1, -1, -1, -1, -1, -1, -1, -1, -1, -1, -1, -1, -1, -1, -1, -1, -1, -1, -1, -1, -1, -1, -1, -1, -1, -1, -1, -1, -1, -1, -1, -1, -1, -1, -1, -1, -1, -1, -1, -1, -1, -1, -1, -1, -1, -1, -1, -1, -1, -1, -1, -1, -1, -1, -1, -1, -1, -1, -1, -1, -1, -1, -1, -1, -1, -1, -1, -1, -1, -1, -1, -1, -1, -1, -1, -1, -1, -1, -1, -1, -1, -1, -1, -1, -1, -1, -1, -1, -1, -1, -1, -1, -1, -1, -1, -1, -1, -1, -1, -1, -1, -1, -1, -1, -1, -1, -1, -1, -1, -1, -1, -1, -1, -1, -1, -1, -1, -1, -1, -1, -1, -1, -1, -1, -1, -1, -1, -1, -1, -1, -1, -1, -1, -1, -1, -1, -1, -1, -1, -1, -1, -1, -1, -1, -1, -1, -1, -1, -1, -1, -1, -1]"
150,23,23,0.0,None,1,237,"[{'cluster_no': -1, 'count': 237}]","[-1, -1, -1, -1, -1, -1, -1, -1, -1, -1, -1, -1, -1, -1, -1, -1, -1, -1, -1, -1, -1, -1, -1, -1, -1, -1, -1, -1, -1, -1, -1, -1, -1, -1, -1, -1, -1, -1, -1, -1, -1, -1, -1, -1, -1, -1, -1, -1, -1, -1, -1, -1, -1, -1, -1, -1, -1, -1, -1, -1, -1, -1, -1, -1, -1, -1, -1, -1, -1, -1, -1, -1, -1, -1, -1, -1, -1, -1, -1, -1, -1, -1, -1, -1, -1, -1, -1, -1, -1, -1, -1, -1, -1, -1, -1, -1, -1, -1, -1, -1, -1, -1, -1, -1, -1, -1, -1, -1, -1, -1, -1, -1, -1, -1, -1, -1, -1, -1, -1, -1, -1, -1, -1, -1, -1, -1, -1, -1, -1, -1, -1, -1, -1, -1, -1, -1, -1, -1, -1, -1, -1, -1, -1, -1, -1, -1, -1, -1, -1, -1, -1, -1, -1, -1, -1, -1, -1, -1, -1, -1, -1, -1, -1, -1, -1, -1, -1, -1, -1, -1, -1, -1, -1, -1, -1, -1, -1, -1, -1, -1, -1, -1, -1, -1, -1, -1, -1, -1, -1, -1, -1, -1, -1, -1, -1, -1, -1, -1, -1, -1, -1, -1, -1, -1, -1, -1, -1, -1, -1, -1, -1, -1, -1, -1, -1, -1, -1, -1, -1, -1, -1, -1, -1, -1, -1, -1, -1, -1, -1, -1, -1, -1, -1, -1, -1, -1, -1]"
150,23,23,0.5,None,1,237,"[{'cluster_no': -1, 'count': 237}]","[-1, -1, -1, -1, -1, -1, -1, -1, -1, -1, -1, -1, -1, -1, -1, -1, -1, -1, -1, -1, -1, -1, -1, -1, -1, -1, -1, -1, -1, -1, -1, -1, -1, -1, -1, -1, -1, -1, -1, -1, -1, -1, -1, -1, -1, -1, -1, -1, -1, -1, -1, -1, -1, -1, -1, -1, -1, -1, -1, -1, -1, -1, -1, -1, -1, -1, -1, -1, -1, -1, -1, -1, -1, -1, -1, -1, -1, -1, -1, -1, -1, -1, -1, -1, -1, -1, -1, -1, -1, -1, -1, -1, -1, -1, -1, -1, -1, -1, -1, -1, -1, -1, -1, -1, -1, -1, -1, -1, -1, -1, -1, -1, -1, -1, -1, -1, -1, -1, -1, -1, -1, -1, -1, -1, -1, -1, -1, -1, -1, -1, -1, -1, -1, -1, -1, -1, -1, -1, -1, -1, -1, -1, -1, -1, -1, -1, -1, -1, -1, -1, -1, -1, -1, -1, -1, -1, -1, -1, -1, -1, -1, -1, -1, -1, -1, -1, -1, -1, -1, -1, -1, -1, -1, -1, -1, -1, -1, -1, -1, -1, -1, -1, -1, -1, -1, -1, -1, -1, -1, -1, -1, -1, -1, -1, -1, -1, -1, -1, -1, -1, -1, -1, -1, -1, -1, -1, -1, -1, -1, -1, -1, -1, -1, -1, -1, -1, -1, -1, -1, -1, -1, -1, -1, -1, -1, -1, -1, -1, -1, -1, -1, -1, -1, -1, -1, -1, -1]"
150,23,23,1.0,None,1,237,"[{'cluster_no': -1, 'count': 237}]","[-1, -1, -1, -1, -1, -1, -1, -1, -1, -1, -1, -1, -1, -1, -1, -1, -1, -1, -1, -1, -1, -1, -1, -1, -1, -1, -1, -1, -1, -1, -1, -1, -1, -1, -1, -1, -1, -1, -1, -1, -1, -1, -1, -1, -1, -1, -1, -1, -1, -1, -1, -1, -1, -1, -1, -1, -1, -1, -1, -1, -1, -1, -1, -1, -1, -1, -1, -1, -1, -1, -1, -1, -1, -1, -1, -1, -1, -1, -1, -1, -1, -1, -1, -1, -1, -1, -1, -1, -1, -1, -1, -1, -1, -1, -1, -1, -1, -1, -1, -1, -1, -1, -1, -1, -1, -1, -1, -1, -1, -1, -1, -1, -1, -1, -1, -1, -1, -1, -1, -1, -1, -1, -1, -1, -1, -1, -1, -1, -1, -1, -1, -1, -1, -1, -1, -1, -1, -1, -1, -1, -1, -1, -1, -1, -1, -1, -1, -1, -1, -1, -1, -1, -1, -1, -1, -1, -1, -1, -1, -1, -1, -1, -1, -1, -1, -1, -1, -1, -1, -1, -1, -1, -1, -1, -1, -1, -1, -1, -1, -1, -1, -1, -1, -1, -1, -1, -1, -1, -1, -1, -1, -1, -1, -1, -1, -1, -1, -1, -1, -1, -1, -1, -1, -1, -1, -1, -1, -1, -1, -1, -1, -1, -1, -1, -1, -1, -1, -1, -1, -1, -1, -1, -1, -1, -1, -1, -1, -1, -1, -1, -1, -1, -1, -1, -1, -1, -1]"
150,23,24,0.0,None,1,237,"[{'cluster_no': -1, 'count': 237}]","[-1, -1, -1, -1, -1, -1, -1, -1, -1, -1, -1, -1, -1, -1, -1, -1, -1, -1, -1, -1, -1, -1, -1, -1, -1, -1, -1, -1, -1, -1, -1, -1, -1, -1, -1, -1, -1, -1, -1, -1, -1, -1, -1, -1, -1, -1, -1, -1, -1, -1, -1, -1, -1, -1, -1, -1, -1, -1, -1, -1, -1, -1, -1, -1, -1, -1, -1, -1, -1, -1, -1, -1, -1, -1, -1, -1, -1, -1, -1, -1, -1, -1, -1, -1, -1, -1, -1, -1, -1, -1, -1, -1, -1, -1, -1, -1, -1, -1, -1, -1, -1, -1, -1, -1, -1, -1, -1, -1, -1, -1, -1, -1, -1, -1, -1, -1, -1, -1, -1, -1, -1, -1, -1, -1, -1, -1, -1, -1, -1, -1, -1, -1, -1, -1, -1, -1, -1, -1, -1, -1, -1, -1, -1, -1, -1, -1, -1, -1, -1, -1, -1, -1, -1, -1, -1, -1, -1, -1, -1, -1, -1, -1, -1, -1, -1, -1, -1, -1, -1, -1, -1, -1, -1, -1, -1, -1, -1, -1, -1, -1, -1, -1, -1, -1, -1, -1, -1, -1, -1, -1, -1, -1, -1, -1, -1, -1, -1, -1, -1, -1, -1, -1, -1, -1, -1, -1, -1, -1, -1, -1, -1, -1, -1, -1, -1, -1, -1, -1, -1, -1, -1, -1, -1, -1, -1, -1, -1, -1, -1, -1, -1, -1, -1, -1, -1, -1, -1]"
150,23,24,0.5,None,1,237,"[{'cluster_no': -1, 'count': 237}]","[-1, -1, -1, -1, -1, -1, -1, -1, -1, -1, -1, -1, -1, -1, -1, -1, -1, -1, -1, -1, -1, -1, -1, -1, -1, -1, -1, -1, -1, -1, -1, -1, -1, -1, -1, -1, -1, -1, -1, -1, -1, -1, -1, -1, -1, -1, -1, -1, -1, -1, -1, -1, -1, -1, -1, -1, -1, -1, -1, -1, -1, -1, -1, -1, -1, -1, -1, -1, -1, -1, -1, -1, -1, -1, -1, -1, -1, -1, -1, -1, -1, -1, -1, -1, -1, -1, -1, -1, -1, -1, -1, -1, -1, -1, -1, -1, -1, -1, -1, -1, -1, -1, -1, -1, -1, -1, -1, -1, -1, -1, -1, -1, -1, -1, -1, -1, -1, -1, -1, -1, -1, -1, -1, -1, -1, -1, -1, -1, -1, -1, -1, -1, -1, -1, -1, -1, -1, -1, -1, -1, -1, -1, -1, -1, -1, -1, -1, -1, -1, -1, -1, -1, -1, -1, -1, -1, -1, -1, -1, -1, -1, -1, -1, -1, -1, -1, -1, -1, -1, -1, -1, -1, -1, -1, -1, -1, -1, -1, -1, -1, -1, -1, -1, -1, -1, -1, -1, -1, -1, -1, -1, -1, -1, -1, -1, -1, -1, -1, -1, -1, -1, -1, -1, -1, -1, -1, -1, -1, -1, -1, -1, -1, -1, -1, -1, -1, -1, -1, -1, -1, -1, -1, -1, -1, -1, -1, -1, -1, -1, -1, -1, -1, -1, -1, -1, -1, -1]"
150,23,24,1.0,None,1,237,"[{'cluster_no': -1, 'count': 237}]","[-1, -1, -1, -1, -1, -1, -1, -1, -1, -1, -1, -1, -1, -1, -1, -1, -1, -1, -1, -1, -1, -1, -1, -1, -1, -1, -1, -1, -1, -1, -1, -1, -1, -1, -1, -1, -1, -1, -1, -1, -1, -1, -1, -1, -1, -1, -1, -1, -1, -1, -1, -1, -1, -1, -1, -1, -1, -1, -1, -1, -1, -1, -1, -1, -1, -1, -1, -1, -1, -1, -1, -1, -1, -1, -1, -1, -1, -1, -1, -1, -1, -1, -1, -1, -1, -1, -1, -1, -1, -1, -1, -1, -1, -1, -1, -1, -1, -1, -1, -1, -1, -1, -1, -1, -1, -1, -1, -1, -1, -1, -1, -1, -1, -1, -1, -1, -1, -1, -1, -1, -1, -1, -1, -1, -1, -1, -1, -1, -1, -1, -1, -1, -1, -1, -1, -1, -1, -1, -1, -1, -1, -1, -1, -1, -1, -1, -1, -1, -1, -1, -1, -1, -1, -1, -1, -1, -1, -1, -1, -1, -1, -1, -1, -1, -1, -1, -1, -1, -1, -1, -1, -1, -1, -1, -1, -1, -1, -1, -1, -1, -1, -1, -1, -1, -1, -1, -1, -1, -1, -1, -1, -1, -1, -1, -1, -1, -1, -1, -1, -1, -1, -1, -1, -1, -1, -1, -1, -1, -1, -1, -1, -1, -1, -1, -1, -1, -1, -1, -1, -1, -1, -1, -1, -1, -1, -1, -1, -1, -1, -1, -1, -1, -1, -1, -1, -1, -1]"
150,23,25,0.0,None,1,237,"[{'cluster_no': -1, 'count': 237}]","[-1, -1, -1, -1, -1, -1, -1, -1, -1, -1, -1, -1, -1, -1, -1, -1, -1, -1, -1, -1, -1, -1, -1, -1, -1, -1, -1, -1, -1, -1, -1, -1, -1, -1, -1, -1, -1, -1, -1, -1, -1, -1, -1, -1, -1, -1, -1, -1, -1, -1, -1, -1, -1, -1, -1, -1, -1, -1, -1, -1, -1, -1, -1, -1, -1, -1, -1, -1, -1, -1, -1, -1, -1, -1, -1, -1, -1, -1, -1, -1, -1, -1, -1, -1, -1, -1, -1, -1, -1, -1, -1, -1, -1, -1, -1, -1, -1, -1, -1, -1, -1, -1, -1, -1, -1, -1, -1, -1, -1, -1, -1, -1, -1, -1, -1, -1, -1, -1, -1, -1, -1, -1, -1, -1, -1, -1, -1, -1, -1, -1, -1, -1, -1, -1, -1, -1, -1, -1, -1, -1, -1, -1, -1, -1, -1, -1, -1, -1, -1, -1, -1, -1, -1, -1, -1, -1, -1, -1, -1, -1, -1, -1, -1, -1, -1, -1, -1, -1, -1, -1, -1, -1, -1, -1, -1, -1, -1, -1, -1, -1, -1, -1, -1, -1, -1, -1, -1, -1, -1, -1, -1, -1, -1, -1, -1, -1, -1, -1, -1, -1, -1, -1, -1, -1, -1, -1, -1, -1, -1, -1, -1, -1, -1, -1, -1, -1, -1, -1, -1, -1, -1, -1, -1, -1, -1, -1, -1, -1, -1, -1, -1, -1, -1, -1, -1, -1, -1]"
150,23,25,0.5,None,1,237,"[{'cluster_no': -1, 'count': 237}]","[-1, -1, -1, -1, -1, -1, -1, -1, -1, -1, -1, -1, -1, -1, -1, -1, -1, -1, -1, -1, -1, -1, -1, -1, -1, -1, -1, -1, -1, -1, -1, -1, -1, -1, -1, -1, -1, -1, -1, -1, -1, -1, -1, -1, -1, -1, -1, -1, -1, -1, -1, -1, -1, -1, -1, -1, -1, -1, -1, -1, -1, -1, -1, -1, -1, -1, -1, -1, -1, -1, -1, -1, -1, -1, -1, -1, -1, -1, -1, -1, -1, -1, -1, -1, -1, -1, -1, -1, -1, -1, -1, -1, -1, -1, -1, -1, -1, -1, -1, -1, -1, -1, -1, -1, -1, -1, -1, -1, -1, -1, -1, -1, -1, -1, -1, -1, -1, -1, -1, -1, -1, -1, -1, -1, -1, -1, -1, -1, -1, -1, -1, -1, -1, -1, -1, -1, -1, -1, -1, -1, -1, -1, -1, -1, -1, -1, -1, -1, -1, -1, -1, -1, -1, -1, -1, -1, -1, -1, -1, -1, -1, -1, -1, -1, -1, -1, -1, -1, -1, -1, -1, -1, -1, -1, -1, -1, -1, -1, -1, -1, -1, -1, -1, -1, -1, -1, -1, -1, -1, -1, -1, -1, -1, -1, -1, -1, -1, -1, -1, -1, -1, -1, -1, -1, -1, -1, -1, -1, -1, -1, -1, -1, -1, -1, -1, -1, -1, -1, -1, -1, -1, -1, -1, -1, -1, -1, -1, -1, -1, -1, -1, -1, -1, -1, -1, -1, -1]"
150,23,25,1.0,None,1,237,"[{'cluster_no': -1, 'count': 237}]","[-1, -1, -1, -1, -1, -1, -1, -1, -1, -1, -1, -1, -1, -1, -1, -1, -1, -1, -1, -1, -1, -1, -1, -1, -1, -1, -1, -1, -1, -1, -1, -1, -1, -1, -1, -1, -1, -1, -1, -1, -1, -1, -1, -1, -1, -1, -1, -1, -1, -1, -1, -1, -1, -1, -1, -1, -1, -1, -1, -1, -1, -1, -1, -1, -1, -1, -1, -1, -1, -1, -1, -1, -1, -1, -1, -1, -1, -1, -1, -1, -1, -1, -1, -1, -1, -1, -1, -1, -1, -1, -1, -1, -1, -1, -1, -1, -1, -1, -1, -1, -1, -1, -1, -1, -1, -1, -1, -1, -1, -1, -1, -1, -1, -1, -1, -1, -1, -1, -1, -1, -1, -1, -1, -1, -1, -1, -1, -1, -1, -1, -1, -1, -1, -1, -1, -1, -1, -1, -1, -1, -1, -1, -1, -1, -1, -1, -1, -1, -1, -1, -1, -1, -1, -1, -1, -1, -1, -1, -1, -1, -1, -1, -1, -1, -1, -1, -1, -1, -1, -1, -1, -1, -1, -1, -1, -1, -1, -1, -1, -1, -1, -1, -1, -1, -1, -1, -1, -1, -1, -1, -1, -1, -1, -1, -1, -1, -1, -1, -1, -1, -1, -1, -1, -1, -1, -1, -1, -1, -1, -1, -1, -1, -1, -1, -1, -1, -1, -1, -1, -1, -1, -1, -1, -1, -1, -1, -1, -1, -1, -1, -1, -1, -1, -1, -1, -1, -1]"
150,23,26,0.0,None,1,237,"[{'cluster_no': -1, 'count': 237}]","[-1, -1, -1, -1, -1, -1, -1, -1, -1, -1, -1, -1, -1, -1, -1, -1, -1, -1, -1, -1, -1, -1, -1, -1, -1, -1, -1, -1, -1, -1, -1, -1, -1, -1, -1, -1, -1, -1, -1, -1, -1, -1, -1, -1, -1, -1, -1, -1, -1, -1, -1, -1, -1, -1, -1, -1, -1, -1, -1, -1, -1, -1, -1, -1, -1, -1, -1, -1, -1, -1, -1, -1, -1, -1, -1, -1, -1, -1, -1, -1, -1, -1, -1, -1, -1, -1, -1, -1, -1, -1, -1, -1, -1, -1, -1, -1, -1, -1, -1, -1, -1, -1, -1, -1, -1, -1, -1, -1, -1, -1, -1, -1, -1, -1, -1, -1, -1, -1, -1, -1, -1, -1, -1, -1, -1, -1, -1, -1, -1, -1, -1, -1, -1, -1, -1, -1, -1, -1, -1, -1, -1, -1, -1, -1, -1, -1, -1, -1, -1, -1, -1, -1, -1, -1, -1, -1, -1, -1, -1, -1, -1, -1, -1, -1, -1, -1, -1, -1, -1, -1, -1, -1, -1, -1, -1, -1, -1, -1, -1, -1, -1, -1, -1, -1, -1, -1, -1, -1, -1, -1, -1, -1, -1, -1, -1, -1, -1, -1, -1, -1, -1, -1, -1, -1, -1, -1, -1, -1, -1, -1, -1, -1, -1, -1, -1, -1, -1, -1, -1, -1, -1, -1, -1, -1, -1, -1, -1, -1, -1, -1, -1, -1, -1, -1, -1, -1, -1]"
150,23,26,0.5,None,1,237,"[{'cluster_no': -1, 'count': 237}]","[-1, -1, -1, -1, -1, -1, -1, -1, -1, -1, -1, -1, -1, -1, -1, -1, -1, -1, -1, -1, -1, -1, -1, -1, -1, -1, -1, -1, -1, -1, -1, -1, -1, -1, -1, -1, -1, -1, -1, -1, -1, -1, -1, -1, -1, -1, -1, -1, -1, -1, -1, -1, -1, -1, -1, -1, -1, -1, -1, -1, -1, -1, -1, -1, -1, -1, -1, -1, -1, -1, -1, -1, -1, -1, -1, -1, -1, -1, -1, -1, -1, -1, -1, -1, -1, -1, -1, -1, -1, -1, -1, -1, -1, -1, -1, -1, -1, -1, -1, -1, -1, -1, -1, -1, -1, -1, -1, -1, -1, -1, -1, -1, -1, -1, -1, -1, -1, -1, -1, -1, -1, -1, -1, -1, -1, -1, -1, -1, -1, -1, -1, -1, -1, -1, -1, -1, -1, -1, -1, -1, -1, -1, -1, -1, -1, -1, -1, -1, -1, -1, -1, -1, -1, -1, -1, -1, -1, -1, -1, -1, -1, -1, -1, -1, -1, -1, -1, -1, -1, -1, -1, -1, -1, -1, -1, -1, -1, -1, -1, -1, -1, -1, -1, -1, -1, -1, -1, -1, -1, -1, -1, -1, -1, -1, -1, -1, -1, -1, -1, -1, -1, -1, -1, -1, -1, -1, -1, -1, -1, -1, -1, -1, -1, -1, -1, -1, -1, -1, -1, -1, -1, -1, -1, -1, -1, -1, -1, -1, -1, -1, -1, -1, -1, -1, -1, -1, -1]"
150,23,26,1.0,None,1,237,"[{'cluster_no': -1, 'count': 237}]","[-1, -1, -1, -1, -1, -1, -1, -1, -1, -1, -1, -1, -1, -1, -1, -1, -1, -1, -1, -1, -1, -1, -1, -1, -1, -1, -1, -1, -1, -1, -1, -1, -1, -1, -1, -1, -1, -1, -1, -1, -1, -1, -1, -1, -1, -1, -1, -1, -1, -1, -1, -1, -1, -1, -1, -1, -1, -1, -1, -1, -1, -1, -1, -1, -1, -1, -1, -1, -1, -1, -1, -1, -1, -1, -1, -1, -1, -1, -1, -1, -1, -1, -1, -1, -1, -1, -1, -1, -1, -1, -1, -1, -1, -1, -1, -1, -1, -1, -1, -1, -1, -1, -1, -1, -1, -1, -1, -1, -1, -1, -1, -1, -1, -1, -1, -1, -1, -1, -1, -1, -1, -1, -1, -1, -1, -1, -1, -1, -1, -1, -1, -1, -1, -1, -1, -1, -1, -1, -1, -1, -1, -1, -1, -1, -1, -1, -1, -1, -1, -1, -1, -1, -1, -1, -1, -1, -1, -1, -1, -1, -1, -1, -1, -1, -1, -1, -1, -1, -1, -1, -1, -1, -1, -1, -1, -1, -1, -1, -1, -1, -1, -1, -1, -1, -1, -1, -1, -1, -1, -1, -1, -1, -1, -1, -1, -1, -1, -1, -1, -1, -1, -1, -1, -1, -1, -1, -1, -1, -1, -1, -1, -1, -1, -1, -1, -1, -1, -1, -1, -1, -1, -1, -1, -1, -1, -1, -1, -1, -1, -1, -1, -1, -1, -1, -1, -1, -1]"
150,23,27,0.0,None,1,237,"[{'cluster_no': -1, 'count': 237}]","[-1, -1, -1, -1, -1, -1, -1, -1, -1, -1, -1, -1, -1, -1, -1, -1, -1, -1, -1, -1, -1, -1, -1, -1, -1, -1, -1, -1, -1, -1, -1, -1, -1, -1, -1, -1, -1, -1, -1, -1, -1, -1, -1, -1, -1, -1, -1, -1, -1, -1, -1, -1, -1, -1, -1, -1, -1, -1, -1, -1, -1, -1, -1, -1, -1, -1, -1, -1, -1, -1, -1, -1, -1, -1, -1, -1, -1, -1, -1, -1, -1, -1, -1, -1, -1, -1, -1, -1, -1, -1, -1, -1, -1, -1, -1, -1, -1, -1, -1, -1, -1, -1, -1, -1, -1, -1, -1, -1, -1, -1, -1, -1, -1, -1, -1, -1, -1, -1, -1, -1, -1, -1, -1, -1, -1, -1, -1, -1, -1, -1, -1, -1, -1, -1, -1, -1, -1, -1, -1, -1, -1, -1, -1, -1, -1, -1, -1, -1, -1, -1, -1, -1, -1, -1, -1, -1, -1, -1, -1, -1, -1, -1, -1, -1, -1, -1, -1, -1, -1, -1, -1, -1, -1, -1, -1, -1, -1, -1, -1, -1, -1, -1, -1, -1, -1, -1, -1, -1, -1, -1, -1, -1, -1, -1, -1, -1, -1, -1, -1, -1, -1, -1, -1, -1, -1, -1, -1, -1, -1, -1, -1, -1, -1, -1, -1, -1, -1, -1, -1, -1, -1, -1, -1, -1, -1, -1, -1, -1, -1, -1, -1, -1, -1, -1, -1, -1, -1]"
150,23,27,0.5,None,1,237,"[{'cluster_no': -1, 'count': 237}]","[-1, -1, -1, -1, -1, -1, -1, -1, -1, -1, -1, -1, -1, -1, -1, -1, -1, -1, -1, -1, -1, -1, -1, -1, -1, -1, -1, -1, -1, -1, -1, -1, -1, -1, -1, -1, -1, -1, -1, -1, -1, -1, -1, -1, -1, -1, -1, -1, -1, -1, -1, -1, -1, -1, -1, -1, -1, -1, -1, -1, -1, -1, -1, -1, -1, -1, -1, -1, -1, -1, -1, -1, -1, -1, -1, -1, -1, -1, -1, -1, -1, -1, -1, -1, -1, -1, -1, -1, -1, -1, -1, -1, -1, -1, -1, -1, -1, -1, -1, -1, -1, -1, -1, -1, -1, -1, -1, -1, -1, -1, -1, -1, -1, -1, -1, -1, -1, -1, -1, -1, -1, -1, -1, -1, -1, -1, -1, -1, -1, -1, -1, -1, -1, -1, -1, -1, -1, -1, -1, -1, -1, -1, -1, -1, -1, -1, -1, -1, -1, -1, -1, -1, -1, -1, -1, -1, -1, -1, -1, -1, -1, -1, -1, -1, -1, -1, -1, -1, -1, -1, -1, -1, -1, -1, -1, -1, -1, -1, -1, -1, -1, -1, -1, -1, -1, -1, -1, -1, -1, -1, -1, -1, -1, -1, -1, -1, -1, -1, -1, -1, -1, -1, -1, -1, -1, -1, -1, -1, -1, -1, -1, -1, -1, -1, -1, -1, -1, -1, -1, -1, -1, -1, -1, -1, -1, -1, -1, -1, -1, -1, -1, -1, -1, -1, -1, -1, -1]"
150,23,27,1.0,None,1,237,"[{'cluster_no': -1, 'count': 237}]","[-1, -1, -1, -1, -1, -1, -1, -1, -1, -1, -1, -1, -1, -1, -1, -1, -1, -1, -1, -1, -1, -1, -1, -1, -1, -1, -1, -1, -1, -1, -1, -1, -1, -1, -1, -1, -1, -1, -1, -1, -1, -1, -1, -1, -1, -1, -1, -1, -1, -1, -1, -1, -1, -1, -1, -1, -1, -1, -1, -1, -1, -1, -1, -1, -1, -1, -1, -1, -1, -1, -1, -1, -1, -1, -1, -1, -1, -1, -1, -1, -1, -1, -1, -1, -1, -1, -1, -1, -1, -1, -1, -1, -1, -1, -1, -1, -1, -1, -1, -1, -1, -1, -1, -1, -1, -1, -1, -1, -1, -1, -1, -1, -1, -1, -1, -1, -1, -1, -1, -1, -1, -1, -1, -1, -1, -1, -1, -1, -1, -1, -1, -1, -1, -1, -1, -1, -1, -1, -1, -1, -1, -1, -1, -1, -1, -1, -1, -1, -1, -1, -1, -1, -1, -1, -1, -1, -1, -1, -1, -1, -1, -1, -1, -1, -1, -1, -1, -1, -1, -1, -1, -1, -1, -1, -1, -1, -1, -1, -1, -1, -1, -1, -1, -1, -1, -1, -1, -1, -1, -1, -1, -1, -1, -1, -1, -1, -1, -1, -1, -1, -1, -1, -1, -1, -1, -1, -1, -1, -1, -1, -1, -1, -1, -1, -1, -1, -1, -1, -1, -1, -1, -1, -1, -1, -1, -1, -1, -1, -1, -1, -1, -1, -1, -1, -1, -1, -1]"
150,23,28,0.0,None,1,237,"[{'cluster_no': -1, 'count': 237}]","[-1, -1, -1, -1, -1, -1, -1, -1, -1, -1, -1, -1, -1, -1, -1, -1, -1, -1, -1, -1, -1, -1, -1, -1, -1, -1, -1, -1, -1, -1, -1, -1, -1, -1, -1, -1, -1, -1, -1, -1, -1, -1, -1, -1, -1, -1, -1, -1, -1, -1, -1, -1, -1, -1, -1, -1, -1, -1, -1, -1, -1, -1, -1, -1, -1, -1, -1, -1, -1, -1, -1, -1, -1, -1, -1, -1, -1, -1, -1, -1, -1, -1, -1, -1, -1, -1, -1, -1, -1, -1, -1, -1, -1, -1, -1, -1, -1, -1, -1, -1, -1, -1, -1, -1, -1, -1, -1, -1, -1, -1, -1, -1, -1, -1, -1, -1, -1, -1, -1, -1, -1, -1, -1, -1, -1, -1, -1, -1, -1, -1, -1, -1, -1, -1, -1, -1, -1, -1, -1, -1, -1, -1, -1, -1, -1, -1, -1, -1, -1, -1, -1, -1, -1, -1, -1, -1, -1, -1, -1, -1, -1, -1, -1, -1, -1, -1, -1, -1, -1, -1, -1, -1, -1, -1, -1, -1, -1, -1, -1, -1, -1, -1, -1, -1, -1, -1, -1, -1, -1, -1, -1, -1, -1, -1, -1, -1, -1, -1, -1, -1, -1, -1, -1, -1, -1, -1, -1, -1, -1, -1, -1, -1, -1, -1, -1, -1, -1, -1, -1, -1, -1, -1, -1, -1, -1, -1, -1, -1, -1, -1, -1, -1, -1, -1, -1, -1, -1]"
150,23,28,0.5,None,1,237,"[{'cluster_no': -1, 'count': 237}]","[-1, -1, -1, -1, -1, -1, -1, -1, -1, -1, -1, -1, -1, -1, -1, -1, -1, -1, -1, -1, -1, -1, -1, -1, -1, -1, -1, -1, -1, -1, -1, -1, -1, -1, -1, -1, -1, -1, -1, -1, -1, -1, -1, -1, -1, -1, -1, -1, -1, -1, -1, -1, -1, -1, -1, -1, -1, -1, -1, -1, -1, -1, -1, -1, -1, -1, -1, -1, -1, -1, -1, -1, -1, -1, -1, -1, -1, -1, -1, -1, -1, -1, -1, -1, -1, -1, -1, -1, -1, -1, -1, -1, -1, -1, -1, -1, -1, -1, -1, -1, -1, -1, -1, -1, -1, -1, -1, -1, -1, -1, -1, -1, -1, -1, -1, -1, -1, -1, -1, -1, -1, -1, -1, -1, -1, -1, -1, -1, -1, -1, -1, -1, -1, -1, -1, -1, -1, -1, -1, -1, -1, -1, -1, -1, -1, -1, -1, -1, -1, -1, -1, -1, -1, -1, -1, -1, -1, -1, -1, -1, -1, -1, -1, -1, -1, -1, -1, -1, -1, -1, -1, -1, -1, -1, -1, -1, -1, -1, -1, -1, -1, -1, -1, -1, -1, -1, -1, -1, -1, -1, -1, -1, -1, -1, -1, -1, -1, -1, -1, -1, -1, -1, -1, -1, -1, -1, -1, -1, -1, -1, -1, -1, -1, -1, -1, -1, -1, -1, -1, -1, -1, -1, -1, -1, -1, -1, -1, -1, -1, -1, -1, -1, -1, -1, -1, -1, -1]"
150,23,28,1.0,None,1,237,"[{'cluster_no': -1, 'count': 237}]","[-1, -1, -1, -1, -1, -1, -1, -1, -1, -1, -1, -1, -1, -1, -1, -1, -1, -1, -1, -1, -1, -1, -1, -1, -1, -1, -1, -1, -1, -1, -1, -1, -1, -1, -1, -1, -1, -1, -1, -1, -1, -1, -1, -1, -1, -1, -1, -1, -1, -1, -1, -1, -1, -1, -1, -1, -1, -1, -1, -1, -1, -1, -1, -1, -1, -1, -1, -1, -1, -1, -1, -1, -1, -1, -1, -1, -1, -1, -1, -1, -1, -1, -1, -1, -1, -1, -1, -1, -1, -1, -1, -1, -1, -1, -1, -1, -1, -1, -1, -1, -1, -1, -1, -1, -1, -1, -1, -1, -1, -1, -1, -1, -1, -1, -1, -1, -1, -1, -1, -1, -1, -1, -1, -1, -1, -1, -1, -1, -1, -1, -1, -1, -1, -1, -1, -1, -1, -1, -1, -1, -1, -1, -1, -1, -1, -1, -1, -1, -1, -1, -1, -1, -1, -1, -1, -1, -1, -1, -1, -1, -1, -1, -1, -1, -1, -1, -1, -1, -1, -1, -1, -1, -1, -1, -1, -1, -1, -1, -1, -1, -1, -1, -1, -1, -1, -1, -1, -1, -1, -1, -1, -1, -1, -1, -1, -1, -1, -1, -1, -1, -1, -1, -1, -1, -1, -1, -1, -1, -1, -1, -1, -1, -1, -1, -1, -1, -1, -1, -1, -1, -1, -1, -1, -1, -1, -1, -1, -1, -1, -1, -1, -1, -1, -1, -1, -1, -1]"
150,23,29,0.0,None,1,237,"[{'cluster_no': -1, 'count': 237}]","[-1, -1, -1, -1, -1, -1, -1, -1, -1, -1, -1, -1, -1, -1, -1, -1, -1, -1, -1, -1, -1, -1, -1, -1, -1, -1, -1, -1, -1, -1, -1, -1, -1, -1, -1, -1, -1, -1, -1, -1, -1, -1, -1, -1, -1, -1, -1, -1, -1, -1, -1, -1, -1, -1, -1, -1, -1, -1, -1, -1, -1, -1, -1, -1, -1, -1, -1, -1, -1, -1, -1, -1, -1, -1, -1, -1, -1, -1, -1, -1, -1, -1, -1, -1, -1, -1, -1, -1, -1, -1, -1, -1, -1, -1, -1, -1, -1, -1, -1, -1, -1, -1, -1, -1, -1, -1, -1, -1, -1, -1, -1, -1, -1, -1, -1, -1, -1, -1, -1, -1, -1, -1, -1, -1, -1, -1, -1, -1, -1, -1, -1, -1, -1, -1, -1, -1, -1, -1, -1, -1, -1, -1, -1, -1, -1, -1, -1, -1, -1, -1, -1, -1, -1, -1, -1, -1, -1, -1, -1, -1, -1, -1, -1, -1, -1, -1, -1, -1, -1, -1, -1, -1, -1, -1, -1, -1, -1, -1, -1, -1, -1, -1, -1, -1, -1, -1, -1, -1, -1, -1, -1, -1, -1, -1, -1, -1, -1, -1, -1, -1, -1, -1, -1, -1, -1, -1, -1, -1, -1, -1, -1, -1, -1, -1, -1, -1, -1, -1, -1, -1, -1, -1, -1, -1, -1, -1, -1, -1, -1, -1, -1, -1, -1, -1, -1, -1, -1]"
150,23,29,0.5,None,1,237,"[{'cluster_no': -1, 'count': 237}]","[-1, -1, -1, -1, -1, -1, -1, -1, -1, -1, -1, -1, -1, -1, -1, -1, -1, -1, -1, -1, -1, -1, -1, -1, -1, -1, -1, -1, -1, -1, -1, -1, -1, -1, -1, -1, -1, -1, -1, -1, -1, -1, -1, -1, -1, -1, -1, -1, -1, -1, -1, -1, -1, -1, -1, -1, -1, -1, -1, -1, -1, -1, -1, -1, -1, -1, -1, -1, -1, -1, -1, -1, -1, -1, -1, -1, -1, -1, -1, -1, -1, -1, -1, -1, -1, -1, -1, -1, -1, -1, -1, -1, -1, -1, -1, -1, -1, -1, -1, -1, -1, -1, -1, -1, -1, -1, -1, -1, -1, -1, -1, -1, -1, -1, -1, -1, -1, -1, -1, -1, -1, -1, -1, -1, -1, -1, -1, -1, -1, -1, -1, -1, -1, -1, -1, -1, -1, -1, -1, -1, -1, -1, -1, -1, -1, -1, -1, -1, -1, -1, -1, -1, -1, -1, -1, -1, -1, -1, -1, -1, -1, -1, -1, -1, -1, -1, -1, -1, -1, -1, -1, -1, -1, -1, -1, -1, -1, -1, -1, -1, -1, -1, -1, -1, -1, -1, -1, -1, -1, -1, -1, -1, -1, -1, -1, -1, -1, -1, -1, -1, -1, -1, -1, -1, -1, -1, -1, -1, -1, -1, -1, -1, -1, -1, -1, -1, -1, -1, -1, -1, -1, -1, -1, -1, -1, -1, -1, -1, -1, -1, -1, -1, -1, -1, -1, -1, -1]"
150,23,29,1.0,None,1,237,"[{'cluster_no': -1, 'count': 237}]","[-1, -1, -1, -1, -1, -1, -1, -1, -1, -1, -1, -1, -1, -1, -1, -1, -1, -1, -1, -1, -1, -1, -1, -1, -1, -1, -1, -1, -1, -1, -1, -1, -1, -1, -1, -1, -1, -1, -1, -1, -1, -1, -1, -1, -1, -1, -1, -1, -1, -1, -1, -1, -1, -1, -1, -1, -1, -1, -1, -1, -1, -1, -1, -1, -1, -1, -1, -1, -1, -1, -1, -1, -1, -1, -1, -1, -1, -1, -1, -1, -1, -1, -1, -1, -1, -1, -1, -1, -1, -1, -1, -1, -1, -1, -1, -1, -1, -1, -1, -1, -1, -1, -1, -1, -1, -1, -1, -1, -1, -1, -1, -1, -1, -1, -1, -1, -1, -1, -1, -1, -1, -1, -1, -1, -1, -1, -1, -1, -1, -1, -1, -1, -1, -1, -1, -1, -1, -1, -1, -1, -1, -1, -1, -1, -1, -1, -1, -1, -1, -1, -1, -1, -1, -1, -1, -1, -1, -1, -1, -1, -1, -1, -1, -1, -1, -1, -1, -1, -1, -1, -1, -1, -1, -1, -1, -1, -1, -1, -1, -1, -1, -1, -1, -1, -1, -1, -1, -1, -1, -1, -1, -1, -1, -1, -1, -1, -1, -1, -1, -1, -1, -1, -1, -1, -1, -1, -1, -1, -1, -1, -1, -1, -1, -1, -1, -1, -1, -1, -1, -1, -1, -1, -1, -1, -1, -1, -1, -1, -1, -1, -1, -1, -1, -1, -1, -1, -1]"
150,23,30,0.0,None,1,237,"[{'cluster_no': -1, 'count': 237}]","[-1, -1, -1, -1, -1, -1, -1, -1, -1, -1, -1, -1, -1, -1, -1, -1, -1, -1, -1, -1, -1, -1, -1, -1, -1, -1, -1, -1, -1, -1, -1, -1, -1, -1, -1, -1, -1, -1, -1, -1, -1, -1, -1, -1, -1, -1, -1, -1, -1, -1, -1, -1, -1, -1, -1, -1, -1, -1, -1, -1, -1, -1, -1, -1, -1, -1, -1, -1, -1, -1, -1, -1, -1, -1, -1, -1, -1, -1, -1, -1, -1, -1, -1, -1, -1, -1, -1, -1, -1, -1, -1, -1, -1, -1, -1, -1, -1, -1, -1, -1, -1, -1, -1, -1, -1, -1, -1, -1, -1, -1, -1, -1, -1, -1, -1, -1, -1, -1, -1, -1, -1, -1, -1, -1, -1, -1, -1, -1, -1, -1, -1, -1, -1, -1, -1, -1, -1, -1, -1, -1, -1, -1, -1, -1, -1, -1, -1, -1, -1, -1, -1, -1, -1, -1, -1, -1, -1, -1, -1, -1, -1, -1, -1, -1, -1, -1, -1, -1, -1, -1, -1, -1, -1, -1, -1, -1, -1, -1, -1, -1, -1, -1, -1, -1, -1, -1, -1, -1, -1, -1, -1, -1, -1, -1, -1, -1, -1, -1, -1, -1, -1, -1, -1, -1, -1, -1, -1, -1, -1, -1, -1, -1, -1, -1, -1, -1, -1, -1, -1, -1, -1, -1, -1, -1, -1, -1, -1, -1, -1, -1, -1, -1, -1, -1, -1, -1, -1]"
150,23,30,0.5,None,1,237,"[{'cluster_no': -1, 'count': 237}]","[-1, -1, -1, -1, -1, -1, -1, -1, -1, -1, -1, -1, -1, -1, -1, -1, -1, -1, -1, -1, -1, -1, -1, -1, -1, -1, -1, -1, -1, -1, -1, -1, -1, -1, -1, -1, -1, -1, -1, -1, -1, -1, -1, -1, -1, -1, -1, -1, -1, -1, -1, -1, -1, -1, -1, -1, -1, -1, -1, -1, -1, -1, -1, -1, -1, -1, -1, -1, -1, -1, -1, -1, -1, -1, -1, -1, -1, -1, -1, -1, -1, -1, -1, -1, -1, -1, -1, -1, -1, -1, -1, -1, -1, -1, -1, -1, -1, -1, -1, -1, -1, -1, -1, -1, -1, -1, -1, -1, -1, -1, -1, -1, -1, -1, -1, -1, -1, -1, -1, -1, -1, -1, -1, -1, -1, -1, -1, -1, -1, -1, -1, -1, -1, -1, -1, -1, -1, -1, -1, -1, -1, -1, -1, -1, -1, -1, -1, -1, -1, -1, -1, -1, -1, -1, -1, -1, -1, -1, -1, -1, -1, -1, -1, -1, -1, -1, -1, -1, -1, -1, -1, -1, -1, -1, -1, -1, -1, -1, -1, -1, -1, -1, -1, -1, -1, -1, -1, -1, -1, -1, -1, -1, -1, -1, -1, -1, -1, -1, -1, -1, -1, -1, -1, -1, -1, -1, -1, -1, -1, -1, -1, -1, -1, -1, -1, -1, -1, -1, -1, -1, -1, -1, -1, -1, -1, -1, -1, -1, -1, -1, -1, -1, -1, -1, -1, -1, -1]"
150,23,30,1.0,None,1,237,"[{'cluster_no': -1, 'count': 237}]","[-1, -1, -1, -1, -1, -1, -1, -1, -1, -1, -1, -1, -1, -1, -1, -1, -1, -1, -1, -1, -1, -1, -1, -1, -1, -1, -1, -1, -1, -1, -1, -1, -1, -1, -1, -1, -1, -1, -1, -1, -1, -1, -1, -1, -1, -1, -1, -1, -1, -1, -1, -1, -1, -1, -1, -1, -1, -1, -1, -1, -1, -1, -1, -1, -1, -1, -1, -1, -1, -1, -1, -1, -1, -1, -1, -1, -1, -1, -1, -1, -1, -1, -1, -1, -1, -1, -1, -1, -1, -1, -1, -1, -1, -1, -1, -1, -1, -1, -1, -1, -1, -1, -1, -1, -1, -1, -1, -1, -1, -1, -1, -1, -1, -1, -1, -1, -1, -1, -1, -1, -1, -1, -1, -1, -1, -1, -1, -1, -1, -1, -1, -1, -1, -1, -1, -1, -1, -1, -1, -1, -1, -1, -1, -1, -1, -1, -1, -1, -1, -1, -1, -1, -1, -1, -1, -1, -1, -1, -1, -1, -1, -1, -1, -1, -1, -1, -1, -1, -1, -1, -1, -1, -1, -1, -1, -1, -1, -1, -1, -1, -1, -1, -1, -1, -1, -1, -1, -1, -1, -1, -1, -1, -1, -1, -1, -1, -1, -1, -1, -1, -1, -1, -1, -1, -1, -1, -1, -1, -1, -1, -1, -1, -1, -1, -1, -1, -1, -1, -1, -1, -1, -1, -1, -1, -1, -1, -1, -1, -1, -1, -1, -1, -1, -1, -1, -1, -1]"
150,24,5,0.0,None,1,237,"[{'cluster_no': -1, 'count': 237}]","[-1, -1, -1, -1, -1, -1, -1, -1, -1, -1, -1, -1, -1, -1, -1, -1, -1, -1, -1, -1, -1, -1, -1, -1, -1, -1, -1, -1, -1, -1, -1, -1, -1, -1, -1, -1, -1, -1, -1, -1, -1, -1, -1, -1, -1, -1, -1, -1, -1, -1, -1, -1, -1, -1, -1, -1, -1, -1, -1, -1, -1, -1, -1, -1, -1, -1, -1, -1, -1, -1, -1, -1, -1, -1, -1, -1, -1, -1, -1, -1, -1, -1, -1, -1, -1, -1, -1, -1, -1, -1, -1, -1, -1, -1, -1, -1, -1, -1, -1, -1, -1, -1, -1, -1, -1, -1, -1, -1, -1, -1, -1, -1, -1, -1, -1, -1, -1, -1, -1, -1, -1, -1, -1, -1, -1, -1, -1, -1, -1, -1, -1, -1, -1, -1, -1, -1, -1, -1, -1, -1, -1, -1, -1, -1, -1, -1, -1, -1, -1, -1, -1, -1, -1, -1, -1, -1, -1, -1, -1, -1, -1, -1, -1, -1, -1, -1, -1, -1, -1, -1, -1, -1, -1, -1, -1, -1, -1, -1, -1, -1, -1, -1, -1, -1, -1, -1, -1, -1, -1, -1, -1, -1, -1, -1, -1, -1, -1, -1, -1, -1, -1, -1, -1, -1, -1, -1, -1, -1, -1, -1, -1, -1, -1, -1, -1, -1, -1, -1, -1, -1, -1, -1, -1, -1, -1, -1, -1, -1, -1, -1, -1, -1, -1, -1, -1, -1, -1]"
150,24,5,0.5,None,1,237,"[{'cluster_no': -1, 'count': 237}]","[-1, -1, -1, -1, -1, -1, -1, -1, -1, -1, -1, -1, -1, -1, -1, -1, -1, -1, -1, -1, -1, -1, -1, -1, -1, -1, -1, -1, -1, -1, -1, -1, -1, -1, -1, -1, -1, -1, -1, -1, -1, -1, -1, -1, -1, -1, -1, -1, -1, -1, -1, -1, -1, -1, -1, -1, -1, -1, -1, -1, -1, -1, -1, -1, -1, -1, -1, -1, -1, -1, -1, -1, -1, -1, -1, -1, -1, -1, -1, -1, -1, -1, -1, -1, -1, -1, -1, -1, -1, -1, -1, -1, -1, -1, -1, -1, -1, -1, -1, -1, -1, -1, -1, -1, -1, -1, -1, -1, -1, -1, -1, -1, -1, -1, -1, -1, -1, -1, -1, -1, -1, -1, -1, -1, -1, -1, -1, -1, -1, -1, -1, -1, -1, -1, -1, -1, -1, -1, -1, -1, -1, -1, -1, -1, -1, -1, -1, -1, -1, -1, -1, -1, -1, -1, -1, -1, -1, -1, -1, -1, -1, -1, -1, -1, -1, -1, -1, -1, -1, -1, -1, -1, -1, -1, -1, -1, -1, -1, -1, -1, -1, -1, -1, -1, -1, -1, -1, -1, -1, -1, -1, -1, -1, -1, -1, -1, -1, -1, -1, -1, -1, -1, -1, -1, -1, -1, -1, -1, -1, -1, -1, -1, -1, -1, -1, -1, -1, -1, -1, -1, -1, -1, -1, -1, -1, -1, -1, -1, -1, -1, -1, -1, -1, -1, -1, -1, -1]"
150,24,5,1.0,None,1,237,"[{'cluster_no': -1, 'count': 237}]","[-1, -1, -1, -1, -1, -1, -1, -1, -1, -1, -1, -1, -1, -1, -1, -1, -1, -1, -1, -1, -1, -1, -1, -1, -1, -1, -1, -1, -1, -1, -1, -1, -1, -1, -1, -1, -1, -1, -1, -1, -1, -1, -1, -1, -1, -1, -1, -1, -1, -1, -1, -1, -1, -1, -1, -1, -1, -1, -1, -1, -1, -1, -1, -1, -1, -1, -1, -1, -1, -1, -1, -1, -1, -1, -1, -1, -1, -1, -1, -1, -1, -1, -1, -1, -1, -1, -1, -1, -1, -1, -1, -1, -1, -1, -1, -1, -1, -1, -1, -1, -1, -1, -1, -1, -1, -1, -1, -1, -1, -1, -1, -1, -1, -1, -1, -1, -1, -1, -1, -1, -1, -1, -1, -1, -1, -1, -1, -1, -1, -1, -1, -1, -1, -1, -1, -1, -1, -1, -1, -1, -1, -1, -1, -1, -1, -1, -1, -1, -1, -1, -1, -1, -1, -1, -1, -1, -1, -1, -1, -1, -1, -1, -1, -1, -1, -1, -1, -1, -1, -1, -1, -1, -1, -1, -1, -1, -1, -1, -1, -1, -1, -1, -1, -1, -1, -1, -1, -1, -1, -1, -1, -1, -1, -1, -1, -1, -1, -1, -1, -1, -1, -1, -1, -1, -1, -1, -1, -1, -1, -1, -1, -1, -1, -1, -1, -1, -1, -1, -1, -1, -1, -1, -1, -1, -1, -1, -1, -1, -1, -1, -1, -1, -1, -1, -1, -1, -1]"
150,24,6,0.0,None,1,237,"[{'cluster_no': -1, 'count': 237}]","[-1, -1, -1, -1, -1, -1, -1, -1, -1, -1, -1, -1, -1, -1, -1, -1, -1, -1, -1, -1, -1, -1, -1, -1, -1, -1, -1, -1, -1, -1, -1, -1, -1, -1, -1, -1, -1, -1, -1, -1, -1, -1, -1, -1, -1, -1, -1, -1, -1, -1, -1, -1, -1, -1, -1, -1, -1, -1, -1, -1, -1, -1, -1, -1, -1, -1, -1, -1, -1, -1, -1, -1, -1, -1, -1, -1, -1, -1, -1, -1, -1, -1, -1, -1, -1, -1, -1, -1, -1, -1, -1, -1, -1, -1, -1, -1, -1, -1, -1, -1, -1, -1, -1, -1, -1, -1, -1, -1, -1, -1, -1, -1, -1, -1, -1, -1, -1, -1, -1, -1, -1, -1, -1, -1, -1, -1, -1, -1, -1, -1, -1, -1, -1, -1, -1, -1, -1, -1, -1, -1, -1, -1, -1, -1, -1, -1, -1, -1, -1, -1, -1, -1, -1, -1, -1, -1, -1, -1, -1, -1, -1, -1, -1, -1, -1, -1, -1, -1, -1, -1, -1, -1, -1, -1, -1, -1, -1, -1, -1, -1, -1, -1, -1, -1, -1, -1, -1, -1, -1, -1, -1, -1, -1, -1, -1, -1, -1, -1, -1, -1, -1, -1, -1, -1, -1, -1, -1, -1, -1, -1, -1, -1, -1, -1, -1, -1, -1, -1, -1, -1, -1, -1, -1, -1, -1, -1, -1, -1, -1, -1, -1, -1, -1, -1, -1, -1, -1]"
150,24,6,0.5,None,1,237,"[{'cluster_no': -1, 'count': 237}]","[-1, -1, -1, -1, -1, -1, -1, -1, -1, -1, -1, -1, -1, -1, -1, -1, -1, -1, -1, -1, -1, -1, -1, -1, -1, -1, -1, -1, -1, -1, -1, -1, -1, -1, -1, -1, -1, -1, -1, -1, -1, -1, -1, -1, -1, -1, -1, -1, -1, -1, -1, -1, -1, -1, -1, -1, -1, -1, -1, -1, -1, -1, -1, -1, -1, -1, -1, -1, -1, -1, -1, -1, -1, -1, -1, -1, -1, -1, -1, -1, -1, -1, -1, -1, -1, -1, -1, -1, -1, -1, -1, -1, -1, -1, -1, -1, -1, -1, -1, -1, -1, -1, -1, -1, -1, -1, -1, -1, -1, -1, -1, -1, -1, -1, -1, -1, -1, -1, -1, -1, -1, -1, -1, -1, -1, -1, -1, -1, -1, -1, -1, -1, -1, -1, -1, -1, -1, -1, -1, -1, -1, -1, -1, -1, -1, -1, -1, -1, -1, -1, -1, -1, -1, -1, -1, -1, -1, -1, -1, -1, -1, -1, -1, -1, -1, -1, -1, -1, -1, -1, -1, -1, -1, -1, -1, -1, -1, -1, -1, -1, -1, -1, -1, -1, -1, -1, -1, -1, -1, -1, -1, -1, -1, -1, -1, -1, -1, -1, -1, -1, -1, -1, -1, -1, -1, -1, -1, -1, -1, -1, -1, -1, -1, -1, -1, -1, -1, -1, -1, -1, -1, -1, -1, -1, -1, -1, -1, -1, -1, -1, -1, -1, -1, -1, -1, -1, -1]"
150,24,6,1.0,None,1,237,"[{'cluster_no': -1, 'count': 237}]","[-1, -1, -1, -1, -1, -1, -1, -1, -1, -1, -1, -1, -1, -1, -1, -1, -1, -1, -1, -1, -1, -1, -1, -1, -1, -1, -1, -1, -1, -1, -1, -1, -1, -1, -1, -1, -1, -1, -1, -1, -1, -1, -1, -1, -1, -1, -1, -1, -1, -1, -1, -1, -1, -1, -1, -1, -1, -1, -1, -1, -1, -1, -1, -1, -1, -1, -1, -1, -1, -1, -1, -1, -1, -1, -1, -1, -1, -1, -1, -1, -1, -1, -1, -1, -1, -1, -1, -1, -1, -1, -1, -1, -1, -1, -1, -1, -1, -1, -1, -1, -1, -1, -1, -1, -1, -1, -1, -1, -1, -1, -1, -1, -1, -1, -1, -1, -1, -1, -1, -1, -1, -1, -1, -1, -1, -1, -1, -1, -1, -1, -1, -1, -1, -1, -1, -1, -1, -1, -1, -1, -1, -1, -1, -1, -1, -1, -1, -1, -1, -1, -1, -1, -1, -1, -1, -1, -1, -1, -1, -1, -1, -1, -1, -1, -1, -1, -1, -1, -1, -1, -1, -1, -1, -1, -1, -1, -1, -1, -1, -1, -1, -1, -1, -1, -1, -1, -1, -1, -1, -1, -1, -1, -1, -1, -1, -1, -1, -1, -1, -1, -1, -1, -1, -1, -1, -1, -1, -1, -1, -1, -1, -1, -1, -1, -1, -1, -1, -1, -1, -1, -1, -1, -1, -1, -1, -1, -1, -1, -1, -1, -1, -1, -1, -1, -1, -1, -1]"
150,24,7,0.0,None,1,237,"[{'cluster_no': -1, 'count': 237}]","[-1, -1, -1, -1, -1, -1, -1, -1, -1, -1, -1, -1, -1, -1, -1, -1, -1, -1, -1, -1, -1, -1, -1, -1, -1, -1, -1, -1, -1, -1, -1, -1, -1, -1, -1, -1, -1, -1, -1, -1, -1, -1, -1, -1, -1, -1, -1, -1, -1, -1, -1, -1, -1, -1, -1, -1, -1, -1, -1, -1, -1, -1, -1, -1, -1, -1, -1, -1, -1, -1, -1, -1, -1, -1, -1, -1, -1, -1, -1, -1, -1, -1, -1, -1, -1, -1, -1, -1, -1, -1, -1, -1, -1, -1, -1, -1, -1, -1, -1, -1, -1, -1, -1, -1, -1, -1, -1, -1, -1, -1, -1, -1, -1, -1, -1, -1, -1, -1, -1, -1, -1, -1, -1, -1, -1, -1, -1, -1, -1, -1, -1, -1, -1, -1, -1, -1, -1, -1, -1, -1, -1, -1, -1, -1, -1, -1, -1, -1, -1, -1, -1, -1, -1, -1, -1, -1, -1, -1, -1, -1, -1, -1, -1, -1, -1, -1, -1, -1, -1, -1, -1, -1, -1, -1, -1, -1, -1, -1, -1, -1, -1, -1, -1, -1, -1, -1, -1, -1, -1, -1, -1, -1, -1, -1, -1, -1, -1, -1, -1, -1, -1, -1, -1, -1, -1, -1, -1, -1, -1, -1, -1, -1, -1, -1, -1, -1, -1, -1, -1, -1, -1, -1, -1, -1, -1, -1, -1, -1, -1, -1, -1, -1, -1, -1, -1, -1, -1]"
150,24,7,0.5,None,1,237,"[{'cluster_no': -1, 'count': 237}]","[-1, -1, -1, -1, -1, -1, -1, -1, -1, -1, -1, -1, -1, -1, -1, -1, -1, -1, -1, -1, -1, -1, -1, -1, -1, -1, -1, -1, -1, -1, -1, -1, -1, -1, -1, -1, -1, -1, -1, -1, -1, -1, -1, -1, -1, -1, -1, -1, -1, -1, -1, -1, -1, -1, -1, -1, -1, -1, -1, -1, -1, -1, -1, -1, -1, -1, -1, -1, -1, -1, -1, -1, -1, -1, -1, -1, -1, -1, -1, -1, -1, -1, -1, -1, -1, -1, -1, -1, -1, -1, -1, -1, -1, -1, -1, -1, -1, -1, -1, -1, -1, -1, -1, -1, -1, -1, -1, -1, -1, -1, -1, -1, -1, -1, -1, -1, -1, -1, -1, -1, -1, -1, -1, -1, -1, -1, -1, -1, -1, -1, -1, -1, -1, -1, -1, -1, -1, -1, -1, -1, -1, -1, -1, -1, -1, -1, -1, -1, -1, -1, -1, -1, -1, -1, -1, -1, -1, -1, -1, -1, -1, -1, -1, -1, -1, -1, -1, -1, -1, -1, -1, -1, -1, -1, -1, -1, -1, -1, -1, -1, -1, -1, -1, -1, -1, -1, -1, -1, -1, -1, -1, -1, -1, -1, -1, -1, -1, -1, -1, -1, -1, -1, -1, -1, -1, -1, -1, -1, -1, -1, -1, -1, -1, -1, -1, -1, -1, -1, -1, -1, -1, -1, -1, -1, -1, -1, -1, -1, -1, -1, -1, -1, -1, -1, -1, -1, -1]"
150,24,7,1.0,None,1,237,"[{'cluster_no': -1, 'count': 237}]","[-1, -1, -1, -1, -1, -1, -1, -1, -1, -1, -1, -1, -1, -1, -1, -1, -1, -1, -1, -1, -1, -1, -1, -1, -1, -1, -1, -1, -1, -1, -1, -1, -1, -1, -1, -1, -1, -1, -1, -1, -1, -1, -1, -1, -1, -1, -1, -1, -1, -1, -1, -1, -1, -1, -1, -1, -1, -1, -1, -1, -1, -1, -1, -1, -1, -1, -1, -1, -1, -1, -1, -1, -1, -1, -1, -1, -1, -1, -1, -1, -1, -1, -1, -1, -1, -1, -1, -1, -1, -1, -1, -1, -1, -1, -1, -1, -1, -1, -1, -1, -1, -1, -1, -1, -1, -1, -1, -1, -1, -1, -1, -1, -1, -1, -1, -1, -1, -1, -1, -1, -1, -1, -1, -1, -1, -1, -1, -1, -1, -1, -1, -1, -1, -1, -1, -1, -1, -1, -1, -1, -1, -1, -1, -1, -1, -1, -1, -1, -1, -1, -1, -1, -1, -1, -1, -1, -1, -1, -1, -1, -1, -1, -1, -1, -1, -1, -1, -1, -1, -1, -1, -1, -1, -1, -1, -1, -1, -1, -1, -1, -1, -1, -1, -1, -1, -1, -1, -1, -1, -1, -1, -1, -1, -1, -1, -1, -1, -1, -1, -1, -1, -1, -1, -1, -1, -1, -1, -1, -1, -1, -1, -1, -1, -1, -1, -1, -1, -1, -1, -1, -1, -1, -1, -1, -1, -1, -1, -1, -1, -1, -1, -1, -1, -1, -1, -1, -1]"
150,24,8,0.0,None,1,237,"[{'cluster_no': -1, 'count': 237}]","[-1, -1, -1, -1, -1, -1, -1, -1, -1, -1, -1, -1, -1, -1, -1, -1, -1, -1, -1, -1, -1, -1, -1, -1, -1, -1, -1, -1, -1, -1, -1, -1, -1, -1, -1, -1, -1, -1, -1, -1, -1, -1, -1, -1, -1, -1, -1, -1, -1, -1, -1, -1, -1, -1, -1, -1, -1, -1, -1, -1, -1, -1, -1, -1, -1, -1, -1, -1, -1, -1, -1, -1, -1, -1, -1, -1, -1, -1, -1, -1, -1, -1, -1, -1, -1, -1, -1, -1, -1, -1, -1, -1, -1, -1, -1, -1, -1, -1, -1, -1, -1, -1, -1, -1, -1, -1, -1, -1, -1, -1, -1, -1, -1, -1, -1, -1, -1, -1, -1, -1, -1, -1, -1, -1, -1, -1, -1, -1, -1, -1, -1, -1, -1, -1, -1, -1, -1, -1, -1, -1, -1, -1, -1, -1, -1, -1, -1, -1, -1, -1, -1, -1, -1, -1, -1, -1, -1, -1, -1, -1, -1, -1, -1, -1, -1, -1, -1, -1, -1, -1, -1, -1, -1, -1, -1, -1, -1, -1, -1, -1, -1, -1, -1, -1, -1, -1, -1, -1, -1, -1, -1, -1, -1, -1, -1, -1, -1, -1, -1, -1, -1, -1, -1, -1, -1, -1, -1, -1, -1, -1, -1, -1, -1, -1, -1, -1, -1, -1, -1, -1, -1, -1, -1, -1, -1, -1, -1, -1, -1, -1, -1, -1, -1, -1, -1, -1, -1]"
150,24,8,0.5,None,1,237,"[{'cluster_no': -1, 'count': 237}]","[-1, -1, -1, -1, -1, -1, -1, -1, -1, -1, -1, -1, -1, -1, -1, -1, -1, -1, -1, -1, -1, -1, -1, -1, -1, -1, -1, -1, -1, -1, -1, -1, -1, -1, -1, -1, -1, -1, -1, -1, -1, -1, -1, -1, -1, -1, -1, -1, -1, -1, -1, -1, -1, -1, -1, -1, -1, -1, -1, -1, -1, -1, -1, -1, -1, -1, -1, -1, -1, -1, -1, -1, -1, -1, -1, -1, -1, -1, -1, -1, -1, -1, -1, -1, -1, -1, -1, -1, -1, -1, -1, -1, -1, -1, -1, -1, -1, -1, -1, -1, -1, -1, -1, -1, -1, -1, -1, -1, -1, -1, -1, -1, -1, -1, -1, -1, -1, -1, -1, -1, -1, -1, -1, -1, -1, -1, -1, -1, -1, -1, -1, -1, -1, -1, -1, -1, -1, -1, -1, -1, -1, -1, -1, -1, -1, -1, -1, -1, -1, -1, -1, -1, -1, -1, -1, -1, -1, -1, -1, -1, -1, -1, -1, -1, -1, -1, -1, -1, -1, -1, -1, -1, -1, -1, -1, -1, -1, -1, -1, -1, -1, -1, -1, -1, -1, -1, -1, -1, -1, -1, -1, -1, -1, -1, -1, -1, -1, -1, -1, -1, -1, -1, -1, -1, -1, -1, -1, -1, -1, -1, -1, -1, -1, -1, -1, -1, -1, -1, -1, -1, -1, -1, -1, -1, -1, -1, -1, -1, -1, -1, -1, -1, -1, -1, -1, -1, -1]"
150,24,8,1.0,None,1,237,"[{'cluster_no': -1, 'count': 237}]","[-1, -1, -1, -1, -1, -1, -1, -1, -1, -1, -1, -1, -1, -1, -1, -1, -1, -1, -1, -1, -1, -1, -1, -1, -1, -1, -1, -1, -1, -1, -1, -1, -1, -1, -1, -1, -1, -1, -1, -1, -1, -1, -1, -1, -1, -1, -1, -1, -1, -1, -1, -1, -1, -1, -1, -1, -1, -1, -1, -1, -1, -1, -1, -1, -1, -1, -1, -1, -1, -1, -1, -1, -1, -1, -1, -1, -1, -1, -1, -1, -1, -1, -1, -1, -1, -1, -1, -1, -1, -1, -1, -1, -1, -1, -1, -1, -1, -1, -1, -1, -1, -1, -1, -1, -1, -1, -1, -1, -1, -1, -1, -1, -1, -1, -1, -1, -1, -1, -1, -1, -1, -1, -1, -1, -1, -1, -1, -1, -1, -1, -1, -1, -1, -1, -1, -1, -1, -1, -1, -1, -1, -1, -1, -1, -1, -1, -1, -1, -1, -1, -1, -1, -1, -1, -1, -1, -1, -1, -1, -1, -1, -1, -1, -1, -1, -1, -1, -1, -1, -1, -1, -1, -1, -1, -1, -1, -1, -1, -1, -1, -1, -1, -1, -1, -1, -1, -1, -1, -1, -1, -1, -1, -1, -1, -1, -1, -1, -1, -1, -1, -1, -1, -1, -1, -1, -1, -1, -1, -1, -1, -1, -1, -1, -1, -1, -1, -1, -1, -1, -1, -1, -1, -1, -1, -1, -1, -1, -1, -1, -1, -1, -1, -1, -1, -1, -1, -1]"
150,24,9,0.0,None,1,237,"[{'cluster_no': -1, 'count': 237}]","[-1, -1, -1, -1, -1, -1, -1, -1, -1, -1, -1, -1, -1, -1, -1, -1, -1, -1, -1, -1, -1, -1, -1, -1, -1, -1, -1, -1, -1, -1, -1, -1, -1, -1, -1, -1, -1, -1, -1, -1, -1, -1, -1, -1, -1, -1, -1, -1, -1, -1, -1, -1, -1, -1, -1, -1, -1, -1, -1, -1, -1, -1, -1, -1, -1, -1, -1, -1, -1, -1, -1, -1, -1, -1, -1, -1, -1, -1, -1, -1, -1, -1, -1, -1, -1, -1, -1, -1, -1, -1, -1, -1, -1, -1, -1, -1, -1, -1, -1, -1, -1, -1, -1, -1, -1, -1, -1, -1, -1, -1, -1, -1, -1, -1, -1, -1, -1, -1, -1, -1, -1, -1, -1, -1, -1, -1, -1, -1, -1, -1, -1, -1, -1, -1, -1, -1, -1, -1, -1, -1, -1, -1, -1, -1, -1, -1, -1, -1, -1, -1, -1, -1, -1, -1, -1, -1, -1, -1, -1, -1, -1, -1, -1, -1, -1, -1, -1, -1, -1, -1, -1, -1, -1, -1, -1, -1, -1, -1, -1, -1, -1, -1, -1, -1, -1, -1, -1, -1, -1, -1, -1, -1, -1, -1, -1, -1, -1, -1, -1, -1, -1, -1, -1, -1, -1, -1, -1, -1, -1, -1, -1, -1, -1, -1, -1, -1, -1, -1, -1, -1, -1, -1, -1, -1, -1, -1, -1, -1, -1, -1, -1, -1, -1, -1, -1, -1, -1]"
150,24,9,0.5,None,1,237,"[{'cluster_no': -1, 'count': 237}]","[-1, -1, -1, -1, -1, -1, -1, -1, -1, -1, -1, -1, -1, -1, -1, -1, -1, -1, -1, -1, -1, -1, -1, -1, -1, -1, -1, -1, -1, -1, -1, -1, -1, -1, -1, -1, -1, -1, -1, -1, -1, -1, -1, -1, -1, -1, -1, -1, -1, -1, -1, -1, -1, -1, -1, -1, -1, -1, -1, -1, -1, -1, -1, -1, -1, -1, -1, -1, -1, -1, -1, -1, -1, -1, -1, -1, -1, -1, -1, -1, -1, -1, -1, -1, -1, -1, -1, -1, -1, -1, -1, -1, -1, -1, -1, -1, -1, -1, -1, -1, -1, -1, -1, -1, -1, -1, -1, -1, -1, -1, -1, -1, -1, -1, -1, -1, -1, -1, -1, -1, -1, -1, -1, -1, -1, -1, -1, -1, -1, -1, -1, -1, -1, -1, -1, -1, -1, -1, -1, -1, -1, -1, -1, -1, -1, -1, -1, -1, -1, -1, -1, -1, -1, -1, -1, -1, -1, -1, -1, -1, -1, -1, -1, -1, -1, -1, -1, -1, -1, -1, -1, -1, -1, -1, -1, -1, -1, -1, -1, -1, -1, -1, -1, -1, -1, -1, -1, -1, -1, -1, -1, -1, -1, -1, -1, -1, -1, -1, -1, -1, -1, -1, -1, -1, -1, -1, -1, -1, -1, -1, -1, -1, -1, -1, -1, -1, -1, -1, -1, -1, -1, -1, -1, -1, -1, -1, -1, -1, -1, -1, -1, -1, -1, -1, -1, -1, -1]"
150,24,9,1.0,None,1,237,"[{'cluster_no': -1, 'count': 237}]","[-1, -1, -1, -1, -1, -1, -1, -1, -1, -1, -1, -1, -1, -1, -1, -1, -1, -1, -1, -1, -1, -1, -1, -1, -1, -1, -1, -1, -1, -1, -1, -1, -1, -1, -1, -1, -1, -1, -1, -1, -1, -1, -1, -1, -1, -1, -1, -1, -1, -1, -1, -1, -1, -1, -1, -1, -1, -1, -1, -1, -1, -1, -1, -1, -1, -1, -1, -1, -1, -1, -1, -1, -1, -1, -1, -1, -1, -1, -1, -1, -1, -1, -1, -1, -1, -1, -1, -1, -1, -1, -1, -1, -1, -1, -1, -1, -1, -1, -1, -1, -1, -1, -1, -1, -1, -1, -1, -1, -1, -1, -1, -1, -1, -1, -1, -1, -1, -1, -1, -1, -1, -1, -1, -1, -1, -1, -1, -1, -1, -1, -1, -1, -1, -1, -1, -1, -1, -1, -1, -1, -1, -1, -1, -1, -1, -1, -1, -1, -1, -1, -1, -1, -1, -1, -1, -1, -1, -1, -1, -1, -1, -1, -1, -1, -1, -1, -1, -1, -1, -1, -1, -1, -1, -1, -1, -1, -1, -1, -1, -1, -1, -1, -1, -1, -1, -1, -1, -1, -1, -1, -1, -1, -1, -1, -1, -1, -1, -1, -1, -1, -1, -1, -1, -1, -1, -1, -1, -1, -1, -1, -1, -1, -1, -1, -1, -1, -1, -1, -1, -1, -1, -1, -1, -1, -1, -1, -1, -1, -1, -1, -1, -1, -1, -1, -1, -1, -1]"
150,24,10,0.0,None,1,237,"[{'cluster_no': -1, 'count': 237}]","[-1, -1, -1, -1, -1, -1, -1, -1, -1, -1, -1, -1, -1, -1, -1, -1, -1, -1, -1, -1, -1, -1, -1, -1, -1, -1, -1, -1, -1, -1, -1, -1, -1, -1, -1, -1, -1, -1, -1, -1, -1, -1, -1, -1, -1, -1, -1, -1, -1, -1, -1, -1, -1, -1, -1, -1, -1, -1, -1, -1, -1, -1, -1, -1, -1, -1, -1, -1, -1, -1, -1, -1, -1, -1, -1, -1, -1, -1, -1, -1, -1, -1, -1, -1, -1, -1, -1, -1, -1, -1, -1, -1, -1, -1, -1, -1, -1, -1, -1, -1, -1, -1, -1, -1, -1, -1, -1, -1, -1, -1, -1, -1, -1, -1, -1, -1, -1, -1, -1, -1, -1, -1, -1, -1, -1, -1, -1, -1, -1, -1, -1, -1, -1, -1, -1, -1, -1, -1, -1, -1, -1, -1, -1, -1, -1, -1, -1, -1, -1, -1, -1, -1, -1, -1, -1, -1, -1, -1, -1, -1, -1, -1, -1, -1, -1, -1, -1, -1, -1, -1, -1, -1, -1, -1, -1, -1, -1, -1, -1, -1, -1, -1, -1, -1, -1, -1, -1, -1, -1, -1, -1, -1, -1, -1, -1, -1, -1, -1, -1, -1, -1, -1, -1, -1, -1, -1, -1, -1, -1, -1, -1, -1, -1, -1, -1, -1, -1, -1, -1, -1, -1, -1, -1, -1, -1, -1, -1, -1, -1, -1, -1, -1, -1, -1, -1, -1, -1]"
150,24,10,0.5,None,1,237,"[{'cluster_no': -1, 'count': 237}]","[-1, -1, -1, -1, -1, -1, -1, -1, -1, -1, -1, -1, -1, -1, -1, -1, -1, -1, -1, -1, -1, -1, -1, -1, -1, -1, -1, -1, -1, -1, -1, -1, -1, -1, -1, -1, -1, -1, -1, -1, -1, -1, -1, -1, -1, -1, -1, -1, -1, -1, -1, -1, -1, -1, -1, -1, -1, -1, -1, -1, -1, -1, -1, -1, -1, -1, -1, -1, -1, -1, -1, -1, -1, -1, -1, -1, -1, -1, -1, -1, -1, -1, -1, -1, -1, -1, -1, -1, -1, -1, -1, -1, -1, -1, -1, -1, -1, -1, -1, -1, -1, -1, -1, -1, -1, -1, -1, -1, -1, -1, -1, -1, -1, -1, -1, -1, -1, -1, -1, -1, -1, -1, -1, -1, -1, -1, -1, -1, -1, -1, -1, -1, -1, -1, -1, -1, -1, -1, -1, -1, -1, -1, -1, -1, -1, -1, -1, -1, -1, -1, -1, -1, -1, -1, -1, -1, -1, -1, -1, -1, -1, -1, -1, -1, -1, -1, -1, -1, -1, -1, -1, -1, -1, -1, -1, -1, -1, -1, -1, -1, -1, -1, -1, -1, -1, -1, -1, -1, -1, -1, -1, -1, -1, -1, -1, -1, -1, -1, -1, -1, -1, -1, -1, -1, -1, -1, -1, -1, -1, -1, -1, -1, -1, -1, -1, -1, -1, -1, -1, -1, -1, -1, -1, -1, -1, -1, -1, -1, -1, -1, -1, -1, -1, -1, -1, -1, -1]"
150,24,10,1.0,None,1,237,"[{'cluster_no': -1, 'count': 237}]","[-1, -1, -1, -1, -1, -1, -1, -1, -1, -1, -1, -1, -1, -1, -1, -1, -1, -1, -1, -1, -1, -1, -1, -1, -1, -1, -1, -1, -1, -1, -1, -1, -1, -1, -1, -1, -1, -1, -1, -1, -1, -1, -1, -1, -1, -1, -1, -1, -1, -1, -1, -1, -1, -1, -1, -1, -1, -1, -1, -1, -1, -1, -1, -1, -1, -1, -1, -1, -1, -1, -1, -1, -1, -1, -1, -1, -1, -1, -1, -1, -1, -1, -1, -1, -1, -1, -1, -1, -1, -1, -1, -1, -1, -1, -1, -1, -1, -1, -1, -1, -1, -1, -1, -1, -1, -1, -1, -1, -1, -1, -1, -1, -1, -1, -1, -1, -1, -1, -1, -1, -1, -1, -1, -1, -1, -1, -1, -1, -1, -1, -1, -1, -1, -1, -1, -1, -1, -1, -1, -1, -1, -1, -1, -1, -1, -1, -1, -1, -1, -1, -1, -1, -1, -1, -1, -1, -1, -1, -1, -1, -1, -1, -1, -1, -1, -1, -1, -1, -1, -1, -1, -1, -1, -1, -1, -1, -1, -1, -1, -1, -1, -1, -1, -1, -1, -1, -1, -1, -1, -1, -1, -1, -1, -1, -1, -1, -1, -1, -1, -1, -1, -1, -1, -1, -1, -1, -1, -1, -1, -1, -1, -1, -1, -1, -1, -1, -1, -1, -1, -1, -1, -1, -1, -1, -1, -1, -1, -1, -1, -1, -1, -1, -1, -1, -1, -1, -1]"
150,24,11,0.0,None,1,237,"[{'cluster_no': -1, 'count': 237}]","[-1, -1, -1, -1, -1, -1, -1, -1, -1, -1, -1, -1, -1, -1, -1, -1, -1, -1, -1, -1, -1, -1, -1, -1, -1, -1, -1, -1, -1, -1, -1, -1, -1, -1, -1, -1, -1, -1, -1, -1, -1, -1, -1, -1, -1, -1, -1, -1, -1, -1, -1, -1, -1, -1, -1, -1, -1, -1, -1, -1, -1, -1, -1, -1, -1, -1, -1, -1, -1, -1, -1, -1, -1, -1, -1, -1, -1, -1, -1, -1, -1, -1, -1, -1, -1, -1, -1, -1, -1, -1, -1, -1, -1, -1, -1, -1, -1, -1, -1, -1, -1, -1, -1, -1, -1, -1, -1, -1, -1, -1, -1, -1, -1, -1, -1, -1, -1, -1, -1, -1, -1, -1, -1, -1, -1, -1, -1, -1, -1, -1, -1, -1, -1, -1, -1, -1, -1, -1, -1, -1, -1, -1, -1, -1, -1, -1, -1, -1, -1, -1, -1, -1, -1, -1, -1, -1, -1, -1, -1, -1, -1, -1, -1, -1, -1, -1, -1, -1, -1, -1, -1, -1, -1, -1, -1, -1, -1, -1, -1, -1, -1, -1, -1, -1, -1, -1, -1, -1, -1, -1, -1, -1, -1, -1, -1, -1, -1, -1, -1, -1, -1, -1, -1, -1, -1, -1, -1, -1, -1, -1, -1, -1, -1, -1, -1, -1, -1, -1, -1, -1, -1, -1, -1, -1, -1, -1, -1, -1, -1, -1, -1, -1, -1, -1, -1, -1, -1]"
150,24,11,0.5,None,1,237,"[{'cluster_no': -1, 'count': 237}]","[-1, -1, -1, -1, -1, -1, -1, -1, -1, -1, -1, -1, -1, -1, -1, -1, -1, -1, -1, -1, -1, -1, -1, -1, -1, -1, -1, -1, -1, -1, -1, -1, -1, -1, -1, -1, -1, -1, -1, -1, -1, -1, -1, -1, -1, -1, -1, -1, -1, -1, -1, -1, -1, -1, -1, -1, -1, -1, -1, -1, -1, -1, -1, -1, -1, -1, -1, -1, -1, -1, -1, -1, -1, -1, -1, -1, -1, -1, -1, -1, -1, -1, -1, -1, -1, -1, -1, -1, -1, -1, -1, -1, -1, -1, -1, -1, -1, -1, -1, -1, -1, -1, -1, -1, -1, -1, -1, -1, -1, -1, -1, -1, -1, -1, -1, -1, -1, -1, -1, -1, -1, -1, -1, -1, -1, -1, -1, -1, -1, -1, -1, -1, -1, -1, -1, -1, -1, -1, -1, -1, -1, -1, -1, -1, -1, -1, -1, -1, -1, -1, -1, -1, -1, -1, -1, -1, -1, -1, -1, -1, -1, -1, -1, -1, -1, -1, -1, -1, -1, -1, -1, -1, -1, -1, -1, -1, -1, -1, -1, -1, -1, -1, -1, -1, -1, -1, -1, -1, -1, -1, -1, -1, -1, -1, -1, -1, -1, -1, -1, -1, -1, -1, -1, -1, -1, -1, -1, -1, -1, -1, -1, -1, -1, -1, -1, -1, -1, -1, -1, -1, -1, -1, -1, -1, -1, -1, -1, -1, -1, -1, -1, -1, -1, -1, -1, -1, -1]"
150,24,11,1.0,None,1,237,"[{'cluster_no': -1, 'count': 237}]","[-1, -1, -1, -1, -1, -1, -1, -1, -1, -1, -1, -1, -1, -1, -1, -1, -1, -1, -1, -1, -1, -1, -1, -1, -1, -1, -1, -1, -1, -1, -1, -1, -1, -1, -1, -1, -1, -1, -1, -1, -1, -1, -1, -1, -1, -1, -1, -1, -1, -1, -1, -1, -1, -1, -1, -1, -1, -1, -1, -1, -1, -1, -1, -1, -1, -1, -1, -1, -1, -1, -1, -1, -1, -1, -1, -1, -1, -1, -1, -1, -1, -1, -1, -1, -1, -1, -1, -1, -1, -1, -1, -1, -1, -1, -1, -1, -1, -1, -1, -1, -1, -1, -1, -1, -1, -1, -1, -1, -1, -1, -1, -1, -1, -1, -1, -1, -1, -1, -1, -1, -1, -1, -1, -1, -1, -1, -1, -1, -1, -1, -1, -1, -1, -1, -1, -1, -1, -1, -1, -1, -1, -1, -1, -1, -1, -1, -1, -1, -1, -1, -1, -1, -1, -1, -1, -1, -1, -1, -1, -1, -1, -1, -1, -1, -1, -1, -1, -1, -1, -1, -1, -1, -1, -1, -1, -1, -1, -1, -1, -1, -1, -1, -1, -1, -1, -1, -1, -1, -1, -1, -1, -1, -1, -1, -1, -1, -1, -1, -1, -1, -1, -1, -1, -1, -1, -1, -1, -1, -1, -1, -1, -1, -1, -1, -1, -1, -1, -1, -1, -1, -1, -1, -1, -1, -1, -1, -1, -1, -1, -1, -1, -1, -1, -1, -1, -1, -1]"
150,24,12,0.0,None,1,237,"[{'cluster_no': -1, 'count': 237}]","[-1, -1, -1, -1, -1, -1, -1, -1, -1, -1, -1, -1, -1, -1, -1, -1, -1, -1, -1, -1, -1, -1, -1, -1, -1, -1, -1, -1, -1, -1, -1, -1, -1, -1, -1, -1, -1, -1, -1, -1, -1, -1, -1, -1, -1, -1, -1, -1, -1, -1, -1, -1, -1, -1, -1, -1, -1, -1, -1, -1, -1, -1, -1, -1, -1, -1, -1, -1, -1, -1, -1, -1, -1, -1, -1, -1, -1, -1, -1, -1, -1, -1, -1, -1, -1, -1, -1, -1, -1, -1, -1, -1, -1, -1, -1, -1, -1, -1, -1, -1, -1, -1, -1, -1, -1, -1, -1, -1, -1, -1, -1, -1, -1, -1, -1, -1, -1, -1, -1, -1, -1, -1, -1, -1, -1, -1, -1, -1, -1, -1, -1, -1, -1, -1, -1, -1, -1, -1, -1, -1, -1, -1, -1, -1, -1, -1, -1, -1, -1, -1, -1, -1, -1, -1, -1, -1, -1, -1, -1, -1, -1, -1, -1, -1, -1, -1, -1, -1, -1, -1, -1, -1, -1, -1, -1, -1, -1, -1, -1, -1, -1, -1, -1, -1, -1, -1, -1, -1, -1, -1, -1, -1, -1, -1, -1, -1, -1, -1, -1, -1, -1, -1, -1, -1, -1, -1, -1, -1, -1, -1, -1, -1, -1, -1, -1, -1, -1, -1, -1, -1, -1, -1, -1, -1, -1, -1, -1, -1, -1, -1, -1, -1, -1, -1, -1, -1, -1]"
150,24,12,0.5,None,1,237,"[{'cluster_no': -1, 'count': 237}]","[-1, -1, -1, -1, -1, -1, -1, -1, -1, -1, -1, -1, -1, -1, -1, -1, -1, -1, -1, -1, -1, -1, -1, -1, -1, -1, -1, -1, -1, -1, -1, -1, -1, -1, -1, -1, -1, -1, -1, -1, -1, -1, -1, -1, -1, -1, -1, -1, -1, -1, -1, -1, -1, -1, -1, -1, -1, -1, -1, -1, -1, -1, -1, -1, -1, -1, -1, -1, -1, -1, -1, -1, -1, -1, -1, -1, -1, -1, -1, -1, -1, -1, -1, -1, -1, -1, -1, -1, -1, -1, -1, -1, -1, -1, -1, -1, -1, -1, -1, -1, -1, -1, -1, -1, -1, -1, -1, -1, -1, -1, -1, -1, -1, -1, -1, -1, -1, -1, -1, -1, -1, -1, -1, -1, -1, -1, -1, -1, -1, -1, -1, -1, -1, -1, -1, -1, -1, -1, -1, -1, -1, -1, -1, -1, -1, -1, -1, -1, -1, -1, -1, -1, -1, -1, -1, -1, -1, -1, -1, -1, -1, -1, -1, -1, -1, -1, -1, -1, -1, -1, -1, -1, -1, -1, -1, -1, -1, -1, -1, -1, -1, -1, -1, -1, -1, -1, -1, -1, -1, -1, -1, -1, -1, -1, -1, -1, -1, -1, -1, -1, -1, -1, -1, -1, -1, -1, -1, -1, -1, -1, -1, -1, -1, -1, -1, -1, -1, -1, -1, -1, -1, -1, -1, -1, -1, -1, -1, -1, -1, -1, -1, -1, -1, -1, -1, -1, -1]"
150,24,12,1.0,None,1,237,"[{'cluster_no': -1, 'count': 237}]","[-1, -1, -1, -1, -1, -1, -1, -1, -1, -1, -1, -1, -1, -1, -1, -1, -1, -1, -1, -1, -1, -1, -1, -1, -1, -1, -1, -1, -1, -1, -1, -1, -1, -1, -1, -1, -1, -1, -1, -1, -1, -1, -1, -1, -1, -1, -1, -1, -1, -1, -1, -1, -1, -1, -1, -1, -1, -1, -1, -1, -1, -1, -1, -1, -1, -1, -1, -1, -1, -1, -1, -1, -1, -1, -1, -1, -1, -1, -1, -1, -1, -1, -1, -1, -1, -1, -1, -1, -1, -1, -1, -1, -1, -1, -1, -1, -1, -1, -1, -1, -1, -1, -1, -1, -1, -1, -1, -1, -1, -1, -1, -1, -1, -1, -1, -1, -1, -1, -1, -1, -1, -1, -1, -1, -1, -1, -1, -1, -1, -1, -1, -1, -1, -1, -1, -1, -1, -1, -1, -1, -1, -1, -1, -1, -1, -1, -1, -1, -1, -1, -1, -1, -1, -1, -1, -1, -1, -1, -1, -1, -1, -1, -1, -1, -1, -1, -1, -1, -1, -1, -1, -1, -1, -1, -1, -1, -1, -1, -1, -1, -1, -1, -1, -1, -1, -1, -1, -1, -1, -1, -1, -1, -1, -1, -1, -1, -1, -1, -1, -1, -1, -1, -1, -1, -1, -1, -1, -1, -1, -1, -1, -1, -1, -1, -1, -1, -1, -1, -1, -1, -1, -1, -1, -1, -1, -1, -1, -1, -1, -1, -1, -1, -1, -1, -1, -1, -1]"
150,24,13,0.0,None,1,237,"[{'cluster_no': -1, 'count': 237}]","[-1, -1, -1, -1, -1, -1, -1, -1, -1, -1, -1, -1, -1, -1, -1, -1, -1, -1, -1, -1, -1, -1, -1, -1, -1, -1, -1, -1, -1, -1, -1, -1, -1, -1, -1, -1, -1, -1, -1, -1, -1, -1, -1, -1, -1, -1, -1, -1, -1, -1, -1, -1, -1, -1, -1, -1, -1, -1, -1, -1, -1, -1, -1, -1, -1, -1, -1, -1, -1, -1, -1, -1, -1, -1, -1, -1, -1, -1, -1, -1, -1, -1, -1, -1, -1, -1, -1, -1, -1, -1, -1, -1, -1, -1, -1, -1, -1, -1, -1, -1, -1, -1, -1, -1, -1, -1, -1, -1, -1, -1, -1, -1, -1, -1, -1, -1, -1, -1, -1, -1, -1, -1, -1, -1, -1, -1, -1, -1, -1, -1, -1, -1, -1, -1, -1, -1, -1, -1, -1, -1, -1, -1, -1, -1, -1, -1, -1, -1, -1, -1, -1, -1, -1, -1, -1, -1, -1, -1, -1, -1, -1, -1, -1, -1, -1, -1, -1, -1, -1, -1, -1, -1, -1, -1, -1, -1, -1, -1, -1, -1, -1, -1, -1, -1, -1, -1, -1, -1, -1, -1, -1, -1, -1, -1, -1, -1, -1, -1, -1, -1, -1, -1, -1, -1, -1, -1, -1, -1, -1, -1, -1, -1, -1, -1, -1, -1, -1, -1, -1, -1, -1, -1, -1, -1, -1, -1, -1, -1, -1, -1, -1, -1, -1, -1, -1, -1, -1]"
150,24,13,0.5,None,1,237,"[{'cluster_no': -1, 'count': 237}]","[-1, -1, -1, -1, -1, -1, -1, -1, -1, -1, -1, -1, -1, -1, -1, -1, -1, -1, -1, -1, -1, -1, -1, -1, -1, -1, -1, -1, -1, -1, -1, -1, -1, -1, -1, -1, -1, -1, -1, -1, -1, -1, -1, -1, -1, -1, -1, -1, -1, -1, -1, -1, -1, -1, -1, -1, -1, -1, -1, -1, -1, -1, -1, -1, -1, -1, -1, -1, -1, -1, -1, -1, -1, -1, -1, -1, -1, -1, -1, -1, -1, -1, -1, -1, -1, -1, -1, -1, -1, -1, -1, -1, -1, -1, -1, -1, -1, -1, -1, -1, -1, -1, -1, -1, -1, -1, -1, -1, -1, -1, -1, -1, -1, -1, -1, -1, -1, -1, -1, -1, -1, -1, -1, -1, -1, -1, -1, -1, -1, -1, -1, -1, -1, -1, -1, -1, -1, -1, -1, -1, -1, -1, -1, -1, -1, -1, -1, -1, -1, -1, -1, -1, -1, -1, -1, -1, -1, -1, -1, -1, -1, -1, -1, -1, -1, -1, -1, -1, -1, -1, -1, -1, -1, -1, -1, -1, -1, -1, -1, -1, -1, -1, -1, -1, -1, -1, -1, -1, -1, -1, -1, -1, -1, -1, -1, -1, -1, -1, -1, -1, -1, -1, -1, -1, -1, -1, -1, -1, -1, -1, -1, -1, -1, -1, -1, -1, -1, -1, -1, -1, -1, -1, -1, -1, -1, -1, -1, -1, -1, -1, -1, -1, -1, -1, -1, -1, -1]"
150,24,13,1.0,None,1,237,"[{'cluster_no': -1, 'count': 237}]","[-1, -1, -1, -1, -1, -1, -1, -1, -1, -1, -1, -1, -1, -1, -1, -1, -1, -1, -1, -1, -1, -1, -1, -1, -1, -1, -1, -1, -1, -1, -1, -1, -1, -1, -1, -1, -1, -1, -1, -1, -1, -1, -1, -1, -1, -1, -1, -1, -1, -1, -1, -1, -1, -1, -1, -1, -1, -1, -1, -1, -1, -1, -1, -1, -1, -1, -1, -1, -1, -1, -1, -1, -1, -1, -1, -1, -1, -1, -1, -1, -1, -1, -1, -1, -1, -1, -1, -1, -1, -1, -1, -1, -1, -1, -1, -1, -1, -1, -1, -1, -1, -1, -1, -1, -1, -1, -1, -1, -1, -1, -1, -1, -1, -1, -1, -1, -1, -1, -1, -1, -1, -1, -1, -1, -1, -1, -1, -1, -1, -1, -1, -1, -1, -1, -1, -1, -1, -1, -1, -1, -1, -1, -1, -1, -1, -1, -1, -1, -1, -1, -1, -1, -1, -1, -1, -1, -1, -1, -1, -1, -1, -1, -1, -1, -1, -1, -1, -1, -1, -1, -1, -1, -1, -1, -1, -1, -1, -1, -1, -1, -1, -1, -1, -1, -1, -1, -1, -1, -1, -1, -1, -1, -1, -1, -1, -1, -1, -1, -1, -1, -1, -1, -1, -1, -1, -1, -1, -1, -1, -1, -1, -1, -1, -1, -1, -1, -1, -1, -1, -1, -1, -1, -1, -1, -1, -1, -1, -1, -1, -1, -1, -1, -1, -1, -1, -1, -1]"
150,24,14,0.0,None,1,237,"[{'cluster_no': -1, 'count': 237}]","[-1, -1, -1, -1, -1, -1, -1, -1, -1, -1, -1, -1, -1, -1, -1, -1, -1, -1, -1, -1, -1, -1, -1, -1, -1, -1, -1, -1, -1, -1, -1, -1, -1, -1, -1, -1, -1, -1, -1, -1, -1, -1, -1, -1, -1, -1, -1, -1, -1, -1, -1, -1, -1, -1, -1, -1, -1, -1, -1, -1, -1, -1, -1, -1, -1, -1, -1, -1, -1, -1, -1, -1, -1, -1, -1, -1, -1, -1, -1, -1, -1, -1, -1, -1, -1, -1, -1, -1, -1, -1, -1, -1, -1, -1, -1, -1, -1, -1, -1, -1, -1, -1, -1, -1, -1, -1, -1, -1, -1, -1, -1, -1, -1, -1, -1, -1, -1, -1, -1, -1, -1, -1, -1, -1, -1, -1, -1, -1, -1, -1, -1, -1, -1, -1, -1, -1, -1, -1, -1, -1, -1, -1, -1, -1, -1, -1, -1, -1, -1, -1, -1, -1, -1, -1, -1, -1, -1, -1, -1, -1, -1, -1, -1, -1, -1, -1, -1, -1, -1, -1, -1, -1, -1, -1, -1, -1, -1, -1, -1, -1, -1, -1, -1, -1, -1, -1, -1, -1, -1, -1, -1, -1, -1, -1, -1, -1, -1, -1, -1, -1, -1, -1, -1, -1, -1, -1, -1, -1, -1, -1, -1, -1, -1, -1, -1, -1, -1, -1, -1, -1, -1, -1, -1, -1, -1, -1, -1, -1, -1, -1, -1, -1, -1, -1, -1, -1, -1]"
150,24,14,0.5,None,1,237,"[{'cluster_no': -1, 'count': 237}]","[-1, -1, -1, -1, -1, -1, -1, -1, -1, -1, -1, -1, -1, -1, -1, -1, -1, -1, -1, -1, -1, -1, -1, -1, -1, -1, -1, -1, -1, -1, -1, -1, -1, -1, -1, -1, -1, -1, -1, -1, -1, -1, -1, -1, -1, -1, -1, -1, -1, -1, -1, -1, -1, -1, -1, -1, -1, -1, -1, -1, -1, -1, -1, -1, -1, -1, -1, -1, -1, -1, -1, -1, -1, -1, -1, -1, -1, -1, -1, -1, -1, -1, -1, -1, -1, -1, -1, -1, -1, -1, -1, -1, -1, -1, -1, -1, -1, -1, -1, -1, -1, -1, -1, -1, -1, -1, -1, -1, -1, -1, -1, -1, -1, -1, -1, -1, -1, -1, -1, -1, -1, -1, -1, -1, -1, -1, -1, -1, -1, -1, -1, -1, -1, -1, -1, -1, -1, -1, -1, -1, -1, -1, -1, -1, -1, -1, -1, -1, -1, -1, -1, -1, -1, -1, -1, -1, -1, -1, -1, -1, -1, -1, -1, -1, -1, -1, -1, -1, -1, -1, -1, -1, -1, -1, -1, -1, -1, -1, -1, -1, -1, -1, -1, -1, -1, -1, -1, -1, -1, -1, -1, -1, -1, -1, -1, -1, -1, -1, -1, -1, -1, -1, -1, -1, -1, -1, -1, -1, -1, -1, -1, -1, -1, -1, -1, -1, -1, -1, -1, -1, -1, -1, -1, -1, -1, -1, -1, -1, -1, -1, -1, -1, -1, -1, -1, -1, -1]"
150,24,14,1.0,None,1,237,"[{'cluster_no': -1, 'count': 237}]","[-1, -1, -1, -1, -1, -1, -1, -1, -1, -1, -1, -1, -1, -1, -1, -1, -1, -1, -1, -1, -1, -1, -1, -1, -1, -1, -1, -1, -1, -1, -1, -1, -1, -1, -1, -1, -1, -1, -1, -1, -1, -1, -1, -1, -1, -1, -1, -1, -1, -1, -1, -1, -1, -1, -1, -1, -1, -1, -1, -1, -1, -1, -1, -1, -1, -1, -1, -1, -1, -1, -1, -1, -1, -1, -1, -1, -1, -1, -1, -1, -1, -1, -1, -1, -1, -1, -1, -1, -1, -1, -1, -1, -1, -1, -1, -1, -1, -1, -1, -1, -1, -1, -1, -1, -1, -1, -1, -1, -1, -1, -1, -1, -1, -1, -1, -1, -1, -1, -1, -1, -1, -1, -1, -1, -1, -1, -1, -1, -1, -1, -1, -1, -1, -1, -1, -1, -1, -1, -1, -1, -1, -1, -1, -1, -1, -1, -1, -1, -1, -1, -1, -1, -1, -1, -1, -1, -1, -1, -1, -1, -1, -1, -1, -1, -1, -1, -1, -1, -1, -1, -1, -1, -1, -1, -1, -1, -1, -1, -1, -1, -1, -1, -1, -1, -1, -1, -1, -1, -1, -1, -1, -1, -1, -1, -1, -1, -1, -1, -1, -1, -1, -1, -1, -1, -1, -1, -1, -1, -1, -1, -1, -1, -1, -1, -1, -1, -1, -1, -1, -1, -1, -1, -1, -1, -1, -1, -1, -1, -1, -1, -1, -1, -1, -1, -1, -1, -1]"
150,24,15,0.0,None,1,237,"[{'cluster_no': -1, 'count': 237}]","[-1, -1, -1, -1, -1, -1, -1, -1, -1, -1, -1, -1, -1, -1, -1, -1, -1, -1, -1, -1, -1, -1, -1, -1, -1, -1, -1, -1, -1, -1, -1, -1, -1, -1, -1, -1, -1, -1, -1, -1, -1, -1, -1, -1, -1, -1, -1, -1, -1, -1, -1, -1, -1, -1, -1, -1, -1, -1, -1, -1, -1, -1, -1, -1, -1, -1, -1, -1, -1, -1, -1, -1, -1, -1, -1, -1, -1, -1, -1, -1, -1, -1, -1, -1, -1, -1, -1, -1, -1, -1, -1, -1, -1, -1, -1, -1, -1, -1, -1, -1, -1, -1, -1, -1, -1, -1, -1, -1, -1, -1, -1, -1, -1, -1, -1, -1, -1, -1, -1, -1, -1, -1, -1, -1, -1, -1, -1, -1, -1, -1, -1, -1, -1, -1, -1, -1, -1, -1, -1, -1, -1, -1, -1, -1, -1, -1, -1, -1, -1, -1, -1, -1, -1, -1, -1, -1, -1, -1, -1, -1, -1, -1, -1, -1, -1, -1, -1, -1, -1, -1, -1, -1, -1, -1, -1, -1, -1, -1, -1, -1, -1, -1, -1, -1, -1, -1, -1, -1, -1, -1, -1, -1, -1, -1, -1, -1, -1, -1, -1, -1, -1, -1, -1, -1, -1, -1, -1, -1, -1, -1, -1, -1, -1, -1, -1, -1, -1, -1, -1, -1, -1, -1, -1, -1, -1, -1, -1, -1, -1, -1, -1, -1, -1, -1, -1, -1, -1]"
150,24,15,0.5,None,1,237,"[{'cluster_no': -1, 'count': 237}]","[-1, -1, -1, -1, -1, -1, -1, -1, -1, -1, -1, -1, -1, -1, -1, -1, -1, -1, -1, -1, -1, -1, -1, -1, -1, -1, -1, -1, -1, -1, -1, -1, -1, -1, -1, -1, -1, -1, -1, -1, -1, -1, -1, -1, -1, -1, -1, -1, -1, -1, -1, -1, -1, -1, -1, -1, -1, -1, -1, -1, -1, -1, -1, -1, -1, -1, -1, -1, -1, -1, -1, -1, -1, -1, -1, -1, -1, -1, -1, -1, -1, -1, -1, -1, -1, -1, -1, -1, -1, -1, -1, -1, -1, -1, -1, -1, -1, -1, -1, -1, -1, -1, -1, -1, -1, -1, -1, -1, -1, -1, -1, -1, -1, -1, -1, -1, -1, -1, -1, -1, -1, -1, -1, -1, -1, -1, -1, -1, -1, -1, -1, -1, -1, -1, -1, -1, -1, -1, -1, -1, -1, -1, -1, -1, -1, -1, -1, -1, -1, -1, -1, -1, -1, -1, -1, -1, -1, -1, -1, -1, -1, -1, -1, -1, -1, -1, -1, -1, -1, -1, -1, -1, -1, -1, -1, -1, -1, -1, -1, -1, -1, -1, -1, -1, -1, -1, -1, -1, -1, -1, -1, -1, -1, -1, -1, -1, -1, -1, -1, -1, -1, -1, -1, -1, -1, -1, -1, -1, -1, -1, -1, -1, -1, -1, -1, -1, -1, -1, -1, -1, -1, -1, -1, -1, -1, -1, -1, -1, -1, -1, -1, -1, -1, -1, -1, -1, -1]"
150,24,15,1.0,None,1,237,"[{'cluster_no': -1, 'count': 237}]","[-1, -1, -1, -1, -1, -1, -1, -1, -1, -1, -1, -1, -1, -1, -1, -1, -1, -1, -1, -1, -1, -1, -1, -1, -1, -1, -1, -1, -1, -1, -1, -1, -1, -1, -1, -1, -1, -1, -1, -1, -1, -1, -1, -1, -1, -1, -1, -1, -1, -1, -1, -1, -1, -1, -1, -1, -1, -1, -1, -1, -1, -1, -1, -1, -1, -1, -1, -1, -1, -1, -1, -1, -1, -1, -1, -1, -1, -1, -1, -1, -1, -1, -1, -1, -1, -1, -1, -1, -1, -1, -1, -1, -1, -1, -1, -1, -1, -1, -1, -1, -1, -1, -1, -1, -1, -1, -1, -1, -1, -1, -1, -1, -1, -1, -1, -1, -1, -1, -1, -1, -1, -1, -1, -1, -1, -1, -1, -1, -1, -1, -1, -1, -1, -1, -1, -1, -1, -1, -1, -1, -1, -1, -1, -1, -1, -1, -1, -1, -1, -1, -1, -1, -1, -1, -1, -1, -1, -1, -1, -1, -1, -1, -1, -1, -1, -1, -1, -1, -1, -1, -1, -1, -1, -1, -1, -1, -1, -1, -1, -1, -1, -1, -1, -1, -1, -1, -1, -1, -1, -1, -1, -1, -1, -1, -1, -1, -1, -1, -1, -1, -1, -1, -1, -1, -1, -1, -1, -1, -1, -1, -1, -1, -1, -1, -1, -1, -1, -1, -1, -1, -1, -1, -1, -1, -1, -1, -1, -1, -1, -1, -1, -1, -1, -1, -1, -1, -1]"
150,24,16,0.0,None,1,237,"[{'cluster_no': -1, 'count': 237}]","[-1, -1, -1, -1, -1, -1, -1, -1, -1, -1, -1, -1, -1, -1, -1, -1, -1, -1, -1, -1, -1, -1, -1, -1, -1, -1, -1, -1, -1, -1, -1, -1, -1, -1, -1, -1, -1, -1, -1, -1, -1, -1, -1, -1, -1, -1, -1, -1, -1, -1, -1, -1, -1, -1, -1, -1, -1, -1, -1, -1, -1, -1, -1, -1, -1, -1, -1, -1, -1, -1, -1, -1, -1, -1, -1, -1, -1, -1, -1, -1, -1, -1, -1, -1, -1, -1, -1, -1, -1, -1, -1, -1, -1, -1, -1, -1, -1, -1, -1, -1, -1, -1, -1, -1, -1, -1, -1, -1, -1, -1, -1, -1, -1, -1, -1, -1, -1, -1, -1, -1, -1, -1, -1, -1, -1, -1, -1, -1, -1, -1, -1, -1, -1, -1, -1, -1, -1, -1, -1, -1, -1, -1, -1, -1, -1, -1, -1, -1, -1, -1, -1, -1, -1, -1, -1, -1, -1, -1, -1, -1, -1, -1, -1, -1, -1, -1, -1, -1, -1, -1, -1, -1, -1, -1, -1, -1, -1, -1, -1, -1, -1, -1, -1, -1, -1, -1, -1, -1, -1, -1, -1, -1, -1, -1, -1, -1, -1, -1, -1, -1, -1, -1, -1, -1, -1, -1, -1, -1, -1, -1, -1, -1, -1, -1, -1, -1, -1, -1, -1, -1, -1, -1, -1, -1, -1, -1, -1, -1, -1, -1, -1, -1, -1, -1, -1, -1, -1]"
150,24,16,0.5,None,1,237,"[{'cluster_no': -1, 'count': 237}]","[-1, -1, -1, -1, -1, -1, -1, -1, -1, -1, -1, -1, -1, -1, -1, -1, -1, -1, -1, -1, -1, -1, -1, -1, -1, -1, -1, -1, -1, -1, -1, -1, -1, -1, -1, -1, -1, -1, -1, -1, -1, -1, -1, -1, -1, -1, -1, -1, -1, -1, -1, -1, -1, -1, -1, -1, -1, -1, -1, -1, -1, -1, -1, -1, -1, -1, -1, -1, -1, -1, -1, -1, -1, -1, -1, -1, -1, -1, -1, -1, -1, -1, -1, -1, -1, -1, -1, -1, -1, -1, -1, -1, -1, -1, -1, -1, -1, -1, -1, -1, -1, -1, -1, -1, -1, -1, -1, -1, -1, -1, -1, -1, -1, -1, -1, -1, -1, -1, -1, -1, -1, -1, -1, -1, -1, -1, -1, -1, -1, -1, -1, -1, -1, -1, -1, -1, -1, -1, -1, -1, -1, -1, -1, -1, -1, -1, -1, -1, -1, -1, -1, -1, -1, -1, -1, -1, -1, -1, -1, -1, -1, -1, -1, -1, -1, -1, -1, -1, -1, -1, -1, -1, -1, -1, -1, -1, -1, -1, -1, -1, -1, -1, -1, -1, -1, -1, -1, -1, -1, -1, -1, -1, -1, -1, -1, -1, -1, -1, -1, -1, -1, -1, -1, -1, -1, -1, -1, -1, -1, -1, -1, -1, -1, -1, -1, -1, -1, -1, -1, -1, -1, -1, -1, -1, -1, -1, -1, -1, -1, -1, -1, -1, -1, -1, -1, -1, -1]"
150,24,16,1.0,None,1,237,"[{'cluster_no': -1, 'count': 237}]","[-1, -1, -1, -1, -1, -1, -1, -1, -1, -1, -1, -1, -1, -1, -1, -1, -1, -1, -1, -1, -1, -1, -1, -1, -1, -1, -1, -1, -1, -1, -1, -1, -1, -1, -1, -1, -1, -1, -1, -1, -1, -1, -1, -1, -1, -1, -1, -1, -1, -1, -1, -1, -1, -1, -1, -1, -1, -1, -1, -1, -1, -1, -1, -1, -1, -1, -1, -1, -1, -1, -1, -1, -1, -1, -1, -1, -1, -1, -1, -1, -1, -1, -1, -1, -1, -1, -1, -1, -1, -1, -1, -1, -1, -1, -1, -1, -1, -1, -1, -1, -1, -1, -1, -1, -1, -1, -1, -1, -1, -1, -1, -1, -1, -1, -1, -1, -1, -1, -1, -1, -1, -1, -1, -1, -1, -1, -1, -1, -1, -1, -1, -1, -1, -1, -1, -1, -1, -1, -1, -1, -1, -1, -1, -1, -1, -1, -1, -1, -1, -1, -1, -1, -1, -1, -1, -1, -1, -1, -1, -1, -1, -1, -1, -1, -1, -1, -1, -1, -1, -1, -1, -1, -1, -1, -1, -1, -1, -1, -1, -1, -1, -1, -1, -1, -1, -1, -1, -1, -1, -1, -1, -1, -1, -1, -1, -1, -1, -1, -1, -1, -1, -1, -1, -1, -1, -1, -1, -1, -1, -1, -1, -1, -1, -1, -1, -1, -1, -1, -1, -1, -1, -1, -1, -1, -1, -1, -1, -1, -1, -1, -1, -1, -1, -1, -1, -1, -1]"
150,24,17,0.0,None,1,237,"[{'cluster_no': -1, 'count': 237}]","[-1, -1, -1, -1, -1, -1, -1, -1, -1, -1, -1, -1, -1, -1, -1, -1, -1, -1, -1, -1, -1, -1, -1, -1, -1, -1, -1, -1, -1, -1, -1, -1, -1, -1, -1, -1, -1, -1, -1, -1, -1, -1, -1, -1, -1, -1, -1, -1, -1, -1, -1, -1, -1, -1, -1, -1, -1, -1, -1, -1, -1, -1, -1, -1, -1, -1, -1, -1, -1, -1, -1, -1, -1, -1, -1, -1, -1, -1, -1, -1, -1, -1, -1, -1, -1, -1, -1, -1, -1, -1, -1, -1, -1, -1, -1, -1, -1, -1, -1, -1, -1, -1, -1, -1, -1, -1, -1, -1, -1, -1, -1, -1, -1, -1, -1, -1, -1, -1, -1, -1, -1, -1, -1, -1, -1, -1, -1, -1, -1, -1, -1, -1, -1, -1, -1, -1, -1, -1, -1, -1, -1, -1, -1, -1, -1, -1, -1, -1, -1, -1, -1, -1, -1, -1, -1, -1, -1, -1, -1, -1, -1, -1, -1, -1, -1, -1, -1, -1, -1, -1, -1, -1, -1, -1, -1, -1, -1, -1, -1, -1, -1, -1, -1, -1, -1, -1, -1, -1, -1, -1, -1, -1, -1, -1, -1, -1, -1, -1, -1, -1, -1, -1, -1, -1, -1, -1, -1, -1, -1, -1, -1, -1, -1, -1, -1, -1, -1, -1, -1, -1, -1, -1, -1, -1, -1, -1, -1, -1, -1, -1, -1, -1, -1, -1, -1, -1, -1]"
150,24,17,0.5,None,1,237,"[{'cluster_no': -1, 'count': 237}]","[-1, -1, -1, -1, -1, -1, -1, -1, -1, -1, -1, -1, -1, -1, -1, -1, -1, -1, -1, -1, -1, -1, -1, -1, -1, -1, -1, -1, -1, -1, -1, -1, -1, -1, -1, -1, -1, -1, -1, -1, -1, -1, -1, -1, -1, -1, -1, -1, -1, -1, -1, -1, -1, -1, -1, -1, -1, -1, -1, -1, -1, -1, -1, -1, -1, -1, -1, -1, -1, -1, -1, -1, -1, -1, -1, -1, -1, -1, -1, -1, -1, -1, -1, -1, -1, -1, -1, -1, -1, -1, -1, -1, -1, -1, -1, -1, -1, -1, -1, -1, -1, -1, -1, -1, -1, -1, -1, -1, -1, -1, -1, -1, -1, -1, -1, -1, -1, -1, -1, -1, -1, -1, -1, -1, -1, -1, -1, -1, -1, -1, -1, -1, -1, -1, -1, -1, -1, -1, -1, -1, -1, -1, -1, -1, -1, -1, -1, -1, -1, -1, -1, -1, -1, -1, -1, -1, -1, -1, -1, -1, -1, -1, -1, -1, -1, -1, -1, -1, -1, -1, -1, -1, -1, -1, -1, -1, -1, -1, -1, -1, -1, -1, -1, -1, -1, -1, -1, -1, -1, -1, -1, -1, -1, -1, -1, -1, -1, -1, -1, -1, -1, -1, -1, -1, -1, -1, -1, -1, -1, -1, -1, -1, -1, -1, -1, -1, -1, -1, -1, -1, -1, -1, -1, -1, -1, -1, -1, -1, -1, -1, -1, -1, -1, -1, -1, -1, -1]"
150,24,17,1.0,None,1,237,"[{'cluster_no': -1, 'count': 237}]","[-1, -1, -1, -1, -1, -1, -1, -1, -1, -1, -1, -1, -1, -1, -1, -1, -1, -1, -1, -1, -1, -1, -1, -1, -1, -1, -1, -1, -1, -1, -1, -1, -1, -1, -1, -1, -1, -1, -1, -1, -1, -1, -1, -1, -1, -1, -1, -1, -1, -1, -1, -1, -1, -1, -1, -1, -1, -1, -1, -1, -1, -1, -1, -1, -1, -1, -1, -1, -1, -1, -1, -1, -1, -1, -1, -1, -1, -1, -1, -1, -1, -1, -1, -1, -1, -1, -1, -1, -1, -1, -1, -1, -1, -1, -1, -1, -1, -1, -1, -1, -1, -1, -1, -1, -1, -1, -1, -1, -1, -1, -1, -1, -1, -1, -1, -1, -1, -1, -1, -1, -1, -1, -1, -1, -1, -1, -1, -1, -1, -1, -1, -1, -1, -1, -1, -1, -1, -1, -1, -1, -1, -1, -1, -1, -1, -1, -1, -1, -1, -1, -1, -1, -1, -1, -1, -1, -1, -1, -1, -1, -1, -1, -1, -1, -1, -1, -1, -1, -1, -1, -1, -1, -1, -1, -1, -1, -1, -1, -1, -1, -1, -1, -1, -1, -1, -1, -1, -1, -1, -1, -1, -1, -1, -1, -1, -1, -1, -1, -1, -1, -1, -1, -1, -1, -1, -1, -1, -1, -1, -1, -1, -1, -1, -1, -1, -1, -1, -1, -1, -1, -1, -1, -1, -1, -1, -1, -1, -1, -1, -1, -1, -1, -1, -1, -1, -1, -1]"
150,24,18,0.0,None,1,237,"[{'cluster_no': -1, 'count': 237}]","[-1, -1, -1, -1, -1, -1, -1, -1, -1, -1, -1, -1, -1, -1, -1, -1, -1, -1, -1, -1, -1, -1, -1, -1, -1, -1, -1, -1, -1, -1, -1, -1, -1, -1, -1, -1, -1, -1, -1, -1, -1, -1, -1, -1, -1, -1, -1, -1, -1, -1, -1, -1, -1, -1, -1, -1, -1, -1, -1, -1, -1, -1, -1, -1, -1, -1, -1, -1, -1, -1, -1, -1, -1, -1, -1, -1, -1, -1, -1, -1, -1, -1, -1, -1, -1, -1, -1, -1, -1, -1, -1, -1, -1, -1, -1, -1, -1, -1, -1, -1, -1, -1, -1, -1, -1, -1, -1, -1, -1, -1, -1, -1, -1, -1, -1, -1, -1, -1, -1, -1, -1, -1, -1, -1, -1, -1, -1, -1, -1, -1, -1, -1, -1, -1, -1, -1, -1, -1, -1, -1, -1, -1, -1, -1, -1, -1, -1, -1, -1, -1, -1, -1, -1, -1, -1, -1, -1, -1, -1, -1, -1, -1, -1, -1, -1, -1, -1, -1, -1, -1, -1, -1, -1, -1, -1, -1, -1, -1, -1, -1, -1, -1, -1, -1, -1, -1, -1, -1, -1, -1, -1, -1, -1, -1, -1, -1, -1, -1, -1, -1, -1, -1, -1, -1, -1, -1, -1, -1, -1, -1, -1, -1, -1, -1, -1, -1, -1, -1, -1, -1, -1, -1, -1, -1, -1, -1, -1, -1, -1, -1, -1, -1, -1, -1, -1, -1, -1]"
150,24,18,0.5,None,1,237,"[{'cluster_no': -1, 'count': 237}]","[-1, -1, -1, -1, -1, -1, -1, -1, -1, -1, -1, -1, -1, -1, -1, -1, -1, -1, -1, -1, -1, -1, -1, -1, -1, -1, -1, -1, -1, -1, -1, -1, -1, -1, -1, -1, -1, -1, -1, -1, -1, -1, -1, -1, -1, -1, -1, -1, -1, -1, -1, -1, -1, -1, -1, -1, -1, -1, -1, -1, -1, -1, -1, -1, -1, -1, -1, -1, -1, -1, -1, -1, -1, -1, -1, -1, -1, -1, -1, -1, -1, -1, -1, -1, -1, -1, -1, -1, -1, -1, -1, -1, -1, -1, -1, -1, -1, -1, -1, -1, -1, -1, -1, -1, -1, -1, -1, -1, -1, -1, -1, -1, -1, -1, -1, -1, -1, -1, -1, -1, -1, -1, -1, -1, -1, -1, -1, -1, -1, -1, -1, -1, -1, -1, -1, -1, -1, -1, -1, -1, -1, -1, -1, -1, -1, -1, -1, -1, -1, -1, -1, -1, -1, -1, -1, -1, -1, -1, -1, -1, -1, -1, -1, -1, -1, -1, -1, -1, -1, -1, -1, -1, -1, -1, -1, -1, -1, -1, -1, -1, -1, -1, -1, -1, -1, -1, -1, -1, -1, -1, -1, -1, -1, -1, -1, -1, -1, -1, -1, -1, -1, -1, -1, -1, -1, -1, -1, -1, -1, -1, -1, -1, -1, -1, -1, -1, -1, -1, -1, -1, -1, -1, -1, -1, -1, -1, -1, -1, -1, -1, -1, -1, -1, -1, -1, -1, -1]"
150,24,18,1.0,None,1,237,"[{'cluster_no': -1, 'count': 237}]","[-1, -1, -1, -1, -1, -1, -1, -1, -1, -1, -1, -1, -1, -1, -1, -1, -1, -1, -1, -1, -1, -1, -1, -1, -1, -1, -1, -1, -1, -1, -1, -1, -1, -1, -1, -1, -1, -1, -1, -1, -1, -1, -1, -1, -1, -1, -1, -1, -1, -1, -1, -1, -1, -1, -1, -1, -1, -1, -1, -1, -1, -1, -1, -1, -1, -1, -1, -1, -1, -1, -1, -1, -1, -1, -1, -1, -1, -1, -1, -1, -1, -1, -1, -1, -1, -1, -1, -1, -1, -1, -1, -1, -1, -1, -1, -1, -1, -1, -1, -1, -1, -1, -1, -1, -1, -1, -1, -1, -1, -1, -1, -1, -1, -1, -1, -1, -1, -1, -1, -1, -1, -1, -1, -1, -1, -1, -1, -1, -1, -1, -1, -1, -1, -1, -1, -1, -1, -1, -1, -1, -1, -1, -1, -1, -1, -1, -1, -1, -1, -1, -1, -1, -1, -1, -1, -1, -1, -1, -1, -1, -1, -1, -1, -1, -1, -1, -1, -1, -1, -1, -1, -1, -1, -1, -1, -1, -1, -1, -1, -1, -1, -1, -1, -1, -1, -1, -1, -1, -1, -1, -1, -1, -1, -1, -1, -1, -1, -1, -1, -1, -1, -1, -1, -1, -1, -1, -1, -1, -1, -1, -1, -1, -1, -1, -1, -1, -1, -1, -1, -1, -1, -1, -1, -1, -1, -1, -1, -1, -1, -1, -1, -1, -1, -1, -1, -1, -1]"
150,24,19,0.0,None,1,237,"[{'cluster_no': -1, 'count': 237}]","[-1, -1, -1, -1, -1, -1, -1, -1, -1, -1, -1, -1, -1, -1, -1, -1, -1, -1, -1, -1, -1, -1, -1, -1, -1, -1, -1, -1, -1, -1, -1, -1, -1, -1, -1, -1, -1, -1, -1, -1, -1, -1, -1, -1, -1, -1, -1, -1, -1, -1, -1, -1, -1, -1, -1, -1, -1, -1, -1, -1, -1, -1, -1, -1, -1, -1, -1, -1, -1, -1, -1, -1, -1, -1, -1, -1, -1, -1, -1, -1, -1, -1, -1, -1, -1, -1, -1, -1, -1, -1, -1, -1, -1, -1, -1, -1, -1, -1, -1, -1, -1, -1, -1, -1, -1, -1, -1, -1, -1, -1, -1, -1, -1, -1, -1, -1, -1, -1, -1, -1, -1, -1, -1, -1, -1, -1, -1, -1, -1, -1, -1, -1, -1, -1, -1, -1, -1, -1, -1, -1, -1, -1, -1, -1, -1, -1, -1, -1, -1, -1, -1, -1, -1, -1, -1, -1, -1, -1, -1, -1, -1, -1, -1, -1, -1, -1, -1, -1, -1, -1, -1, -1, -1, -1, -1, -1, -1, -1, -1, -1, -1, -1, -1, -1, -1, -1, -1, -1, -1, -1, -1, -1, -1, -1, -1, -1, -1, -1, -1, -1, -1, -1, -1, -1, -1, -1, -1, -1, -1, -1, -1, -1, -1, -1, -1, -1, -1, -1, -1, -1, -1, -1, -1, -1, -1, -1, -1, -1, -1, -1, -1, -1, -1, -1, -1, -1, -1]"
150,24,19,0.5,None,1,237,"[{'cluster_no': -1, 'count': 237}]","[-1, -1, -1, -1, -1, -1, -1, -1, -1, -1, -1, -1, -1, -1, -1, -1, -1, -1, -1, -1, -1, -1, -1, -1, -1, -1, -1, -1, -1, -1, -1, -1, -1, -1, -1, -1, -1, -1, -1, -1, -1, -1, -1, -1, -1, -1, -1, -1, -1, -1, -1, -1, -1, -1, -1, -1, -1, -1, -1, -1, -1, -1, -1, -1, -1, -1, -1, -1, -1, -1, -1, -1, -1, -1, -1, -1, -1, -1, -1, -1, -1, -1, -1, -1, -1, -1, -1, -1, -1, -1, -1, -1, -1, -1, -1, -1, -1, -1, -1, -1, -1, -1, -1, -1, -1, -1, -1, -1, -1, -1, -1, -1, -1, -1, -1, -1, -1, -1, -1, -1, -1, -1, -1, -1, -1, -1, -1, -1, -1, -1, -1, -1, -1, -1, -1, -1, -1, -1, -1, -1, -1, -1, -1, -1, -1, -1, -1, -1, -1, -1, -1, -1, -1, -1, -1, -1, -1, -1, -1, -1, -1, -1, -1, -1, -1, -1, -1, -1, -1, -1, -1, -1, -1, -1, -1, -1, -1, -1, -1, -1, -1, -1, -1, -1, -1, -1, -1, -1, -1, -1, -1, -1, -1, -1, -1, -1, -1, -1, -1, -1, -1, -1, -1, -1, -1, -1, -1, -1, -1, -1, -1, -1, -1, -1, -1, -1, -1, -1, -1, -1, -1, -1, -1, -1, -1, -1, -1, -1, -1, -1, -1, -1, -1, -1, -1, -1, -1]"
150,24,19,1.0,None,1,237,"[{'cluster_no': -1, 'count': 237}]","[-1, -1, -1, -1, -1, -1, -1, -1, -1, -1, -1, -1, -1, -1, -1, -1, -1, -1, -1, -1, -1, -1, -1, -1, -1, -1, -1, -1, -1, -1, -1, -1, -1, -1, -1, -1, -1, -1, -1, -1, -1, -1, -1, -1, -1, -1, -1, -1, -1, -1, -1, -1, -1, -1, -1, -1, -1, -1, -1, -1, -1, -1, -1, -1, -1, -1, -1, -1, -1, -1, -1, -1, -1, -1, -1, -1, -1, -1, -1, -1, -1, -1, -1, -1, -1, -1, -1, -1, -1, -1, -1, -1, -1, -1, -1, -1, -1, -1, -1, -1, -1, -1, -1, -1, -1, -1, -1, -1, -1, -1, -1, -1, -1, -1, -1, -1, -1, -1, -1, -1, -1, -1, -1, -1, -1, -1, -1, -1, -1, -1, -1, -1, -1, -1, -1, -1, -1, -1, -1, -1, -1, -1, -1, -1, -1, -1, -1, -1, -1, -1, -1, -1, -1, -1, -1, -1, -1, -1, -1, -1, -1, -1, -1, -1, -1, -1, -1, -1, -1, -1, -1, -1, -1, -1, -1, -1, -1, -1, -1, -1, -1, -1, -1, -1, -1, -1, -1, -1, -1, -1, -1, -1, -1, -1, -1, -1, -1, -1, -1, -1, -1, -1, -1, -1, -1, -1, -1, -1, -1, -1, -1, -1, -1, -1, -1, -1, -1, -1, -1, -1, -1, -1, -1, -1, -1, -1, -1, -1, -1, -1, -1, -1, -1, -1, -1, -1, -1]"
150,24,20,0.0,None,1,237,"[{'cluster_no': -1, 'count': 237}]","[-1, -1, -1, -1, -1, -1, -1, -1, -1, -1, -1, -1, -1, -1, -1, -1, -1, -1, -1, -1, -1, -1, -1, -1, -1, -1, -1, -1, -1, -1, -1, -1, -1, -1, -1, -1, -1, -1, -1, -1, -1, -1, -1, -1, -1, -1, -1, -1, -1, -1, -1, -1, -1, -1, -1, -1, -1, -1, -1, -1, -1, -1, -1, -1, -1, -1, -1, -1, -1, -1, -1, -1, -1, -1, -1, -1, -1, -1, -1, -1, -1, -1, -1, -1, -1, -1, -1, -1, -1, -1, -1, -1, -1, -1, -1, -1, -1, -1, -1, -1, -1, -1, -1, -1, -1, -1, -1, -1, -1, -1, -1, -1, -1, -1, -1, -1, -1, -1, -1, -1, -1, -1, -1, -1, -1, -1, -1, -1, -1, -1, -1, -1, -1, -1, -1, -1, -1, -1, -1, -1, -1, -1, -1, -1, -1, -1, -1, -1, -1, -1, -1, -1, -1, -1, -1, -1, -1, -1, -1, -1, -1, -1, -1, -1, -1, -1, -1, -1, -1, -1, -1, -1, -1, -1, -1, -1, -1, -1, -1, -1, -1, -1, -1, -1, -1, -1, -1, -1, -1, -1, -1, -1, -1, -1, -1, -1, -1, -1, -1, -1, -1, -1, -1, -1, -1, -1, -1, -1, -1, -1, -1, -1, -1, -1, -1, -1, -1, -1, -1, -1, -1, -1, -1, -1, -1, -1, -1, -1, -1, -1, -1, -1, -1, -1, -1, -1, -1]"
150,24,20,0.5,None,1,237,"[{'cluster_no': -1, 'count': 237}]","[-1, -1, -1, -1, -1, -1, -1, -1, -1, -1, -1, -1, -1, -1, -1, -1, -1, -1, -1, -1, -1, -1, -1, -1, -1, -1, -1, -1, -1, -1, -1, -1, -1, -1, -1, -1, -1, -1, -1, -1, -1, -1, -1, -1, -1, -1, -1, -1, -1, -1, -1, -1, -1, -1, -1, -1, -1, -1, -1, -1, -1, -1, -1, -1, -1, -1, -1, -1, -1, -1, -1, -1, -1, -1, -1, -1, -1, -1, -1, -1, -1, -1, -1, -1, -1, -1, -1, -1, -1, -1, -1, -1, -1, -1, -1, -1, -1, -1, -1, -1, -1, -1, -1, -1, -1, -1, -1, -1, -1, -1, -1, -1, -1, -1, -1, -1, -1, -1, -1, -1, -1, -1, -1, -1, -1, -1, -1, -1, -1, -1, -1, -1, -1, -1, -1, -1, -1, -1, -1, -1, -1, -1, -1, -1, -1, -1, -1, -1, -1, -1, -1, -1, -1, -1, -1, -1, -1, -1, -1, -1, -1, -1, -1, -1, -1, -1, -1, -1, -1, -1, -1, -1, -1, -1, -1, -1, -1, -1, -1, -1, -1, -1, -1, -1, -1, -1, -1, -1, -1, -1, -1, -1, -1, -1, -1, -1, -1, -1, -1, -1, -1, -1, -1, -1, -1, -1, -1, -1, -1, -1, -1, -1, -1, -1, -1, -1, -1, -1, -1, -1, -1, -1, -1, -1, -1, -1, -1, -1, -1, -1, -1, -1, -1, -1, -1, -1, -1]"
150,24,20,1.0,None,1,237,"[{'cluster_no': -1, 'count': 237}]","[-1, -1, -1, -1, -1, -1, -1, -1, -1, -1, -1, -1, -1, -1, -1, -1, -1, -1, -1, -1, -1, -1, -1, -1, -1, -1, -1, -1, -1, -1, -1, -1, -1, -1, -1, -1, -1, -1, -1, -1, -1, -1, -1, -1, -1, -1, -1, -1, -1, -1, -1, -1, -1, -1, -1, -1, -1, -1, -1, -1, -1, -1, -1, -1, -1, -1, -1, -1, -1, -1, -1, -1, -1, -1, -1, -1, -1, -1, -1, -1, -1, -1, -1, -1, -1, -1, -1, -1, -1, -1, -1, -1, -1, -1, -1, -1, -1, -1, -1, -1, -1, -1, -1, -1, -1, -1, -1, -1, -1, -1, -1, -1, -1, -1, -1, -1, -1, -1, -1, -1, -1, -1, -1, -1, -1, -1, -1, -1, -1, -1, -1, -1, -1, -1, -1, -1, -1, -1, -1, -1, -1, -1, -1, -1, -1, -1, -1, -1, -1, -1, -1, -1, -1, -1, -1, -1, -1, -1, -1, -1, -1, -1, -1, -1, -1, -1, -1, -1, -1, -1, -1, -1, -1, -1, -1, -1, -1, -1, -1, -1, -1, -1, -1, -1, -1, -1, -1, -1, -1, -1, -1, -1, -1, -1, -1, -1, -1, -1, -1, -1, -1, -1, -1, -1, -1, -1, -1, -1, -1, -1, -1, -1, -1, -1, -1, -1, -1, -1, -1, -1, -1, -1, -1, -1, -1, -1, -1, -1, -1, -1, -1, -1, -1, -1, -1, -1, -1]"
150,24,21,0.0,None,1,237,"[{'cluster_no': -1, 'count': 237}]","[-1, -1, -1, -1, -1, -1, -1, -1, -1, -1, -1, -1, -1, -1, -1, -1, -1, -1, -1, -1, -1, -1, -1, -1, -1, -1, -1, -1, -1, -1, -1, -1, -1, -1, -1, -1, -1, -1, -1, -1, -1, -1, -1, -1, -1, -1, -1, -1, -1, -1, -1, -1, -1, -1, -1, -1, -1, -1, -1, -1, -1, -1, -1, -1, -1, -1, -1, -1, -1, -1, -1, -1, -1, -1, -1, -1, -1, -1, -1, -1, -1, -1, -1, -1, -1, -1, -1, -1, -1, -1, -1, -1, -1, -1, -1, -1, -1, -1, -1, -1, -1, -1, -1, -1, -1, -1, -1, -1, -1, -1, -1, -1, -1, -1, -1, -1, -1, -1, -1, -1, -1, -1, -1, -1, -1, -1, -1, -1, -1, -1, -1, -1, -1, -1, -1, -1, -1, -1, -1, -1, -1, -1, -1, -1, -1, -1, -1, -1, -1, -1, -1, -1, -1, -1, -1, -1, -1, -1, -1, -1, -1, -1, -1, -1, -1, -1, -1, -1, -1, -1, -1, -1, -1, -1, -1, -1, -1, -1, -1, -1, -1, -1, -1, -1, -1, -1, -1, -1, -1, -1, -1, -1, -1, -1, -1, -1, -1, -1, -1, -1, -1, -1, -1, -1, -1, -1, -1, -1, -1, -1, -1, -1, -1, -1, -1, -1, -1, -1, -1, -1, -1, -1, -1, -1, -1, -1, -1, -1, -1, -1, -1, -1, -1, -1, -1, -1, -1]"
150,24,21,0.5,None,1,237,"[{'cluster_no': -1, 'count': 237}]","[-1, -1, -1, -1, -1, -1, -1, -1, -1, -1, -1, -1, -1, -1, -1, -1, -1, -1, -1, -1, -1, -1, -1, -1, -1, -1, -1, -1, -1, -1, -1, -1, -1, -1, -1, -1, -1, -1, -1, -1, -1, -1, -1, -1, -1, -1, -1, -1, -1, -1, -1, -1, -1, -1, -1, -1, -1, -1, -1, -1, -1, -1, -1, -1, -1, -1, -1, -1, -1, -1, -1, -1, -1, -1, -1, -1, -1, -1, -1, -1, -1, -1, -1, -1, -1, -1, -1, -1, -1, -1, -1, -1, -1, -1, -1, -1, -1, -1, -1, -1, -1, -1, -1, -1, -1, -1, -1, -1, -1, -1, -1, -1, -1, -1, -1, -1, -1, -1, -1, -1, -1, -1, -1, -1, -1, -1, -1, -1, -1, -1, -1, -1, -1, -1, -1, -1, -1, -1, -1, -1, -1, -1, -1, -1, -1, -1, -1, -1, -1, -1, -1, -1, -1, -1, -1, -1, -1, -1, -1, -1, -1, -1, -1, -1, -1, -1, -1, -1, -1, -1, -1, -1, -1, -1, -1, -1, -1, -1, -1, -1, -1, -1, -1, -1, -1, -1, -1, -1, -1, -1, -1, -1, -1, -1, -1, -1, -1, -1, -1, -1, -1, -1, -1, -1, -1, -1, -1, -1, -1, -1, -1, -1, -1, -1, -1, -1, -1, -1, -1, -1, -1, -1, -1, -1, -1, -1, -1, -1, -1, -1, -1, -1, -1, -1, -1, -1, -1]"
150,24,21,1.0,None,1,237,"[{'cluster_no': -1, 'count': 237}]","[-1, -1, -1, -1, -1, -1, -1, -1, -1, -1, -1, -1, -1, -1, -1, -1, -1, -1, -1, -1, -1, -1, -1, -1, -1, -1, -1, -1, -1, -1, -1, -1, -1, -1, -1, -1, -1, -1, -1, -1, -1, -1, -1, -1, -1, -1, -1, -1, -1, -1, -1, -1, -1, -1, -1, -1, -1, -1, -1, -1, -1, -1, -1, -1, -1, -1, -1, -1, -1, -1, -1, -1, -1, -1, -1, -1, -1, -1, -1, -1, -1, -1, -1, -1, -1, -1, -1, -1, -1, -1, -1, -1, -1, -1, -1, -1, -1, -1, -1, -1, -1, -1, -1, -1, -1, -1, -1, -1, -1, -1, -1, -1, -1, -1, -1, -1, -1, -1, -1, -1, -1, -1, -1, -1, -1, -1, -1, -1, -1, -1, -1, -1, -1, -1, -1, -1, -1, -1, -1, -1, -1, -1, -1, -1, -1, -1, -1, -1, -1, -1, -1, -1, -1, -1, -1, -1, -1, -1, -1, -1, -1, -1, -1, -1, -1, -1, -1, -1, -1, -1, -1, -1, -1, -1, -1, -1, -1, -1, -1, -1, -1, -1, -1, -1, -1, -1, -1, -1, -1, -1, -1, -1, -1, -1, -1, -1, -1, -1, -1, -1, -1, -1, -1, -1, -1, -1, -1, -1, -1, -1, -1, -1, -1, -1, -1, -1, -1, -1, -1, -1, -1, -1, -1, -1, -1, -1, -1, -1, -1, -1, -1, -1, -1, -1, -1, -1, -1]"
150,24,22,0.0,None,1,237,"[{'cluster_no': -1, 'count': 237}]","[-1, -1, -1, -1, -1, -1, -1, -1, -1, -1, -1, -1, -1, -1, -1, -1, -1, -1, -1, -1, -1, -1, -1, -1, -1, -1, -1, -1, -1, -1, -1, -1, -1, -1, -1, -1, -1, -1, -1, -1, -1, -1, -1, -1, -1, -1, -1, -1, -1, -1, -1, -1, -1, -1, -1, -1, -1, -1, -1, -1, -1, -1, -1, -1, -1, -1, -1, -1, -1, -1, -1, -1, -1, -1, -1, -1, -1, -1, -1, -1, -1, -1, -1, -1, -1, -1, -1, -1, -1, -1, -1, -1, -1, -1, -1, -1, -1, -1, -1, -1, -1, -1, -1, -1, -1, -1, -1, -1, -1, -1, -1, -1, -1, -1, -1, -1, -1, -1, -1, -1, -1, -1, -1, -1, -1, -1, -1, -1, -1, -1, -1, -1, -1, -1, -1, -1, -1, -1, -1, -1, -1, -1, -1, -1, -1, -1, -1, -1, -1, -1, -1, -1, -1, -1, -1, -1, -1, -1, -1, -1, -1, -1, -1, -1, -1, -1, -1, -1, -1, -1, -1, -1, -1, -1, -1, -1, -1, -1, -1, -1, -1, -1, -1, -1, -1, -1, -1, -1, -1, -1, -1, -1, -1, -1, -1, -1, -1, -1, -1, -1, -1, -1, -1, -1, -1, -1, -1, -1, -1, -1, -1, -1, -1, -1, -1, -1, -1, -1, -1, -1, -1, -1, -1, -1, -1, -1, -1, -1, -1, -1, -1, -1, -1, -1, -1, -1, -1]"
150,24,22,0.5,None,1,237,"[{'cluster_no': -1, 'count': 237}]","[-1, -1, -1, -1, -1, -1, -1, -1, -1, -1, -1, -1, -1, -1, -1, -1, -1, -1, -1, -1, -1, -1, -1, -1, -1, -1, -1, -1, -1, -1, -1, -1, -1, -1, -1, -1, -1, -1, -1, -1, -1, -1, -1, -1, -1, -1, -1, -1, -1, -1, -1, -1, -1, -1, -1, -1, -1, -1, -1, -1, -1, -1, -1, -1, -1, -1, -1, -1, -1, -1, -1, -1, -1, -1, -1, -1, -1, -1, -1, -1, -1, -1, -1, -1, -1, -1, -1, -1, -1, -1, -1, -1, -1, -1, -1, -1, -1, -1, -1, -1, -1, -1, -1, -1, -1, -1, -1, -1, -1, -1, -1, -1, -1, -1, -1, -1, -1, -1, -1, -1, -1, -1, -1, -1, -1, -1, -1, -1, -1, -1, -1, -1, -1, -1, -1, -1, -1, -1, -1, -1, -1, -1, -1, -1, -1, -1, -1, -1, -1, -1, -1, -1, -1, -1, -1, -1, -1, -1, -1, -1, -1, -1, -1, -1, -1, -1, -1, -1, -1, -1, -1, -1, -1, -1, -1, -1, -1, -1, -1, -1, -1, -1, -1, -1, -1, -1, -1, -1, -1, -1, -1, -1, -1, -1, -1, -1, -1, -1, -1, -1, -1, -1, -1, -1, -1, -1, -1, -1, -1, -1, -1, -1, -1, -1, -1, -1, -1, -1, -1, -1, -1, -1, -1, -1, -1, -1, -1, -1, -1, -1, -1, -1, -1, -1, -1, -1, -1]"
150,24,22,1.0,None,1,237,"[{'cluster_no': -1, 'count': 237}]","[-1, -1, -1, -1, -1, -1, -1, -1, -1, -1, -1, -1, -1, -1, -1, -1, -1, -1, -1, -1, -1, -1, -1, -1, -1, -1, -1, -1, -1, -1, -1, -1, -1, -1, -1, -1, -1, -1, -1, -1, -1, -1, -1, -1, -1, -1, -1, -1, -1, -1, -1, -1, -1, -1, -1, -1, -1, -1, -1, -1, -1, -1, -1, -1, -1, -1, -1, -1, -1, -1, -1, -1, -1, -1, -1, -1, -1, -1, -1, -1, -1, -1, -1, -1, -1, -1, -1, -1, -1, -1, -1, -1, -1, -1, -1, -1, -1, -1, -1, -1, -1, -1, -1, -1, -1, -1, -1, -1, -1, -1, -1, -1, -1, -1, -1, -1, -1, -1, -1, -1, -1, -1, -1, -1, -1, -1, -1, -1, -1, -1, -1, -1, -1, -1, -1, -1, -1, -1, -1, -1, -1, -1, -1, -1, -1, -1, -1, -1, -1, -1, -1, -1, -1, -1, -1, -1, -1, -1, -1, -1, -1, -1, -1, -1, -1, -1, -1, -1, -1, -1, -1, -1, -1, -1, -1, -1, -1, -1, -1, -1, -1, -1, -1, -1, -1, -1, -1, -1, -1, -1, -1, -1, -1, -1, -1, -1, -1, -1, -1, -1, -1, -1, -1, -1, -1, -1, -1, -1, -1, -1, -1, -1, -1, -1, -1, -1, -1, -1, -1, -1, -1, -1, -1, -1, -1, -1, -1, -1, -1, -1, -1, -1, -1, -1, -1, -1, -1]"
150,24,23,0.0,None,1,237,"[{'cluster_no': -1, 'count': 237}]","[-1, -1, -1, -1, -1, -1, -1, -1, -1, -1, -1, -1, -1, -1, -1, -1, -1, -1, -1, -1, -1, -1, -1, -1, -1, -1, -1, -1, -1, -1, -1, -1, -1, -1, -1, -1, -1, -1, -1, -1, -1, -1, -1, -1, -1, -1, -1, -1, -1, -1, -1, -1, -1, -1, -1, -1, -1, -1, -1, -1, -1, -1, -1, -1, -1, -1, -1, -1, -1, -1, -1, -1, -1, -1, -1, -1, -1, -1, -1, -1, -1, -1, -1, -1, -1, -1, -1, -1, -1, -1, -1, -1, -1, -1, -1, -1, -1, -1, -1, -1, -1, -1, -1, -1, -1, -1, -1, -1, -1, -1, -1, -1, -1, -1, -1, -1, -1, -1, -1, -1, -1, -1, -1, -1, -1, -1, -1, -1, -1, -1, -1, -1, -1, -1, -1, -1, -1, -1, -1, -1, -1, -1, -1, -1, -1, -1, -1, -1, -1, -1, -1, -1, -1, -1, -1, -1, -1, -1, -1, -1, -1, -1, -1, -1, -1, -1, -1, -1, -1, -1, -1, -1, -1, -1, -1, -1, -1, -1, -1, -1, -1, -1, -1, -1, -1, -1, -1, -1, -1, -1, -1, -1, -1, -1, -1, -1, -1, -1, -1, -1, -1, -1, -1, -1, -1, -1, -1, -1, -1, -1, -1, -1, -1, -1, -1, -1, -1, -1, -1, -1, -1, -1, -1, -1, -1, -1, -1, -1, -1, -1, -1, -1, -1, -1, -1, -1, -1]"
150,24,23,0.5,None,1,237,"[{'cluster_no': -1, 'count': 237}]","[-1, -1, -1, -1, -1, -1, -1, -1, -1, -1, -1, -1, -1, -1, -1, -1, -1, -1, -1, -1, -1, -1, -1, -1, -1, -1, -1, -1, -1, -1, -1, -1, -1, -1, -1, -1, -1, -1, -1, -1, -1, -1, -1, -1, -1, -1, -1, -1, -1, -1, -1, -1, -1, -1, -1, -1, -1, -1, -1, -1, -1, -1, -1, -1, -1, -1, -1, -1, -1, -1, -1, -1, -1, -1, -1, -1, -1, -1, -1, -1, -1, -1, -1, -1, -1, -1, -1, -1, -1, -1, -1, -1, -1, -1, -1, -1, -1, -1, -1, -1, -1, -1, -1, -1, -1, -1, -1, -1, -1, -1, -1, -1, -1, -1, -1, -1, -1, -1, -1, -1, -1, -1, -1, -1, -1, -1, -1, -1, -1, -1, -1, -1, -1, -1, -1, -1, -1, -1, -1, -1, -1, -1, -1, -1, -1, -1, -1, -1, -1, -1, -1, -1, -1, -1, -1, -1, -1, -1, -1, -1, -1, -1, -1, -1, -1, -1, -1, -1, -1, -1, -1, -1, -1, -1, -1, -1, -1, -1, -1, -1, -1, -1, -1, -1, -1, -1, -1, -1, -1, -1, -1, -1, -1, -1, -1, -1, -1, -1, -1, -1, -1, -1, -1, -1, -1, -1, -1, -1, -1, -1, -1, -1, -1, -1, -1, -1, -1, -1, -1, -1, -1, -1, -1, -1, -1, -1, -1, -1, -1, -1, -1, -1, -1, -1, -1, -1, -1]"
150,24,23,1.0,None,1,237,"[{'cluster_no': -1, 'count': 237}]","[-1, -1, -1, -1, -1, -1, -1, -1, -1, -1, -1, -1, -1, -1, -1, -1, -1, -1, -1, -1, -1, -1, -1, -1, -1, -1, -1, -1, -1, -1, -1, -1, -1, -1, -1, -1, -1, -1, -1, -1, -1, -1, -1, -1, -1, -1, -1, -1, -1, -1, -1, -1, -1, -1, -1, -1, -1, -1, -1, -1, -1, -1, -1, -1, -1, -1, -1, -1, -1, -1, -1, -1, -1, -1, -1, -1, -1, -1, -1, -1, -1, -1, -1, -1, -1, -1, -1, -1, -1, -1, -1, -1, -1, -1, -1, -1, -1, -1, -1, -1, -1, -1, -1, -1, -1, -1, -1, -1, -1, -1, -1, -1, -1, -1, -1, -1, -1, -1, -1, -1, -1, -1, -1, -1, -1, -1, -1, -1, -1, -1, -1, -1, -1, -1, -1, -1, -1, -1, -1, -1, -1, -1, -1, -1, -1, -1, -1, -1, -1, -1, -1, -1, -1, -1, -1, -1, -1, -1, -1, -1, -1, -1, -1, -1, -1, -1, -1, -1, -1, -1, -1, -1, -1, -1, -1, -1, -1, -1, -1, -1, -1, -1, -1, -1, -1, -1, -1, -1, -1, -1, -1, -1, -1, -1, -1, -1, -1, -1, -1, -1, -1, -1, -1, -1, -1, -1, -1, -1, -1, -1, -1, -1, -1, -1, -1, -1, -1, -1, -1, -1, -1, -1, -1, -1, -1, -1, -1, -1, -1, -1, -1, -1, -1, -1, -1, -1, -1]"
150,24,24,0.0,None,1,237,"[{'cluster_no': -1, 'count': 237}]","[-1, -1, -1, -1, -1, -1, -1, -1, -1, -1, -1, -1, -1, -1, -1, -1, -1, -1, -1, -1, -1, -1, -1, -1, -1, -1, -1, -1, -1, -1, -1, -1, -1, -1, -1, -1, -1, -1, -1, -1, -1, -1, -1, -1, -1, -1, -1, -1, -1, -1, -1, -1, -1, -1, -1, -1, -1, -1, -1, -1, -1, -1, -1, -1, -1, -1, -1, -1, -1, -1, -1, -1, -1, -1, -1, -1, -1, -1, -1, -1, -1, -1, -1, -1, -1, -1, -1, -1, -1, -1, -1, -1, -1, -1, -1, -1, -1, -1, -1, -1, -1, -1, -1, -1, -1, -1, -1, -1, -1, -1, -1, -1, -1, -1, -1, -1, -1, -1, -1, -1, -1, -1, -1, -1, -1, -1, -1, -1, -1, -1, -1, -1, -1, -1, -1, -1, -1, -1, -1, -1, -1, -1, -1, -1, -1, -1, -1, -1, -1, -1, -1, -1, -1, -1, -1, -1, -1, -1, -1, -1, -1, -1, -1, -1, -1, -1, -1, -1, -1, -1, -1, -1, -1, -1, -1, -1, -1, -1, -1, -1, -1, -1, -1, -1, -1, -1, -1, -1, -1, -1, -1, -1, -1, -1, -1, -1, -1, -1, -1, -1, -1, -1, -1, -1, -1, -1, -1, -1, -1, -1, -1, -1, -1, -1, -1, -1, -1, -1, -1, -1, -1, -1, -1, -1, -1, -1, -1, -1, -1, -1, -1, -1, -1, -1, -1, -1, -1]"
150,24,24,0.5,None,1,237,"[{'cluster_no': -1, 'count': 237}]","[-1, -1, -1, -1, -1, -1, -1, -1, -1, -1, -1, -1, -1, -1, -1, -1, -1, -1, -1, -1, -1, -1, -1, -1, -1, -1, -1, -1, -1, -1, -1, -1, -1, -1, -1, -1, -1, -1, -1, -1, -1, -1, -1, -1, -1, -1, -1, -1, -1, -1, -1, -1, -1, -1, -1, -1, -1, -1, -1, -1, -1, -1, -1, -1, -1, -1, -1, -1, -1, -1, -1, -1, -1, -1, -1, -1, -1, -1, -1, -1, -1, -1, -1, -1, -1, -1, -1, -1, -1, -1, -1, -1, -1, -1, -1, -1, -1, -1, -1, -1, -1, -1, -1, -1, -1, -1, -1, -1, -1, -1, -1, -1, -1, -1, -1, -1, -1, -1, -1, -1, -1, -1, -1, -1, -1, -1, -1, -1, -1, -1, -1, -1, -1, -1, -1, -1, -1, -1, -1, -1, -1, -1, -1, -1, -1, -1, -1, -1, -1, -1, -1, -1, -1, -1, -1, -1, -1, -1, -1, -1, -1, -1, -1, -1, -1, -1, -1, -1, -1, -1, -1, -1, -1, -1, -1, -1, -1, -1, -1, -1, -1, -1, -1, -1, -1, -1, -1, -1, -1, -1, -1, -1, -1, -1, -1, -1, -1, -1, -1, -1, -1, -1, -1, -1, -1, -1, -1, -1, -1, -1, -1, -1, -1, -1, -1, -1, -1, -1, -1, -1, -1, -1, -1, -1, -1, -1, -1, -1, -1, -1, -1, -1, -1, -1, -1, -1, -1]"
150,24,24,1.0,None,1,237,"[{'cluster_no': -1, 'count': 237}]","[-1, -1, -1, -1, -1, -1, -1, -1, -1, -1, -1, -1, -1, -1, -1, -1, -1, -1, -1, -1, -1, -1, -1, -1, -1, -1, -1, -1, -1, -1, -1, -1, -1, -1, -1, -1, -1, -1, -1, -1, -1, -1, -1, -1, -1, -1, -1, -1, -1, -1, -1, -1, -1, -1, -1, -1, -1, -1, -1, -1, -1, -1, -1, -1, -1, -1, -1, -1, -1, -1, -1, -1, -1, -1, -1, -1, -1, -1, -1, -1, -1, -1, -1, -1, -1, -1, -1, -1, -1, -1, -1, -1, -1, -1, -1, -1, -1, -1, -1, -1, -1, -1, -1, -1, -1, -1, -1, -1, -1, -1, -1, -1, -1, -1, -1, -1, -1, -1, -1, -1, -1, -1, -1, -1, -1, -1, -1, -1, -1, -1, -1, -1, -1, -1, -1, -1, -1, -1, -1, -1, -1, -1, -1, -1, -1, -1, -1, -1, -1, -1, -1, -1, -1, -1, -1, -1, -1, -1, -1, -1, -1, -1, -1, -1, -1, -1, -1, -1, -1, -1, -1, -1, -1, -1, -1, -1, -1, -1, -1, -1, -1, -1, -1, -1, -1, -1, -1, -1, -1, -1, -1, -1, -1, -1, -1, -1, -1, -1, -1, -1, -1, -1, -1, -1, -1, -1, -1, -1, -1, -1, -1, -1, -1, -1, -1, -1, -1, -1, -1, -1, -1, -1, -1, -1, -1, -1, -1, -1, -1, -1, -1, -1, -1, -1, -1, -1, -1]"
150,24,25,0.0,None,1,237,"[{'cluster_no': -1, 'count': 237}]","[-1, -1, -1, -1, -1, -1, -1, -1, -1, -1, -1, -1, -1, -1, -1, -1, -1, -1, -1, -1, -1, -1, -1, -1, -1, -1, -1, -1, -1, -1, -1, -1, -1, -1, -1, -1, -1, -1, -1, -1, -1, -1, -1, -1, -1, -1, -1, -1, -1, -1, -1, -1, -1, -1, -1, -1, -1, -1, -1, -1, -1, -1, -1, -1, -1, -1, -1, -1, -1, -1, -1, -1, -1, -1, -1, -1, -1, -1, -1, -1, -1, -1, -1, -1, -1, -1, -1, -1, -1, -1, -1, -1, -1, -1, -1, -1, -1, -1, -1, -1, -1, -1, -1, -1, -1, -1, -1, -1, -1, -1, -1, -1, -1, -1, -1, -1, -1, -1, -1, -1, -1, -1, -1, -1, -1, -1, -1, -1, -1, -1, -1, -1, -1, -1, -1, -1, -1, -1, -1, -1, -1, -1, -1, -1, -1, -1, -1, -1, -1, -1, -1, -1, -1, -1, -1, -1, -1, -1, -1, -1, -1, -1, -1, -1, -1, -1, -1, -1, -1, -1, -1, -1, -1, -1, -1, -1, -1, -1, -1, -1, -1, -1, -1, -1, -1, -1, -1, -1, -1, -1, -1, -1, -1, -1, -1, -1, -1, -1, -1, -1, -1, -1, -1, -1, -1, -1, -1, -1, -1, -1, -1, -1, -1, -1, -1, -1, -1, -1, -1, -1, -1, -1, -1, -1, -1, -1, -1, -1, -1, -1, -1, -1, -1, -1, -1, -1, -1]"
150,24,25,0.5,None,1,237,"[{'cluster_no': -1, 'count': 237}]","[-1, -1, -1, -1, -1, -1, -1, -1, -1, -1, -1, -1, -1, -1, -1, -1, -1, -1, -1, -1, -1, -1, -1, -1, -1, -1, -1, -1, -1, -1, -1, -1, -1, -1, -1, -1, -1, -1, -1, -1, -1, -1, -1, -1, -1, -1, -1, -1, -1, -1, -1, -1, -1, -1, -1, -1, -1, -1, -1, -1, -1, -1, -1, -1, -1, -1, -1, -1, -1, -1, -1, -1, -1, -1, -1, -1, -1, -1, -1, -1, -1, -1, -1, -1, -1, -1, -1, -1, -1, -1, -1, -1, -1, -1, -1, -1, -1, -1, -1, -1, -1, -1, -1, -1, -1, -1, -1, -1, -1, -1, -1, -1, -1, -1, -1, -1, -1, -1, -1, -1, -1, -1, -1, -1, -1, -1, -1, -1, -1, -1, -1, -1, -1, -1, -1, -1, -1, -1, -1, -1, -1, -1, -1, -1, -1, -1, -1, -1, -1, -1, -1, -1, -1, -1, -1, -1, -1, -1, -1, -1, -1, -1, -1, -1, -1, -1, -1, -1, -1, -1, -1, -1, -1, -1, -1, -1, -1, -1, -1, -1, -1, -1, -1, -1, -1, -1, -1, -1, -1, -1, -1, -1, -1, -1, -1, -1, -1, -1, -1, -1, -1, -1, -1, -1, -1, -1, -1, -1, -1, -1, -1, -1, -1, -1, -1, -1, -1, -1, -1, -1, -1, -1, -1, -1, -1, -1, -1, -1, -1, -1, -1, -1, -1, -1, -1, -1, -1]"
150,24,25,1.0,None,1,237,"[{'cluster_no': -1, 'count': 237}]","[-1, -1, -1, -1, -1, -1, -1, -1, -1, -1, -1, -1, -1, -1, -1, -1, -1, -1, -1, -1, -1, -1, -1, -1, -1, -1, -1, -1, -1, -1, -1, -1, -1, -1, -1, -1, -1, -1, -1, -1, -1, -1, -1, -1, -1, -1, -1, -1, -1, -1, -1, -1, -1, -1, -1, -1, -1, -1, -1, -1, -1, -1, -1, -1, -1, -1, -1, -1, -1, -1, -1, -1, -1, -1, -1, -1, -1, -1, -1, -1, -1, -1, -1, -1, -1, -1, -1, -1, -1, -1, -1, -1, -1, -1, -1, -1, -1, -1, -1, -1, -1, -1, -1, -1, -1, -1, -1, -1, -1, -1, -1, -1, -1, -1, -1, -1, -1, -1, -1, -1, -1, -1, -1, -1, -1, -1, -1, -1, -1, -1, -1, -1, -1, -1, -1, -1, -1, -1, -1, -1, -1, -1, -1, -1, -1, -1, -1, -1, -1, -1, -1, -1, -1, -1, -1, -1, -1, -1, -1, -1, -1, -1, -1, -1, -1, -1, -1, -1, -1, -1, -1, -1, -1, -1, -1, -1, -1, -1, -1, -1, -1, -1, -1, -1, -1, -1, -1, -1, -1, -1, -1, -1, -1, -1, -1, -1, -1, -1, -1, -1, -1, -1, -1, -1, -1, -1, -1, -1, -1, -1, -1, -1, -1, -1, -1, -1, -1, -1, -1, -1, -1, -1, -1, -1, -1, -1, -1, -1, -1, -1, -1, -1, -1, -1, -1, -1, -1]"
150,24,26,0.0,None,1,237,"[{'cluster_no': -1, 'count': 237}]","[-1, -1, -1, -1, -1, -1, -1, -1, -1, -1, -1, -1, -1, -1, -1, -1, -1, -1, -1, -1, -1, -1, -1, -1, -1, -1, -1, -1, -1, -1, -1, -1, -1, -1, -1, -1, -1, -1, -1, -1, -1, -1, -1, -1, -1, -1, -1, -1, -1, -1, -1, -1, -1, -1, -1, -1, -1, -1, -1, -1, -1, -1, -1, -1, -1, -1, -1, -1, -1, -1, -1, -1, -1, -1, -1, -1, -1, -1, -1, -1, -1, -1, -1, -1, -1, -1, -1, -1, -1, -1, -1, -1, -1, -1, -1, -1, -1, -1, -1, -1, -1, -1, -1, -1, -1, -1, -1, -1, -1, -1, -1, -1, -1, -1, -1, -1, -1, -1, -1, -1, -1, -1, -1, -1, -1, -1, -1, -1, -1, -1, -1, -1, -1, -1, -1, -1, -1, -1, -1, -1, -1, -1, -1, -1, -1, -1, -1, -1, -1, -1, -1, -1, -1, -1, -1, -1, -1, -1, -1, -1, -1, -1, -1, -1, -1, -1, -1, -1, -1, -1, -1, -1, -1, -1, -1, -1, -1, -1, -1, -1, -1, -1, -1, -1, -1, -1, -1, -1, -1, -1, -1, -1, -1, -1, -1, -1, -1, -1, -1, -1, -1, -1, -1, -1, -1, -1, -1, -1, -1, -1, -1, -1, -1, -1, -1, -1, -1, -1, -1, -1, -1, -1, -1, -1, -1, -1, -1, -1, -1, -1, -1, -1, -1, -1, -1, -1, -1]"
150,24,26,0.5,None,1,237,"[{'cluster_no': -1, 'count': 237}]","[-1, -1, -1, -1, -1, -1, -1, -1, -1, -1, -1, -1, -1, -1, -1, -1, -1, -1, -1, -1, -1, -1, -1, -1, -1, -1, -1, -1, -1, -1, -1, -1, -1, -1, -1, -1, -1, -1, -1, -1, -1, -1, -1, -1, -1, -1, -1, -1, -1, -1, -1, -1, -1, -1, -1, -1, -1, -1, -1, -1, -1, -1, -1, -1, -1, -1, -1, -1, -1, -1, -1, -1, -1, -1, -1, -1, -1, -1, -1, -1, -1, -1, -1, -1, -1, -1, -1, -1, -1, -1, -1, -1, -1, -1, -1, -1, -1, -1, -1, -1, -1, -1, -1, -1, -1, -1, -1, -1, -1, -1, -1, -1, -1, -1, -1, -1, -1, -1, -1, -1, -1, -1, -1, -1, -1, -1, -1, -1, -1, -1, -1, -1, -1, -1, -1, -1, -1, -1, -1, -1, -1, -1, -1, -1, -1, -1, -1, -1, -1, -1, -1, -1, -1, -1, -1, -1, -1, -1, -1, -1, -1, -1, -1, -1, -1, -1, -1, -1, -1, -1, -1, -1, -1, -1, -1, -1, -1, -1, -1, -1, -1, -1, -1, -1, -1, -1, -1, -1, -1, -1, -1, -1, -1, -1, -1, -1, -1, -1, -1, -1, -1, -1, -1, -1, -1, -1, -1, -1, -1, -1, -1, -1, -1, -1, -1, -1, -1, -1, -1, -1, -1, -1, -1, -1, -1, -1, -1, -1, -1, -1, -1, -1, -1, -1, -1, -1, -1]"
150,24,26,1.0,None,1,237,"[{'cluster_no': -1, 'count': 237}]","[-1, -1, -1, -1, -1, -1, -1, -1, -1, -1, -1, -1, -1, -1, -1, -1, -1, -1, -1, -1, -1, -1, -1, -1, -1, -1, -1, -1, -1, -1, -1, -1, -1, -1, -1, -1, -1, -1, -1, -1, -1, -1, -1, -1, -1, -1, -1, -1, -1, -1, -1, -1, -1, -1, -1, -1, -1, -1, -1, -1, -1, -1, -1, -1, -1, -1, -1, -1, -1, -1, -1, -1, -1, -1, -1, -1, -1, -1, -1, -1, -1, -1, -1, -1, -1, -1, -1, -1, -1, -1, -1, -1, -1, -1, -1, -1, -1, -1, -1, -1, -1, -1, -1, -1, -1, -1, -1, -1, -1, -1, -1, -1, -1, -1, -1, -1, -1, -1, -1, -1, -1, -1, -1, -1, -1, -1, -1, -1, -1, -1, -1, -1, -1, -1, -1, -1, -1, -1, -1, -1, -1, -1, -1, -1, -1, -1, -1, -1, -1, -1, -1, -1, -1, -1, -1, -1, -1, -1, -1, -1, -1, -1, -1, -1, -1, -1, -1, -1, -1, -1, -1, -1, -1, -1, -1, -1, -1, -1, -1, -1, -1, -1, -1, -1, -1, -1, -1, -1, -1, -1, -1, -1, -1, -1, -1, -1, -1, -1, -1, -1, -1, -1, -1, -1, -1, -1, -1, -1, -1, -1, -1, -1, -1, -1, -1, -1, -1, -1, -1, -1, -1, -1, -1, -1, -1, -1, -1, -1, -1, -1, -1, -1, -1, -1, -1, -1, -1]"
150,24,27,0.0,None,1,237,"[{'cluster_no': -1, 'count': 237}]","[-1, -1, -1, -1, -1, -1, -1, -1, -1, -1, -1, -1, -1, -1, -1, -1, -1, -1, -1, -1, -1, -1, -1, -1, -1, -1, -1, -1, -1, -1, -1, -1, -1, -1, -1, -1, -1, -1, -1, -1, -1, -1, -1, -1, -1, -1, -1, -1, -1, -1, -1, -1, -1, -1, -1, -1, -1, -1, -1, -1, -1, -1, -1, -1, -1, -1, -1, -1, -1, -1, -1, -1, -1, -1, -1, -1, -1, -1, -1, -1, -1, -1, -1, -1, -1, -1, -1, -1, -1, -1, -1, -1, -1, -1, -1, -1, -1, -1, -1, -1, -1, -1, -1, -1, -1, -1, -1, -1, -1, -1, -1, -1, -1, -1, -1, -1, -1, -1, -1, -1, -1, -1, -1, -1, -1, -1, -1, -1, -1, -1, -1, -1, -1, -1, -1, -1, -1, -1, -1, -1, -1, -1, -1, -1, -1, -1, -1, -1, -1, -1, -1, -1, -1, -1, -1, -1, -1, -1, -1, -1, -1, -1, -1, -1, -1, -1, -1, -1, -1, -1, -1, -1, -1, -1, -1, -1, -1, -1, -1, -1, -1, -1, -1, -1, -1, -1, -1, -1, -1, -1, -1, -1, -1, -1, -1, -1, -1, -1, -1, -1, -1, -1, -1, -1, -1, -1, -1, -1, -1, -1, -1, -1, -1, -1, -1, -1, -1, -1, -1, -1, -1, -1, -1, -1, -1, -1, -1, -1, -1, -1, -1, -1, -1, -1, -1, -1, -1]"
150,24,27,0.5,None,1,237,"[{'cluster_no': -1, 'count': 237}]","[-1, -1, -1, -1, -1, -1, -1, -1, -1, -1, -1, -1, -1, -1, -1, -1, -1, -1, -1, -1, -1, -1, -1, -1, -1, -1, -1, -1, -1, -1, -1, -1, -1, -1, -1, -1, -1, -1, -1, -1, -1, -1, -1, -1, -1, -1, -1, -1, -1, -1, -1, -1, -1, -1, -1, -1, -1, -1, -1, -1, -1, -1, -1, -1, -1, -1, -1, -1, -1, -1, -1, -1, -1, -1, -1, -1, -1, -1, -1, -1, -1, -1, -1, -1, -1, -1, -1, -1, -1, -1, -1, -1, -1, -1, -1, -1, -1, -1, -1, -1, -1, -1, -1, -1, -1, -1, -1, -1, -1, -1, -1, -1, -1, -1, -1, -1, -1, -1, -1, -1, -1, -1, -1, -1, -1, -1, -1, -1, -1, -1, -1, -1, -1, -1, -1, -1, -1, -1, -1, -1, -1, -1, -1, -1, -1, -1, -1, -1, -1, -1, -1, -1, -1, -1, -1, -1, -1, -1, -1, -1, -1, -1, -1, -1, -1, -1, -1, -1, -1, -1, -1, -1, -1, -1, -1, -1, -1, -1, -1, -1, -1, -1, -1, -1, -1, -1, -1, -1, -1, -1, -1, -1, -1, -1, -1, -1, -1, -1, -1, -1, -1, -1, -1, -1, -1, -1, -1, -1, -1, -1, -1, -1, -1, -1, -1, -1, -1, -1, -1, -1, -1, -1, -1, -1, -1, -1, -1, -1, -1, -1, -1, -1, -1, -1, -1, -1, -1]"
150,24,27,1.0,None,1,237,"[{'cluster_no': -1, 'count': 237}]","[-1, -1, -1, -1, -1, -1, -1, -1, -1, -1, -1, -1, -1, -1, -1, -1, -1, -1, -1, -1, -1, -1, -1, -1, -1, -1, -1, -1, -1, -1, -1, -1, -1, -1, -1, -1, -1, -1, -1, -1, -1, -1, -1, -1, -1, -1, -1, -1, -1, -1, -1, -1, -1, -1, -1, -1, -1, -1, -1, -1, -1, -1, -1, -1, -1, -1, -1, -1, -1, -1, -1, -1, -1, -1, -1, -1, -1, -1, -1, -1, -1, -1, -1, -1, -1, -1, -1, -1, -1, -1, -1, -1, -1, -1, -1, -1, -1, -1, -1, -1, -1, -1, -1, -1, -1, -1, -1, -1, -1, -1, -1, -1, -1, -1, -1, -1, -1, -1, -1, -1, -1, -1, -1, -1, -1, -1, -1, -1, -1, -1, -1, -1, -1, -1, -1, -1, -1, -1, -1, -1, -1, -1, -1, -1, -1, -1, -1, -1, -1, -1, -1, -1, -1, -1, -1, -1, -1, -1, -1, -1, -1, -1, -1, -1, -1, -1, -1, -1, -1, -1, -1, -1, -1, -1, -1, -1, -1, -1, -1, -1, -1, -1, -1, -1, -1, -1, -1, -1, -1, -1, -1, -1, -1, -1, -1, -1, -1, -1, -1, -1, -1, -1, -1, -1, -1, -1, -1, -1, -1, -1, -1, -1, -1, -1, -1, -1, -1, -1, -1, -1, -1, -1, -1, -1, -1, -1, -1, -1, -1, -1, -1, -1, -1, -1, -1, -1, -1]"
150,24,28,0.0,None,1,237,"[{'cluster_no': -1, 'count': 237}]","[-1, -1, -1, -1, -1, -1, -1, -1, -1, -1, -1, -1, -1, -1, -1, -1, -1, -1, -1, -1, -1, -1, -1, -1, -1, -1, -1, -1, -1, -1, -1, -1, -1, -1, -1, -1, -1, -1, -1, -1, -1, -1, -1, -1, -1, -1, -1, -1, -1, -1, -1, -1, -1, -1, -1, -1, -1, -1, -1, -1, -1, -1, -1, -1, -1, -1, -1, -1, -1, -1, -1, -1, -1, -1, -1, -1, -1, -1, -1, -1, -1, -1, -1, -1, -1, -1, -1, -1, -1, -1, -1, -1, -1, -1, -1, -1, -1, -1, -1, -1, -1, -1, -1, -1, -1, -1, -1, -1, -1, -1, -1, -1, -1, -1, -1, -1, -1, -1, -1, -1, -1, -1, -1, -1, -1, -1, -1, -1, -1, -1, -1, -1, -1, -1, -1, -1, -1, -1, -1, -1, -1, -1, -1, -1, -1, -1, -1, -1, -1, -1, -1, -1, -1, -1, -1, -1, -1, -1, -1, -1, -1, -1, -1, -1, -1, -1, -1, -1, -1, -1, -1, -1, -1, -1, -1, -1, -1, -1, -1, -1, -1, -1, -1, -1, -1, -1, -1, -1, -1, -1, -1, -1, -1, -1, -1, -1, -1, -1, -1, -1, -1, -1, -1, -1, -1, -1, -1, -1, -1, -1, -1, -1, -1, -1, -1, -1, -1, -1, -1, -1, -1, -1, -1, -1, -1, -1, -1, -1, -1, -1, -1, -1, -1, -1, -1, -1, -1]"
150,24,28,0.5,None,1,237,"[{'cluster_no': -1, 'count': 237}]","[-1, -1, -1, -1, -1, -1, -1, -1, -1, -1, -1, -1, -1, -1, -1, -1, -1, -1, -1, -1, -1, -1, -1, -1, -1, -1, -1, -1, -1, -1, -1, -1, -1, -1, -1, -1, -1, -1, -1, -1, -1, -1, -1, -1, -1, -1, -1, -1, -1, -1, -1, -1, -1, -1, -1, -1, -1, -1, -1, -1, -1, -1, -1, -1, -1, -1, -1, -1, -1, -1, -1, -1, -1, -1, -1, -1, -1, -1, -1, -1, -1, -1, -1, -1, -1, -1, -1, -1, -1, -1, -1, -1, -1, -1, -1, -1, -1, -1, -1, -1, -1, -1, -1, -1, -1, -1, -1, -1, -1, -1, -1, -1, -1, -1, -1, -1, -1, -1, -1, -1, -1, -1, -1, -1, -1, -1, -1, -1, -1, -1, -1, -1, -1, -1, -1, -1, -1, -1, -1, -1, -1, -1, -1, -1, -1, -1, -1, -1, -1, -1, -1, -1, -1, -1, -1, -1, -1, -1, -1, -1, -1, -1, -1, -1, -1, -1, -1, -1, -1, -1, -1, -1, -1, -1, -1, -1, -1, -1, -1, -1, -1, -1, -1, -1, -1, -1, -1, -1, -1, -1, -1, -1, -1, -1, -1, -1, -1, -1, -1, -1, -1, -1, -1, -1, -1, -1, -1, -1, -1, -1, -1, -1, -1, -1, -1, -1, -1, -1, -1, -1, -1, -1, -1, -1, -1, -1, -1, -1, -1, -1, -1, -1, -1, -1, -1, -1, -1]"
150,24,28,1.0,None,1,237,"[{'cluster_no': -1, 'count': 237}]","[-1, -1, -1, -1, -1, -1, -1, -1, -1, -1, -1, -1, -1, -1, -1, -1, -1, -1, -1, -1, -1, -1, -1, -1, -1, -1, -1, -1, -1, -1, -1, -1, -1, -1, -1, -1, -1, -1, -1, -1, -1, -1, -1, -1, -1, -1, -1, -1, -1, -1, -1, -1, -1, -1, -1, -1, -1, -1, -1, -1, -1, -1, -1, -1, -1, -1, -1, -1, -1, -1, -1, -1, -1, -1, -1, -1, -1, -1, -1, -1, -1, -1, -1, -1, -1, -1, -1, -1, -1, -1, -1, -1, -1, -1, -1, -1, -1, -1, -1, -1, -1, -1, -1, -1, -1, -1, -1, -1, -1, -1, -1, -1, -1, -1, -1, -1, -1, -1, -1, -1, -1, -1, -1, -1, -1, -1, -1, -1, -1, -1, -1, -1, -1, -1, -1, -1, -1, -1, -1, -1, -1, -1, -1, -1, -1, -1, -1, -1, -1, -1, -1, -1, -1, -1, -1, -1, -1, -1, -1, -1, -1, -1, -1, -1, -1, -1, -1, -1, -1, -1, -1, -1, -1, -1, -1, -1, -1, -1, -1, -1, -1, -1, -1, -1, -1, -1, -1, -1, -1, -1, -1, -1, -1, -1, -1, -1, -1, -1, -1, -1, -1, -1, -1, -1, -1, -1, -1, -1, -1, -1, -1, -1, -1, -1, -1, -1, -1, -1, -1, -1, -1, -1, -1, -1, -1, -1, -1, -1, -1, -1, -1, -1, -1, -1, -1, -1, -1]"
150,24,29,0.0,None,1,237,"[{'cluster_no': -1, 'count': 237}]","[-1, -1, -1, -1, -1, -1, -1, -1, -1, -1, -1, -1, -1, -1, -1, -1, -1, -1, -1, -1, -1, -1, -1, -1, -1, -1, -1, -1, -1, -1, -1, -1, -1, -1, -1, -1, -1, -1, -1, -1, -1, -1, -1, -1, -1, -1, -1, -1, -1, -1, -1, -1, -1, -1, -1, -1, -1, -1, -1, -1, -1, -1, -1, -1, -1, -1, -1, -1, -1, -1, -1, -1, -1, -1, -1, -1, -1, -1, -1, -1, -1, -1, -1, -1, -1, -1, -1, -1, -1, -1, -1, -1, -1, -1, -1, -1, -1, -1, -1, -1, -1, -1, -1, -1, -1, -1, -1, -1, -1, -1, -1, -1, -1, -1, -1, -1, -1, -1, -1, -1, -1, -1, -1, -1, -1, -1, -1, -1, -1, -1, -1, -1, -1, -1, -1, -1, -1, -1, -1, -1, -1, -1, -1, -1, -1, -1, -1, -1, -1, -1, -1, -1, -1, -1, -1, -1, -1, -1, -1, -1, -1, -1, -1, -1, -1, -1, -1, -1, -1, -1, -1, -1, -1, -1, -1, -1, -1, -1, -1, -1, -1, -1, -1, -1, -1, -1, -1, -1, -1, -1, -1, -1, -1, -1, -1, -1, -1, -1, -1, -1, -1, -1, -1, -1, -1, -1, -1, -1, -1, -1, -1, -1, -1, -1, -1, -1, -1, -1, -1, -1, -1, -1, -1, -1, -1, -1, -1, -1, -1, -1, -1, -1, -1, -1, -1, -1, -1]"
150,24,29,0.5,None,1,237,"[{'cluster_no': -1, 'count': 237}]","[-1, -1, -1, -1, -1, -1, -1, -1, -1, -1, -1, -1, -1, -1, -1, -1, -1, -1, -1, -1, -1, -1, -1, -1, -1, -1, -1, -1, -1, -1, -1, -1, -1, -1, -1, -1, -1, -1, -1, -1, -1, -1, -1, -1, -1, -1, -1, -1, -1, -1, -1, -1, -1, -1, -1, -1, -1, -1, -1, -1, -1, -1, -1, -1, -1, -1, -1, -1, -1, -1, -1, -1, -1, -1, -1, -1, -1, -1, -1, -1, -1, -1, -1, -1, -1, -1, -1, -1, -1, -1, -1, -1, -1, -1, -1, -1, -1, -1, -1, -1, -1, -1, -1, -1, -1, -1, -1, -1, -1, -1, -1, -1, -1, -1, -1, -1, -1, -1, -1, -1, -1, -1, -1, -1, -1, -1, -1, -1, -1, -1, -1, -1, -1, -1, -1, -1, -1, -1, -1, -1, -1, -1, -1, -1, -1, -1, -1, -1, -1, -1, -1, -1, -1, -1, -1, -1, -1, -1, -1, -1, -1, -1, -1, -1, -1, -1, -1, -1, -1, -1, -1, -1, -1, -1, -1, -1, -1, -1, -1, -1, -1, -1, -1, -1, -1, -1, -1, -1, -1, -1, -1, -1, -1, -1, -1, -1, -1, -1, -1, -1, -1, -1, -1, -1, -1, -1, -1, -1, -1, -1, -1, -1, -1, -1, -1, -1, -1, -1, -1, -1, -1, -1, -1, -1, -1, -1, -1, -1, -1, -1, -1, -1, -1, -1, -1, -1, -1]"
150,24,29,1.0,None,1,237,"[{'cluster_no': -1, 'count': 237}]","[-1, -1, -1, -1, -1, -1, -1, -1, -1, -1, -1, -1, -1, -1, -1, -1, -1, -1, -1, -1, -1, -1, -1, -1, -1, -1, -1, -1, -1, -1, -1, -1, -1, -1, -1, -1, -1, -1, -1, -1, -1, -1, -1, -1, -1, -1, -1, -1, -1, -1, -1, -1, -1, -1, -1, -1, -1, -1, -1, -1, -1, -1, -1, -1, -1, -1, -1, -1, -1, -1, -1, -1, -1, -1, -1, -1, -1, -1, -1, -1, -1, -1, -1, -1, -1, -1, -1, -1, -1, -1, -1, -1, -1, -1, -1, -1, -1, -1, -1, -1, -1, -1, -1, -1, -1, -1, -1, -1, -1, -1, -1, -1, -1, -1, -1, -1, -1, -1, -1, -1, -1, -1, -1, -1, -1, -1, -1, -1, -1, -1, -1, -1, -1, -1, -1, -1, -1, -1, -1, -1, -1, -1, -1, -1, -1, -1, -1, -1, -1, -1, -1, -1, -1, -1, -1, -1, -1, -1, -1, -1, -1, -1, -1, -1, -1, -1, -1, -1, -1, -1, -1, -1, -1, -1, -1, -1, -1, -1, -1, -1, -1, -1, -1, -1, -1, -1, -1, -1, -1, -1, -1, -1, -1, -1, -1, -1, -1, -1, -1, -1, -1, -1, -1, -1, -1, -1, -1, -1, -1, -1, -1, -1, -1, -1, -1, -1, -1, -1, -1, -1, -1, -1, -1, -1, -1, -1, -1, -1, -1, -1, -1, -1, -1, -1, -1, -1, -1]"
150,24,30,0.0,None,1,237,"[{'cluster_no': -1, 'count': 237}]","[-1, -1, -1, -1, -1, -1, -1, -1, -1, -1, -1, -1, -1, -1, -1, -1, -1, -1, -1, -1, -1, -1, -1, -1, -1, -1, -1, -1, -1, -1, -1, -1, -1, -1, -1, -1, -1, -1, -1, -1, -1, -1, -1, -1, -1, -1, -1, -1, -1, -1, -1, -1, -1, -1, -1, -1, -1, -1, -1, -1, -1, -1, -1, -1, -1, -1, -1, -1, -1, -1, -1, -1, -1, -1, -1, -1, -1, -1, -1, -1, -1, -1, -1, -1, -1, -1, -1, -1, -1, -1, -1, -1, -1, -1, -1, -1, -1, -1, -1, -1, -1, -1, -1, -1, -1, -1, -1, -1, -1, -1, -1, -1, -1, -1, -1, -1, -1, -1, -1, -1, -1, -1, -1, -1, -1, -1, -1, -1, -1, -1, -1, -1, -1, -1, -1, -1, -1, -1, -1, -1, -1, -1, -1, -1, -1, -1, -1, -1, -1, -1, -1, -1, -1, -1, -1, -1, -1, -1, -1, -1, -1, -1, -1, -1, -1, -1, -1, -1, -1, -1, -1, -1, -1, -1, -1, -1, -1, -1, -1, -1, -1, -1, -1, -1, -1, -1, -1, -1, -1, -1, -1, -1, -1, -1, -1, -1, -1, -1, -1, -1, -1, -1, -1, -1, -1, -1, -1, -1, -1, -1, -1, -1, -1, -1, -1, -1, -1, -1, -1, -1, -1, -1, -1, -1, -1, -1, -1, -1, -1, -1, -1, -1, -1, -1, -1, -1, -1]"
150,24,30,0.5,None,1,237,"[{'cluster_no': -1, 'count': 237}]","[-1, -1, -1, -1, -1, -1, -1, -1, -1, -1, -1, -1, -1, -1, -1, -1, -1, -1, -1, -1, -1, -1, -1, -1, -1, -1, -1, -1, -1, -1, -1, -1, -1, -1, -1, -1, -1, -1, -1, -1, -1, -1, -1, -1, -1, -1, -1, -1, -1, -1, -1, -1, -1, -1, -1, -1, -1, -1, -1, -1, -1, -1, -1, -1, -1, -1, -1, -1, -1, -1, -1, -1, -1, -1, -1, -1, -1, -1, -1, -1, -1, -1, -1, -1, -1, -1, -1, -1, -1, -1, -1, -1, -1, -1, -1, -1, -1, -1, -1, -1, -1, -1, -1, -1, -1, -1, -1, -1, -1, -1, -1, -1, -1, -1, -1, -1, -1, -1, -1, -1, -1, -1, -1, -1, -1, -1, -1, -1, -1, -1, -1, -1, -1, -1, -1, -1, -1, -1, -1, -1, -1, -1, -1, -1, -1, -1, -1, -1, -1, -1, -1, -1, -1, -1, -1, -1, -1, -1, -1, -1, -1, -1, -1, -1, -1, -1, -1, -1, -1, -1, -1, -1, -1, -1, -1, -1, -1, -1, -1, -1, -1, -1, -1, -1, -1, -1, -1, -1, -1, -1, -1, -1, -1, -1, -1, -1, -1, -1, -1, -1, -1, -1, -1, -1, -1, -1, -1, -1, -1, -1, -1, -1, -1, -1, -1, -1, -1, -1, -1, -1, -1, -1, -1, -1, -1, -1, -1, -1, -1, -1, -1, -1, -1, -1, -1, -1, -1]"
150,24,30,1.0,None,1,237,"[{'cluster_no': -1, 'count': 237}]","[-1, -1, -1, -1, -1, -1, -1, -1, -1, -1, -1, -1, -1, -1, -1, -1, -1, -1, -1, -1, -1, -1, -1, -1, -1, -1, -1, -1, -1, -1, -1, -1, -1, -1, -1, -1, -1, -1, -1, -1, -1, -1, -1, -1, -1, -1, -1, -1, -1, -1, -1, -1, -1, -1, -1, -1, -1, -1, -1, -1, -1, -1, -1, -1, -1, -1, -1, -1, -1, -1, -1, -1, -1, -1, -1, -1, -1, -1, -1, -1, -1, -1, -1, -1, -1, -1, -1, -1, -1, -1, -1, -1, -1, -1, -1, -1, -1, -1, -1, -1, -1, -1, -1, -1, -1, -1, -1, -1, -1, -1, -1, -1, -1, -1, -1, -1, -1, -1, -1, -1, -1, -1, -1, -1, -1, -1, -1, -1, -1, -1, -1, -1, -1, -1, -1, -1, -1, -1, -1, -1, -1, -1, -1, -1, -1, -1, -1, -1, -1, -1, -1, -1, -1, -1, -1, -1, -1, -1, -1, -1, -1, -1, -1, -1, -1, -1, -1, -1, -1, -1, -1, -1, -1, -1, -1, -1, -1, -1, -1, -1, -1, -1, -1, -1, -1, -1, -1, -1, -1, -1, -1, -1, -1, -1, -1, -1, -1, -1, -1, -1, -1, -1, -1, -1, -1, -1, -1, -1, -1, -1, -1, -1, -1, -1, -1, -1, -1, -1, -1, -1, -1, -1, -1, -1, -1, -1, -1, -1, -1, -1, -1, -1, -1, -1, -1, -1, -1]"
150,25,5,0.0,None,1,237,"[{'cluster_no': -1, 'count': 237}]","[-1, -1, -1, -1, -1, -1, -1, -1, -1, -1, -1, -1, -1, -1, -1, -1, -1, -1, -1, -1, -1, -1, -1, -1, -1, -1, -1, -1, -1, -1, -1, -1, -1, -1, -1, -1, -1, -1, -1, -1, -1, -1, -1, -1, -1, -1, -1, -1, -1, -1, -1, -1, -1, -1, -1, -1, -1, -1, -1, -1, -1, -1, -1, -1, -1, -1, -1, -1, -1, -1, -1, -1, -1, -1, -1, -1, -1, -1, -1, -1, -1, -1, -1, -1, -1, -1, -1, -1, -1, -1, -1, -1, -1, -1, -1, -1, -1, -1, -1, -1, -1, -1, -1, -1, -1, -1, -1, -1, -1, -1, -1, -1, -1, -1, -1, -1, -1, -1, -1, -1, -1, -1, -1, -1, -1, -1, -1, -1, -1, -1, -1, -1, -1, -1, -1, -1, -1, -1, -1, -1, -1, -1, -1, -1, -1, -1, -1, -1, -1, -1, -1, -1, -1, -1, -1, -1, -1, -1, -1, -1, -1, -1, -1, -1, -1, -1, -1, -1, -1, -1, -1, -1, -1, -1, -1, -1, -1, -1, -1, -1, -1, -1, -1, -1, -1, -1, -1, -1, -1, -1, -1, -1, -1, -1, -1, -1, -1, -1, -1, -1, -1, -1, -1, -1, -1, -1, -1, -1, -1, -1, -1, -1, -1, -1, -1, -1, -1, -1, -1, -1, -1, -1, -1, -1, -1, -1, -1, -1, -1, -1, -1, -1, -1, -1, -1, -1, -1]"
150,25,5,0.5,None,1,237,"[{'cluster_no': -1, 'count': 237}]","[-1, -1, -1, -1, -1, -1, -1, -1, -1, -1, -1, -1, -1, -1, -1, -1, -1, -1, -1, -1, -1, -1, -1, -1, -1, -1, -1, -1, -1, -1, -1, -1, -1, -1, -1, -1, -1, -1, -1, -1, -1, -1, -1, -1, -1, -1, -1, -1, -1, -1, -1, -1, -1, -1, -1, -1, -1, -1, -1, -1, -1, -1, -1, -1, -1, -1, -1, -1, -1, -1, -1, -1, -1, -1, -1, -1, -1, -1, -1, -1, -1, -1, -1, -1, -1, -1, -1, -1, -1, -1, -1, -1, -1, -1, -1, -1, -1, -1, -1, -1, -1, -1, -1, -1, -1, -1, -1, -1, -1, -1, -1, -1, -1, -1, -1, -1, -1, -1, -1, -1, -1, -1, -1, -1, -1, -1, -1, -1, -1, -1, -1, -1, -1, -1, -1, -1, -1, -1, -1, -1, -1, -1, -1, -1, -1, -1, -1, -1, -1, -1, -1, -1, -1, -1, -1, -1, -1, -1, -1, -1, -1, -1, -1, -1, -1, -1, -1, -1, -1, -1, -1, -1, -1, -1, -1, -1, -1, -1, -1, -1, -1, -1, -1, -1, -1, -1, -1, -1, -1, -1, -1, -1, -1, -1, -1, -1, -1, -1, -1, -1, -1, -1, -1, -1, -1, -1, -1, -1, -1, -1, -1, -1, -1, -1, -1, -1, -1, -1, -1, -1, -1, -1, -1, -1, -1, -1, -1, -1, -1, -1, -1, -1, -1, -1, -1, -1, -1]"
150,25,5,1.0,None,1,237,"[{'cluster_no': -1, 'count': 237}]","[-1, -1, -1, -1, -1, -1, -1, -1, -1, -1, -1, -1, -1, -1, -1, -1, -1, -1, -1, -1, -1, -1, -1, -1, -1, -1, -1, -1, -1, -1, -1, -1, -1, -1, -1, -1, -1, -1, -1, -1, -1, -1, -1, -1, -1, -1, -1, -1, -1, -1, -1, -1, -1, -1, -1, -1, -1, -1, -1, -1, -1, -1, -1, -1, -1, -1, -1, -1, -1, -1, -1, -1, -1, -1, -1, -1, -1, -1, -1, -1, -1, -1, -1, -1, -1, -1, -1, -1, -1, -1, -1, -1, -1, -1, -1, -1, -1, -1, -1, -1, -1, -1, -1, -1, -1, -1, -1, -1, -1, -1, -1, -1, -1, -1, -1, -1, -1, -1, -1, -1, -1, -1, -1, -1, -1, -1, -1, -1, -1, -1, -1, -1, -1, -1, -1, -1, -1, -1, -1, -1, -1, -1, -1, -1, -1, -1, -1, -1, -1, -1, -1, -1, -1, -1, -1, -1, -1, -1, -1, -1, -1, -1, -1, -1, -1, -1, -1, -1, -1, -1, -1, -1, -1, -1, -1, -1, -1, -1, -1, -1, -1, -1, -1, -1, -1, -1, -1, -1, -1, -1, -1, -1, -1, -1, -1, -1, -1, -1, -1, -1, -1, -1, -1, -1, -1, -1, -1, -1, -1, -1, -1, -1, -1, -1, -1, -1, -1, -1, -1, -1, -1, -1, -1, -1, -1, -1, -1, -1, -1, -1, -1, -1, -1, -1, -1, -1, -1]"
150,25,6,0.0,None,1,237,"[{'cluster_no': -1, 'count': 237}]","[-1, -1, -1, -1, -1, -1, -1, -1, -1, -1, -1, -1, -1, -1, -1, -1, -1, -1, -1, -1, -1, -1, -1, -1, -1, -1, -1, -1, -1, -1, -1, -1, -1, -1, -1, -1, -1, -1, -1, -1, -1, -1, -1, -1, -1, -1, -1, -1, -1, -1, -1, -1, -1, -1, -1, -1, -1, -1, -1, -1, -1, -1, -1, -1, -1, -1, -1, -1, -1, -1, -1, -1, -1, -1, -1, -1, -1, -1, -1, -1, -1, -1, -1, -1, -1, -1, -1, -1, -1, -1, -1, -1, -1, -1, -1, -1, -1, -1, -1, -1, -1, -1, -1, -1, -1, -1, -1, -1, -1, -1, -1, -1, -1, -1, -1, -1, -1, -1, -1, -1, -1, -1, -1, -1, -1, -1, -1, -1, -1, -1, -1, -1, -1, -1, -1, -1, -1, -1, -1, -1, -1, -1, -1, -1, -1, -1, -1, -1, -1, -1, -1, -1, -1, -1, -1, -1, -1, -1, -1, -1, -1, -1, -1, -1, -1, -1, -1, -1, -1, -1, -1, -1, -1, -1, -1, -1, -1, -1, -1, -1, -1, -1, -1, -1, -1, -1, -1, -1, -1, -1, -1, -1, -1, -1, -1, -1, -1, -1, -1, -1, -1, -1, -1, -1, -1, -1, -1, -1, -1, -1, -1, -1, -1, -1, -1, -1, -1, -1, -1, -1, -1, -1, -1, -1, -1, -1, -1, -1, -1, -1, -1, -1, -1, -1, -1, -1, -1]"
150,25,6,0.5,None,1,237,"[{'cluster_no': -1, 'count': 237}]","[-1, -1, -1, -1, -1, -1, -1, -1, -1, -1, -1, -1, -1, -1, -1, -1, -1, -1, -1, -1, -1, -1, -1, -1, -1, -1, -1, -1, -1, -1, -1, -1, -1, -1, -1, -1, -1, -1, -1, -1, -1, -1, -1, -1, -1, -1, -1, -1, -1, -1, -1, -1, -1, -1, -1, -1, -1, -1, -1, -1, -1, -1, -1, -1, -1, -1, -1, -1, -1, -1, -1, -1, -1, -1, -1, -1, -1, -1, -1, -1, -1, -1, -1, -1, -1, -1, -1, -1, -1, -1, -1, -1, -1, -1, -1, -1, -1, -1, -1, -1, -1, -1, -1, -1, -1, -1, -1, -1, -1, -1, -1, -1, -1, -1, -1, -1, -1, -1, -1, -1, -1, -1, -1, -1, -1, -1, -1, -1, -1, -1, -1, -1, -1, -1, -1, -1, -1, -1, -1, -1, -1, -1, -1, -1, -1, -1, -1, -1, -1, -1, -1, -1, -1, -1, -1, -1, -1, -1, -1, -1, -1, -1, -1, -1, -1, -1, -1, -1, -1, -1, -1, -1, -1, -1, -1, -1, -1, -1, -1, -1, -1, -1, -1, -1, -1, -1, -1, -1, -1, -1, -1, -1, -1, -1, -1, -1, -1, -1, -1, -1, -1, -1, -1, -1, -1, -1, -1, -1, -1, -1, -1, -1, -1, -1, -1, -1, -1, -1, -1, -1, -1, -1, -1, -1, -1, -1, -1, -1, -1, -1, -1, -1, -1, -1, -1, -1, -1]"
150,25,6,1.0,None,1,237,"[{'cluster_no': -1, 'count': 237}]","[-1, -1, -1, -1, -1, -1, -1, -1, -1, -1, -1, -1, -1, -1, -1, -1, -1, -1, -1, -1, -1, -1, -1, -1, -1, -1, -1, -1, -1, -1, -1, -1, -1, -1, -1, -1, -1, -1, -1, -1, -1, -1, -1, -1, -1, -1, -1, -1, -1, -1, -1, -1, -1, -1, -1, -1, -1, -1, -1, -1, -1, -1, -1, -1, -1, -1, -1, -1, -1, -1, -1, -1, -1, -1, -1, -1, -1, -1, -1, -1, -1, -1, -1, -1, -1, -1, -1, -1, -1, -1, -1, -1, -1, -1, -1, -1, -1, -1, -1, -1, -1, -1, -1, -1, -1, -1, -1, -1, -1, -1, -1, -1, -1, -1, -1, -1, -1, -1, -1, -1, -1, -1, -1, -1, -1, -1, -1, -1, -1, -1, -1, -1, -1, -1, -1, -1, -1, -1, -1, -1, -1, -1, -1, -1, -1, -1, -1, -1, -1, -1, -1, -1, -1, -1, -1, -1, -1, -1, -1, -1, -1, -1, -1, -1, -1, -1, -1, -1, -1, -1, -1, -1, -1, -1, -1, -1, -1, -1, -1, -1, -1, -1, -1, -1, -1, -1, -1, -1, -1, -1, -1, -1, -1, -1, -1, -1, -1, -1, -1, -1, -1, -1, -1, -1, -1, -1, -1, -1, -1, -1, -1, -1, -1, -1, -1, -1, -1, -1, -1, -1, -1, -1, -1, -1, -1, -1, -1, -1, -1, -1, -1, -1, -1, -1, -1, -1, -1]"
150,25,7,0.0,None,1,237,"[{'cluster_no': -1, 'count': 237}]","[-1, -1, -1, -1, -1, -1, -1, -1, -1, -1, -1, -1, -1, -1, -1, -1, -1, -1, -1, -1, -1, -1, -1, -1, -1, -1, -1, -1, -1, -1, -1, -1, -1, -1, -1, -1, -1, -1, -1, -1, -1, -1, -1, -1, -1, -1, -1, -1, -1, -1, -1, -1, -1, -1, -1, -1, -1, -1, -1, -1, -1, -1, -1, -1, -1, -1, -1, -1, -1, -1, -1, -1, -1, -1, -1, -1, -1, -1, -1, -1, -1, -1, -1, -1, -1, -1, -1, -1, -1, -1, -1, -1, -1, -1, -1, -1, -1, -1, -1, -1, -1, -1, -1, -1, -1, -1, -1, -1, -1, -1, -1, -1, -1, -1, -1, -1, -1, -1, -1, -1, -1, -1, -1, -1, -1, -1, -1, -1, -1, -1, -1, -1, -1, -1, -1, -1, -1, -1, -1, -1, -1, -1, -1, -1, -1, -1, -1, -1, -1, -1, -1, -1, -1, -1, -1, -1, -1, -1, -1, -1, -1, -1, -1, -1, -1, -1, -1, -1, -1, -1, -1, -1, -1, -1, -1, -1, -1, -1, -1, -1, -1, -1, -1, -1, -1, -1, -1, -1, -1, -1, -1, -1, -1, -1, -1, -1, -1, -1, -1, -1, -1, -1, -1, -1, -1, -1, -1, -1, -1, -1, -1, -1, -1, -1, -1, -1, -1, -1, -1, -1, -1, -1, -1, -1, -1, -1, -1, -1, -1, -1, -1, -1, -1, -1, -1, -1, -1]"
150,25,7,0.5,None,1,237,"[{'cluster_no': -1, 'count': 237}]","[-1, -1, -1, -1, -1, -1, -1, -1, -1, -1, -1, -1, -1, -1, -1, -1, -1, -1, -1, -1, -1, -1, -1, -1, -1, -1, -1, -1, -1, -1, -1, -1, -1, -1, -1, -1, -1, -1, -1, -1, -1, -1, -1, -1, -1, -1, -1, -1, -1, -1, -1, -1, -1, -1, -1, -1, -1, -1, -1, -1, -1, -1, -1, -1, -1, -1, -1, -1, -1, -1, -1, -1, -1, -1, -1, -1, -1, -1, -1, -1, -1, -1, -1, -1, -1, -1, -1, -1, -1, -1, -1, -1, -1, -1, -1, -1, -1, -1, -1, -1, -1, -1, -1, -1, -1, -1, -1, -1, -1, -1, -1, -1, -1, -1, -1, -1, -1, -1, -1, -1, -1, -1, -1, -1, -1, -1, -1, -1, -1, -1, -1, -1, -1, -1, -1, -1, -1, -1, -1, -1, -1, -1, -1, -1, -1, -1, -1, -1, -1, -1, -1, -1, -1, -1, -1, -1, -1, -1, -1, -1, -1, -1, -1, -1, -1, -1, -1, -1, -1, -1, -1, -1, -1, -1, -1, -1, -1, -1, -1, -1, -1, -1, -1, -1, -1, -1, -1, -1, -1, -1, -1, -1, -1, -1, -1, -1, -1, -1, -1, -1, -1, -1, -1, -1, -1, -1, -1, -1, -1, -1, -1, -1, -1, -1, -1, -1, -1, -1, -1, -1, -1, -1, -1, -1, -1, -1, -1, -1, -1, -1, -1, -1, -1, -1, -1, -1, -1]"
150,25,7,1.0,None,1,237,"[{'cluster_no': -1, 'count': 237}]","[-1, -1, -1, -1, -1, -1, -1, -1, -1, -1, -1, -1, -1, -1, -1, -1, -1, -1, -1, -1, -1, -1, -1, -1, -1, -1, -1, -1, -1, -1, -1, -1, -1, -1, -1, -1, -1, -1, -1, -1, -1, -1, -1, -1, -1, -1, -1, -1, -1, -1, -1, -1, -1, -1, -1, -1, -1, -1, -1, -1, -1, -1, -1, -1, -1, -1, -1, -1, -1, -1, -1, -1, -1, -1, -1, -1, -1, -1, -1, -1, -1, -1, -1, -1, -1, -1, -1, -1, -1, -1, -1, -1, -1, -1, -1, -1, -1, -1, -1, -1, -1, -1, -1, -1, -1, -1, -1, -1, -1, -1, -1, -1, -1, -1, -1, -1, -1, -1, -1, -1, -1, -1, -1, -1, -1, -1, -1, -1, -1, -1, -1, -1, -1, -1, -1, -1, -1, -1, -1, -1, -1, -1, -1, -1, -1, -1, -1, -1, -1, -1, -1, -1, -1, -1, -1, -1, -1, -1, -1, -1, -1, -1, -1, -1, -1, -1, -1, -1, -1, -1, -1, -1, -1, -1, -1, -1, -1, -1, -1, -1, -1, -1, -1, -1, -1, -1, -1, -1, -1, -1, -1, -1, -1, -1, -1, -1, -1, -1, -1, -1, -1, -1, -1, -1, -1, -1, -1, -1, -1, -1, -1, -1, -1, -1, -1, -1, -1, -1, -1, -1, -1, -1, -1, -1, -1, -1, -1, -1, -1, -1, -1, -1, -1, -1, -1, -1, -1]"
150,25,8,0.0,None,1,237,"[{'cluster_no': -1, 'count': 237}]","[-1, -1, -1, -1, -1, -1, -1, -1, -1, -1, -1, -1, -1, -1, -1, -1, -1, -1, -1, -1, -1, -1, -1, -1, -1, -1, -1, -1, -1, -1, -1, -1, -1, -1, -1, -1, -1, -1, -1, -1, -1, -1, -1, -1, -1, -1, -1, -1, -1, -1, -1, -1, -1, -1, -1, -1, -1, -1, -1, -1, -1, -1, -1, -1, -1, -1, -1, -1, -1, -1, -1, -1, -1, -1, -1, -1, -1, -1, -1, -1, -1, -1, -1, -1, -1, -1, -1, -1, -1, -1, -1, -1, -1, -1, -1, -1, -1, -1, -1, -1, -1, -1, -1, -1, -1, -1, -1, -1, -1, -1, -1, -1, -1, -1, -1, -1, -1, -1, -1, -1, -1, -1, -1, -1, -1, -1, -1, -1, -1, -1, -1, -1, -1, -1, -1, -1, -1, -1, -1, -1, -1, -1, -1, -1, -1, -1, -1, -1, -1, -1, -1, -1, -1, -1, -1, -1, -1, -1, -1, -1, -1, -1, -1, -1, -1, -1, -1, -1, -1, -1, -1, -1, -1, -1, -1, -1, -1, -1, -1, -1, -1, -1, -1, -1, -1, -1, -1, -1, -1, -1, -1, -1, -1, -1, -1, -1, -1, -1, -1, -1, -1, -1, -1, -1, -1, -1, -1, -1, -1, -1, -1, -1, -1, -1, -1, -1, -1, -1, -1, -1, -1, -1, -1, -1, -1, -1, -1, -1, -1, -1, -1, -1, -1, -1, -1, -1, -1]"
150,25,8,0.5,None,1,237,"[{'cluster_no': -1, 'count': 237}]","[-1, -1, -1, -1, -1, -1, -1, -1, -1, -1, -1, -1, -1, -1, -1, -1, -1, -1, -1, -1, -1, -1, -1, -1, -1, -1, -1, -1, -1, -1, -1, -1, -1, -1, -1, -1, -1, -1, -1, -1, -1, -1, -1, -1, -1, -1, -1, -1, -1, -1, -1, -1, -1, -1, -1, -1, -1, -1, -1, -1, -1, -1, -1, -1, -1, -1, -1, -1, -1, -1, -1, -1, -1, -1, -1, -1, -1, -1, -1, -1, -1, -1, -1, -1, -1, -1, -1, -1, -1, -1, -1, -1, -1, -1, -1, -1, -1, -1, -1, -1, -1, -1, -1, -1, -1, -1, -1, -1, -1, -1, -1, -1, -1, -1, -1, -1, -1, -1, -1, -1, -1, -1, -1, -1, -1, -1, -1, -1, -1, -1, -1, -1, -1, -1, -1, -1, -1, -1, -1, -1, -1, -1, -1, -1, -1, -1, -1, -1, -1, -1, -1, -1, -1, -1, -1, -1, -1, -1, -1, -1, -1, -1, -1, -1, -1, -1, -1, -1, -1, -1, -1, -1, -1, -1, -1, -1, -1, -1, -1, -1, -1, -1, -1, -1, -1, -1, -1, -1, -1, -1, -1, -1, -1, -1, -1, -1, -1, -1, -1, -1, -1, -1, -1, -1, -1, -1, -1, -1, -1, -1, -1, -1, -1, -1, -1, -1, -1, -1, -1, -1, -1, -1, -1, -1, -1, -1, -1, -1, -1, -1, -1, -1, -1, -1, -1, -1, -1]"
150,25,8,1.0,None,1,237,"[{'cluster_no': -1, 'count': 237}]","[-1, -1, -1, -1, -1, -1, -1, -1, -1, -1, -1, -1, -1, -1, -1, -1, -1, -1, -1, -1, -1, -1, -1, -1, -1, -1, -1, -1, -1, -1, -1, -1, -1, -1, -1, -1, -1, -1, -1, -1, -1, -1, -1, -1, -1, -1, -1, -1, -1, -1, -1, -1, -1, -1, -1, -1, -1, -1, -1, -1, -1, -1, -1, -1, -1, -1, -1, -1, -1, -1, -1, -1, -1, -1, -1, -1, -1, -1, -1, -1, -1, -1, -1, -1, -1, -1, -1, -1, -1, -1, -1, -1, -1, -1, -1, -1, -1, -1, -1, -1, -1, -1, -1, -1, -1, -1, -1, -1, -1, -1, -1, -1, -1, -1, -1, -1, -1, -1, -1, -1, -1, -1, -1, -1, -1, -1, -1, -1, -1, -1, -1, -1, -1, -1, -1, -1, -1, -1, -1, -1, -1, -1, -1, -1, -1, -1, -1, -1, -1, -1, -1, -1, -1, -1, -1, -1, -1, -1, -1, -1, -1, -1, -1, -1, -1, -1, -1, -1, -1, -1, -1, -1, -1, -1, -1, -1, -1, -1, -1, -1, -1, -1, -1, -1, -1, -1, -1, -1, -1, -1, -1, -1, -1, -1, -1, -1, -1, -1, -1, -1, -1, -1, -1, -1, -1, -1, -1, -1, -1, -1, -1, -1, -1, -1, -1, -1, -1, -1, -1, -1, -1, -1, -1, -1, -1, -1, -1, -1, -1, -1, -1, -1, -1, -1, -1, -1, -1]"
150,25,9,0.0,None,1,237,"[{'cluster_no': -1, 'count': 237}]","[-1, -1, -1, -1, -1, -1, -1, -1, -1, -1, -1, -1, -1, -1, -1, -1, -1, -1, -1, -1, -1, -1, -1, -1, -1, -1, -1, -1, -1, -1, -1, -1, -1, -1, -1, -1, -1, -1, -1, -1, -1, -1, -1, -1, -1, -1, -1, -1, -1, -1, -1, -1, -1, -1, -1, -1, -1, -1, -1, -1, -1, -1, -1, -1, -1, -1, -1, -1, -1, -1, -1, -1, -1, -1, -1, -1, -1, -1, -1, -1, -1, -1, -1, -1, -1, -1, -1, -1, -1, -1, -1, -1, -1, -1, -1, -1, -1, -1, -1, -1, -1, -1, -1, -1, -1, -1, -1, -1, -1, -1, -1, -1, -1, -1, -1, -1, -1, -1, -1, -1, -1, -1, -1, -1, -1, -1, -1, -1, -1, -1, -1, -1, -1, -1, -1, -1, -1, -1, -1, -1, -1, -1, -1, -1, -1, -1, -1, -1, -1, -1, -1, -1, -1, -1, -1, -1, -1, -1, -1, -1, -1, -1, -1, -1, -1, -1, -1, -1, -1, -1, -1, -1, -1, -1, -1, -1, -1, -1, -1, -1, -1, -1, -1, -1, -1, -1, -1, -1, -1, -1, -1, -1, -1, -1, -1, -1, -1, -1, -1, -1, -1, -1, -1, -1, -1, -1, -1, -1, -1, -1, -1, -1, -1, -1, -1, -1, -1, -1, -1, -1, -1, -1, -1, -1, -1, -1, -1, -1, -1, -1, -1, -1, -1, -1, -1, -1, -1]"
150,25,9,0.5,None,1,237,"[{'cluster_no': -1, 'count': 237}]","[-1, -1, -1, -1, -1, -1, -1, -1, -1, -1, -1, -1, -1, -1, -1, -1, -1, -1, -1, -1, -1, -1, -1, -1, -1, -1, -1, -1, -1, -1, -1, -1, -1, -1, -1, -1, -1, -1, -1, -1, -1, -1, -1, -1, -1, -1, -1, -1, -1, -1, -1, -1, -1, -1, -1, -1, -1, -1, -1, -1, -1, -1, -1, -1, -1, -1, -1, -1, -1, -1, -1, -1, -1, -1, -1, -1, -1, -1, -1, -1, -1, -1, -1, -1, -1, -1, -1, -1, -1, -1, -1, -1, -1, -1, -1, -1, -1, -1, -1, -1, -1, -1, -1, -1, -1, -1, -1, -1, -1, -1, -1, -1, -1, -1, -1, -1, -1, -1, -1, -1, -1, -1, -1, -1, -1, -1, -1, -1, -1, -1, -1, -1, -1, -1, -1, -1, -1, -1, -1, -1, -1, -1, -1, -1, -1, -1, -1, -1, -1, -1, -1, -1, -1, -1, -1, -1, -1, -1, -1, -1, -1, -1, -1, -1, -1, -1, -1, -1, -1, -1, -1, -1, -1, -1, -1, -1, -1, -1, -1, -1, -1, -1, -1, -1, -1, -1, -1, -1, -1, -1, -1, -1, -1, -1, -1, -1, -1, -1, -1, -1, -1, -1, -1, -1, -1, -1, -1, -1, -1, -1, -1, -1, -1, -1, -1, -1, -1, -1, -1, -1, -1, -1, -1, -1, -1, -1, -1, -1, -1, -1, -1, -1, -1, -1, -1, -1, -1]"
150,25,9,1.0,None,1,237,"[{'cluster_no': -1, 'count': 237}]","[-1, -1, -1, -1, -1, -1, -1, -1, -1, -1, -1, -1, -1, -1, -1, -1, -1, -1, -1, -1, -1, -1, -1, -1, -1, -1, -1, -1, -1, -1, -1, -1, -1, -1, -1, -1, -1, -1, -1, -1, -1, -1, -1, -1, -1, -1, -1, -1, -1, -1, -1, -1, -1, -1, -1, -1, -1, -1, -1, -1, -1, -1, -1, -1, -1, -1, -1, -1, -1, -1, -1, -1, -1, -1, -1, -1, -1, -1, -1, -1, -1, -1, -1, -1, -1, -1, -1, -1, -1, -1, -1, -1, -1, -1, -1, -1, -1, -1, -1, -1, -1, -1, -1, -1, -1, -1, -1, -1, -1, -1, -1, -1, -1, -1, -1, -1, -1, -1, -1, -1, -1, -1, -1, -1, -1, -1, -1, -1, -1, -1, -1, -1, -1, -1, -1, -1, -1, -1, -1, -1, -1, -1, -1, -1, -1, -1, -1, -1, -1, -1, -1, -1, -1, -1, -1, -1, -1, -1, -1, -1, -1, -1, -1, -1, -1, -1, -1, -1, -1, -1, -1, -1, -1, -1, -1, -1, -1, -1, -1, -1, -1, -1, -1, -1, -1, -1, -1, -1, -1, -1, -1, -1, -1, -1, -1, -1, -1, -1, -1, -1, -1, -1, -1, -1, -1, -1, -1, -1, -1, -1, -1, -1, -1, -1, -1, -1, -1, -1, -1, -1, -1, -1, -1, -1, -1, -1, -1, -1, -1, -1, -1, -1, -1, -1, -1, -1, -1]"
150,25,10,0.0,None,1,237,"[{'cluster_no': -1, 'count': 237}]","[-1, -1, -1, -1, -1, -1, -1, -1, -1, -1, -1, -1, -1, -1, -1, -1, -1, -1, -1, -1, -1, -1, -1, -1, -1, -1, -1, -1, -1, -1, -1, -1, -1, -1, -1, -1, -1, -1, -1, -1, -1, -1, -1, -1, -1, -1, -1, -1, -1, -1, -1, -1, -1, -1, -1, -1, -1, -1, -1, -1, -1, -1, -1, -1, -1, -1, -1, -1, -1, -1, -1, -1, -1, -1, -1, -1, -1, -1, -1, -1, -1, -1, -1, -1, -1, -1, -1, -1, -1, -1, -1, -1, -1, -1, -1, -1, -1, -1, -1, -1, -1, -1, -1, -1, -1, -1, -1, -1, -1, -1, -1, -1, -1, -1, -1, -1, -1, -1, -1, -1, -1, -1, -1, -1, -1, -1, -1, -1, -1, -1, -1, -1, -1, -1, -1, -1, -1, -1, -1, -1, -1, -1, -1, -1, -1, -1, -1, -1, -1, -1, -1, -1, -1, -1, -1, -1, -1, -1, -1, -1, -1, -1, -1, -1, -1, -1, -1, -1, -1, -1, -1, -1, -1, -1, -1, -1, -1, -1, -1, -1, -1, -1, -1, -1, -1, -1, -1, -1, -1, -1, -1, -1, -1, -1, -1, -1, -1, -1, -1, -1, -1, -1, -1, -1, -1, -1, -1, -1, -1, -1, -1, -1, -1, -1, -1, -1, -1, -1, -1, -1, -1, -1, -1, -1, -1, -1, -1, -1, -1, -1, -1, -1, -1, -1, -1, -1, -1]"
150,25,10,0.5,None,1,237,"[{'cluster_no': -1, 'count': 237}]","[-1, -1, -1, -1, -1, -1, -1, -1, -1, -1, -1, -1, -1, -1, -1, -1, -1, -1, -1, -1, -1, -1, -1, -1, -1, -1, -1, -1, -1, -1, -1, -1, -1, -1, -1, -1, -1, -1, -1, -1, -1, -1, -1, -1, -1, -1, -1, -1, -1, -1, -1, -1, -1, -1, -1, -1, -1, -1, -1, -1, -1, -1, -1, -1, -1, -1, -1, -1, -1, -1, -1, -1, -1, -1, -1, -1, -1, -1, -1, -1, -1, -1, -1, -1, -1, -1, -1, -1, -1, -1, -1, -1, -1, -1, -1, -1, -1, -1, -1, -1, -1, -1, -1, -1, -1, -1, -1, -1, -1, -1, -1, -1, -1, -1, -1, -1, -1, -1, -1, -1, -1, -1, -1, -1, -1, -1, -1, -1, -1, -1, -1, -1, -1, -1, -1, -1, -1, -1, -1, -1, -1, -1, -1, -1, -1, -1, -1, -1, -1, -1, -1, -1, -1, -1, -1, -1, -1, -1, -1, -1, -1, -1, -1, -1, -1, -1, -1, -1, -1, -1, -1, -1, -1, -1, -1, -1, -1, -1, -1, -1, -1, -1, -1, -1, -1, -1, -1, -1, -1, -1, -1, -1, -1, -1, -1, -1, -1, -1, -1, -1, -1, -1, -1, -1, -1, -1, -1, -1, -1, -1, -1, -1, -1, -1, -1, -1, -1, -1, -1, -1, -1, -1, -1, -1, -1, -1, -1, -1, -1, -1, -1, -1, -1, -1, -1, -1, -1]"
150,25,10,1.0,None,1,237,"[{'cluster_no': -1, 'count': 237}]","[-1, -1, -1, -1, -1, -1, -1, -1, -1, -1, -1, -1, -1, -1, -1, -1, -1, -1, -1, -1, -1, -1, -1, -1, -1, -1, -1, -1, -1, -1, -1, -1, -1, -1, -1, -1, -1, -1, -1, -1, -1, -1, -1, -1, -1, -1, -1, -1, -1, -1, -1, -1, -1, -1, -1, -1, -1, -1, -1, -1, -1, -1, -1, -1, -1, -1, -1, -1, -1, -1, -1, -1, -1, -1, -1, -1, -1, -1, -1, -1, -1, -1, -1, -1, -1, -1, -1, -1, -1, -1, -1, -1, -1, -1, -1, -1, -1, -1, -1, -1, -1, -1, -1, -1, -1, -1, -1, -1, -1, -1, -1, -1, -1, -1, -1, -1, -1, -1, -1, -1, -1, -1, -1, -1, -1, -1, -1, -1, -1, -1, -1, -1, -1, -1, -1, -1, -1, -1, -1, -1, -1, -1, -1, -1, -1, -1, -1, -1, -1, -1, -1, -1, -1, -1, -1, -1, -1, -1, -1, -1, -1, -1, -1, -1, -1, -1, -1, -1, -1, -1, -1, -1, -1, -1, -1, -1, -1, -1, -1, -1, -1, -1, -1, -1, -1, -1, -1, -1, -1, -1, -1, -1, -1, -1, -1, -1, -1, -1, -1, -1, -1, -1, -1, -1, -1, -1, -1, -1, -1, -1, -1, -1, -1, -1, -1, -1, -1, -1, -1, -1, -1, -1, -1, -1, -1, -1, -1, -1, -1, -1, -1, -1, -1, -1, -1, -1, -1]"
150,25,11,0.0,None,1,237,"[{'cluster_no': -1, 'count': 237}]","[-1, -1, -1, -1, -1, -1, -1, -1, -1, -1, -1, -1, -1, -1, -1, -1, -1, -1, -1, -1, -1, -1, -1, -1, -1, -1, -1, -1, -1, -1, -1, -1, -1, -1, -1, -1, -1, -1, -1, -1, -1, -1, -1, -1, -1, -1, -1, -1, -1, -1, -1, -1, -1, -1, -1, -1, -1, -1, -1, -1, -1, -1, -1, -1, -1, -1, -1, -1, -1, -1, -1, -1, -1, -1, -1, -1, -1, -1, -1, -1, -1, -1, -1, -1, -1, -1, -1, -1, -1, -1, -1, -1, -1, -1, -1, -1, -1, -1, -1, -1, -1, -1, -1, -1, -1, -1, -1, -1, -1, -1, -1, -1, -1, -1, -1, -1, -1, -1, -1, -1, -1, -1, -1, -1, -1, -1, -1, -1, -1, -1, -1, -1, -1, -1, -1, -1, -1, -1, -1, -1, -1, -1, -1, -1, -1, -1, -1, -1, -1, -1, -1, -1, -1, -1, -1, -1, -1, -1, -1, -1, -1, -1, -1, -1, -1, -1, -1, -1, -1, -1, -1, -1, -1, -1, -1, -1, -1, -1, -1, -1, -1, -1, -1, -1, -1, -1, -1, -1, -1, -1, -1, -1, -1, -1, -1, -1, -1, -1, -1, -1, -1, -1, -1, -1, -1, -1, -1, -1, -1, -1, -1, -1, -1, -1, -1, -1, -1, -1, -1, -1, -1, -1, -1, -1, -1, -1, -1, -1, -1, -1, -1, -1, -1, -1, -1, -1, -1]"
150,25,11,0.5,None,1,237,"[{'cluster_no': -1, 'count': 237}]","[-1, -1, -1, -1, -1, -1, -1, -1, -1, -1, -1, -1, -1, -1, -1, -1, -1, -1, -1, -1, -1, -1, -1, -1, -1, -1, -1, -1, -1, -1, -1, -1, -1, -1, -1, -1, -1, -1, -1, -1, -1, -1, -1, -1, -1, -1, -1, -1, -1, -1, -1, -1, -1, -1, -1, -1, -1, -1, -1, -1, -1, -1, -1, -1, -1, -1, -1, -1, -1, -1, -1, -1, -1, -1, -1, -1, -1, -1, -1, -1, -1, -1, -1, -1, -1, -1, -1, -1, -1, -1, -1, -1, -1, -1, -1, -1, -1, -1, -1, -1, -1, -1, -1, -1, -1, -1, -1, -1, -1, -1, -1, -1, -1, -1, -1, -1, -1, -1, -1, -1, -1, -1, -1, -1, -1, -1, -1, -1, -1, -1, -1, -1, -1, -1, -1, -1, -1, -1, -1, -1, -1, -1, -1, -1, -1, -1, -1, -1, -1, -1, -1, -1, -1, -1, -1, -1, -1, -1, -1, -1, -1, -1, -1, -1, -1, -1, -1, -1, -1, -1, -1, -1, -1, -1, -1, -1, -1, -1, -1, -1, -1, -1, -1, -1, -1, -1, -1, -1, -1, -1, -1, -1, -1, -1, -1, -1, -1, -1, -1, -1, -1, -1, -1, -1, -1, -1, -1, -1, -1, -1, -1, -1, -1, -1, -1, -1, -1, -1, -1, -1, -1, -1, -1, -1, -1, -1, -1, -1, -1, -1, -1, -1, -1, -1, -1, -1, -1]"
150,25,11,1.0,None,1,237,"[{'cluster_no': -1, 'count': 237}]","[-1, -1, -1, -1, -1, -1, -1, -1, -1, -1, -1, -1, -1, -1, -1, -1, -1, -1, -1, -1, -1, -1, -1, -1, -1, -1, -1, -1, -1, -1, -1, -1, -1, -1, -1, -1, -1, -1, -1, -1, -1, -1, -1, -1, -1, -1, -1, -1, -1, -1, -1, -1, -1, -1, -1, -1, -1, -1, -1, -1, -1, -1, -1, -1, -1, -1, -1, -1, -1, -1, -1, -1, -1, -1, -1, -1, -1, -1, -1, -1, -1, -1, -1, -1, -1, -1, -1, -1, -1, -1, -1, -1, -1, -1, -1, -1, -1, -1, -1, -1, -1, -1, -1, -1, -1, -1, -1, -1, -1, -1, -1, -1, -1, -1, -1, -1, -1, -1, -1, -1, -1, -1, -1, -1, -1, -1, -1, -1, -1, -1, -1, -1, -1, -1, -1, -1, -1, -1, -1, -1, -1, -1, -1, -1, -1, -1, -1, -1, -1, -1, -1, -1, -1, -1, -1, -1, -1, -1, -1, -1, -1, -1, -1, -1, -1, -1, -1, -1, -1, -1, -1, -1, -1, -1, -1, -1, -1, -1, -1, -1, -1, -1, -1, -1, -1, -1, -1, -1, -1, -1, -1, -1, -1, -1, -1, -1, -1, -1, -1, -1, -1, -1, -1, -1, -1, -1, -1, -1, -1, -1, -1, -1, -1, -1, -1, -1, -1, -1, -1, -1, -1, -1, -1, -1, -1, -1, -1, -1, -1, -1, -1, -1, -1, -1, -1, -1, -1]"
150,25,12,0.0,None,1,237,"[{'cluster_no': -1, 'count': 237}]","[-1, -1, -1, -1, -1, -1, -1, -1, -1, -1, -1, -1, -1, -1, -1, -1, -1, -1, -1, -1, -1, -1, -1, -1, -1, -1, -1, -1, -1, -1, -1, -1, -1, -1, -1, -1, -1, -1, -1, -1, -1, -1, -1, -1, -1, -1, -1, -1, -1, -1, -1, -1, -1, -1, -1, -1, -1, -1, -1, -1, -1, -1, -1, -1, -1, -1, -1, -1, -1, -1, -1, -1, -1, -1, -1, -1, -1, -1, -1, -1, -1, -1, -1, -1, -1, -1, -1, -1, -1, -1, -1, -1, -1, -1, -1, -1, -1, -1, -1, -1, -1, -1, -1, -1, -1, -1, -1, -1, -1, -1, -1, -1, -1, -1, -1, -1, -1, -1, -1, -1, -1, -1, -1, -1, -1, -1, -1, -1, -1, -1, -1, -1, -1, -1, -1, -1, -1, -1, -1, -1, -1, -1, -1, -1, -1, -1, -1, -1, -1, -1, -1, -1, -1, -1, -1, -1, -1, -1, -1, -1, -1, -1, -1, -1, -1, -1, -1, -1, -1, -1, -1, -1, -1, -1, -1, -1, -1, -1, -1, -1, -1, -1, -1, -1, -1, -1, -1, -1, -1, -1, -1, -1, -1, -1, -1, -1, -1, -1, -1, -1, -1, -1, -1, -1, -1, -1, -1, -1, -1, -1, -1, -1, -1, -1, -1, -1, -1, -1, -1, -1, -1, -1, -1, -1, -1, -1, -1, -1, -1, -1, -1, -1, -1, -1, -1, -1, -1]"
150,25,12,0.5,None,1,237,"[{'cluster_no': -1, 'count': 237}]","[-1, -1, -1, -1, -1, -1, -1, -1, -1, -1, -1, -1, -1, -1, -1, -1, -1, -1, -1, -1, -1, -1, -1, -1, -1, -1, -1, -1, -1, -1, -1, -1, -1, -1, -1, -1, -1, -1, -1, -1, -1, -1, -1, -1, -1, -1, -1, -1, -1, -1, -1, -1, -1, -1, -1, -1, -1, -1, -1, -1, -1, -1, -1, -1, -1, -1, -1, -1, -1, -1, -1, -1, -1, -1, -1, -1, -1, -1, -1, -1, -1, -1, -1, -1, -1, -1, -1, -1, -1, -1, -1, -1, -1, -1, -1, -1, -1, -1, -1, -1, -1, -1, -1, -1, -1, -1, -1, -1, -1, -1, -1, -1, -1, -1, -1, -1, -1, -1, -1, -1, -1, -1, -1, -1, -1, -1, -1, -1, -1, -1, -1, -1, -1, -1, -1, -1, -1, -1, -1, -1, -1, -1, -1, -1, -1, -1, -1, -1, -1, -1, -1, -1, -1, -1, -1, -1, -1, -1, -1, -1, -1, -1, -1, -1, -1, -1, -1, -1, -1, -1, -1, -1, -1, -1, -1, -1, -1, -1, -1, -1, -1, -1, -1, -1, -1, -1, -1, -1, -1, -1, -1, -1, -1, -1, -1, -1, -1, -1, -1, -1, -1, -1, -1, -1, -1, -1, -1, -1, -1, -1, -1, -1, -1, -1, -1, -1, -1, -1, -1, -1, -1, -1, -1, -1, -1, -1, -1, -1, -1, -1, -1, -1, -1, -1, -1, -1, -1]"
150,25,12,1.0,None,1,237,"[{'cluster_no': -1, 'count': 237}]","[-1, -1, -1, -1, -1, -1, -1, -1, -1, -1, -1, -1, -1, -1, -1, -1, -1, -1, -1, -1, -1, -1, -1, -1, -1, -1, -1, -1, -1, -1, -1, -1, -1, -1, -1, -1, -1, -1, -1, -1, -1, -1, -1, -1, -1, -1, -1, -1, -1, -1, -1, -1, -1, -1, -1, -1, -1, -1, -1, -1, -1, -1, -1, -1, -1, -1, -1, -1, -1, -1, -1, -1, -1, -1, -1, -1, -1, -1, -1, -1, -1, -1, -1, -1, -1, -1, -1, -1, -1, -1, -1, -1, -1, -1, -1, -1, -1, -1, -1, -1, -1, -1, -1, -1, -1, -1, -1, -1, -1, -1, -1, -1, -1, -1, -1, -1, -1, -1, -1, -1, -1, -1, -1, -1, -1, -1, -1, -1, -1, -1, -1, -1, -1, -1, -1, -1, -1, -1, -1, -1, -1, -1, -1, -1, -1, -1, -1, -1, -1, -1, -1, -1, -1, -1, -1, -1, -1, -1, -1, -1, -1, -1, -1, -1, -1, -1, -1, -1, -1, -1, -1, -1, -1, -1, -1, -1, -1, -1, -1, -1, -1, -1, -1, -1, -1, -1, -1, -1, -1, -1, -1, -1, -1, -1, -1, -1, -1, -1, -1, -1, -1, -1, -1, -1, -1, -1, -1, -1, -1, -1, -1, -1, -1, -1, -1, -1, -1, -1, -1, -1, -1, -1, -1, -1, -1, -1, -1, -1, -1, -1, -1, -1, -1, -1, -1, -1, -1]"
150,25,13,0.0,None,1,237,"[{'cluster_no': -1, 'count': 237}]","[-1, -1, -1, -1, -1, -1, -1, -1, -1, -1, -1, -1, -1, -1, -1, -1, -1, -1, -1, -1, -1, -1, -1, -1, -1, -1, -1, -1, -1, -1, -1, -1, -1, -1, -1, -1, -1, -1, -1, -1, -1, -1, -1, -1, -1, -1, -1, -1, -1, -1, -1, -1, -1, -1, -1, -1, -1, -1, -1, -1, -1, -1, -1, -1, -1, -1, -1, -1, -1, -1, -1, -1, -1, -1, -1, -1, -1, -1, -1, -1, -1, -1, -1, -1, -1, -1, -1, -1, -1, -1, -1, -1, -1, -1, -1, -1, -1, -1, -1, -1, -1, -1, -1, -1, -1, -1, -1, -1, -1, -1, -1, -1, -1, -1, -1, -1, -1, -1, -1, -1, -1, -1, -1, -1, -1, -1, -1, -1, -1, -1, -1, -1, -1, -1, -1, -1, -1, -1, -1, -1, -1, -1, -1, -1, -1, -1, -1, -1, -1, -1, -1, -1, -1, -1, -1, -1, -1, -1, -1, -1, -1, -1, -1, -1, -1, -1, -1, -1, -1, -1, -1, -1, -1, -1, -1, -1, -1, -1, -1, -1, -1, -1, -1, -1, -1, -1, -1, -1, -1, -1, -1, -1, -1, -1, -1, -1, -1, -1, -1, -1, -1, -1, -1, -1, -1, -1, -1, -1, -1, -1, -1, -1, -1, -1, -1, -1, -1, -1, -1, -1, -1, -1, -1, -1, -1, -1, -1, -1, -1, -1, -1, -1, -1, -1, -1, -1, -1]"
150,25,13,0.5,None,1,237,"[{'cluster_no': -1, 'count': 237}]","[-1, -1, -1, -1, -1, -1, -1, -1, -1, -1, -1, -1, -1, -1, -1, -1, -1, -1, -1, -1, -1, -1, -1, -1, -1, -1, -1, -1, -1, -1, -1, -1, -1, -1, -1, -1, -1, -1, -1, -1, -1, -1, -1, -1, -1, -1, -1, -1, -1, -1, -1, -1, -1, -1, -1, -1, -1, -1, -1, -1, -1, -1, -1, -1, -1, -1, -1, -1, -1, -1, -1, -1, -1, -1, -1, -1, -1, -1, -1, -1, -1, -1, -1, -1, -1, -1, -1, -1, -1, -1, -1, -1, -1, -1, -1, -1, -1, -1, -1, -1, -1, -1, -1, -1, -1, -1, -1, -1, -1, -1, -1, -1, -1, -1, -1, -1, -1, -1, -1, -1, -1, -1, -1, -1, -1, -1, -1, -1, -1, -1, -1, -1, -1, -1, -1, -1, -1, -1, -1, -1, -1, -1, -1, -1, -1, -1, -1, -1, -1, -1, -1, -1, -1, -1, -1, -1, -1, -1, -1, -1, -1, -1, -1, -1, -1, -1, -1, -1, -1, -1, -1, -1, -1, -1, -1, -1, -1, -1, -1, -1, -1, -1, -1, -1, -1, -1, -1, -1, -1, -1, -1, -1, -1, -1, -1, -1, -1, -1, -1, -1, -1, -1, -1, -1, -1, -1, -1, -1, -1, -1, -1, -1, -1, -1, -1, -1, -1, -1, -1, -1, -1, -1, -1, -1, -1, -1, -1, -1, -1, -1, -1, -1, -1, -1, -1, -1, -1]"
150,25,13,1.0,None,1,237,"[{'cluster_no': -1, 'count': 237}]","[-1, -1, -1, -1, -1, -1, -1, -1, -1, -1, -1, -1, -1, -1, -1, -1, -1, -1, -1, -1, -1, -1, -1, -1, -1, -1, -1, -1, -1, -1, -1, -1, -1, -1, -1, -1, -1, -1, -1, -1, -1, -1, -1, -1, -1, -1, -1, -1, -1, -1, -1, -1, -1, -1, -1, -1, -1, -1, -1, -1, -1, -1, -1, -1, -1, -1, -1, -1, -1, -1, -1, -1, -1, -1, -1, -1, -1, -1, -1, -1, -1, -1, -1, -1, -1, -1, -1, -1, -1, -1, -1, -1, -1, -1, -1, -1, -1, -1, -1, -1, -1, -1, -1, -1, -1, -1, -1, -1, -1, -1, -1, -1, -1, -1, -1, -1, -1, -1, -1, -1, -1, -1, -1, -1, -1, -1, -1, -1, -1, -1, -1, -1, -1, -1, -1, -1, -1, -1, -1, -1, -1, -1, -1, -1, -1, -1, -1, -1, -1, -1, -1, -1, -1, -1, -1, -1, -1, -1, -1, -1, -1, -1, -1, -1, -1, -1, -1, -1, -1, -1, -1, -1, -1, -1, -1, -1, -1, -1, -1, -1, -1, -1, -1, -1, -1, -1, -1, -1, -1, -1, -1, -1, -1, -1, -1, -1, -1, -1, -1, -1, -1, -1, -1, -1, -1, -1, -1, -1, -1, -1, -1, -1, -1, -1, -1, -1, -1, -1, -1, -1, -1, -1, -1, -1, -1, -1, -1, -1, -1, -1, -1, -1, -1, -1, -1, -1, -1]"
150,25,14,0.0,None,1,237,"[{'cluster_no': -1, 'count': 237}]","[-1, -1, -1, -1, -1, -1, -1, -1, -1, -1, -1, -1, -1, -1, -1, -1, -1, -1, -1, -1, -1, -1, -1, -1, -1, -1, -1, -1, -1, -1, -1, -1, -1, -1, -1, -1, -1, -1, -1, -1, -1, -1, -1, -1, -1, -1, -1, -1, -1, -1, -1, -1, -1, -1, -1, -1, -1, -1, -1, -1, -1, -1, -1, -1, -1, -1, -1, -1, -1, -1, -1, -1, -1, -1, -1, -1, -1, -1, -1, -1, -1, -1, -1, -1, -1, -1, -1, -1, -1, -1, -1, -1, -1, -1, -1, -1, -1, -1, -1, -1, -1, -1, -1, -1, -1, -1, -1, -1, -1, -1, -1, -1, -1, -1, -1, -1, -1, -1, -1, -1, -1, -1, -1, -1, -1, -1, -1, -1, -1, -1, -1, -1, -1, -1, -1, -1, -1, -1, -1, -1, -1, -1, -1, -1, -1, -1, -1, -1, -1, -1, -1, -1, -1, -1, -1, -1, -1, -1, -1, -1, -1, -1, -1, -1, -1, -1, -1, -1, -1, -1, -1, -1, -1, -1, -1, -1, -1, -1, -1, -1, -1, -1, -1, -1, -1, -1, -1, -1, -1, -1, -1, -1, -1, -1, -1, -1, -1, -1, -1, -1, -1, -1, -1, -1, -1, -1, -1, -1, -1, -1, -1, -1, -1, -1, -1, -1, -1, -1, -1, -1, -1, -1, -1, -1, -1, -1, -1, -1, -1, -1, -1, -1, -1, -1, -1, -1, -1]"
150,25,14,0.5,None,1,237,"[{'cluster_no': -1, 'count': 237}]","[-1, -1, -1, -1, -1, -1, -1, -1, -1, -1, -1, -1, -1, -1, -1, -1, -1, -1, -1, -1, -1, -1, -1, -1, -1, -1, -1, -1, -1, -1, -1, -1, -1, -1, -1, -1, -1, -1, -1, -1, -1, -1, -1, -1, -1, -1, -1, -1, -1, -1, -1, -1, -1, -1, -1, -1, -1, -1, -1, -1, -1, -1, -1, -1, -1, -1, -1, -1, -1, -1, -1, -1, -1, -1, -1, -1, -1, -1, -1, -1, -1, -1, -1, -1, -1, -1, -1, -1, -1, -1, -1, -1, -1, -1, -1, -1, -1, -1, -1, -1, -1, -1, -1, -1, -1, -1, -1, -1, -1, -1, -1, -1, -1, -1, -1, -1, -1, -1, -1, -1, -1, -1, -1, -1, -1, -1, -1, -1, -1, -1, -1, -1, -1, -1, -1, -1, -1, -1, -1, -1, -1, -1, -1, -1, -1, -1, -1, -1, -1, -1, -1, -1, -1, -1, -1, -1, -1, -1, -1, -1, -1, -1, -1, -1, -1, -1, -1, -1, -1, -1, -1, -1, -1, -1, -1, -1, -1, -1, -1, -1, -1, -1, -1, -1, -1, -1, -1, -1, -1, -1, -1, -1, -1, -1, -1, -1, -1, -1, -1, -1, -1, -1, -1, -1, -1, -1, -1, -1, -1, -1, -1, -1, -1, -1, -1, -1, -1, -1, -1, -1, -1, -1, -1, -1, -1, -1, -1, -1, -1, -1, -1, -1, -1, -1, -1, -1, -1]"
150,25,14,1.0,None,1,237,"[{'cluster_no': -1, 'count': 237}]","[-1, -1, -1, -1, -1, -1, -1, -1, -1, -1, -1, -1, -1, -1, -1, -1, -1, -1, -1, -1, -1, -1, -1, -1, -1, -1, -1, -1, -1, -1, -1, -1, -1, -1, -1, -1, -1, -1, -1, -1, -1, -1, -1, -1, -1, -1, -1, -1, -1, -1, -1, -1, -1, -1, -1, -1, -1, -1, -1, -1, -1, -1, -1, -1, -1, -1, -1, -1, -1, -1, -1, -1, -1, -1, -1, -1, -1, -1, -1, -1, -1, -1, -1, -1, -1, -1, -1, -1, -1, -1, -1, -1, -1, -1, -1, -1, -1, -1, -1, -1, -1, -1, -1, -1, -1, -1, -1, -1, -1, -1, -1, -1, -1, -1, -1, -1, -1, -1, -1, -1, -1, -1, -1, -1, -1, -1, -1, -1, -1, -1, -1, -1, -1, -1, -1, -1, -1, -1, -1, -1, -1, -1, -1, -1, -1, -1, -1, -1, -1, -1, -1, -1, -1, -1, -1, -1, -1, -1, -1, -1, -1, -1, -1, -1, -1, -1, -1, -1, -1, -1, -1, -1, -1, -1, -1, -1, -1, -1, -1, -1, -1, -1, -1, -1, -1, -1, -1, -1, -1, -1, -1, -1, -1, -1, -1, -1, -1, -1, -1, -1, -1, -1, -1, -1, -1, -1, -1, -1, -1, -1, -1, -1, -1, -1, -1, -1, -1, -1, -1, -1, -1, -1, -1, -1, -1, -1, -1, -1, -1, -1, -1, -1, -1, -1, -1, -1, -1]"
150,25,15,0.0,None,1,237,"[{'cluster_no': -1, 'count': 237}]","[-1, -1, -1, -1, -1, -1, -1, -1, -1, -1, -1, -1, -1, -1, -1, -1, -1, -1, -1, -1, -1, -1, -1, -1, -1, -1, -1, -1, -1, -1, -1, -1, -1, -1, -1, -1, -1, -1, -1, -1, -1, -1, -1, -1, -1, -1, -1, -1, -1, -1, -1, -1, -1, -1, -1, -1, -1, -1, -1, -1, -1, -1, -1, -1, -1, -1, -1, -1, -1, -1, -1, -1, -1, -1, -1, -1, -1, -1, -1, -1, -1, -1, -1, -1, -1, -1, -1, -1, -1, -1, -1, -1, -1, -1, -1, -1, -1, -1, -1, -1, -1, -1, -1, -1, -1, -1, -1, -1, -1, -1, -1, -1, -1, -1, -1, -1, -1, -1, -1, -1, -1, -1, -1, -1, -1, -1, -1, -1, -1, -1, -1, -1, -1, -1, -1, -1, -1, -1, -1, -1, -1, -1, -1, -1, -1, -1, -1, -1, -1, -1, -1, -1, -1, -1, -1, -1, -1, -1, -1, -1, -1, -1, -1, -1, -1, -1, -1, -1, -1, -1, -1, -1, -1, -1, -1, -1, -1, -1, -1, -1, -1, -1, -1, -1, -1, -1, -1, -1, -1, -1, -1, -1, -1, -1, -1, -1, -1, -1, -1, -1, -1, -1, -1, -1, -1, -1, -1, -1, -1, -1, -1, -1, -1, -1, -1, -1, -1, -1, -1, -1, -1, -1, -1, -1, -1, -1, -1, -1, -1, -1, -1, -1, -1, -1, -1, -1, -1]"
150,25,15,0.5,None,1,237,"[{'cluster_no': -1, 'count': 237}]","[-1, -1, -1, -1, -1, -1, -1, -1, -1, -1, -1, -1, -1, -1, -1, -1, -1, -1, -1, -1, -1, -1, -1, -1, -1, -1, -1, -1, -1, -1, -1, -1, -1, -1, -1, -1, -1, -1, -1, -1, -1, -1, -1, -1, -1, -1, -1, -1, -1, -1, -1, -1, -1, -1, -1, -1, -1, -1, -1, -1, -1, -1, -1, -1, -1, -1, -1, -1, -1, -1, -1, -1, -1, -1, -1, -1, -1, -1, -1, -1, -1, -1, -1, -1, -1, -1, -1, -1, -1, -1, -1, -1, -1, -1, -1, -1, -1, -1, -1, -1, -1, -1, -1, -1, -1, -1, -1, -1, -1, -1, -1, -1, -1, -1, -1, -1, -1, -1, -1, -1, -1, -1, -1, -1, -1, -1, -1, -1, -1, -1, -1, -1, -1, -1, -1, -1, -1, -1, -1, -1, -1, -1, -1, -1, -1, -1, -1, -1, -1, -1, -1, -1, -1, -1, -1, -1, -1, -1, -1, -1, -1, -1, -1, -1, -1, -1, -1, -1, -1, -1, -1, -1, -1, -1, -1, -1, -1, -1, -1, -1, -1, -1, -1, -1, -1, -1, -1, -1, -1, -1, -1, -1, -1, -1, -1, -1, -1, -1, -1, -1, -1, -1, -1, -1, -1, -1, -1, -1, -1, -1, -1, -1, -1, -1, -1, -1, -1, -1, -1, -1, -1, -1, -1, -1, -1, -1, -1, -1, -1, -1, -1, -1, -1, -1, -1, -1, -1]"
150,25,15,1.0,None,1,237,"[{'cluster_no': -1, 'count': 237}]","[-1, -1, -1, -1, -1, -1, -1, -1, -1, -1, -1, -1, -1, -1, -1, -1, -1, -1, -1, -1, -1, -1, -1, -1, -1, -1, -1, -1, -1, -1, -1, -1, -1, -1, -1, -1, -1, -1, -1, -1, -1, -1, -1, -1, -1, -1, -1, -1, -1, -1, -1, -1, -1, -1, -1, -1, -1, -1, -1, -1, -1, -1, -1, -1, -1, -1, -1, -1, -1, -1, -1, -1, -1, -1, -1, -1, -1, -1, -1, -1, -1, -1, -1, -1, -1, -1, -1, -1, -1, -1, -1, -1, -1, -1, -1, -1, -1, -1, -1, -1, -1, -1, -1, -1, -1, -1, -1, -1, -1, -1, -1, -1, -1, -1, -1, -1, -1, -1, -1, -1, -1, -1, -1, -1, -1, -1, -1, -1, -1, -1, -1, -1, -1, -1, -1, -1, -1, -1, -1, -1, -1, -1, -1, -1, -1, -1, -1, -1, -1, -1, -1, -1, -1, -1, -1, -1, -1, -1, -1, -1, -1, -1, -1, -1, -1, -1, -1, -1, -1, -1, -1, -1, -1, -1, -1, -1, -1, -1, -1, -1, -1, -1, -1, -1, -1, -1, -1, -1, -1, -1, -1, -1, -1, -1, -1, -1, -1, -1, -1, -1, -1, -1, -1, -1, -1, -1, -1, -1, -1, -1, -1, -1, -1, -1, -1, -1, -1, -1, -1, -1, -1, -1, -1, -1, -1, -1, -1, -1, -1, -1, -1, -1, -1, -1, -1, -1, -1]"
150,25,16,0.0,None,1,237,"[{'cluster_no': -1, 'count': 237}]","[-1, -1, -1, -1, -1, -1, -1, -1, -1, -1, -1, -1, -1, -1, -1, -1, -1, -1, -1, -1, -1, -1, -1, -1, -1, -1, -1, -1, -1, -1, -1, -1, -1, -1, -1, -1, -1, -1, -1, -1, -1, -1, -1, -1, -1, -1, -1, -1, -1, -1, -1, -1, -1, -1, -1, -1, -1, -1, -1, -1, -1, -1, -1, -1, -1, -1, -1, -1, -1, -1, -1, -1, -1, -1, -1, -1, -1, -1, -1, -1, -1, -1, -1, -1, -1, -1, -1, -1, -1, -1, -1, -1, -1, -1, -1, -1, -1, -1, -1, -1, -1, -1, -1, -1, -1, -1, -1, -1, -1, -1, -1, -1, -1, -1, -1, -1, -1, -1, -1, -1, -1, -1, -1, -1, -1, -1, -1, -1, -1, -1, -1, -1, -1, -1, -1, -1, -1, -1, -1, -1, -1, -1, -1, -1, -1, -1, -1, -1, -1, -1, -1, -1, -1, -1, -1, -1, -1, -1, -1, -1, -1, -1, -1, -1, -1, -1, -1, -1, -1, -1, -1, -1, -1, -1, -1, -1, -1, -1, -1, -1, -1, -1, -1, -1, -1, -1, -1, -1, -1, -1, -1, -1, -1, -1, -1, -1, -1, -1, -1, -1, -1, -1, -1, -1, -1, -1, -1, -1, -1, -1, -1, -1, -1, -1, -1, -1, -1, -1, -1, -1, -1, -1, -1, -1, -1, -1, -1, -1, -1, -1, -1, -1, -1, -1, -1, -1, -1]"
150,25,16,0.5,None,1,237,"[{'cluster_no': -1, 'count': 237}]","[-1, -1, -1, -1, -1, -1, -1, -1, -1, -1, -1, -1, -1, -1, -1, -1, -1, -1, -1, -1, -1, -1, -1, -1, -1, -1, -1, -1, -1, -1, -1, -1, -1, -1, -1, -1, -1, -1, -1, -1, -1, -1, -1, -1, -1, -1, -1, -1, -1, -1, -1, -1, -1, -1, -1, -1, -1, -1, -1, -1, -1, -1, -1, -1, -1, -1, -1, -1, -1, -1, -1, -1, -1, -1, -1, -1, -1, -1, -1, -1, -1, -1, -1, -1, -1, -1, -1, -1, -1, -1, -1, -1, -1, -1, -1, -1, -1, -1, -1, -1, -1, -1, -1, -1, -1, -1, -1, -1, -1, -1, -1, -1, -1, -1, -1, -1, -1, -1, -1, -1, -1, -1, -1, -1, -1, -1, -1, -1, -1, -1, -1, -1, -1, -1, -1, -1, -1, -1, -1, -1, -1, -1, -1, -1, -1, -1, -1, -1, -1, -1, -1, -1, -1, -1, -1, -1, -1, -1, -1, -1, -1, -1, -1, -1, -1, -1, -1, -1, -1, -1, -1, -1, -1, -1, -1, -1, -1, -1, -1, -1, -1, -1, -1, -1, -1, -1, -1, -1, -1, -1, -1, -1, -1, -1, -1, -1, -1, -1, -1, -1, -1, -1, -1, -1, -1, -1, -1, -1, -1, -1, -1, -1, -1, -1, -1, -1, -1, -1, -1, -1, -1, -1, -1, -1, -1, -1, -1, -1, -1, -1, -1, -1, -1, -1, -1, -1, -1]"
150,25,16,1.0,None,1,237,"[{'cluster_no': -1, 'count': 237}]","[-1, -1, -1, -1, -1, -1, -1, -1, -1, -1, -1, -1, -1, -1, -1, -1, -1, -1, -1, -1, -1, -1, -1, -1, -1, -1, -1, -1, -1, -1, -1, -1, -1, -1, -1, -1, -1, -1, -1, -1, -1, -1, -1, -1, -1, -1, -1, -1, -1, -1, -1, -1, -1, -1, -1, -1, -1, -1, -1, -1, -1, -1, -1, -1, -1, -1, -1, -1, -1, -1, -1, -1, -1, -1, -1, -1, -1, -1, -1, -1, -1, -1, -1, -1, -1, -1, -1, -1, -1, -1, -1, -1, -1, -1, -1, -1, -1, -1, -1, -1, -1, -1, -1, -1, -1, -1, -1, -1, -1, -1, -1, -1, -1, -1, -1, -1, -1, -1, -1, -1, -1, -1, -1, -1, -1, -1, -1, -1, -1, -1, -1, -1, -1, -1, -1, -1, -1, -1, -1, -1, -1, -1, -1, -1, -1, -1, -1, -1, -1, -1, -1, -1, -1, -1, -1, -1, -1, -1, -1, -1, -1, -1, -1, -1, -1, -1, -1, -1, -1, -1, -1, -1, -1, -1, -1, -1, -1, -1, -1, -1, -1, -1, -1, -1, -1, -1, -1, -1, -1, -1, -1, -1, -1, -1, -1, -1, -1, -1, -1, -1, -1, -1, -1, -1, -1, -1, -1, -1, -1, -1, -1, -1, -1, -1, -1, -1, -1, -1, -1, -1, -1, -1, -1, -1, -1, -1, -1, -1, -1, -1, -1, -1, -1, -1, -1, -1, -1]"
150,25,17,0.0,None,1,237,"[{'cluster_no': -1, 'count': 237}]","[-1, -1, -1, -1, -1, -1, -1, -1, -1, -1, -1, -1, -1, -1, -1, -1, -1, -1, -1, -1, -1, -1, -1, -1, -1, -1, -1, -1, -1, -1, -1, -1, -1, -1, -1, -1, -1, -1, -1, -1, -1, -1, -1, -1, -1, -1, -1, -1, -1, -1, -1, -1, -1, -1, -1, -1, -1, -1, -1, -1, -1, -1, -1, -1, -1, -1, -1, -1, -1, -1, -1, -1, -1, -1, -1, -1, -1, -1, -1, -1, -1, -1, -1, -1, -1, -1, -1, -1, -1, -1, -1, -1, -1, -1, -1, -1, -1, -1, -1, -1, -1, -1, -1, -1, -1, -1, -1, -1, -1, -1, -1, -1, -1, -1, -1, -1, -1, -1, -1, -1, -1, -1, -1, -1, -1, -1, -1, -1, -1, -1, -1, -1, -1, -1, -1, -1, -1, -1, -1, -1, -1, -1, -1, -1, -1, -1, -1, -1, -1, -1, -1, -1, -1, -1, -1, -1, -1, -1, -1, -1, -1, -1, -1, -1, -1, -1, -1, -1, -1, -1, -1, -1, -1, -1, -1, -1, -1, -1, -1, -1, -1, -1, -1, -1, -1, -1, -1, -1, -1, -1, -1, -1, -1, -1, -1, -1, -1, -1, -1, -1, -1, -1, -1, -1, -1, -1, -1, -1, -1, -1, -1, -1, -1, -1, -1, -1, -1, -1, -1, -1, -1, -1, -1, -1, -1, -1, -1, -1, -1, -1, -1, -1, -1, -1, -1, -1, -1]"
150,25,17,0.5,None,1,237,"[{'cluster_no': -1, 'count': 237}]","[-1, -1, -1, -1, -1, -1, -1, -1, -1, -1, -1, -1, -1, -1, -1, -1, -1, -1, -1, -1, -1, -1, -1, -1, -1, -1, -1, -1, -1, -1, -1, -1, -1, -1, -1, -1, -1, -1, -1, -1, -1, -1, -1, -1, -1, -1, -1, -1, -1, -1, -1, -1, -1, -1, -1, -1, -1, -1, -1, -1, -1, -1, -1, -1, -1, -1, -1, -1, -1, -1, -1, -1, -1, -1, -1, -1, -1, -1, -1, -1, -1, -1, -1, -1, -1, -1, -1, -1, -1, -1, -1, -1, -1, -1, -1, -1, -1, -1, -1, -1, -1, -1, -1, -1, -1, -1, -1, -1, -1, -1, -1, -1, -1, -1, -1, -1, -1, -1, -1, -1, -1, -1, -1, -1, -1, -1, -1, -1, -1, -1, -1, -1, -1, -1, -1, -1, -1, -1, -1, -1, -1, -1, -1, -1, -1, -1, -1, -1, -1, -1, -1, -1, -1, -1, -1, -1, -1, -1, -1, -1, -1, -1, -1, -1, -1, -1, -1, -1, -1, -1, -1, -1, -1, -1, -1, -1, -1, -1, -1, -1, -1, -1, -1, -1, -1, -1, -1, -1, -1, -1, -1, -1, -1, -1, -1, -1, -1, -1, -1, -1, -1, -1, -1, -1, -1, -1, -1, -1, -1, -1, -1, -1, -1, -1, -1, -1, -1, -1, -1, -1, -1, -1, -1, -1, -1, -1, -1, -1, -1, -1, -1, -1, -1, -1, -1, -1, -1]"
150,25,17,1.0,None,1,237,"[{'cluster_no': -1, 'count': 237}]","[-1, -1, -1, -1, -1, -1, -1, -1, -1, -1, -1, -1, -1, -1, -1, -1, -1, -1, -1, -1, -1, -1, -1, -1, -1, -1, -1, -1, -1, -1, -1, -1, -1, -1, -1, -1, -1, -1, -1, -1, -1, -1, -1, -1, -1, -1, -1, -1, -1, -1, -1, -1, -1, -1, -1, -1, -1, -1, -1, -1, -1, -1, -1, -1, -1, -1, -1, -1, -1, -1, -1, -1, -1, -1, -1, -1, -1, -1, -1, -1, -1, -1, -1, -1, -1, -1, -1, -1, -1, -1, -1, -1, -1, -1, -1, -1, -1, -1, -1, -1, -1, -1, -1, -1, -1, -1, -1, -1, -1, -1, -1, -1, -1, -1, -1, -1, -1, -1, -1, -1, -1, -1, -1, -1, -1, -1, -1, -1, -1, -1, -1, -1, -1, -1, -1, -1, -1, -1, -1, -1, -1, -1, -1, -1, -1, -1, -1, -1, -1, -1, -1, -1, -1, -1, -1, -1, -1, -1, -1, -1, -1, -1, -1, -1, -1, -1, -1, -1, -1, -1, -1, -1, -1, -1, -1, -1, -1, -1, -1, -1, -1, -1, -1, -1, -1, -1, -1, -1, -1, -1, -1, -1, -1, -1, -1, -1, -1, -1, -1, -1, -1, -1, -1, -1, -1, -1, -1, -1, -1, -1, -1, -1, -1, -1, -1, -1, -1, -1, -1, -1, -1, -1, -1, -1, -1, -1, -1, -1, -1, -1, -1, -1, -1, -1, -1, -1, -1]"
150,25,18,0.0,None,1,237,"[{'cluster_no': -1, 'count': 237}]","[-1, -1, -1, -1, -1, -1, -1, -1, -1, -1, -1, -1, -1, -1, -1, -1, -1, -1, -1, -1, -1, -1, -1, -1, -1, -1, -1, -1, -1, -1, -1, -1, -1, -1, -1, -1, -1, -1, -1, -1, -1, -1, -1, -1, -1, -1, -1, -1, -1, -1, -1, -1, -1, -1, -1, -1, -1, -1, -1, -1, -1, -1, -1, -1, -1, -1, -1, -1, -1, -1, -1, -1, -1, -1, -1, -1, -1, -1, -1, -1, -1, -1, -1, -1, -1, -1, -1, -1, -1, -1, -1, -1, -1, -1, -1, -1, -1, -1, -1, -1, -1, -1, -1, -1, -1, -1, -1, -1, -1, -1, -1, -1, -1, -1, -1, -1, -1, -1, -1, -1, -1, -1, -1, -1, -1, -1, -1, -1, -1, -1, -1, -1, -1, -1, -1, -1, -1, -1, -1, -1, -1, -1, -1, -1, -1, -1, -1, -1, -1, -1, -1, -1, -1, -1, -1, -1, -1, -1, -1, -1, -1, -1, -1, -1, -1, -1, -1, -1, -1, -1, -1, -1, -1, -1, -1, -1, -1, -1, -1, -1, -1, -1, -1, -1, -1, -1, -1, -1, -1, -1, -1, -1, -1, -1, -1, -1, -1, -1, -1, -1, -1, -1, -1, -1, -1, -1, -1, -1, -1, -1, -1, -1, -1, -1, -1, -1, -1, -1, -1, -1, -1, -1, -1, -1, -1, -1, -1, -1, -1, -1, -1, -1, -1, -1, -1, -1, -1]"
150,25,18,0.5,None,1,237,"[{'cluster_no': -1, 'count': 237}]","[-1, -1, -1, -1, -1, -1, -1, -1, -1, -1, -1, -1, -1, -1, -1, -1, -1, -1, -1, -1, -1, -1, -1, -1, -1, -1, -1, -1, -1, -1, -1, -1, -1, -1, -1, -1, -1, -1, -1, -1, -1, -1, -1, -1, -1, -1, -1, -1, -1, -1, -1, -1, -1, -1, -1, -1, -1, -1, -1, -1, -1, -1, -1, -1, -1, -1, -1, -1, -1, -1, -1, -1, -1, -1, -1, -1, -1, -1, -1, -1, -1, -1, -1, -1, -1, -1, -1, -1, -1, -1, -1, -1, -1, -1, -1, -1, -1, -1, -1, -1, -1, -1, -1, -1, -1, -1, -1, -1, -1, -1, -1, -1, -1, -1, -1, -1, -1, -1, -1, -1, -1, -1, -1, -1, -1, -1, -1, -1, -1, -1, -1, -1, -1, -1, -1, -1, -1, -1, -1, -1, -1, -1, -1, -1, -1, -1, -1, -1, -1, -1, -1, -1, -1, -1, -1, -1, -1, -1, -1, -1, -1, -1, -1, -1, -1, -1, -1, -1, -1, -1, -1, -1, -1, -1, -1, -1, -1, -1, -1, -1, -1, -1, -1, -1, -1, -1, -1, -1, -1, -1, -1, -1, -1, -1, -1, -1, -1, -1, -1, -1, -1, -1, -1, -1, -1, -1, -1, -1, -1, -1, -1, -1, -1, -1, -1, -1, -1, -1, -1, -1, -1, -1, -1, -1, -1, -1, -1, -1, -1, -1, -1, -1, -1, -1, -1, -1, -1]"
150,25,18,1.0,None,1,237,"[{'cluster_no': -1, 'count': 237}]","[-1, -1, -1, -1, -1, -1, -1, -1, -1, -1, -1, -1, -1, -1, -1, -1, -1, -1, -1, -1, -1, -1, -1, -1, -1, -1, -1, -1, -1, -1, -1, -1, -1, -1, -1, -1, -1, -1, -1, -1, -1, -1, -1, -1, -1, -1, -1, -1, -1, -1, -1, -1, -1, -1, -1, -1, -1, -1, -1, -1, -1, -1, -1, -1, -1, -1, -1, -1, -1, -1, -1, -1, -1, -1, -1, -1, -1, -1, -1, -1, -1, -1, -1, -1, -1, -1, -1, -1, -1, -1, -1, -1, -1, -1, -1, -1, -1, -1, -1, -1, -1, -1, -1, -1, -1, -1, -1, -1, -1, -1, -1, -1, -1, -1, -1, -1, -1, -1, -1, -1, -1, -1, -1, -1, -1, -1, -1, -1, -1, -1, -1, -1, -1, -1, -1, -1, -1, -1, -1, -1, -1, -1, -1, -1, -1, -1, -1, -1, -1, -1, -1, -1, -1, -1, -1, -1, -1, -1, -1, -1, -1, -1, -1, -1, -1, -1, -1, -1, -1, -1, -1, -1, -1, -1, -1, -1, -1, -1, -1, -1, -1, -1, -1, -1, -1, -1, -1, -1, -1, -1, -1, -1, -1, -1, -1, -1, -1, -1, -1, -1, -1, -1, -1, -1, -1, -1, -1, -1, -1, -1, -1, -1, -1, -1, -1, -1, -1, -1, -1, -1, -1, -1, -1, -1, -1, -1, -1, -1, -1, -1, -1, -1, -1, -1, -1, -1, -1]"
150,25,19,0.0,None,1,237,"[{'cluster_no': -1, 'count': 237}]","[-1, -1, -1, -1, -1, -1, -1, -1, -1, -1, -1, -1, -1, -1, -1, -1, -1, -1, -1, -1, -1, -1, -1, -1, -1, -1, -1, -1, -1, -1, -1, -1, -1, -1, -1, -1, -1, -1, -1, -1, -1, -1, -1, -1, -1, -1, -1, -1, -1, -1, -1, -1, -1, -1, -1, -1, -1, -1, -1, -1, -1, -1, -1, -1, -1, -1, -1, -1, -1, -1, -1, -1, -1, -1, -1, -1, -1, -1, -1, -1, -1, -1, -1, -1, -1, -1, -1, -1, -1, -1, -1, -1, -1, -1, -1, -1, -1, -1, -1, -1, -1, -1, -1, -1, -1, -1, -1, -1, -1, -1, -1, -1, -1, -1, -1, -1, -1, -1, -1, -1, -1, -1, -1, -1, -1, -1, -1, -1, -1, -1, -1, -1, -1, -1, -1, -1, -1, -1, -1, -1, -1, -1, -1, -1, -1, -1, -1, -1, -1, -1, -1, -1, -1, -1, -1, -1, -1, -1, -1, -1, -1, -1, -1, -1, -1, -1, -1, -1, -1, -1, -1, -1, -1, -1, -1, -1, -1, -1, -1, -1, -1, -1, -1, -1, -1, -1, -1, -1, -1, -1, -1, -1, -1, -1, -1, -1, -1, -1, -1, -1, -1, -1, -1, -1, -1, -1, -1, -1, -1, -1, -1, -1, -1, -1, -1, -1, -1, -1, -1, -1, -1, -1, -1, -1, -1, -1, -1, -1, -1, -1, -1, -1, -1, -1, -1, -1, -1]"
150,25,19,0.5,None,1,237,"[{'cluster_no': -1, 'count': 237}]","[-1, -1, -1, -1, -1, -1, -1, -1, -1, -1, -1, -1, -1, -1, -1, -1, -1, -1, -1, -1, -1, -1, -1, -1, -1, -1, -1, -1, -1, -1, -1, -1, -1, -1, -1, -1, -1, -1, -1, -1, -1, -1, -1, -1, -1, -1, -1, -1, -1, -1, -1, -1, -1, -1, -1, -1, -1, -1, -1, -1, -1, -1, -1, -1, -1, -1, -1, -1, -1, -1, -1, -1, -1, -1, -1, -1, -1, -1, -1, -1, -1, -1, -1, -1, -1, -1, -1, -1, -1, -1, -1, -1, -1, -1, -1, -1, -1, -1, -1, -1, -1, -1, -1, -1, -1, -1, -1, -1, -1, -1, -1, -1, -1, -1, -1, -1, -1, -1, -1, -1, -1, -1, -1, -1, -1, -1, -1, -1, -1, -1, -1, -1, -1, -1, -1, -1, -1, -1, -1, -1, -1, -1, -1, -1, -1, -1, -1, -1, -1, -1, -1, -1, -1, -1, -1, -1, -1, -1, -1, -1, -1, -1, -1, -1, -1, -1, -1, -1, -1, -1, -1, -1, -1, -1, -1, -1, -1, -1, -1, -1, -1, -1, -1, -1, -1, -1, -1, -1, -1, -1, -1, -1, -1, -1, -1, -1, -1, -1, -1, -1, -1, -1, -1, -1, -1, -1, -1, -1, -1, -1, -1, -1, -1, -1, -1, -1, -1, -1, -1, -1, -1, -1, -1, -1, -1, -1, -1, -1, -1, -1, -1, -1, -1, -1, -1, -1, -1]"
150,25,19,1.0,None,1,237,"[{'cluster_no': -1, 'count': 237}]","[-1, -1, -1, -1, -1, -1, -1, -1, -1, -1, -1, -1, -1, -1, -1, -1, -1, -1, -1, -1, -1, -1, -1, -1, -1, -1, -1, -1, -1, -1, -1, -1, -1, -1, -1, -1, -1, -1, -1, -1, -1, -1, -1, -1, -1, -1, -1, -1, -1, -1, -1, -1, -1, -1, -1, -1, -1, -1, -1, -1, -1, -1, -1, -1, -1, -1, -1, -1, -1, -1, -1, -1, -1, -1, -1, -1, -1, -1, -1, -1, -1, -1, -1, -1, -1, -1, -1, -1, -1, -1, -1, -1, -1, -1, -1, -1, -1, -1, -1, -1, -1, -1, -1, -1, -1, -1, -1, -1, -1, -1, -1, -1, -1, -1, -1, -1, -1, -1, -1, -1, -1, -1, -1, -1, -1, -1, -1, -1, -1, -1, -1, -1, -1, -1, -1, -1, -1, -1, -1, -1, -1, -1, -1, -1, -1, -1, -1, -1, -1, -1, -1, -1, -1, -1, -1, -1, -1, -1, -1, -1, -1, -1, -1, -1, -1, -1, -1, -1, -1, -1, -1, -1, -1, -1, -1, -1, -1, -1, -1, -1, -1, -1, -1, -1, -1, -1, -1, -1, -1, -1, -1, -1, -1, -1, -1, -1, -1, -1, -1, -1, -1, -1, -1, -1, -1, -1, -1, -1, -1, -1, -1, -1, -1, -1, -1, -1, -1, -1, -1, -1, -1, -1, -1, -1, -1, -1, -1, -1, -1, -1, -1, -1, -1, -1, -1, -1, -1]"
150,25,20,0.0,None,1,237,"[{'cluster_no': -1, 'count': 237}]","[-1, -1, -1, -1, -1, -1, -1, -1, -1, -1, -1, -1, -1, -1, -1, -1, -1, -1, -1, -1, -1, -1, -1, -1, -1, -1, -1, -1, -1, -1, -1, -1, -1, -1, -1, -1, -1, -1, -1, -1, -1, -1, -1, -1, -1, -1, -1, -1, -1, -1, -1, -1, -1, -1, -1, -1, -1, -1, -1, -1, -1, -1, -1, -1, -1, -1, -1, -1, -1, -1, -1, -1, -1, -1, -1, -1, -1, -1, -1, -1, -1, -1, -1, -1, -1, -1, -1, -1, -1, -1, -1, -1, -1, -1, -1, -1, -1, -1, -1, -1, -1, -1, -1, -1, -1, -1, -1, -1, -1, -1, -1, -1, -1, -1, -1, -1, -1, -1, -1, -1, -1, -1, -1, -1, -1, -1, -1, -1, -1, -1, -1, -1, -1, -1, -1, -1, -1, -1, -1, -1, -1, -1, -1, -1, -1, -1, -1, -1, -1, -1, -1, -1, -1, -1, -1, -1, -1, -1, -1, -1, -1, -1, -1, -1, -1, -1, -1, -1, -1, -1, -1, -1, -1, -1, -1, -1, -1, -1, -1, -1, -1, -1, -1, -1, -1, -1, -1, -1, -1, -1, -1, -1, -1, -1, -1, -1, -1, -1, -1, -1, -1, -1, -1, -1, -1, -1, -1, -1, -1, -1, -1, -1, -1, -1, -1, -1, -1, -1, -1, -1, -1, -1, -1, -1, -1, -1, -1, -1, -1, -1, -1, -1, -1, -1, -1, -1, -1]"
150,25,20,0.5,None,1,237,"[{'cluster_no': -1, 'count': 237}]","[-1, -1, -1, -1, -1, -1, -1, -1, -1, -1, -1, -1, -1, -1, -1, -1, -1, -1, -1, -1, -1, -1, -1, -1, -1, -1, -1, -1, -1, -1, -1, -1, -1, -1, -1, -1, -1, -1, -1, -1, -1, -1, -1, -1, -1, -1, -1, -1, -1, -1, -1, -1, -1, -1, -1, -1, -1, -1, -1, -1, -1, -1, -1, -1, -1, -1, -1, -1, -1, -1, -1, -1, -1, -1, -1, -1, -1, -1, -1, -1, -1, -1, -1, -1, -1, -1, -1, -1, -1, -1, -1, -1, -1, -1, -1, -1, -1, -1, -1, -1, -1, -1, -1, -1, -1, -1, -1, -1, -1, -1, -1, -1, -1, -1, -1, -1, -1, -1, -1, -1, -1, -1, -1, -1, -1, -1, -1, -1, -1, -1, -1, -1, -1, -1, -1, -1, -1, -1, -1, -1, -1, -1, -1, -1, -1, -1, -1, -1, -1, -1, -1, -1, -1, -1, -1, -1, -1, -1, -1, -1, -1, -1, -1, -1, -1, -1, -1, -1, -1, -1, -1, -1, -1, -1, -1, -1, -1, -1, -1, -1, -1, -1, -1, -1, -1, -1, -1, -1, -1, -1, -1, -1, -1, -1, -1, -1, -1, -1, -1, -1, -1, -1, -1, -1, -1, -1, -1, -1, -1, -1, -1, -1, -1, -1, -1, -1, -1, -1, -1, -1, -1, -1, -1, -1, -1, -1, -1, -1, -1, -1, -1, -1, -1, -1, -1, -1, -1]"
150,25,20,1.0,None,1,237,"[{'cluster_no': -1, 'count': 237}]","[-1, -1, -1, -1, -1, -1, -1, -1, -1, -1, -1, -1, -1, -1, -1, -1, -1, -1, -1, -1, -1, -1, -1, -1, -1, -1, -1, -1, -1, -1, -1, -1, -1, -1, -1, -1, -1, -1, -1, -1, -1, -1, -1, -1, -1, -1, -1, -1, -1, -1, -1, -1, -1, -1, -1, -1, -1, -1, -1, -1, -1, -1, -1, -1, -1, -1, -1, -1, -1, -1, -1, -1, -1, -1, -1, -1, -1, -1, -1, -1, -1, -1, -1, -1, -1, -1, -1, -1, -1, -1, -1, -1, -1, -1, -1, -1, -1, -1, -1, -1, -1, -1, -1, -1, -1, -1, -1, -1, -1, -1, -1, -1, -1, -1, -1, -1, -1, -1, -1, -1, -1, -1, -1, -1, -1, -1, -1, -1, -1, -1, -1, -1, -1, -1, -1, -1, -1, -1, -1, -1, -1, -1, -1, -1, -1, -1, -1, -1, -1, -1, -1, -1, -1, -1, -1, -1, -1, -1, -1, -1, -1, -1, -1, -1, -1, -1, -1, -1, -1, -1, -1, -1, -1, -1, -1, -1, -1, -1, -1, -1, -1, -1, -1, -1, -1, -1, -1, -1, -1, -1, -1, -1, -1, -1, -1, -1, -1, -1, -1, -1, -1, -1, -1, -1, -1, -1, -1, -1, -1, -1, -1, -1, -1, -1, -1, -1, -1, -1, -1, -1, -1, -1, -1, -1, -1, -1, -1, -1, -1, -1, -1, -1, -1, -1, -1, -1, -1]"
150,25,21,0.0,None,1,237,"[{'cluster_no': -1, 'count': 237}]","[-1, -1, -1, -1, -1, -1, -1, -1, -1, -1, -1, -1, -1, -1, -1, -1, -1, -1, -1, -1, -1, -1, -1, -1, -1, -1, -1, -1, -1, -1, -1, -1, -1, -1, -1, -1, -1, -1, -1, -1, -1, -1, -1, -1, -1, -1, -1, -1, -1, -1, -1, -1, -1, -1, -1, -1, -1, -1, -1, -1, -1, -1, -1, -1, -1, -1, -1, -1, -1, -1, -1, -1, -1, -1, -1, -1, -1, -1, -1, -1, -1, -1, -1, -1, -1, -1, -1, -1, -1, -1, -1, -1, -1, -1, -1, -1, -1, -1, -1, -1, -1, -1, -1, -1, -1, -1, -1, -1, -1, -1, -1, -1, -1, -1, -1, -1, -1, -1, -1, -1, -1, -1, -1, -1, -1, -1, -1, -1, -1, -1, -1, -1, -1, -1, -1, -1, -1, -1, -1, -1, -1, -1, -1, -1, -1, -1, -1, -1, -1, -1, -1, -1, -1, -1, -1, -1, -1, -1, -1, -1, -1, -1, -1, -1, -1, -1, -1, -1, -1, -1, -1, -1, -1, -1, -1, -1, -1, -1, -1, -1, -1, -1, -1, -1, -1, -1, -1, -1, -1, -1, -1, -1, -1, -1, -1, -1, -1, -1, -1, -1, -1, -1, -1, -1, -1, -1, -1, -1, -1, -1, -1, -1, -1, -1, -1, -1, -1, -1, -1, -1, -1, -1, -1, -1, -1, -1, -1, -1, -1, -1, -1, -1, -1, -1, -1, -1, -1]"
150,25,21,0.5,None,1,237,"[{'cluster_no': -1, 'count': 237}]","[-1, -1, -1, -1, -1, -1, -1, -1, -1, -1, -1, -1, -1, -1, -1, -1, -1, -1, -1, -1, -1, -1, -1, -1, -1, -1, -1, -1, -1, -1, -1, -1, -1, -1, -1, -1, -1, -1, -1, -1, -1, -1, -1, -1, -1, -1, -1, -1, -1, -1, -1, -1, -1, -1, -1, -1, -1, -1, -1, -1, -1, -1, -1, -1, -1, -1, -1, -1, -1, -1, -1, -1, -1, -1, -1, -1, -1, -1, -1, -1, -1, -1, -1, -1, -1, -1, -1, -1, -1, -1, -1, -1, -1, -1, -1, -1, -1, -1, -1, -1, -1, -1, -1, -1, -1, -1, -1, -1, -1, -1, -1, -1, -1, -1, -1, -1, -1, -1, -1, -1, -1, -1, -1, -1, -1, -1, -1, -1, -1, -1, -1, -1, -1, -1, -1, -1, -1, -1, -1, -1, -1, -1, -1, -1, -1, -1, -1, -1, -1, -1, -1, -1, -1, -1, -1, -1, -1, -1, -1, -1, -1, -1, -1, -1, -1, -1, -1, -1, -1, -1, -1, -1, -1, -1, -1, -1, -1, -1, -1, -1, -1, -1, -1, -1, -1, -1, -1, -1, -1, -1, -1, -1, -1, -1, -1, -1, -1, -1, -1, -1, -1, -1, -1, -1, -1, -1, -1, -1, -1, -1, -1, -1, -1, -1, -1, -1, -1, -1, -1, -1, -1, -1, -1, -1, -1, -1, -1, -1, -1, -1, -1, -1, -1, -1, -1, -1, -1]"
150,25,21,1.0,None,1,237,"[{'cluster_no': -1, 'count': 237}]","[-1, -1, -1, -1, -1, -1, -1, -1, -1, -1, -1, -1, -1, -1, -1, -1, -1, -1, -1, -1, -1, -1, -1, -1, -1, -1, -1, -1, -1, -1, -1, -1, -1, -1, -1, -1, -1, -1, -1, -1, -1, -1, -1, -1, -1, -1, -1, -1, -1, -1, -1, -1, -1, -1, -1, -1, -1, -1, -1, -1, -1, -1, -1, -1, -1, -1, -1, -1, -1, -1, -1, -1, -1, -1, -1, -1, -1, -1, -1, -1, -1, -1, -1, -1, -1, -1, -1, -1, -1, -1, -1, -1, -1, -1, -1, -1, -1, -1, -1, -1, -1, -1, -1, -1, -1, -1, -1, -1, -1, -1, -1, -1, -1, -1, -1, -1, -1, -1, -1, -1, -1, -1, -1, -1, -1, -1, -1, -1, -1, -1, -1, -1, -1, -1, -1, -1, -1, -1, -1, -1, -1, -1, -1, -1, -1, -1, -1, -1, -1, -1, -1, -1, -1, -1, -1, -1, -1, -1, -1, -1, -1, -1, -1, -1, -1, -1, -1, -1, -1, -1, -1, -1, -1, -1, -1, -1, -1, -1, -1, -1, -1, -1, -1, -1, -1, -1, -1, -1, -1, -1, -1, -1, -1, -1, -1, -1, -1, -1, -1, -1, -1, -1, -1, -1, -1, -1, -1, -1, -1, -1, -1, -1, -1, -1, -1, -1, -1, -1, -1, -1, -1, -1, -1, -1, -1, -1, -1, -1, -1, -1, -1, -1, -1, -1, -1, -1, -1]"
150,25,22,0.0,None,1,237,"[{'cluster_no': -1, 'count': 237}]","[-1, -1, -1, -1, -1, -1, -1, -1, -1, -1, -1, -1, -1, -1, -1, -1, -1, -1, -1, -1, -1, -1, -1, -1, -1, -1, -1, -1, -1, -1, -1, -1, -1, -1, -1, -1, -1, -1, -1, -1, -1, -1, -1, -1, -1, -1, -1, -1, -1, -1, -1, -1, -1, -1, -1, -1, -1, -1, -1, -1, -1, -1, -1, -1, -1, -1, -1, -1, -1, -1, -1, -1, -1, -1, -1, -1, -1, -1, -1, -1, -1, -1, -1, -1, -1, -1, -1, -1, -1, -1, -1, -1, -1, -1, -1, -1, -1, -1, -1, -1, -1, -1, -1, -1, -1, -1, -1, -1, -1, -1, -1, -1, -1, -1, -1, -1, -1, -1, -1, -1, -1, -1, -1, -1, -1, -1, -1, -1, -1, -1, -1, -1, -1, -1, -1, -1, -1, -1, -1, -1, -1, -1, -1, -1, -1, -1, -1, -1, -1, -1, -1, -1, -1, -1, -1, -1, -1, -1, -1, -1, -1, -1, -1, -1, -1, -1, -1, -1, -1, -1, -1, -1, -1, -1, -1, -1, -1, -1, -1, -1, -1, -1, -1, -1, -1, -1, -1, -1, -1, -1, -1, -1, -1, -1, -1, -1, -1, -1, -1, -1, -1, -1, -1, -1, -1, -1, -1, -1, -1, -1, -1, -1, -1, -1, -1, -1, -1, -1, -1, -1, -1, -1, -1, -1, -1, -1, -1, -1, -1, -1, -1, -1, -1, -1, -1, -1, -1]"
150,25,22,0.5,None,1,237,"[{'cluster_no': -1, 'count': 237}]","[-1, -1, -1, -1, -1, -1, -1, -1, -1, -1, -1, -1, -1, -1, -1, -1, -1, -1, -1, -1, -1, -1, -1, -1, -1, -1, -1, -1, -1, -1, -1, -1, -1, -1, -1, -1, -1, -1, -1, -1, -1, -1, -1, -1, -1, -1, -1, -1, -1, -1, -1, -1, -1, -1, -1, -1, -1, -1, -1, -1, -1, -1, -1, -1, -1, -1, -1, -1, -1, -1, -1, -1, -1, -1, -1, -1, -1, -1, -1, -1, -1, -1, -1, -1, -1, -1, -1, -1, -1, -1, -1, -1, -1, -1, -1, -1, -1, -1, -1, -1, -1, -1, -1, -1, -1, -1, -1, -1, -1, -1, -1, -1, -1, -1, -1, -1, -1, -1, -1, -1, -1, -1, -1, -1, -1, -1, -1, -1, -1, -1, -1, -1, -1, -1, -1, -1, -1, -1, -1, -1, -1, -1, -1, -1, -1, -1, -1, -1, -1, -1, -1, -1, -1, -1, -1, -1, -1, -1, -1, -1, -1, -1, -1, -1, -1, -1, -1, -1, -1, -1, -1, -1, -1, -1, -1, -1, -1, -1, -1, -1, -1, -1, -1, -1, -1, -1, -1, -1, -1, -1, -1, -1, -1, -1, -1, -1, -1, -1, -1, -1, -1, -1, -1, -1, -1, -1, -1, -1, -1, -1, -1, -1, -1, -1, -1, -1, -1, -1, -1, -1, -1, -1, -1, -1, -1, -1, -1, -1, -1, -1, -1, -1, -1, -1, -1, -1, -1]"
150,25,22,1.0,None,1,237,"[{'cluster_no': -1, 'count': 237}]","[-1, -1, -1, -1, -1, -1, -1, -1, -1, -1, -1, -1, -1, -1, -1, -1, -1, -1, -1, -1, -1, -1, -1, -1, -1, -1, -1, -1, -1, -1, -1, -1, -1, -1, -1, -1, -1, -1, -1, -1, -1, -1, -1, -1, -1, -1, -1, -1, -1, -1, -1, -1, -1, -1, -1, -1, -1, -1, -1, -1, -1, -1, -1, -1, -1, -1, -1, -1, -1, -1, -1, -1, -1, -1, -1, -1, -1, -1, -1, -1, -1, -1, -1, -1, -1, -1, -1, -1, -1, -1, -1, -1, -1, -1, -1, -1, -1, -1, -1, -1, -1, -1, -1, -1, -1, -1, -1, -1, -1, -1, -1, -1, -1, -1, -1, -1, -1, -1, -1, -1, -1, -1, -1, -1, -1, -1, -1, -1, -1, -1, -1, -1, -1, -1, -1, -1, -1, -1, -1, -1, -1, -1, -1, -1, -1, -1, -1, -1, -1, -1, -1, -1, -1, -1, -1, -1, -1, -1, -1, -1, -1, -1, -1, -1, -1, -1, -1, -1, -1, -1, -1, -1, -1, -1, -1, -1, -1, -1, -1, -1, -1, -1, -1, -1, -1, -1, -1, -1, -1, -1, -1, -1, -1, -1, -1, -1, -1, -1, -1, -1, -1, -1, -1, -1, -1, -1, -1, -1, -1, -1, -1, -1, -1, -1, -1, -1, -1, -1, -1, -1, -1, -1, -1, -1, -1, -1, -1, -1, -1, -1, -1, -1, -1, -1, -1, -1, -1]"
150,25,23,0.0,None,1,237,"[{'cluster_no': -1, 'count': 237}]","[-1, -1, -1, -1, -1, -1, -1, -1, -1, -1, -1, -1, -1, -1, -1, -1, -1, -1, -1, -1, -1, -1, -1, -1, -1, -1, -1, -1, -1, -1, -1, -1, -1, -1, -1, -1, -1, -1, -1, -1, -1, -1, -1, -1, -1, -1, -1, -1, -1, -1, -1, -1, -1, -1, -1, -1, -1, -1, -1, -1, -1, -1, -1, -1, -1, -1, -1, -1, -1, -1, -1, -1, -1, -1, -1, -1, -1, -1, -1, -1, -1, -1, -1, -1, -1, -1, -1, -1, -1, -1, -1, -1, -1, -1, -1, -1, -1, -1, -1, -1, -1, -1, -1, -1, -1, -1, -1, -1, -1, -1, -1, -1, -1, -1, -1, -1, -1, -1, -1, -1, -1, -1, -1, -1, -1, -1, -1, -1, -1, -1, -1, -1, -1, -1, -1, -1, -1, -1, -1, -1, -1, -1, -1, -1, -1, -1, -1, -1, -1, -1, -1, -1, -1, -1, -1, -1, -1, -1, -1, -1, -1, -1, -1, -1, -1, -1, -1, -1, -1, -1, -1, -1, -1, -1, -1, -1, -1, -1, -1, -1, -1, -1, -1, -1, -1, -1, -1, -1, -1, -1, -1, -1, -1, -1, -1, -1, -1, -1, -1, -1, -1, -1, -1, -1, -1, -1, -1, -1, -1, -1, -1, -1, -1, -1, -1, -1, -1, -1, -1, -1, -1, -1, -1, -1, -1, -1, -1, -1, -1, -1, -1, -1, -1, -1, -1, -1, -1]"
150,25,23,0.5,None,1,237,"[{'cluster_no': -1, 'count': 237}]","[-1, -1, -1, -1, -1, -1, -1, -1, -1, -1, -1, -1, -1, -1, -1, -1, -1, -1, -1, -1, -1, -1, -1, -1, -1, -1, -1, -1, -1, -1, -1, -1, -1, -1, -1, -1, -1, -1, -1, -1, -1, -1, -1, -1, -1, -1, -1, -1, -1, -1, -1, -1, -1, -1, -1, -1, -1, -1, -1, -1, -1, -1, -1, -1, -1, -1, -1, -1, -1, -1, -1, -1, -1, -1, -1, -1, -1, -1, -1, -1, -1, -1, -1, -1, -1, -1, -1, -1, -1, -1, -1, -1, -1, -1, -1, -1, -1, -1, -1, -1, -1, -1, -1, -1, -1, -1, -1, -1, -1, -1, -1, -1, -1, -1, -1, -1, -1, -1, -1, -1, -1, -1, -1, -1, -1, -1, -1, -1, -1, -1, -1, -1, -1, -1, -1, -1, -1, -1, -1, -1, -1, -1, -1, -1, -1, -1, -1, -1, -1, -1, -1, -1, -1, -1, -1, -1, -1, -1, -1, -1, -1, -1, -1, -1, -1, -1, -1, -1, -1, -1, -1, -1, -1, -1, -1, -1, -1, -1, -1, -1, -1, -1, -1, -1, -1, -1, -1, -1, -1, -1, -1, -1, -1, -1, -1, -1, -1, -1, -1, -1, -1, -1, -1, -1, -1, -1, -1, -1, -1, -1, -1, -1, -1, -1, -1, -1, -1, -1, -1, -1, -1, -1, -1, -1, -1, -1, -1, -1, -1, -1, -1, -1, -1, -1, -1, -1, -1]"
150,25,23,1.0,None,1,237,"[{'cluster_no': -1, 'count': 237}]","[-1, -1, -1, -1, -1, -1, -1, -1, -1, -1, -1, -1, -1, -1, -1, -1, -1, -1, -1, -1, -1, -1, -1, -1, -1, -1, -1, -1, -1, -1, -1, -1, -1, -1, -1, -1, -1, -1, -1, -1, -1, -1, -1, -1, -1, -1, -1, -1, -1, -1, -1, -1, -1, -1, -1, -1, -1, -1, -1, -1, -1, -1, -1, -1, -1, -1, -1, -1, -1, -1, -1, -1, -1, -1, -1, -1, -1, -1, -1, -1, -1, -1, -1, -1, -1, -1, -1, -1, -1, -1, -1, -1, -1, -1, -1, -1, -1, -1, -1, -1, -1, -1, -1, -1, -1, -1, -1, -1, -1, -1, -1, -1, -1, -1, -1, -1, -1, -1, -1, -1, -1, -1, -1, -1, -1, -1, -1, -1, -1, -1, -1, -1, -1, -1, -1, -1, -1, -1, -1, -1, -1, -1, -1, -1, -1, -1, -1, -1, -1, -1, -1, -1, -1, -1, -1, -1, -1, -1, -1, -1, -1, -1, -1, -1, -1, -1, -1, -1, -1, -1, -1, -1, -1, -1, -1, -1, -1, -1, -1, -1, -1, -1, -1, -1, -1, -1, -1, -1, -1, -1, -1, -1, -1, -1, -1, -1, -1, -1, -1, -1, -1, -1, -1, -1, -1, -1, -1, -1, -1, -1, -1, -1, -1, -1, -1, -1, -1, -1, -1, -1, -1, -1, -1, -1, -1, -1, -1, -1, -1, -1, -1, -1, -1, -1, -1, -1, -1]"
150,25,24,0.0,None,1,237,"[{'cluster_no': -1, 'count': 237}]","[-1, -1, -1, -1, -1, -1, -1, -1, -1, -1, -1, -1, -1, -1, -1, -1, -1, -1, -1, -1, -1, -1, -1, -1, -1, -1, -1, -1, -1, -1, -1, -1, -1, -1, -1, -1, -1, -1, -1, -1, -1, -1, -1, -1, -1, -1, -1, -1, -1, -1, -1, -1, -1, -1, -1, -1, -1, -1, -1, -1, -1, -1, -1, -1, -1, -1, -1, -1, -1, -1, -1, -1, -1, -1, -1, -1, -1, -1, -1, -1, -1, -1, -1, -1, -1, -1, -1, -1, -1, -1, -1, -1, -1, -1, -1, -1, -1, -1, -1, -1, -1, -1, -1, -1, -1, -1, -1, -1, -1, -1, -1, -1, -1, -1, -1, -1, -1, -1, -1, -1, -1, -1, -1, -1, -1, -1, -1, -1, -1, -1, -1, -1, -1, -1, -1, -1, -1, -1, -1, -1, -1, -1, -1, -1, -1, -1, -1, -1, -1, -1, -1, -1, -1, -1, -1, -1, -1, -1, -1, -1, -1, -1, -1, -1, -1, -1, -1, -1, -1, -1, -1, -1, -1, -1, -1, -1, -1, -1, -1, -1, -1, -1, -1, -1, -1, -1, -1, -1, -1, -1, -1, -1, -1, -1, -1, -1, -1, -1, -1, -1, -1, -1, -1, -1, -1, -1, -1, -1, -1, -1, -1, -1, -1, -1, -1, -1, -1, -1, -1, -1, -1, -1, -1, -1, -1, -1, -1, -1, -1, -1, -1, -1, -1, -1, -1, -1, -1]"
150,25,24,0.5,None,1,237,"[{'cluster_no': -1, 'count': 237}]","[-1, -1, -1, -1, -1, -1, -1, -1, -1, -1, -1, -1, -1, -1, -1, -1, -1, -1, -1, -1, -1, -1, -1, -1, -1, -1, -1, -1, -1, -1, -1, -1, -1, -1, -1, -1, -1, -1, -1, -1, -1, -1, -1, -1, -1, -1, -1, -1, -1, -1, -1, -1, -1, -1, -1, -1, -1, -1, -1, -1, -1, -1, -1, -1, -1, -1, -1, -1, -1, -1, -1, -1, -1, -1, -1, -1, -1, -1, -1, -1, -1, -1, -1, -1, -1, -1, -1, -1, -1, -1, -1, -1, -1, -1, -1, -1, -1, -1, -1, -1, -1, -1, -1, -1, -1, -1, -1, -1, -1, -1, -1, -1, -1, -1, -1, -1, -1, -1, -1, -1, -1, -1, -1, -1, -1, -1, -1, -1, -1, -1, -1, -1, -1, -1, -1, -1, -1, -1, -1, -1, -1, -1, -1, -1, -1, -1, -1, -1, -1, -1, -1, -1, -1, -1, -1, -1, -1, -1, -1, -1, -1, -1, -1, -1, -1, -1, -1, -1, -1, -1, -1, -1, -1, -1, -1, -1, -1, -1, -1, -1, -1, -1, -1, -1, -1, -1, -1, -1, -1, -1, -1, -1, -1, -1, -1, -1, -1, -1, -1, -1, -1, -1, -1, -1, -1, -1, -1, -1, -1, -1, -1, -1, -1, -1, -1, -1, -1, -1, -1, -1, -1, -1, -1, -1, -1, -1, -1, -1, -1, -1, -1, -1, -1, -1, -1, -1, -1]"
150,25,24,1.0,None,1,237,"[{'cluster_no': -1, 'count': 237}]","[-1, -1, -1, -1, -1, -1, -1, -1, -1, -1, -1, -1, -1, -1, -1, -1, -1, -1, -1, -1, -1, -1, -1, -1, -1, -1, -1, -1, -1, -1, -1, -1, -1, -1, -1, -1, -1, -1, -1, -1, -1, -1, -1, -1, -1, -1, -1, -1, -1, -1, -1, -1, -1, -1, -1, -1, -1, -1, -1, -1, -1, -1, -1, -1, -1, -1, -1, -1, -1, -1, -1, -1, -1, -1, -1, -1, -1, -1, -1, -1, -1, -1, -1, -1, -1, -1, -1, -1, -1, -1, -1, -1, -1, -1, -1, -1, -1, -1, -1, -1, -1, -1, -1, -1, -1, -1, -1, -1, -1, -1, -1, -1, -1, -1, -1, -1, -1, -1, -1, -1, -1, -1, -1, -1, -1, -1, -1, -1, -1, -1, -1, -1, -1, -1, -1, -1, -1, -1, -1, -1, -1, -1, -1, -1, -1, -1, -1, -1, -1, -1, -1, -1, -1, -1, -1, -1, -1, -1, -1, -1, -1, -1, -1, -1, -1, -1, -1, -1, -1, -1, -1, -1, -1, -1, -1, -1, -1, -1, -1, -1, -1, -1, -1, -1, -1, -1, -1, -1, -1, -1, -1, -1, -1, -1, -1, -1, -1, -1, -1, -1, -1, -1, -1, -1, -1, -1, -1, -1, -1, -1, -1, -1, -1, -1, -1, -1, -1, -1, -1, -1, -1, -1, -1, -1, -1, -1, -1, -1, -1, -1, -1, -1, -1, -1, -1, -1, -1]"
150,25,25,0.0,None,1,237,"[{'cluster_no': -1, 'count': 237}]","[-1, -1, -1, -1, -1, -1, -1, -1, -1, -1, -1, -1, -1, -1, -1, -1, -1, -1, -1, -1, -1, -1, -1, -1, -1, -1, -1, -1, -1, -1, -1, -1, -1, -1, -1, -1, -1, -1, -1, -1, -1, -1, -1, -1, -1, -1, -1, -1, -1, -1, -1, -1, -1, -1, -1, -1, -1, -1, -1, -1, -1, -1, -1, -1, -1, -1, -1, -1, -1, -1, -1, -1, -1, -1, -1, -1, -1, -1, -1, -1, -1, -1, -1, -1, -1, -1, -1, -1, -1, -1, -1, -1, -1, -1, -1, -1, -1, -1, -1, -1, -1, -1, -1, -1, -1, -1, -1, -1, -1, -1, -1, -1, -1, -1, -1, -1, -1, -1, -1, -1, -1, -1, -1, -1, -1, -1, -1, -1, -1, -1, -1, -1, -1, -1, -1, -1, -1, -1, -1, -1, -1, -1, -1, -1, -1, -1, -1, -1, -1, -1, -1, -1, -1, -1, -1, -1, -1, -1, -1, -1, -1, -1, -1, -1, -1, -1, -1, -1, -1, -1, -1, -1, -1, -1, -1, -1, -1, -1, -1, -1, -1, -1, -1, -1, -1, -1, -1, -1, -1, -1, -1, -1, -1, -1, -1, -1, -1, -1, -1, -1, -1, -1, -1, -1, -1, -1, -1, -1, -1, -1, -1, -1, -1, -1, -1, -1, -1, -1, -1, -1, -1, -1, -1, -1, -1, -1, -1, -1, -1, -1, -1, -1, -1, -1, -1, -1, -1]"
150,25,25,0.5,None,1,237,"[{'cluster_no': -1, 'count': 237}]","[-1, -1, -1, -1, -1, -1, -1, -1, -1, -1, -1, -1, -1, -1, -1, -1, -1, -1, -1, -1, -1, -1, -1, -1, -1, -1, -1, -1, -1, -1, -1, -1, -1, -1, -1, -1, -1, -1, -1, -1, -1, -1, -1, -1, -1, -1, -1, -1, -1, -1, -1, -1, -1, -1, -1, -1, -1, -1, -1, -1, -1, -1, -1, -1, -1, -1, -1, -1, -1, -1, -1, -1, -1, -1, -1, -1, -1, -1, -1, -1, -1, -1, -1, -1, -1, -1, -1, -1, -1, -1, -1, -1, -1, -1, -1, -1, -1, -1, -1, -1, -1, -1, -1, -1, -1, -1, -1, -1, -1, -1, -1, -1, -1, -1, -1, -1, -1, -1, -1, -1, -1, -1, -1, -1, -1, -1, -1, -1, -1, -1, -1, -1, -1, -1, -1, -1, -1, -1, -1, -1, -1, -1, -1, -1, -1, -1, -1, -1, -1, -1, -1, -1, -1, -1, -1, -1, -1, -1, -1, -1, -1, -1, -1, -1, -1, -1, -1, -1, -1, -1, -1, -1, -1, -1, -1, -1, -1, -1, -1, -1, -1, -1, -1, -1, -1, -1, -1, -1, -1, -1, -1, -1, -1, -1, -1, -1, -1, -1, -1, -1, -1, -1, -1, -1, -1, -1, -1, -1, -1, -1, -1, -1, -1, -1, -1, -1, -1, -1, -1, -1, -1, -1, -1, -1, -1, -1, -1, -1, -1, -1, -1, -1, -1, -1, -1, -1, -1]"
150,25,25,1.0,None,1,237,"[{'cluster_no': -1, 'count': 237}]","[-1, -1, -1, -1, -1, -1, -1, -1, -1, -1, -1, -1, -1, -1, -1, -1, -1, -1, -1, -1, -1, -1, -1, -1, -1, -1, -1, -1, -1, -1, -1, -1, -1, -1, -1, -1, -1, -1, -1, -1, -1, -1, -1, -1, -1, -1, -1, -1, -1, -1, -1, -1, -1, -1, -1, -1, -1, -1, -1, -1, -1, -1, -1, -1, -1, -1, -1, -1, -1, -1, -1, -1, -1, -1, -1, -1, -1, -1, -1, -1, -1, -1, -1, -1, -1, -1, -1, -1, -1, -1, -1, -1, -1, -1, -1, -1, -1, -1, -1, -1, -1, -1, -1, -1, -1, -1, -1, -1, -1, -1, -1, -1, -1, -1, -1, -1, -1, -1, -1, -1, -1, -1, -1, -1, -1, -1, -1, -1, -1, -1, -1, -1, -1, -1, -1, -1, -1, -1, -1, -1, -1, -1, -1, -1, -1, -1, -1, -1, -1, -1, -1, -1, -1, -1, -1, -1, -1, -1, -1, -1, -1, -1, -1, -1, -1, -1, -1, -1, -1, -1, -1, -1, -1, -1, -1, -1, -1, -1, -1, -1, -1, -1, -1, -1, -1, -1, -1, -1, -1, -1, -1, -1, -1, -1, -1, -1, -1, -1, -1, -1, -1, -1, -1, -1, -1, -1, -1, -1, -1, -1, -1, -1, -1, -1, -1, -1, -1, -1, -1, -1, -1, -1, -1, -1, -1, -1, -1, -1, -1, -1, -1, -1, -1, -1, -1, -1, -1]"
150,25,26,0.0,None,1,237,"[{'cluster_no': -1, 'count': 237}]","[-1, -1, -1, -1, -1, -1, -1, -1, -1, -1, -1, -1, -1, -1, -1, -1, -1, -1, -1, -1, -1, -1, -1, -1, -1, -1, -1, -1, -1, -1, -1, -1, -1, -1, -1, -1, -1, -1, -1, -1, -1, -1, -1, -1, -1, -1, -1, -1, -1, -1, -1, -1, -1, -1, -1, -1, -1, -1, -1, -1, -1, -1, -1, -1, -1, -1, -1, -1, -1, -1, -1, -1, -1, -1, -1, -1, -1, -1, -1, -1, -1, -1, -1, -1, -1, -1, -1, -1, -1, -1, -1, -1, -1, -1, -1, -1, -1, -1, -1, -1, -1, -1, -1, -1, -1, -1, -1, -1, -1, -1, -1, -1, -1, -1, -1, -1, -1, -1, -1, -1, -1, -1, -1, -1, -1, -1, -1, -1, -1, -1, -1, -1, -1, -1, -1, -1, -1, -1, -1, -1, -1, -1, -1, -1, -1, -1, -1, -1, -1, -1, -1, -1, -1, -1, -1, -1, -1, -1, -1, -1, -1, -1, -1, -1, -1, -1, -1, -1, -1, -1, -1, -1, -1, -1, -1, -1, -1, -1, -1, -1, -1, -1, -1, -1, -1, -1, -1, -1, -1, -1, -1, -1, -1, -1, -1, -1, -1, -1, -1, -1, -1, -1, -1, -1, -1, -1, -1, -1, -1, -1, -1, -1, -1, -1, -1, -1, -1, -1, -1, -1, -1, -1, -1, -1, -1, -1, -1, -1, -1, -1, -1, -1, -1, -1, -1, -1, -1]"
150,25,26,0.5,None,1,237,"[{'cluster_no': -1, 'count': 237}]","[-1, -1, -1, -1, -1, -1, -1, -1, -1, -1, -1, -1, -1, -1, -1, -1, -1, -1, -1, -1, -1, -1, -1, -1, -1, -1, -1, -1, -1, -1, -1, -1, -1, -1, -1, -1, -1, -1, -1, -1, -1, -1, -1, -1, -1, -1, -1, -1, -1, -1, -1, -1, -1, -1, -1, -1, -1, -1, -1, -1, -1, -1, -1, -1, -1, -1, -1, -1, -1, -1, -1, -1, -1, -1, -1, -1, -1, -1, -1, -1, -1, -1, -1, -1, -1, -1, -1, -1, -1, -1, -1, -1, -1, -1, -1, -1, -1, -1, -1, -1, -1, -1, -1, -1, -1, -1, -1, -1, -1, -1, -1, -1, -1, -1, -1, -1, -1, -1, -1, -1, -1, -1, -1, -1, -1, -1, -1, -1, -1, -1, -1, -1, -1, -1, -1, -1, -1, -1, -1, -1, -1, -1, -1, -1, -1, -1, -1, -1, -1, -1, -1, -1, -1, -1, -1, -1, -1, -1, -1, -1, -1, -1, -1, -1, -1, -1, -1, -1, -1, -1, -1, -1, -1, -1, -1, -1, -1, -1, -1, -1, -1, -1, -1, -1, -1, -1, -1, -1, -1, -1, -1, -1, -1, -1, -1, -1, -1, -1, -1, -1, -1, -1, -1, -1, -1, -1, -1, -1, -1, -1, -1, -1, -1, -1, -1, -1, -1, -1, -1, -1, -1, -1, -1, -1, -1, -1, -1, -1, -1, -1, -1, -1, -1, -1, -1, -1, -1]"
150,25,26,1.0,None,1,237,"[{'cluster_no': -1, 'count': 237}]","[-1, -1, -1, -1, -1, -1, -1, -1, -1, -1, -1, -1, -1, -1, -1, -1, -1, -1, -1, -1, -1, -1, -1, -1, -1, -1, -1, -1, -1, -1, -1, -1, -1, -1, -1, -1, -1, -1, -1, -1, -1, -1, -1, -1, -1, -1, -1, -1, -1, -1, -1, -1, -1, -1, -1, -1, -1, -1, -1, -1, -1, -1, -1, -1, -1, -1, -1, -1, -1, -1, -1, -1, -1, -1, -1, -1, -1, -1, -1, -1, -1, -1, -1, -1, -1, -1, -1, -1, -1, -1, -1, -1, -1, -1, -1, -1, -1, -1, -1, -1, -1, -1, -1, -1, -1, -1, -1, -1, -1, -1, -1, -1, -1, -1, -1, -1, -1, -1, -1, -1, -1, -1, -1, -1, -1, -1, -1, -1, -1, -1, -1, -1, -1, -1, -1, -1, -1, -1, -1, -1, -1, -1, -1, -1, -1, -1, -1, -1, -1, -1, -1, -1, -1, -1, -1, -1, -1, -1, -1, -1, -1, -1, -1, -1, -1, -1, -1, -1, -1, -1, -1, -1, -1, -1, -1, -1, -1, -1, -1, -1, -1, -1, -1, -1, -1, -1, -1, -1, -1, -1, -1, -1, -1, -1, -1, -1, -1, -1, -1, -1, -1, -1, -1, -1, -1, -1, -1, -1, -1, -1, -1, -1, -1, -1, -1, -1, -1, -1, -1, -1, -1, -1, -1, -1, -1, -1, -1, -1, -1, -1, -1, -1, -1, -1, -1, -1, -1]"
150,25,27,0.0,None,1,237,"[{'cluster_no': -1, 'count': 237}]","[-1, -1, -1, -1, -1, -1, -1, -1, -1, -1, -1, -1, -1, -1, -1, -1, -1, -1, -1, -1, -1, -1, -1, -1, -1, -1, -1, -1, -1, -1, -1, -1, -1, -1, -1, -1, -1, -1, -1, -1, -1, -1, -1, -1, -1, -1, -1, -1, -1, -1, -1, -1, -1, -1, -1, -1, -1, -1, -1, -1, -1, -1, -1, -1, -1, -1, -1, -1, -1, -1, -1, -1, -1, -1, -1, -1, -1, -1, -1, -1, -1, -1, -1, -1, -1, -1, -1, -1, -1, -1, -1, -1, -1, -1, -1, -1, -1, -1, -1, -1, -1, -1, -1, -1, -1, -1, -1, -1, -1, -1, -1, -1, -1, -1, -1, -1, -1, -1, -1, -1, -1, -1, -1, -1, -1, -1, -1, -1, -1, -1, -1, -1, -1, -1, -1, -1, -1, -1, -1, -1, -1, -1, -1, -1, -1, -1, -1, -1, -1, -1, -1, -1, -1, -1, -1, -1, -1, -1, -1, -1, -1, -1, -1, -1, -1, -1, -1, -1, -1, -1, -1, -1, -1, -1, -1, -1, -1, -1, -1, -1, -1, -1, -1, -1, -1, -1, -1, -1, -1, -1, -1, -1, -1, -1, -1, -1, -1, -1, -1, -1, -1, -1, -1, -1, -1, -1, -1, -1, -1, -1, -1, -1, -1, -1, -1, -1, -1, -1, -1, -1, -1, -1, -1, -1, -1, -1, -1, -1, -1, -1, -1, -1, -1, -1, -1, -1, -1]"
150,25,27,0.5,None,1,237,"[{'cluster_no': -1, 'count': 237}]","[-1, -1, -1, -1, -1, -1, -1, -1, -1, -1, -1, -1, -1, -1, -1, -1, -1, -1, -1, -1, -1, -1, -1, -1, -1, -1, -1, -1, -1, -1, -1, -1, -1, -1, -1, -1, -1, -1, -1, -1, -1, -1, -1, -1, -1, -1, -1, -1, -1, -1, -1, -1, -1, -1, -1, -1, -1, -1, -1, -1, -1, -1, -1, -1, -1, -1, -1, -1, -1, -1, -1, -1, -1, -1, -1, -1, -1, -1, -1, -1, -1, -1, -1, -1, -1, -1, -1, -1, -1, -1, -1, -1, -1, -1, -1, -1, -1, -1, -1, -1, -1, -1, -1, -1, -1, -1, -1, -1, -1, -1, -1, -1, -1, -1, -1, -1, -1, -1, -1, -1, -1, -1, -1, -1, -1, -1, -1, -1, -1, -1, -1, -1, -1, -1, -1, -1, -1, -1, -1, -1, -1, -1, -1, -1, -1, -1, -1, -1, -1, -1, -1, -1, -1, -1, -1, -1, -1, -1, -1, -1, -1, -1, -1, -1, -1, -1, -1, -1, -1, -1, -1, -1, -1, -1, -1, -1, -1, -1, -1, -1, -1, -1, -1, -1, -1, -1, -1, -1, -1, -1, -1, -1, -1, -1, -1, -1, -1, -1, -1, -1, -1, -1, -1, -1, -1, -1, -1, -1, -1, -1, -1, -1, -1, -1, -1, -1, -1, -1, -1, -1, -1, -1, -1, -1, -1, -1, -1, -1, -1, -1, -1, -1, -1, -1, -1, -1, -1]"
150,25,27,1.0,None,1,237,"[{'cluster_no': -1, 'count': 237}]","[-1, -1, -1, -1, -1, -1, -1, -1, -1, -1, -1, -1, -1, -1, -1, -1, -1, -1, -1, -1, -1, -1, -1, -1, -1, -1, -1, -1, -1, -1, -1, -1, -1, -1, -1, -1, -1, -1, -1, -1, -1, -1, -1, -1, -1, -1, -1, -1, -1, -1, -1, -1, -1, -1, -1, -1, -1, -1, -1, -1, -1, -1, -1, -1, -1, -1, -1, -1, -1, -1, -1, -1, -1, -1, -1, -1, -1, -1, -1, -1, -1, -1, -1, -1, -1, -1, -1, -1, -1, -1, -1, -1, -1, -1, -1, -1, -1, -1, -1, -1, -1, -1, -1, -1, -1, -1, -1, -1, -1, -1, -1, -1, -1, -1, -1, -1, -1, -1, -1, -1, -1, -1, -1, -1, -1, -1, -1, -1, -1, -1, -1, -1, -1, -1, -1, -1, -1, -1, -1, -1, -1, -1, -1, -1, -1, -1, -1, -1, -1, -1, -1, -1, -1, -1, -1, -1, -1, -1, -1, -1, -1, -1, -1, -1, -1, -1, -1, -1, -1, -1, -1, -1, -1, -1, -1, -1, -1, -1, -1, -1, -1, -1, -1, -1, -1, -1, -1, -1, -1, -1, -1, -1, -1, -1, -1, -1, -1, -1, -1, -1, -1, -1, -1, -1, -1, -1, -1, -1, -1, -1, -1, -1, -1, -1, -1, -1, -1, -1, -1, -1, -1, -1, -1, -1, -1, -1, -1, -1, -1, -1, -1, -1, -1, -1, -1, -1, -1]"
150,25,28,0.0,None,1,237,"[{'cluster_no': -1, 'count': 237}]","[-1, -1, -1, -1, -1, -1, -1, -1, -1, -1, -1, -1, -1, -1, -1, -1, -1, -1, -1, -1, -1, -1, -1, -1, -1, -1, -1, -1, -1, -1, -1, -1, -1, -1, -1, -1, -1, -1, -1, -1, -1, -1, -1, -1, -1, -1, -1, -1, -1, -1, -1, -1, -1, -1, -1, -1, -1, -1, -1, -1, -1, -1, -1, -1, -1, -1, -1, -1, -1, -1, -1, -1, -1, -1, -1, -1, -1, -1, -1, -1, -1, -1, -1, -1, -1, -1, -1, -1, -1, -1, -1, -1, -1, -1, -1, -1, -1, -1, -1, -1, -1, -1, -1, -1, -1, -1, -1, -1, -1, -1, -1, -1, -1, -1, -1, -1, -1, -1, -1, -1, -1, -1, -1, -1, -1, -1, -1, -1, -1, -1, -1, -1, -1, -1, -1, -1, -1, -1, -1, -1, -1, -1, -1, -1, -1, -1, -1, -1, -1, -1, -1, -1, -1, -1, -1, -1, -1, -1, -1, -1, -1, -1, -1, -1, -1, -1, -1, -1, -1, -1, -1, -1, -1, -1, -1, -1, -1, -1, -1, -1, -1, -1, -1, -1, -1, -1, -1, -1, -1, -1, -1, -1, -1, -1, -1, -1, -1, -1, -1, -1, -1, -1, -1, -1, -1, -1, -1, -1, -1, -1, -1, -1, -1, -1, -1, -1, -1, -1, -1, -1, -1, -1, -1, -1, -1, -1, -1, -1, -1, -1, -1, -1, -1, -1, -1, -1, -1]"
150,25,28,0.5,None,1,237,"[{'cluster_no': -1, 'count': 237}]","[-1, -1, -1, -1, -1, -1, -1, -1, -1, -1, -1, -1, -1, -1, -1, -1, -1, -1, -1, -1, -1, -1, -1, -1, -1, -1, -1, -1, -1, -1, -1, -1, -1, -1, -1, -1, -1, -1, -1, -1, -1, -1, -1, -1, -1, -1, -1, -1, -1, -1, -1, -1, -1, -1, -1, -1, -1, -1, -1, -1, -1, -1, -1, -1, -1, -1, -1, -1, -1, -1, -1, -1, -1, -1, -1, -1, -1, -1, -1, -1, -1, -1, -1, -1, -1, -1, -1, -1, -1, -1, -1, -1, -1, -1, -1, -1, -1, -1, -1, -1, -1, -1, -1, -1, -1, -1, -1, -1, -1, -1, -1, -1, -1, -1, -1, -1, -1, -1, -1, -1, -1, -1, -1, -1, -1, -1, -1, -1, -1, -1, -1, -1, -1, -1, -1, -1, -1, -1, -1, -1, -1, -1, -1, -1, -1, -1, -1, -1, -1, -1, -1, -1, -1, -1, -1, -1, -1, -1, -1, -1, -1, -1, -1, -1, -1, -1, -1, -1, -1, -1, -1, -1, -1, -1, -1, -1, -1, -1, -1, -1, -1, -1, -1, -1, -1, -1, -1, -1, -1, -1, -1, -1, -1, -1, -1, -1, -1, -1, -1, -1, -1, -1, -1, -1, -1, -1, -1, -1, -1, -1, -1, -1, -1, -1, -1, -1, -1, -1, -1, -1, -1, -1, -1, -1, -1, -1, -1, -1, -1, -1, -1, -1, -1, -1, -1, -1, -1]"
150,25,28,1.0,None,1,237,"[{'cluster_no': -1, 'count': 237}]","[-1, -1, -1, -1, -1, -1, -1, -1, -1, -1, -1, -1, -1, -1, -1, -1, -1, -1, -1, -1, -1, -1, -1, -1, -1, -1, -1, -1, -1, -1, -1, -1, -1, -1, -1, -1, -1, -1, -1, -1, -1, -1, -1, -1, -1, -1, -1, -1, -1, -1, -1, -1, -1, -1, -1, -1, -1, -1, -1, -1, -1, -1, -1, -1, -1, -1, -1, -1, -1, -1, -1, -1, -1, -1, -1, -1, -1, -1, -1, -1, -1, -1, -1, -1, -1, -1, -1, -1, -1, -1, -1, -1, -1, -1, -1, -1, -1, -1, -1, -1, -1, -1, -1, -1, -1, -1, -1, -1, -1, -1, -1, -1, -1, -1, -1, -1, -1, -1, -1, -1, -1, -1, -1, -1, -1, -1, -1, -1, -1, -1, -1, -1, -1, -1, -1, -1, -1, -1, -1, -1, -1, -1, -1, -1, -1, -1, -1, -1, -1, -1, -1, -1, -1, -1, -1, -1, -1, -1, -1, -1, -1, -1, -1, -1, -1, -1, -1, -1, -1, -1, -1, -1, -1, -1, -1, -1, -1, -1, -1, -1, -1, -1, -1, -1, -1, -1, -1, -1, -1, -1, -1, -1, -1, -1, -1, -1, -1, -1, -1, -1, -1, -1, -1, -1, -1, -1, -1, -1, -1, -1, -1, -1, -1, -1, -1, -1, -1, -1, -1, -1, -1, -1, -1, -1, -1, -1, -1, -1, -1, -1, -1, -1, -1, -1, -1, -1, -1]"
150,25,29,0.0,None,1,237,"[{'cluster_no': -1, 'count': 237}]","[-1, -1, -1, -1, -1, -1, -1, -1, -1, -1, -1, -1, -1, -1, -1, -1, -1, -1, -1, -1, -1, -1, -1, -1, -1, -1, -1, -1, -1, -1, -1, -1, -1, -1, -1, -1, -1, -1, -1, -1, -1, -1, -1, -1, -1, -1, -1, -1, -1, -1, -1, -1, -1, -1, -1, -1, -1, -1, -1, -1, -1, -1, -1, -1, -1, -1, -1, -1, -1, -1, -1, -1, -1, -1, -1, -1, -1, -1, -1, -1, -1, -1, -1, -1, -1, -1, -1, -1, -1, -1, -1, -1, -1, -1, -1, -1, -1, -1, -1, -1, -1, -1, -1, -1, -1, -1, -1, -1, -1, -1, -1, -1, -1, -1, -1, -1, -1, -1, -1, -1, -1, -1, -1, -1, -1, -1, -1, -1, -1, -1, -1, -1, -1, -1, -1, -1, -1, -1, -1, -1, -1, -1, -1, -1, -1, -1, -1, -1, -1, -1, -1, -1, -1, -1, -1, -1, -1, -1, -1, -1, -1, -1, -1, -1, -1, -1, -1, -1, -1, -1, -1, -1, -1, -1, -1, -1, -1, -1, -1, -1, -1, -1, -1, -1, -1, -1, -1, -1, -1, -1, -1, -1, -1, -1, -1, -1, -1, -1, -1, -1, -1, -1, -1, -1, -1, -1, -1, -1, -1, -1, -1, -1, -1, -1, -1, -1, -1, -1, -1, -1, -1, -1, -1, -1, -1, -1, -1, -1, -1, -1, -1, -1, -1, -1, -1, -1, -1]"
150,25,29,0.5,None,1,237,"[{'cluster_no': -1, 'count': 237}]","[-1, -1, -1, -1, -1, -1, -1, -1, -1, -1, -1, -1, -1, -1, -1, -1, -1, -1, -1, -1, -1, -1, -1, -1, -1, -1, -1, -1, -1, -1, -1, -1, -1, -1, -1, -1, -1, -1, -1, -1, -1, -1, -1, -1, -1, -1, -1, -1, -1, -1, -1, -1, -1, -1, -1, -1, -1, -1, -1, -1, -1, -1, -1, -1, -1, -1, -1, -1, -1, -1, -1, -1, -1, -1, -1, -1, -1, -1, -1, -1, -1, -1, -1, -1, -1, -1, -1, -1, -1, -1, -1, -1, -1, -1, -1, -1, -1, -1, -1, -1, -1, -1, -1, -1, -1, -1, -1, -1, -1, -1, -1, -1, -1, -1, -1, -1, -1, -1, -1, -1, -1, -1, -1, -1, -1, -1, -1, -1, -1, -1, -1, -1, -1, -1, -1, -1, -1, -1, -1, -1, -1, -1, -1, -1, -1, -1, -1, -1, -1, -1, -1, -1, -1, -1, -1, -1, -1, -1, -1, -1, -1, -1, -1, -1, -1, -1, -1, -1, -1, -1, -1, -1, -1, -1, -1, -1, -1, -1, -1, -1, -1, -1, -1, -1, -1, -1, -1, -1, -1, -1, -1, -1, -1, -1, -1, -1, -1, -1, -1, -1, -1, -1, -1, -1, -1, -1, -1, -1, -1, -1, -1, -1, -1, -1, -1, -1, -1, -1, -1, -1, -1, -1, -1, -1, -1, -1, -1, -1, -1, -1, -1, -1, -1, -1, -1, -1, -1]"
150,25,29,1.0,None,1,237,"[{'cluster_no': -1, 'count': 237}]","[-1, -1, -1, -1, -1, -1, -1, -1, -1, -1, -1, -1, -1, -1, -1, -1, -1, -1, -1, -1, -1, -1, -1, -1, -1, -1, -1, -1, -1, -1, -1, -1, -1, -1, -1, -1, -1, -1, -1, -1, -1, -1, -1, -1, -1, -1, -1, -1, -1, -1, -1, -1, -1, -1, -1, -1, -1, -1, -1, -1, -1, -1, -1, -1, -1, -1, -1, -1, -1, -1, -1, -1, -1, -1, -1, -1, -1, -1, -1, -1, -1, -1, -1, -1, -1, -1, -1, -1, -1, -1, -1, -1, -1, -1, -1, -1, -1, -1, -1, -1, -1, -1, -1, -1, -1, -1, -1, -1, -1, -1, -1, -1, -1, -1, -1, -1, -1, -1, -1, -1, -1, -1, -1, -1, -1, -1, -1, -1, -1, -1, -1, -1, -1, -1, -1, -1, -1, -1, -1, -1, -1, -1, -1, -1, -1, -1, -1, -1, -1, -1, -1, -1, -1, -1, -1, -1, -1, -1, -1, -1, -1, -1, -1, -1, -1, -1, -1, -1, -1, -1, -1, -1, -1, -1, -1, -1, -1, -1, -1, -1, -1, -1, -1, -1, -1, -1, -1, -1, -1, -1, -1, -1, -1, -1, -1, -1, -1, -1, -1, -1, -1, -1, -1, -1, -1, -1, -1, -1, -1, -1, -1, -1, -1, -1, -1, -1, -1, -1, -1, -1, -1, -1, -1, -1, -1, -1, -1, -1, -1, -1, -1, -1, -1, -1, -1, -1, -1]"
150,25,30,0.0,None,1,237,"[{'cluster_no': -1, 'count': 237}]","[-1, -1, -1, -1, -1, -1, -1, -1, -1, -1, -1, -1, -1, -1, -1, -1, -1, -1, -1, -1, -1, -1, -1, -1, -1, -1, -1, -1, -1, -1, -1, -1, -1, -1, -1, -1, -1, -1, -1, -1, -1, -1, -1, -1, -1, -1, -1, -1, -1, -1, -1, -1, -1, -1, -1, -1, -1, -1, -1, -1, -1, -1, -1, -1, -1, -1, -1, -1, -1, -1, -1, -1, -1, -1, -1, -1, -1, -1, -1, -1, -1, -1, -1, -1, -1, -1, -1, -1, -1, -1, -1, -1, -1, -1, -1, -1, -1, -1, -1, -1, -1, -1, -1, -1, -1, -1, -1, -1, -1, -1, -1, -1, -1, -1, -1, -1, -1, -1, -1, -1, -1, -1, -1, -1, -1, -1, -1, -1, -1, -1, -1, -1, -1, -1, -1, -1, -1, -1, -1, -1, -1, -1, -1, -1, -1, -1, -1, -1, -1, -1, -1, -1, -1, -1, -1, -1, -1, -1, -1, -1, -1, -1, -1, -1, -1, -1, -1, -1, -1, -1, -1, -1, -1, -1, -1, -1, -1, -1, -1, -1, -1, -1, -1, -1, -1, -1, -1, -1, -1, -1, -1, -1, -1, -1, -1, -1, -1, -1, -1, -1, -1, -1, -1, -1, -1, -1, -1, -1, -1, -1, -1, -1, -1, -1, -1, -1, -1, -1, -1, -1, -1, -1, -1, -1, -1, -1, -1, -1, -1, -1, -1, -1, -1, -1, -1, -1, -1]"
150,25,30,0.5,None,1,237,"[{'cluster_no': -1, 'count': 237}]","[-1, -1, -1, -1, -1, -1, -1, -1, -1, -1, -1, -1, -1, -1, -1, -1, -1, -1, -1, -1, -1, -1, -1, -1, -1, -1, -1, -1, -1, -1, -1, -1, -1, -1, -1, -1, -1, -1, -1, -1, -1, -1, -1, -1, -1, -1, -1, -1, -1, -1, -1, -1, -1, -1, -1, -1, -1, -1, -1, -1, -1, -1, -1, -1, -1, -1, -1, -1, -1, -1, -1, -1, -1, -1, -1, -1, -1, -1, -1, -1, -1, -1, -1, -1, -1, -1, -1, -1, -1, -1, -1, -1, -1, -1, -1, -1, -1, -1, -1, -1, -1, -1, -1, -1, -1, -1, -1, -1, -1, -1, -1, -1, -1, -1, -1, -1, -1, -1, -1, -1, -1, -1, -1, -1, -1, -1, -1, -1, -1, -1, -1, -1, -1, -1, -1, -1, -1, -1, -1, -1, -1, -1, -1, -1, -1, -1, -1, -1, -1, -1, -1, -1, -1, -1, -1, -1, -1, -1, -1, -1, -1, -1, -1, -1, -1, -1, -1, -1, -1, -1, -1, -1, -1, -1, -1, -1, -1, -1, -1, -1, -1, -1, -1, -1, -1, -1, -1, -1, -1, -1, -1, -1, -1, -1, -1, -1, -1, -1, -1, -1, -1, -1, -1, -1, -1, -1, -1, -1, -1, -1, -1, -1, -1, -1, -1, -1, -1, -1, -1, -1, -1, -1, -1, -1, -1, -1, -1, -1, -1, -1, -1, -1, -1, -1, -1, -1, -1]"
150,25,30,1.0,None,1,237,"[{'cluster_no': -1, 'count': 237}]","[-1, -1, -1, -1, -1, -1, -1, -1, -1, -1, -1, -1, -1, -1, -1, -1, -1, -1, -1, -1, -1, -1, -1, -1, -1, -1, -1, -1, -1, -1, -1, -1, -1, -1, -1, -1, -1, -1, -1, -1, -1, -1, -1, -1, -1, -1, -1, -1, -1, -1, -1, -1, -1, -1, -1, -1, -1, -1, -1, -1, -1, -1, -1, -1, -1, -1, -1, -1, -1, -1, -1, -1, -1, -1, -1, -1, -1, -1, -1, -1, -1, -1, -1, -1, -1, -1, -1, -1, -1, -1, -1, -1, -1, -1, -1, -1, -1, -1, -1, -1, -1, -1, -1, -1, -1, -1, -1, -1, -1, -1, -1, -1, -1, -1, -1, -1, -1, -1, -1, -1, -1, -1, -1, -1, -1, -1, -1, -1, -1, -1, -1, -1, -1, -1, -1, -1, -1, -1, -1, -1, -1, -1, -1, -1, -1, -1, -1, -1, -1, -1, -1, -1, -1, -1, -1, -1, -1, -1, -1, -1, -1, -1, -1, -1, -1, -1, -1, -1, -1, -1, -1, -1, -1, -1, -1, -1, -1, -1, -1, -1, -1, -1, -1, -1, -1, -1, -1, -1, -1, -1, -1, -1, -1, -1, -1, -1, -1, -1, -1, -1, -1, -1, -1, -1, -1, -1, -1, -1, -1, -1, -1, -1, -1, -1, -1, -1, -1, -1, -1, -1, -1, -1, -1, -1, -1, -1, -1, -1, -1, -1, -1, -1, -1, -1, -1, -1, -1]"
150,26,5,0.0,None,1,237,"[{'cluster_no': -1, 'count': 237}]","[-1, -1, -1, -1, -1, -1, -1, -1, -1, -1, -1, -1, -1, -1, -1, -1, -1, -1, -1, -1, -1, -1, -1, -1, -1, -1, -1, -1, -1, -1, -1, -1, -1, -1, -1, -1, -1, -1, -1, -1, -1, -1, -1, -1, -1, -1, -1, -1, -1, -1, -1, -1, -1, -1, -1, -1, -1, -1, -1, -1, -1, -1, -1, -1, -1, -1, -1, -1, -1, -1, -1, -1, -1, -1, -1, -1, -1, -1, -1, -1, -1, -1, -1, -1, -1, -1, -1, -1, -1, -1, -1, -1, -1, -1, -1, -1, -1, -1, -1, -1, -1, -1, -1, -1, -1, -1, -1, -1, -1, -1, -1, -1, -1, -1, -1, -1, -1, -1, -1, -1, -1, -1, -1, -1, -1, -1, -1, -1, -1, -1, -1, -1, -1, -1, -1, -1, -1, -1, -1, -1, -1, -1, -1, -1, -1, -1, -1, -1, -1, -1, -1, -1, -1, -1, -1, -1, -1, -1, -1, -1, -1, -1, -1, -1, -1, -1, -1, -1, -1, -1, -1, -1, -1, -1, -1, -1, -1, -1, -1, -1, -1, -1, -1, -1, -1, -1, -1, -1, -1, -1, -1, -1, -1, -1, -1, -1, -1, -1, -1, -1, -1, -1, -1, -1, -1, -1, -1, -1, -1, -1, -1, -1, -1, -1, -1, -1, -1, -1, -1, -1, -1, -1, -1, -1, -1, -1, -1, -1, -1, -1, -1, -1, -1, -1, -1, -1, -1]"
150,26,5,0.5,None,1,237,"[{'cluster_no': -1, 'count': 237}]","[-1, -1, -1, -1, -1, -1, -1, -1, -1, -1, -1, -1, -1, -1, -1, -1, -1, -1, -1, -1, -1, -1, -1, -1, -1, -1, -1, -1, -1, -1, -1, -1, -1, -1, -1, -1, -1, -1, -1, -1, -1, -1, -1, -1, -1, -1, -1, -1, -1, -1, -1, -1, -1, -1, -1, -1, -1, -1, -1, -1, -1, -1, -1, -1, -1, -1, -1, -1, -1, -1, -1, -1, -1, -1, -1, -1, -1, -1, -1, -1, -1, -1, -1, -1, -1, -1, -1, -1, -1, -1, -1, -1, -1, -1, -1, -1, -1, -1, -1, -1, -1, -1, -1, -1, -1, -1, -1, -1, -1, -1, -1, -1, -1, -1, -1, -1, -1, -1, -1, -1, -1, -1, -1, -1, -1, -1, -1, -1, -1, -1, -1, -1, -1, -1, -1, -1, -1, -1, -1, -1, -1, -1, -1, -1, -1, -1, -1, -1, -1, -1, -1, -1, -1, -1, -1, -1, -1, -1, -1, -1, -1, -1, -1, -1, -1, -1, -1, -1, -1, -1, -1, -1, -1, -1, -1, -1, -1, -1, -1, -1, -1, -1, -1, -1, -1, -1, -1, -1, -1, -1, -1, -1, -1, -1, -1, -1, -1, -1, -1, -1, -1, -1, -1, -1, -1, -1, -1, -1, -1, -1, -1, -1, -1, -1, -1, -1, -1, -1, -1, -1, -1, -1, -1, -1, -1, -1, -1, -1, -1, -1, -1, -1, -1, -1, -1, -1, -1]"
150,26,5,1.0,None,1,237,"[{'cluster_no': -1, 'count': 237}]","[-1, -1, -1, -1, -1, -1, -1, -1, -1, -1, -1, -1, -1, -1, -1, -1, -1, -1, -1, -1, -1, -1, -1, -1, -1, -1, -1, -1, -1, -1, -1, -1, -1, -1, -1, -1, -1, -1, -1, -1, -1, -1, -1, -1, -1, -1, -1, -1, -1, -1, -1, -1, -1, -1, -1, -1, -1, -1, -1, -1, -1, -1, -1, -1, -1, -1, -1, -1, -1, -1, -1, -1, -1, -1, -1, -1, -1, -1, -1, -1, -1, -1, -1, -1, -1, -1, -1, -1, -1, -1, -1, -1, -1, -1, -1, -1, -1, -1, -1, -1, -1, -1, -1, -1, -1, -1, -1, -1, -1, -1, -1, -1, -1, -1, -1, -1, -1, -1, -1, -1, -1, -1, -1, -1, -1, -1, -1, -1, -1, -1, -1, -1, -1, -1, -1, -1, -1, -1, -1, -1, -1, -1, -1, -1, -1, -1, -1, -1, -1, -1, -1, -1, -1, -1, -1, -1, -1, -1, -1, -1, -1, -1, -1, -1, -1, -1, -1, -1, -1, -1, -1, -1, -1, -1, -1, -1, -1, -1, -1, -1, -1, -1, -1, -1, -1, -1, -1, -1, -1, -1, -1, -1, -1, -1, -1, -1, -1, -1, -1, -1, -1, -1, -1, -1, -1, -1, -1, -1, -1, -1, -1, -1, -1, -1, -1, -1, -1, -1, -1, -1, -1, -1, -1, -1, -1, -1, -1, -1, -1, -1, -1, -1, -1, -1, -1, -1, -1]"
150,26,6,0.0,None,1,237,"[{'cluster_no': -1, 'count': 237}]","[-1, -1, -1, -1, -1, -1, -1, -1, -1, -1, -1, -1, -1, -1, -1, -1, -1, -1, -1, -1, -1, -1, -1, -1, -1, -1, -1, -1, -1, -1, -1, -1, -1, -1, -1, -1, -1, -1, -1, -1, -1, -1, -1, -1, -1, -1, -1, -1, -1, -1, -1, -1, -1, -1, -1, -1, -1, -1, -1, -1, -1, -1, -1, -1, -1, -1, -1, -1, -1, -1, -1, -1, -1, -1, -1, -1, -1, -1, -1, -1, -1, -1, -1, -1, -1, -1, -1, -1, -1, -1, -1, -1, -1, -1, -1, -1, -1, -1, -1, -1, -1, -1, -1, -1, -1, -1, -1, -1, -1, -1, -1, -1, -1, -1, -1, -1, -1, -1, -1, -1, -1, -1, -1, -1, -1, -1, -1, -1, -1, -1, -1, -1, -1, -1, -1, -1, -1, -1, -1, -1, -1, -1, -1, -1, -1, -1, -1, -1, -1, -1, -1, -1, -1, -1, -1, -1, -1, -1, -1, -1, -1, -1, -1, -1, -1, -1, -1, -1, -1, -1, -1, -1, -1, -1, -1, -1, -1, -1, -1, -1, -1, -1, -1, -1, -1, -1, -1, -1, -1, -1, -1, -1, -1, -1, -1, -1, -1, -1, -1, -1, -1, -1, -1, -1, -1, -1, -1, -1, -1, -1, -1, -1, -1, -1, -1, -1, -1, -1, -1, -1, -1, -1, -1, -1, -1, -1, -1, -1, -1, -1, -1, -1, -1, -1, -1, -1, -1]"
150,26,6,0.5,None,1,237,"[{'cluster_no': -1, 'count': 237}]","[-1, -1, -1, -1, -1, -1, -1, -1, -1, -1, -1, -1, -1, -1, -1, -1, -1, -1, -1, -1, -1, -1, -1, -1, -1, -1, -1, -1, -1, -1, -1, -1, -1, -1, -1, -1, -1, -1, -1, -1, -1, -1, -1, -1, -1, -1, -1, -1, -1, -1, -1, -1, -1, -1, -1, -1, -1, -1, -1, -1, -1, -1, -1, -1, -1, -1, -1, -1, -1, -1, -1, -1, -1, -1, -1, -1, -1, -1, -1, -1, -1, -1, -1, -1, -1, -1, -1, -1, -1, -1, -1, -1, -1, -1, -1, -1, -1, -1, -1, -1, -1, -1, -1, -1, -1, -1, -1, -1, -1, -1, -1, -1, -1, -1, -1, -1, -1, -1, -1, -1, -1, -1, -1, -1, -1, -1, -1, -1, -1, -1, -1, -1, -1, -1, -1, -1, -1, -1, -1, -1, -1, -1, -1, -1, -1, -1, -1, -1, -1, -1, -1, -1, -1, -1, -1, -1, -1, -1, -1, -1, -1, -1, -1, -1, -1, -1, -1, -1, -1, -1, -1, -1, -1, -1, -1, -1, -1, -1, -1, -1, -1, -1, -1, -1, -1, -1, -1, -1, -1, -1, -1, -1, -1, -1, -1, -1, -1, -1, -1, -1, -1, -1, -1, -1, -1, -1, -1, -1, -1, -1, -1, -1, -1, -1, -1, -1, -1, -1, -1, -1, -1, -1, -1, -1, -1, -1, -1, -1, -1, -1, -1, -1, -1, -1, -1, -1, -1]"
150,26,6,1.0,None,1,237,"[{'cluster_no': -1, 'count': 237}]","[-1, -1, -1, -1, -1, -1, -1, -1, -1, -1, -1, -1, -1, -1, -1, -1, -1, -1, -1, -1, -1, -1, -1, -1, -1, -1, -1, -1, -1, -1, -1, -1, -1, -1, -1, -1, -1, -1, -1, -1, -1, -1, -1, -1, -1, -1, -1, -1, -1, -1, -1, -1, -1, -1, -1, -1, -1, -1, -1, -1, -1, -1, -1, -1, -1, -1, -1, -1, -1, -1, -1, -1, -1, -1, -1, -1, -1, -1, -1, -1, -1, -1, -1, -1, -1, -1, -1, -1, -1, -1, -1, -1, -1, -1, -1, -1, -1, -1, -1, -1, -1, -1, -1, -1, -1, -1, -1, -1, -1, -1, -1, -1, -1, -1, -1, -1, -1, -1, -1, -1, -1, -1, -1, -1, -1, -1, -1, -1, -1, -1, -1, -1, -1, -1, -1, -1, -1, -1, -1, -1, -1, -1, -1, -1, -1, -1, -1, -1, -1, -1, -1, -1, -1, -1, -1, -1, -1, -1, -1, -1, -1, -1, -1, -1, -1, -1, -1, -1, -1, -1, -1, -1, -1, -1, -1, -1, -1, -1, -1, -1, -1, -1, -1, -1, -1, -1, -1, -1, -1, -1, -1, -1, -1, -1, -1, -1, -1, -1, -1, -1, -1, -1, -1, -1, -1, -1, -1, -1, -1, -1, -1, -1, -1, -1, -1, -1, -1, -1, -1, -1, -1, -1, -1, -1, -1, -1, -1, -1, -1, -1, -1, -1, -1, -1, -1, -1, -1]"
150,26,7,0.0,None,1,237,"[{'cluster_no': -1, 'count': 237}]","[-1, -1, -1, -1, -1, -1, -1, -1, -1, -1, -1, -1, -1, -1, -1, -1, -1, -1, -1, -1, -1, -1, -1, -1, -1, -1, -1, -1, -1, -1, -1, -1, -1, -1, -1, -1, -1, -1, -1, -1, -1, -1, -1, -1, -1, -1, -1, -1, -1, -1, -1, -1, -1, -1, -1, -1, -1, -1, -1, -1, -1, -1, -1, -1, -1, -1, -1, -1, -1, -1, -1, -1, -1, -1, -1, -1, -1, -1, -1, -1, -1, -1, -1, -1, -1, -1, -1, -1, -1, -1, -1, -1, -1, -1, -1, -1, -1, -1, -1, -1, -1, -1, -1, -1, -1, -1, -1, -1, -1, -1, -1, -1, -1, -1, -1, -1, -1, -1, -1, -1, -1, -1, -1, -1, -1, -1, -1, -1, -1, -1, -1, -1, -1, -1, -1, -1, -1, -1, -1, -1, -1, -1, -1, -1, -1, -1, -1, -1, -1, -1, -1, -1, -1, -1, -1, -1, -1, -1, -1, -1, -1, -1, -1, -1, -1, -1, -1, -1, -1, -1, -1, -1, -1, -1, -1, -1, -1, -1, -1, -1, -1, -1, -1, -1, -1, -1, -1, -1, -1, -1, -1, -1, -1, -1, -1, -1, -1, -1, -1, -1, -1, -1, -1, -1, -1, -1, -1, -1, -1, -1, -1, -1, -1, -1, -1, -1, -1, -1, -1, -1, -1, -1, -1, -1, -1, -1, -1, -1, -1, -1, -1, -1, -1, -1, -1, -1, -1]"
150,26,7,0.5,None,1,237,"[{'cluster_no': -1, 'count': 237}]","[-1, -1, -1, -1, -1, -1, -1, -1, -1, -1, -1, -1, -1, -1, -1, -1, -1, -1, -1, -1, -1, -1, -1, -1, -1, -1, -1, -1, -1, -1, -1, -1, -1, -1, -1, -1, -1, -1, -1, -1, -1, -1, -1, -1, -1, -1, -1, -1, -1, -1, -1, -1, -1, -1, -1, -1, -1, -1, -1, -1, -1, -1, -1, -1, -1, -1, -1, -1, -1, -1, -1, -1, -1, -1, -1, -1, -1, -1, -1, -1, -1, -1, -1, -1, -1, -1, -1, -1, -1, -1, -1, -1, -1, -1, -1, -1, -1, -1, -1, -1, -1, -1, -1, -1, -1, -1, -1, -1, -1, -1, -1, -1, -1, -1, -1, -1, -1, -1, -1, -1, -1, -1, -1, -1, -1, -1, -1, -1, -1, -1, -1, -1, -1, -1, -1, -1, -1, -1, -1, -1, -1, -1, -1, -1, -1, -1, -1, -1, -1, -1, -1, -1, -1, -1, -1, -1, -1, -1, -1, -1, -1, -1, -1, -1, -1, -1, -1, -1, -1, -1, -1, -1, -1, -1, -1, -1, -1, -1, -1, -1, -1, -1, -1, -1, -1, -1, -1, -1, -1, -1, -1, -1, -1, -1, -1, -1, -1, -1, -1, -1, -1, -1, -1, -1, -1, -1, -1, -1, -1, -1, -1, -1, -1, -1, -1, -1, -1, -1, -1, -1, -1, -1, -1, -1, -1, -1, -1, -1, -1, -1, -1, -1, -1, -1, -1, -1, -1]"
150,26,7,1.0,None,1,237,"[{'cluster_no': -1, 'count': 237}]","[-1, -1, -1, -1, -1, -1, -1, -1, -1, -1, -1, -1, -1, -1, -1, -1, -1, -1, -1, -1, -1, -1, -1, -1, -1, -1, -1, -1, -1, -1, -1, -1, -1, -1, -1, -1, -1, -1, -1, -1, -1, -1, -1, -1, -1, -1, -1, -1, -1, -1, -1, -1, -1, -1, -1, -1, -1, -1, -1, -1, -1, -1, -1, -1, -1, -1, -1, -1, -1, -1, -1, -1, -1, -1, -1, -1, -1, -1, -1, -1, -1, -1, -1, -1, -1, -1, -1, -1, -1, -1, -1, -1, -1, -1, -1, -1, -1, -1, -1, -1, -1, -1, -1, -1, -1, -1, -1, -1, -1, -1, -1, -1, -1, -1, -1, -1, -1, -1, -1, -1, -1, -1, -1, -1, -1, -1, -1, -1, -1, -1, -1, -1, -1, -1, -1, -1, -1, -1, -1, -1, -1, -1, -1, -1, -1, -1, -1, -1, -1, -1, -1, -1, -1, -1, -1, -1, -1, -1, -1, -1, -1, -1, -1, -1, -1, -1, -1, -1, -1, -1, -1, -1, -1, -1, -1, -1, -1, -1, -1, -1, -1, -1, -1, -1, -1, -1, -1, -1, -1, -1, -1, -1, -1, -1, -1, -1, -1, -1, -1, -1, -1, -1, -1, -1, -1, -1, -1, -1, -1, -1, -1, -1, -1, -1, -1, -1, -1, -1, -1, -1, -1, -1, -1, -1, -1, -1, -1, -1, -1, -1, -1, -1, -1, -1, -1, -1, -1]"
150,26,8,0.0,None,1,237,"[{'cluster_no': -1, 'count': 237}]","[-1, -1, -1, -1, -1, -1, -1, -1, -1, -1, -1, -1, -1, -1, -1, -1, -1, -1, -1, -1, -1, -1, -1, -1, -1, -1, -1, -1, -1, -1, -1, -1, -1, -1, -1, -1, -1, -1, -1, -1, -1, -1, -1, -1, -1, -1, -1, -1, -1, -1, -1, -1, -1, -1, -1, -1, -1, -1, -1, -1, -1, -1, -1, -1, -1, -1, -1, -1, -1, -1, -1, -1, -1, -1, -1, -1, -1, -1, -1, -1, -1, -1, -1, -1, -1, -1, -1, -1, -1, -1, -1, -1, -1, -1, -1, -1, -1, -1, -1, -1, -1, -1, -1, -1, -1, -1, -1, -1, -1, -1, -1, -1, -1, -1, -1, -1, -1, -1, -1, -1, -1, -1, -1, -1, -1, -1, -1, -1, -1, -1, -1, -1, -1, -1, -1, -1, -1, -1, -1, -1, -1, -1, -1, -1, -1, -1, -1, -1, -1, -1, -1, -1, -1, -1, -1, -1, -1, -1, -1, -1, -1, -1, -1, -1, -1, -1, -1, -1, -1, -1, -1, -1, -1, -1, -1, -1, -1, -1, -1, -1, -1, -1, -1, -1, -1, -1, -1, -1, -1, -1, -1, -1, -1, -1, -1, -1, -1, -1, -1, -1, -1, -1, -1, -1, -1, -1, -1, -1, -1, -1, -1, -1, -1, -1, -1, -1, -1, -1, -1, -1, -1, -1, -1, -1, -1, -1, -1, -1, -1, -1, -1, -1, -1, -1, -1, -1, -1]"
150,26,8,0.5,None,1,237,"[{'cluster_no': -1, 'count': 237}]","[-1, -1, -1, -1, -1, -1, -1, -1, -1, -1, -1, -1, -1, -1, -1, -1, -1, -1, -1, -1, -1, -1, -1, -1, -1, -1, -1, -1, -1, -1, -1, -1, -1, -1, -1, -1, -1, -1, -1, -1, -1, -1, -1, -1, -1, -1, -1, -1, -1, -1, -1, -1, -1, -1, -1, -1, -1, -1, -1, -1, -1, -1, -1, -1, -1, -1, -1, -1, -1, -1, -1, -1, -1, -1, -1, -1, -1, -1, -1, -1, -1, -1, -1, -1, -1, -1, -1, -1, -1, -1, -1, -1, -1, -1, -1, -1, -1, -1, -1, -1, -1, -1, -1, -1, -1, -1, -1, -1, -1, -1, -1, -1, -1, -1, -1, -1, -1, -1, -1, -1, -1, -1, -1, -1, -1, -1, -1, -1, -1, -1, -1, -1, -1, -1, -1, -1, -1, -1, -1, -1, -1, -1, -1, -1, -1, -1, -1, -1, -1, -1, -1, -1, -1, -1, -1, -1, -1, -1, -1, -1, -1, -1, -1, -1, -1, -1, -1, -1, -1, -1, -1, -1, -1, -1, -1, -1, -1, -1, -1, -1, -1, -1, -1, -1, -1, -1, -1, -1, -1, -1, -1, -1, -1, -1, -1, -1, -1, -1, -1, -1, -1, -1, -1, -1, -1, -1, -1, -1, -1, -1, -1, -1, -1, -1, -1, -1, -1, -1, -1, -1, -1, -1, -1, -1, -1, -1, -1, -1, -1, -1, -1, -1, -1, -1, -1, -1, -1]"
150,26,8,1.0,None,1,237,"[{'cluster_no': -1, 'count': 237}]","[-1, -1, -1, -1, -1, -1, -1, -1, -1, -1, -1, -1, -1, -1, -1, -1, -1, -1, -1, -1, -1, -1, -1, -1, -1, -1, -1, -1, -1, -1, -1, -1, -1, -1, -1, -1, -1, -1, -1, -1, -1, -1, -1, -1, -1, -1, -1, -1, -1, -1, -1, -1, -1, -1, -1, -1, -1, -1, -1, -1, -1, -1, -1, -1, -1, -1, -1, -1, -1, -1, -1, -1, -1, -1, -1, -1, -1, -1, -1, -1, -1, -1, -1, -1, -1, -1, -1, -1, -1, -1, -1, -1, -1, -1, -1, -1, -1, -1, -1, -1, -1, -1, -1, -1, -1, -1, -1, -1, -1, -1, -1, -1, -1, -1, -1, -1, -1, -1, -1, -1, -1, -1, -1, -1, -1, -1, -1, -1, -1, -1, -1, -1, -1, -1, -1, -1, -1, -1, -1, -1, -1, -1, -1, -1, -1, -1, -1, -1, -1, -1, -1, -1, -1, -1, -1, -1, -1, -1, -1, -1, -1, -1, -1, -1, -1, -1, -1, -1, -1, -1, -1, -1, -1, -1, -1, -1, -1, -1, -1, -1, -1, -1, -1, -1, -1, -1, -1, -1, -1, -1, -1, -1, -1, -1, -1, -1, -1, -1, -1, -1, -1, -1, -1, -1, -1, -1, -1, -1, -1, -1, -1, -1, -1, -1, -1, -1, -1, -1, -1, -1, -1, -1, -1, -1, -1, -1, -1, -1, -1, -1, -1, -1, -1, -1, -1, -1, -1]"
150,26,9,0.0,None,1,237,"[{'cluster_no': -1, 'count': 237}]","[-1, -1, -1, -1, -1, -1, -1, -1, -1, -1, -1, -1, -1, -1, -1, -1, -1, -1, -1, -1, -1, -1, -1, -1, -1, -1, -1, -1, -1, -1, -1, -1, -1, -1, -1, -1, -1, -1, -1, -1, -1, -1, -1, -1, -1, -1, -1, -1, -1, -1, -1, -1, -1, -1, -1, -1, -1, -1, -1, -1, -1, -1, -1, -1, -1, -1, -1, -1, -1, -1, -1, -1, -1, -1, -1, -1, -1, -1, -1, -1, -1, -1, -1, -1, -1, -1, -1, -1, -1, -1, -1, -1, -1, -1, -1, -1, -1, -1, -1, -1, -1, -1, -1, -1, -1, -1, -1, -1, -1, -1, -1, -1, -1, -1, -1, -1, -1, -1, -1, -1, -1, -1, -1, -1, -1, -1, -1, -1, -1, -1, -1, -1, -1, -1, -1, -1, -1, -1, -1, -1, -1, -1, -1, -1, -1, -1, -1, -1, -1, -1, -1, -1, -1, -1, -1, -1, -1, -1, -1, -1, -1, -1, -1, -1, -1, -1, -1, -1, -1, -1, -1, -1, -1, -1, -1, -1, -1, -1, -1, -1, -1, -1, -1, -1, -1, -1, -1, -1, -1, -1, -1, -1, -1, -1, -1, -1, -1, -1, -1, -1, -1, -1, -1, -1, -1, -1, -1, -1, -1, -1, -1, -1, -1, -1, -1, -1, -1, -1, -1, -1, -1, -1, -1, -1, -1, -1, -1, -1, -1, -1, -1, -1, -1, -1, -1, -1, -1]"
150,26,9,0.5,None,1,237,"[{'cluster_no': -1, 'count': 237}]","[-1, -1, -1, -1, -1, -1, -1, -1, -1, -1, -1, -1, -1, -1, -1, -1, -1, -1, -1, -1, -1, -1, -1, -1, -1, -1, -1, -1, -1, -1, -1, -1, -1, -1, -1, -1, -1, -1, -1, -1, -1, -1, -1, -1, -1, -1, -1, -1, -1, -1, -1, -1, -1, -1, -1, -1, -1, -1, -1, -1, -1, -1, -1, -1, -1, -1, -1, -1, -1, -1, -1, -1, -1, -1, -1, -1, -1, -1, -1, -1, -1, -1, -1, -1, -1, -1, -1, -1, -1, -1, -1, -1, -1, -1, -1, -1, -1, -1, -1, -1, -1, -1, -1, -1, -1, -1, -1, -1, -1, -1, -1, -1, -1, -1, -1, -1, -1, -1, -1, -1, -1, -1, -1, -1, -1, -1, -1, -1, -1, -1, -1, -1, -1, -1, -1, -1, -1, -1, -1, -1, -1, -1, -1, -1, -1, -1, -1, -1, -1, -1, -1, -1, -1, -1, -1, -1, -1, -1, -1, -1, -1, -1, -1, -1, -1, -1, -1, -1, -1, -1, -1, -1, -1, -1, -1, -1, -1, -1, -1, -1, -1, -1, -1, -1, -1, -1, -1, -1, -1, -1, -1, -1, -1, -1, -1, -1, -1, -1, -1, -1, -1, -1, -1, -1, -1, -1, -1, -1, -1, -1, -1, -1, -1, -1, -1, -1, -1, -1, -1, -1, -1, -1, -1, -1, -1, -1, -1, -1, -1, -1, -1, -1, -1, -1, -1, -1, -1]"
150,26,9,1.0,None,1,237,"[{'cluster_no': -1, 'count': 237}]","[-1, -1, -1, -1, -1, -1, -1, -1, -1, -1, -1, -1, -1, -1, -1, -1, -1, -1, -1, -1, -1, -1, -1, -1, -1, -1, -1, -1, -1, -1, -1, -1, -1, -1, -1, -1, -1, -1, -1, -1, -1, -1, -1, -1, -1, -1, -1, -1, -1, -1, -1, -1, -1, -1, -1, -1, -1, -1, -1, -1, -1, -1, -1, -1, -1, -1, -1, -1, -1, -1, -1, -1, -1, -1, -1, -1, -1, -1, -1, -1, -1, -1, -1, -1, -1, -1, -1, -1, -1, -1, -1, -1, -1, -1, -1, -1, -1, -1, -1, -1, -1, -1, -1, -1, -1, -1, -1, -1, -1, -1, -1, -1, -1, -1, -1, -1, -1, -1, -1, -1, -1, -1, -1, -1, -1, -1, -1, -1, -1, -1, -1, -1, -1, -1, -1, -1, -1, -1, -1, -1, -1, -1, -1, -1, -1, -1, -1, -1, -1, -1, -1, -1, -1, -1, -1, -1, -1, -1, -1, -1, -1, -1, -1, -1, -1, -1, -1, -1, -1, -1, -1, -1, -1, -1, -1, -1, -1, -1, -1, -1, -1, -1, -1, -1, -1, -1, -1, -1, -1, -1, -1, -1, -1, -1, -1, -1, -1, -1, -1, -1, -1, -1, -1, -1, -1, -1, -1, -1, -1, -1, -1, -1, -1, -1, -1, -1, -1, -1, -1, -1, -1, -1, -1, -1, -1, -1, -1, -1, -1, -1, -1, -1, -1, -1, -1, -1, -1]"
150,26,10,0.0,None,1,237,"[{'cluster_no': -1, 'count': 237}]","[-1, -1, -1, -1, -1, -1, -1, -1, -1, -1, -1, -1, -1, -1, -1, -1, -1, -1, -1, -1, -1, -1, -1, -1, -1, -1, -1, -1, -1, -1, -1, -1, -1, -1, -1, -1, -1, -1, -1, -1, -1, -1, -1, -1, -1, -1, -1, -1, -1, -1, -1, -1, -1, -1, -1, -1, -1, -1, -1, -1, -1, -1, -1, -1, -1, -1, -1, -1, -1, -1, -1, -1, -1, -1, -1, -1, -1, -1, -1, -1, -1, -1, -1, -1, -1, -1, -1, -1, -1, -1, -1, -1, -1, -1, -1, -1, -1, -1, -1, -1, -1, -1, -1, -1, -1, -1, -1, -1, -1, -1, -1, -1, -1, -1, -1, -1, -1, -1, -1, -1, -1, -1, -1, -1, -1, -1, -1, -1, -1, -1, -1, -1, -1, -1, -1, -1, -1, -1, -1, -1, -1, -1, -1, -1, -1, -1, -1, -1, -1, -1, -1, -1, -1, -1, -1, -1, -1, -1, -1, -1, -1, -1, -1, -1, -1, -1, -1, -1, -1, -1, -1, -1, -1, -1, -1, -1, -1, -1, -1, -1, -1, -1, -1, -1, -1, -1, -1, -1, -1, -1, -1, -1, -1, -1, -1, -1, -1, -1, -1, -1, -1, -1, -1, -1, -1, -1, -1, -1, -1, -1, -1, -1, -1, -1, -1, -1, -1, -1, -1, -1, -1, -1, -1, -1, -1, -1, -1, -1, -1, -1, -1, -1, -1, -1, -1, -1, -1]"
150,26,10,0.5,None,1,237,"[{'cluster_no': -1, 'count': 237}]","[-1, -1, -1, -1, -1, -1, -1, -1, -1, -1, -1, -1, -1, -1, -1, -1, -1, -1, -1, -1, -1, -1, -1, -1, -1, -1, -1, -1, -1, -1, -1, -1, -1, -1, -1, -1, -1, -1, -1, -1, -1, -1, -1, -1, -1, -1, -1, -1, -1, -1, -1, -1, -1, -1, -1, -1, -1, -1, -1, -1, -1, -1, -1, -1, -1, -1, -1, -1, -1, -1, -1, -1, -1, -1, -1, -1, -1, -1, -1, -1, -1, -1, -1, -1, -1, -1, -1, -1, -1, -1, -1, -1, -1, -1, -1, -1, -1, -1, -1, -1, -1, -1, -1, -1, -1, -1, -1, -1, -1, -1, -1, -1, -1, -1, -1, -1, -1, -1, -1, -1, -1, -1, -1, -1, -1, -1, -1, -1, -1, -1, -1, -1, -1, -1, -1, -1, -1, -1, -1, -1, -1, -1, -1, -1, -1, -1, -1, -1, -1, -1, -1, -1, -1, -1, -1, -1, -1, -1, -1, -1, -1, -1, -1, -1, -1, -1, -1, -1, -1, -1, -1, -1, -1, -1, -1, -1, -1, -1, -1, -1, -1, -1, -1, -1, -1, -1, -1, -1, -1, -1, -1, -1, -1, -1, -1, -1, -1, -1, -1, -1, -1, -1, -1, -1, -1, -1, -1, -1, -1, -1, -1, -1, -1, -1, -1, -1, -1, -1, -1, -1, -1, -1, -1, -1, -1, -1, -1, -1, -1, -1, -1, -1, -1, -1, -1, -1, -1]"
150,26,10,1.0,None,1,237,"[{'cluster_no': -1, 'count': 237}]","[-1, -1, -1, -1, -1, -1, -1, -1, -1, -1, -1, -1, -1, -1, -1, -1, -1, -1, -1, -1, -1, -1, -1, -1, -1, -1, -1, -1, -1, -1, -1, -1, -1, -1, -1, -1, -1, -1, -1, -1, -1, -1, -1, -1, -1, -1, -1, -1, -1, -1, -1, -1, -1, -1, -1, -1, -1, -1, -1, -1, -1, -1, -1, -1, -1, -1, -1, -1, -1, -1, -1, -1, -1, -1, -1, -1, -1, -1, -1, -1, -1, -1, -1, -1, -1, -1, -1, -1, -1, -1, -1, -1, -1, -1, -1, -1, -1, -1, -1, -1, -1, -1, -1, -1, -1, -1, -1, -1, -1, -1, -1, -1, -1, -1, -1, -1, -1, -1, -1, -1, -1, -1, -1, -1, -1, -1, -1, -1, -1, -1, -1, -1, -1, -1, -1, -1, -1, -1, -1, -1, -1, -1, -1, -1, -1, -1, -1, -1, -1, -1, -1, -1, -1, -1, -1, -1, -1, -1, -1, -1, -1, -1, -1, -1, -1, -1, -1, -1, -1, -1, -1, -1, -1, -1, -1, -1, -1, -1, -1, -1, -1, -1, -1, -1, -1, -1, -1, -1, -1, -1, -1, -1, -1, -1, -1, -1, -1, -1, -1, -1, -1, -1, -1, -1, -1, -1, -1, -1, -1, -1, -1, -1, -1, -1, -1, -1, -1, -1, -1, -1, -1, -1, -1, -1, -1, -1, -1, -1, -1, -1, -1, -1, -1, -1, -1, -1, -1]"
150,26,11,0.0,None,1,237,"[{'cluster_no': -1, 'count': 237}]","[-1, -1, -1, -1, -1, -1, -1, -1, -1, -1, -1, -1, -1, -1, -1, -1, -1, -1, -1, -1, -1, -1, -1, -1, -1, -1, -1, -1, -1, -1, -1, -1, -1, -1, -1, -1, -1, -1, -1, -1, -1, -1, -1, -1, -1, -1, -1, -1, -1, -1, -1, -1, -1, -1, -1, -1, -1, -1, -1, -1, -1, -1, -1, -1, -1, -1, -1, -1, -1, -1, -1, -1, -1, -1, -1, -1, -1, -1, -1, -1, -1, -1, -1, -1, -1, -1, -1, -1, -1, -1, -1, -1, -1, -1, -1, -1, -1, -1, -1, -1, -1, -1, -1, -1, -1, -1, -1, -1, -1, -1, -1, -1, -1, -1, -1, -1, -1, -1, -1, -1, -1, -1, -1, -1, -1, -1, -1, -1, -1, -1, -1, -1, -1, -1, -1, -1, -1, -1, -1, -1, -1, -1, -1, -1, -1, -1, -1, -1, -1, -1, -1, -1, -1, -1, -1, -1, -1, -1, -1, -1, -1, -1, -1, -1, -1, -1, -1, -1, -1, -1, -1, -1, -1, -1, -1, -1, -1, -1, -1, -1, -1, -1, -1, -1, -1, -1, -1, -1, -1, -1, -1, -1, -1, -1, -1, -1, -1, -1, -1, -1, -1, -1, -1, -1, -1, -1, -1, -1, -1, -1, -1, -1, -1, -1, -1, -1, -1, -1, -1, -1, -1, -1, -1, -1, -1, -1, -1, -1, -1, -1, -1, -1, -1, -1, -1, -1, -1]"
150,26,11,0.5,None,1,237,"[{'cluster_no': -1, 'count': 237}]","[-1, -1, -1, -1, -1, -1, -1, -1, -1, -1, -1, -1, -1, -1, -1, -1, -1, -1, -1, -1, -1, -1, -1, -1, -1, -1, -1, -1, -1, -1, -1, -1, -1, -1, -1, -1, -1, -1, -1, -1, -1, -1, -1, -1, -1, -1, -1, -1, -1, -1, -1, -1, -1, -1, -1, -1, -1, -1, -1, -1, -1, -1, -1, -1, -1, -1, -1, -1, -1, -1, -1, -1, -1, -1, -1, -1, -1, -1, -1, -1, -1, -1, -1, -1, -1, -1, -1, -1, -1, -1, -1, -1, -1, -1, -1, -1, -1, -1, -1, -1, -1, -1, -1, -1, -1, -1, -1, -1, -1, -1, -1, -1, -1, -1, -1, -1, -1, -1, -1, -1, -1, -1, -1, -1, -1, -1, -1, -1, -1, -1, -1, -1, -1, -1, -1, -1, -1, -1, -1, -1, -1, -1, -1, -1, -1, -1, -1, -1, -1, -1, -1, -1, -1, -1, -1, -1, -1, -1, -1, -1, -1, -1, -1, -1, -1, -1, -1, -1, -1, -1, -1, -1, -1, -1, -1, -1, -1, -1, -1, -1, -1, -1, -1, -1, -1, -1, -1, -1, -1, -1, -1, -1, -1, -1, -1, -1, -1, -1, -1, -1, -1, -1, -1, -1, -1, -1, -1, -1, -1, -1, -1, -1, -1, -1, -1, -1, -1, -1, -1, -1, -1, -1, -1, -1, -1, -1, -1, -1, -1, -1, -1, -1, -1, -1, -1, -1, -1]"
150,26,11,1.0,None,1,237,"[{'cluster_no': -1, 'count': 237}]","[-1, -1, -1, -1, -1, -1, -1, -1, -1, -1, -1, -1, -1, -1, -1, -1, -1, -1, -1, -1, -1, -1, -1, -1, -1, -1, -1, -1, -1, -1, -1, -1, -1, -1, -1, -1, -1, -1, -1, -1, -1, -1, -1, -1, -1, -1, -1, -1, -1, -1, -1, -1, -1, -1, -1, -1, -1, -1, -1, -1, -1, -1, -1, -1, -1, -1, -1, -1, -1, -1, -1, -1, -1, -1, -1, -1, -1, -1, -1, -1, -1, -1, -1, -1, -1, -1, -1, -1, -1, -1, -1, -1, -1, -1, -1, -1, -1, -1, -1, -1, -1, -1, -1, -1, -1, -1, -1, -1, -1, -1, -1, -1, -1, -1, -1, -1, -1, -1, -1, -1, -1, -1, -1, -1, -1, -1, -1, -1, -1, -1, -1, -1, -1, -1, -1, -1, -1, -1, -1, -1, -1, -1, -1, -1, -1, -1, -1, -1, -1, -1, -1, -1, -1, -1, -1, -1, -1, -1, -1, -1, -1, -1, -1, -1, -1, -1, -1, -1, -1, -1, -1, -1, -1, -1, -1, -1, -1, -1, -1, -1, -1, -1, -1, -1, -1, -1, -1, -1, -1, -1, -1, -1, -1, -1, -1, -1, -1, -1, -1, -1, -1, -1, -1, -1, -1, -1, -1, -1, -1, -1, -1, -1, -1, -1, -1, -1, -1, -1, -1, -1, -1, -1, -1, -1, -1, -1, -1, -1, -1, -1, -1, -1, -1, -1, -1, -1, -1]"
150,26,12,0.0,None,1,237,"[{'cluster_no': -1, 'count': 237}]","[-1, -1, -1, -1, -1, -1, -1, -1, -1, -1, -1, -1, -1, -1, -1, -1, -1, -1, -1, -1, -1, -1, -1, -1, -1, -1, -1, -1, -1, -1, -1, -1, -1, -1, -1, -1, -1, -1, -1, -1, -1, -1, -1, -1, -1, -1, -1, -1, -1, -1, -1, -1, -1, -1, -1, -1, -1, -1, -1, -1, -1, -1, -1, -1, -1, -1, -1, -1, -1, -1, -1, -1, -1, -1, -1, -1, -1, -1, -1, -1, -1, -1, -1, -1, -1, -1, -1, -1, -1, -1, -1, -1, -1, -1, -1, -1, -1, -1, -1, -1, -1, -1, -1, -1, -1, -1, -1, -1, -1, -1, -1, -1, -1, -1, -1, -1, -1, -1, -1, -1, -1, -1, -1, -1, -1, -1, -1, -1, -1, -1, -1, -1, -1, -1, -1, -1, -1, -1, -1, -1, -1, -1, -1, -1, -1, -1, -1, -1, -1, -1, -1, -1, -1, -1, -1, -1, -1, -1, -1, -1, -1, -1, -1, -1, -1, -1, -1, -1, -1, -1, -1, -1, -1, -1, -1, -1, -1, -1, -1, -1, -1, -1, -1, -1, -1, -1, -1, -1, -1, -1, -1, -1, -1, -1, -1, -1, -1, -1, -1, -1, -1, -1, -1, -1, -1, -1, -1, -1, -1, -1, -1, -1, -1, -1, -1, -1, -1, -1, -1, -1, -1, -1, -1, -1, -1, -1, -1, -1, -1, -1, -1, -1, -1, -1, -1, -1, -1]"
150,26,12,0.5,None,1,237,"[{'cluster_no': -1, 'count': 237}]","[-1, -1, -1, -1, -1, -1, -1, -1, -1, -1, -1, -1, -1, -1, -1, -1, -1, -1, -1, -1, -1, -1, -1, -1, -1, -1, -1, -1, -1, -1, -1, -1, -1, -1, -1, -1, -1, -1, -1, -1, -1, -1, -1, -1, -1, -1, -1, -1, -1, -1, -1, -1, -1, -1, -1, -1, -1, -1, -1, -1, -1, -1, -1, -1, -1, -1, -1, -1, -1, -1, -1, -1, -1, -1, -1, -1, -1, -1, -1, -1, -1, -1, -1, -1, -1, -1, -1, -1, -1, -1, -1, -1, -1, -1, -1, -1, -1, -1, -1, -1, -1, -1, -1, -1, -1, -1, -1, -1, -1, -1, -1, -1, -1, -1, -1, -1, -1, -1, -1, -1, -1, -1, -1, -1, -1, -1, -1, -1, -1, -1, -1, -1, -1, -1, -1, -1, -1, -1, -1, -1, -1, -1, -1, -1, -1, -1, -1, -1, -1, -1, -1, -1, -1, -1, -1, -1, -1, -1, -1, -1, -1, -1, -1, -1, -1, -1, -1, -1, -1, -1, -1, -1, -1, -1, -1, -1, -1, -1, -1, -1, -1, -1, -1, -1, -1, -1, -1, -1, -1, -1, -1, -1, -1, -1, -1, -1, -1, -1, -1, -1, -1, -1, -1, -1, -1, -1, -1, -1, -1, -1, -1, -1, -1, -1, -1, -1, -1, -1, -1, -1, -1, -1, -1, -1, -1, -1, -1, -1, -1, -1, -1, -1, -1, -1, -1, -1, -1]"
150,26,12,1.0,None,1,237,"[{'cluster_no': -1, 'count': 237}]","[-1, -1, -1, -1, -1, -1, -1, -1, -1, -1, -1, -1, -1, -1, -1, -1, -1, -1, -1, -1, -1, -1, -1, -1, -1, -1, -1, -1, -1, -1, -1, -1, -1, -1, -1, -1, -1, -1, -1, -1, -1, -1, -1, -1, -1, -1, -1, -1, -1, -1, -1, -1, -1, -1, -1, -1, -1, -1, -1, -1, -1, -1, -1, -1, -1, -1, -1, -1, -1, -1, -1, -1, -1, -1, -1, -1, -1, -1, -1, -1, -1, -1, -1, -1, -1, -1, -1, -1, -1, -1, -1, -1, -1, -1, -1, -1, -1, -1, -1, -1, -1, -1, -1, -1, -1, -1, -1, -1, -1, -1, -1, -1, -1, -1, -1, -1, -1, -1, -1, -1, -1, -1, -1, -1, -1, -1, -1, -1, -1, -1, -1, -1, -1, -1, -1, -1, -1, -1, -1, -1, -1, -1, -1, -1, -1, -1, -1, -1, -1, -1, -1, -1, -1, -1, -1, -1, -1, -1, -1, -1, -1, -1, -1, -1, -1, -1, -1, -1, -1, -1, -1, -1, -1, -1, -1, -1, -1, -1, -1, -1, -1, -1, -1, -1, -1, -1, -1, -1, -1, -1, -1, -1, -1, -1, -1, -1, -1, -1, -1, -1, -1, -1, -1, -1, -1, -1, -1, -1, -1, -1, -1, -1, -1, -1, -1, -1, -1, -1, -1, -1, -1, -1, -1, -1, -1, -1, -1, -1, -1, -1, -1, -1, -1, -1, -1, -1, -1]"
150,26,13,0.0,None,1,237,"[{'cluster_no': -1, 'count': 237}]","[-1, -1, -1, -1, -1, -1, -1, -1, -1, -1, -1, -1, -1, -1, -1, -1, -1, -1, -1, -1, -1, -1, -1, -1, -1, -1, -1, -1, -1, -1, -1, -1, -1, -1, -1, -1, -1, -1, -1, -1, -1, -1, -1, -1, -1, -1, -1, -1, -1, -1, -1, -1, -1, -1, -1, -1, -1, -1, -1, -1, -1, -1, -1, -1, -1, -1, -1, -1, -1, -1, -1, -1, -1, -1, -1, -1, -1, -1, -1, -1, -1, -1, -1, -1, -1, -1, -1, -1, -1, -1, -1, -1, -1, -1, -1, -1, -1, -1, -1, -1, -1, -1, -1, -1, -1, -1, -1, -1, -1, -1, -1, -1, -1, -1, -1, -1, -1, -1, -1, -1, -1, -1, -1, -1, -1, -1, -1, -1, -1, -1, -1, -1, -1, -1, -1, -1, -1, -1, -1, -1, -1, -1, -1, -1, -1, -1, -1, -1, -1, -1, -1, -1, -1, -1, -1, -1, -1, -1, -1, -1, -1, -1, -1, -1, -1, -1, -1, -1, -1, -1, -1, -1, -1, -1, -1, -1, -1, -1, -1, -1, -1, -1, -1, -1, -1, -1, -1, -1, -1, -1, -1, -1, -1, -1, -1, -1, -1, -1, -1, -1, -1, -1, -1, -1, -1, -1, -1, -1, -1, -1, -1, -1, -1, -1, -1, -1, -1, -1, -1, -1, -1, -1, -1, -1, -1, -1, -1, -1, -1, -1, -1, -1, -1, -1, -1, -1, -1]"
150,26,13,0.5,None,1,237,"[{'cluster_no': -1, 'count': 237}]","[-1, -1, -1, -1, -1, -1, -1, -1, -1, -1, -1, -1, -1, -1, -1, -1, -1, -1, -1, -1, -1, -1, -1, -1, -1, -1, -1, -1, -1, -1, -1, -1, -1, -1, -1, -1, -1, -1, -1, -1, -1, -1, -1, -1, -1, -1, -1, -1, -1, -1, -1, -1, -1, -1, -1, -1, -1, -1, -1, -1, -1, -1, -1, -1, -1, -1, -1, -1, -1, -1, -1, -1, -1, -1, -1, -1, -1, -1, -1, -1, -1, -1, -1, -1, -1, -1, -1, -1, -1, -1, -1, -1, -1, -1, -1, -1, -1, -1, -1, -1, -1, -1, -1, -1, -1, -1, -1, -1, -1, -1, -1, -1, -1, -1, -1, -1, -1, -1, -1, -1, -1, -1, -1, -1, -1, -1, -1, -1, -1, -1, -1, -1, -1, -1, -1, -1, -1, -1, -1, -1, -1, -1, -1, -1, -1, -1, -1, -1, -1, -1, -1, -1, -1, -1, -1, -1, -1, -1, -1, -1, -1, -1, -1, -1, -1, -1, -1, -1, -1, -1, -1, -1, -1, -1, -1, -1, -1, -1, -1, -1, -1, -1, -1, -1, -1, -1, -1, -1, -1, -1, -1, -1, -1, -1, -1, -1, -1, -1, -1, -1, -1, -1, -1, -1, -1, -1, -1, -1, -1, -1, -1, -1, -1, -1, -1, -1, -1, -1, -1, -1, -1, -1, -1, -1, -1, -1, -1, -1, -1, -1, -1, -1, -1, -1, -1, -1, -1]"
150,26,13,1.0,None,1,237,"[{'cluster_no': -1, 'count': 237}]","[-1, -1, -1, -1, -1, -1, -1, -1, -1, -1, -1, -1, -1, -1, -1, -1, -1, -1, -1, -1, -1, -1, -1, -1, -1, -1, -1, -1, -1, -1, -1, -1, -1, -1, -1, -1, -1, -1, -1, -1, -1, -1, -1, -1, -1, -1, -1, -1, -1, -1, -1, -1, -1, -1, -1, -1, -1, -1, -1, -1, -1, -1, -1, -1, -1, -1, -1, -1, -1, -1, -1, -1, -1, -1, -1, -1, -1, -1, -1, -1, -1, -1, -1, -1, -1, -1, -1, -1, -1, -1, -1, -1, -1, -1, -1, -1, -1, -1, -1, -1, -1, -1, -1, -1, -1, -1, -1, -1, -1, -1, -1, -1, -1, -1, -1, -1, -1, -1, -1, -1, -1, -1, -1, -1, -1, -1, -1, -1, -1, -1, -1, -1, -1, -1, -1, -1, -1, -1, -1, -1, -1, -1, -1, -1, -1, -1, -1, -1, -1, -1, -1, -1, -1, -1, -1, -1, -1, -1, -1, -1, -1, -1, -1, -1, -1, -1, -1, -1, -1, -1, -1, -1, -1, -1, -1, -1, -1, -1, -1, -1, -1, -1, -1, -1, -1, -1, -1, -1, -1, -1, -1, -1, -1, -1, -1, -1, -1, -1, -1, -1, -1, -1, -1, -1, -1, -1, -1, -1, -1, -1, -1, -1, -1, -1, -1, -1, -1, -1, -1, -1, -1, -1, -1, -1, -1, -1, -1, -1, -1, -1, -1, -1, -1, -1, -1, -1, -1]"
150,26,14,0.0,None,1,237,"[{'cluster_no': -1, 'count': 237}]","[-1, -1, -1, -1, -1, -1, -1, -1, -1, -1, -1, -1, -1, -1, -1, -1, -1, -1, -1, -1, -1, -1, -1, -1, -1, -1, -1, -1, -1, -1, -1, -1, -1, -1, -1, -1, -1, -1, -1, -1, -1, -1, -1, -1, -1, -1, -1, -1, -1, -1, -1, -1, -1, -1, -1, -1, -1, -1, -1, -1, -1, -1, -1, -1, -1, -1, -1, -1, -1, -1, -1, -1, -1, -1, -1, -1, -1, -1, -1, -1, -1, -1, -1, -1, -1, -1, -1, -1, -1, -1, -1, -1, -1, -1, -1, -1, -1, -1, -1, -1, -1, -1, -1, -1, -1, -1, -1, -1, -1, -1, -1, -1, -1, -1, -1, -1, -1, -1, -1, -1, -1, -1, -1, -1, -1, -1, -1, -1, -1, -1, -1, -1, -1, -1, -1, -1, -1, -1, -1, -1, -1, -1, -1, -1, -1, -1, -1, -1, -1, -1, -1, -1, -1, -1, -1, -1, -1, -1, -1, -1, -1, -1, -1, -1, -1, -1, -1, -1, -1, -1, -1, -1, -1, -1, -1, -1, -1, -1, -1, -1, -1, -1, -1, -1, -1, -1, -1, -1, -1, -1, -1, -1, -1, -1, -1, -1, -1, -1, -1, -1, -1, -1, -1, -1, -1, -1, -1, -1, -1, -1, -1, -1, -1, -1, -1, -1, -1, -1, -1, -1, -1, -1, -1, -1, -1, -1, -1, -1, -1, -1, -1, -1, -1, -1, -1, -1, -1]"
150,26,14,0.5,None,1,237,"[{'cluster_no': -1, 'count': 237}]","[-1, -1, -1, -1, -1, -1, -1, -1, -1, -1, -1, -1, -1, -1, -1, -1, -1, -1, -1, -1, -1, -1, -1, -1, -1, -1, -1, -1, -1, -1, -1, -1, -1, -1, -1, -1, -1, -1, -1, -1, -1, -1, -1, -1, -1, -1, -1, -1, -1, -1, -1, -1, -1, -1, -1, -1, -1, -1, -1, -1, -1, -1, -1, -1, -1, -1, -1, -1, -1, -1, -1, -1, -1, -1, -1, -1, -1, -1, -1, -1, -1, -1, -1, -1, -1, -1, -1, -1, -1, -1, -1, -1, -1, -1, -1, -1, -1, -1, -1, -1, -1, -1, -1, -1, -1, -1, -1, -1, -1, -1, -1, -1, -1, -1, -1, -1, -1, -1, -1, -1, -1, -1, -1, -1, -1, -1, -1, -1, -1, -1, -1, -1, -1, -1, -1, -1, -1, -1, -1, -1, -1, -1, -1, -1, -1, -1, -1, -1, -1, -1, -1, -1, -1, -1, -1, -1, -1, -1, -1, -1, -1, -1, -1, -1, -1, -1, -1, -1, -1, -1, -1, -1, -1, -1, -1, -1, -1, -1, -1, -1, -1, -1, -1, -1, -1, -1, -1, -1, -1, -1, -1, -1, -1, -1, -1, -1, -1, -1, -1, -1, -1, -1, -1, -1, -1, -1, -1, -1, -1, -1, -1, -1, -1, -1, -1, -1, -1, -1, -1, -1, -1, -1, -1, -1, -1, -1, -1, -1, -1, -1, -1, -1, -1, -1, -1, -1, -1]"
150,26,14,1.0,None,1,237,"[{'cluster_no': -1, 'count': 237}]","[-1, -1, -1, -1, -1, -1, -1, -1, -1, -1, -1, -1, -1, -1, -1, -1, -1, -1, -1, -1, -1, -1, -1, -1, -1, -1, -1, -1, -1, -1, -1, -1, -1, -1, -1, -1, -1, -1, -1, -1, -1, -1, -1, -1, -1, -1, -1, -1, -1, -1, -1, -1, -1, -1, -1, -1, -1, -1, -1, -1, -1, -1, -1, -1, -1, -1, -1, -1, -1, -1, -1, -1, -1, -1, -1, -1, -1, -1, -1, -1, -1, -1, -1, -1, -1, -1, -1, -1, -1, -1, -1, -1, -1, -1, -1, -1, -1, -1, -1, -1, -1, -1, -1, -1, -1, -1, -1, -1, -1, -1, -1, -1, -1, -1, -1, -1, -1, -1, -1, -1, -1, -1, -1, -1, -1, -1, -1, -1, -1, -1, -1, -1, -1, -1, -1, -1, -1, -1, -1, -1, -1, -1, -1, -1, -1, -1, -1, -1, -1, -1, -1, -1, -1, -1, -1, -1, -1, -1, -1, -1, -1, -1, -1, -1, -1, -1, -1, -1, -1, -1, -1, -1, -1, -1, -1, -1, -1, -1, -1, -1, -1, -1, -1, -1, -1, -1, -1, -1, -1, -1, -1, -1, -1, -1, -1, -1, -1, -1, -1, -1, -1, -1, -1, -1, -1, -1, -1, -1, -1, -1, -1, -1, -1, -1, -1, -1, -1, -1, -1, -1, -1, -1, -1, -1, -1, -1, -1, -1, -1, -1, -1, -1, -1, -1, -1, -1, -1]"
150,26,15,0.0,None,1,237,"[{'cluster_no': -1, 'count': 237}]","[-1, -1, -1, -1, -1, -1, -1, -1, -1, -1, -1, -1, -1, -1, -1, -1, -1, -1, -1, -1, -1, -1, -1, -1, -1, -1, -1, -1, -1, -1, -1, -1, -1, -1, -1, -1, -1, -1, -1, -1, -1, -1, -1, -1, -1, -1, -1, -1, -1, -1, -1, -1, -1, -1, -1, -1, -1, -1, -1, -1, -1, -1, -1, -1, -1, -1, -1, -1, -1, -1, -1, -1, -1, -1, -1, -1, -1, -1, -1, -1, -1, -1, -1, -1, -1, -1, -1, -1, -1, -1, -1, -1, -1, -1, -1, -1, -1, -1, -1, -1, -1, -1, -1, -1, -1, -1, -1, -1, -1, -1, -1, -1, -1, -1, -1, -1, -1, -1, -1, -1, -1, -1, -1, -1, -1, -1, -1, -1, -1, -1, -1, -1, -1, -1, -1, -1, -1, -1, -1, -1, -1, -1, -1, -1, -1, -1, -1, -1, -1, -1, -1, -1, -1, -1, -1, -1, -1, -1, -1, -1, -1, -1, -1, -1, -1, -1, -1, -1, -1, -1, -1, -1, -1, -1, -1, -1, -1, -1, -1, -1, -1, -1, -1, -1, -1, -1, -1, -1, -1, -1, -1, -1, -1, -1, -1, -1, -1, -1, -1, -1, -1, -1, -1, -1, -1, -1, -1, -1, -1, -1, -1, -1, -1, -1, -1, -1, -1, -1, -1, -1, -1, -1, -1, -1, -1, -1, -1, -1, -1, -1, -1, -1, -1, -1, -1, -1, -1]"
150,26,15,0.5,None,1,237,"[{'cluster_no': -1, 'count': 237}]","[-1, -1, -1, -1, -1, -1, -1, -1, -1, -1, -1, -1, -1, -1, -1, -1, -1, -1, -1, -1, -1, -1, -1, -1, -1, -1, -1, -1, -1, -1, -1, -1, -1, -1, -1, -1, -1, -1, -1, -1, -1, -1, -1, -1, -1, -1, -1, -1, -1, -1, -1, -1, -1, -1, -1, -1, -1, -1, -1, -1, -1, -1, -1, -1, -1, -1, -1, -1, -1, -1, -1, -1, -1, -1, -1, -1, -1, -1, -1, -1, -1, -1, -1, -1, -1, -1, -1, -1, -1, -1, -1, -1, -1, -1, -1, -1, -1, -1, -1, -1, -1, -1, -1, -1, -1, -1, -1, -1, -1, -1, -1, -1, -1, -1, -1, -1, -1, -1, -1, -1, -1, -1, -1, -1, -1, -1, -1, -1, -1, -1, -1, -1, -1, -1, -1, -1, -1, -1, -1, -1, -1, -1, -1, -1, -1, -1, -1, -1, -1, -1, -1, -1, -1, -1, -1, -1, -1, -1, -1, -1, -1, -1, -1, -1, -1, -1, -1, -1, -1, -1, -1, -1, -1, -1, -1, -1, -1, -1, -1, -1, -1, -1, -1, -1, -1, -1, -1, -1, -1, -1, -1, -1, -1, -1, -1, -1, -1, -1, -1, -1, -1, -1, -1, -1, -1, -1, -1, -1, -1, -1, -1, -1, -1, -1, -1, -1, -1, -1, -1, -1, -1, -1, -1, -1, -1, -1, -1, -1, -1, -1, -1, -1, -1, -1, -1, -1, -1]"
150,26,15,1.0,None,1,237,"[{'cluster_no': -1, 'count': 237}]","[-1, -1, -1, -1, -1, -1, -1, -1, -1, -1, -1, -1, -1, -1, -1, -1, -1, -1, -1, -1, -1, -1, -1, -1, -1, -1, -1, -1, -1, -1, -1, -1, -1, -1, -1, -1, -1, -1, -1, -1, -1, -1, -1, -1, -1, -1, -1, -1, -1, -1, -1, -1, -1, -1, -1, -1, -1, -1, -1, -1, -1, -1, -1, -1, -1, -1, -1, -1, -1, -1, -1, -1, -1, -1, -1, -1, -1, -1, -1, -1, -1, -1, -1, -1, -1, -1, -1, -1, -1, -1, -1, -1, -1, -1, -1, -1, -1, -1, -1, -1, -1, -1, -1, -1, -1, -1, -1, -1, -1, -1, -1, -1, -1, -1, -1, -1, -1, -1, -1, -1, -1, -1, -1, -1, -1, -1, -1, -1, -1, -1, -1, -1, -1, -1, -1, -1, -1, -1, -1, -1, -1, -1, -1, -1, -1, -1, -1, -1, -1, -1, -1, -1, -1, -1, -1, -1, -1, -1, -1, -1, -1, -1, -1, -1, -1, -1, -1, -1, -1, -1, -1, -1, -1, -1, -1, -1, -1, -1, -1, -1, -1, -1, -1, -1, -1, -1, -1, -1, -1, -1, -1, -1, -1, -1, -1, -1, -1, -1, -1, -1, -1, -1, -1, -1, -1, -1, -1, -1, -1, -1, -1, -1, -1, -1, -1, -1, -1, -1, -1, -1, -1, -1, -1, -1, -1, -1, -1, -1, -1, -1, -1, -1, -1, -1, -1, -1, -1]"
150,26,16,0.0,None,1,237,"[{'cluster_no': -1, 'count': 237}]","[-1, -1, -1, -1, -1, -1, -1, -1, -1, -1, -1, -1, -1, -1, -1, -1, -1, -1, -1, -1, -1, -1, -1, -1, -1, -1, -1, -1, -1, -1, -1, -1, -1, -1, -1, -1, -1, -1, -1, -1, -1, -1, -1, -1, -1, -1, -1, -1, -1, -1, -1, -1, -1, -1, -1, -1, -1, -1, -1, -1, -1, -1, -1, -1, -1, -1, -1, -1, -1, -1, -1, -1, -1, -1, -1, -1, -1, -1, -1, -1, -1, -1, -1, -1, -1, -1, -1, -1, -1, -1, -1, -1, -1, -1, -1, -1, -1, -1, -1, -1, -1, -1, -1, -1, -1, -1, -1, -1, -1, -1, -1, -1, -1, -1, -1, -1, -1, -1, -1, -1, -1, -1, -1, -1, -1, -1, -1, -1, -1, -1, -1, -1, -1, -1, -1, -1, -1, -1, -1, -1, -1, -1, -1, -1, -1, -1, -1, -1, -1, -1, -1, -1, -1, -1, -1, -1, -1, -1, -1, -1, -1, -1, -1, -1, -1, -1, -1, -1, -1, -1, -1, -1, -1, -1, -1, -1, -1, -1, -1, -1, -1, -1, -1, -1, -1, -1, -1, -1, -1, -1, -1, -1, -1, -1, -1, -1, -1, -1, -1, -1, -1, -1, -1, -1, -1, -1, -1, -1, -1, -1, -1, -1, -1, -1, -1, -1, -1, -1, -1, -1, -1, -1, -1, -1, -1, -1, -1, -1, -1, -1, -1, -1, -1, -1, -1, -1, -1]"
150,26,16,0.5,None,1,237,"[{'cluster_no': -1, 'count': 237}]","[-1, -1, -1, -1, -1, -1, -1, -1, -1, -1, -1, -1, -1, -1, -1, -1, -1, -1, -1, -1, -1, -1, -1, -1, -1, -1, -1, -1, -1, -1, -1, -1, -1, -1, -1, -1, -1, -1, -1, -1, -1, -1, -1, -1, -1, -1, -1, -1, -1, -1, -1, -1, -1, -1, -1, -1, -1, -1, -1, -1, -1, -1, -1, -1, -1, -1, -1, -1, -1, -1, -1, -1, -1, -1, -1, -1, -1, -1, -1, -1, -1, -1, -1, -1, -1, -1, -1, -1, -1, -1, -1, -1, -1, -1, -1, -1, -1, -1, -1, -1, -1, -1, -1, -1, -1, -1, -1, -1, -1, -1, -1, -1, -1, -1, -1, -1, -1, -1, -1, -1, -1, -1, -1, -1, -1, -1, -1, -1, -1, -1, -1, -1, -1, -1, -1, -1, -1, -1, -1, -1, -1, -1, -1, -1, -1, -1, -1, -1, -1, -1, -1, -1, -1, -1, -1, -1, -1, -1, -1, -1, -1, -1, -1, -1, -1, -1, -1, -1, -1, -1, -1, -1, -1, -1, -1, -1, -1, -1, -1, -1, -1, -1, -1, -1, -1, -1, -1, -1, -1, -1, -1, -1, -1, -1, -1, -1, -1, -1, -1, -1, -1, -1, -1, -1, -1, -1, -1, -1, -1, -1, -1, -1, -1, -1, -1, -1, -1, -1, -1, -1, -1, -1, -1, -1, -1, -1, -1, -1, -1, -1, -1, -1, -1, -1, -1, -1, -1]"
150,26,16,1.0,None,1,237,"[{'cluster_no': -1, 'count': 237}]","[-1, -1, -1, -1, -1, -1, -1, -1, -1, -1, -1, -1, -1, -1, -1, -1, -1, -1, -1, -1, -1, -1, -1, -1, -1, -1, -1, -1, -1, -1, -1, -1, -1, -1, -1, -1, -1, -1, -1, -1, -1, -1, -1, -1, -1, -1, -1, -1, -1, -1, -1, -1, -1, -1, -1, -1, -1, -1, -1, -1, -1, -1, -1, -1, -1, -1, -1, -1, -1, -1, -1, -1, -1, -1, -1, -1, -1, -1, -1, -1, -1, -1, -1, -1, -1, -1, -1, -1, -1, -1, -1, -1, -1, -1, -1, -1, -1, -1, -1, -1, -1, -1, -1, -1, -1, -1, -1, -1, -1, -1, -1, -1, -1, -1, -1, -1, -1, -1, -1, -1, -1, -1, -1, -1, -1, -1, -1, -1, -1, -1, -1, -1, -1, -1, -1, -1, -1, -1, -1, -1, -1, -1, -1, -1, -1, -1, -1, -1, -1, -1, -1, -1, -1, -1, -1, -1, -1, -1, -1, -1, -1, -1, -1, -1, -1, -1, -1, -1, -1, -1, -1, -1, -1, -1, -1, -1, -1, -1, -1, -1, -1, -1, -1, -1, -1, -1, -1, -1, -1, -1, -1, -1, -1, -1, -1, -1, -1, -1, -1, -1, -1, -1, -1, -1, -1, -1, -1, -1, -1, -1, -1, -1, -1, -1, -1, -1, -1, -1, -1, -1, -1, -1, -1, -1, -1, -1, -1, -1, -1, -1, -1, -1, -1, -1, -1, -1, -1]"
150,26,17,0.0,None,1,237,"[{'cluster_no': -1, 'count': 237}]","[-1, -1, -1, -1, -1, -1, -1, -1, -1, -1, -1, -1, -1, -1, -1, -1, -1, -1, -1, -1, -1, -1, -1, -1, -1, -1, -1, -1, -1, -1, -1, -1, -1, -1, -1, -1, -1, -1, -1, -1, -1, -1, -1, -1, -1, -1, -1, -1, -1, -1, -1, -1, -1, -1, -1, -1, -1, -1, -1, -1, -1, -1, -1, -1, -1, -1, -1, -1, -1, -1, -1, -1, -1, -1, -1, -1, -1, -1, -1, -1, -1, -1, -1, -1, -1, -1, -1, -1, -1, -1, -1, -1, -1, -1, -1, -1, -1, -1, -1, -1, -1, -1, -1, -1, -1, -1, -1, -1, -1, -1, -1, -1, -1, -1, -1, -1, -1, -1, -1, -1, -1, -1, -1, -1, -1, -1, -1, -1, -1, -1, -1, -1, -1, -1, -1, -1, -1, -1, -1, -1, -1, -1, -1, -1, -1, -1, -1, -1, -1, -1, -1, -1, -1, -1, -1, -1, -1, -1, -1, -1, -1, -1, -1, -1, -1, -1, -1, -1, -1, -1, -1, -1, -1, -1, -1, -1, -1, -1, -1, -1, -1, -1, -1, -1, -1, -1, -1, -1, -1, -1, -1, -1, -1, -1, -1, -1, -1, -1, -1, -1, -1, -1, -1, -1, -1, -1, -1, -1, -1, -1, -1, -1, -1, -1, -1, -1, -1, -1, -1, -1, -1, -1, -1, -1, -1, -1, -1, -1, -1, -1, -1, -1, -1, -1, -1, -1, -1]"
150,26,17,0.5,None,1,237,"[{'cluster_no': -1, 'count': 237}]","[-1, -1, -1, -1, -1, -1, -1, -1, -1, -1, -1, -1, -1, -1, -1, -1, -1, -1, -1, -1, -1, -1, -1, -1, -1, -1, -1, -1, -1, -1, -1, -1, -1, -1, -1, -1, -1, -1, -1, -1, -1, -1, -1, -1, -1, -1, -1, -1, -1, -1, -1, -1, -1, -1, -1, -1, -1, -1, -1, -1, -1, -1, -1, -1, -1, -1, -1, -1, -1, -1, -1, -1, -1, -1, -1, -1, -1, -1, -1, -1, -1, -1, -1, -1, -1, -1, -1, -1, -1, -1, -1, -1, -1, -1, -1, -1, -1, -1, -1, -1, -1, -1, -1, -1, -1, -1, -1, -1, -1, -1, -1, -1, -1, -1, -1, -1, -1, -1, -1, -1, -1, -1, -1, -1, -1, -1, -1, -1, -1, -1, -1, -1, -1, -1, -1, -1, -1, -1, -1, -1, -1, -1, -1, -1, -1, -1, -1, -1, -1, -1, -1, -1, -1, -1, -1, -1, -1, -1, -1, -1, -1, -1, -1, -1, -1, -1, -1, -1, -1, -1, -1, -1, -1, -1, -1, -1, -1, -1, -1, -1, -1, -1, -1, -1, -1, -1, -1, -1, -1, -1, -1, -1, -1, -1, -1, -1, -1, -1, -1, -1, -1, -1, -1, -1, -1, -1, -1, -1, -1, -1, -1, -1, -1, -1, -1, -1, -1, -1, -1, -1, -1, -1, -1, -1, -1, -1, -1, -1, -1, -1, -1, -1, -1, -1, -1, -1, -1]"
150,26,17,1.0,None,1,237,"[{'cluster_no': -1, 'count': 237}]","[-1, -1, -1, -1, -1, -1, -1, -1, -1, -1, -1, -1, -1, -1, -1, -1, -1, -1, -1, -1, -1, -1, -1, -1, -1, -1, -1, -1, -1, -1, -1, -1, -1, -1, -1, -1, -1, -1, -1, -1, -1, -1, -1, -1, -1, -1, -1, -1, -1, -1, -1, -1, -1, -1, -1, -1, -1, -1, -1, -1, -1, -1, -1, -1, -1, -1, -1, -1, -1, -1, -1, -1, -1, -1, -1, -1, -1, -1, -1, -1, -1, -1, -1, -1, -1, -1, -1, -1, -1, -1, -1, -1, -1, -1, -1, -1, -1, -1, -1, -1, -1, -1, -1, -1, -1, -1, -1, -1, -1, -1, -1, -1, -1, -1, -1, -1, -1, -1, -1, -1, -1, -1, -1, -1, -1, -1, -1, -1, -1, -1, -1, -1, -1, -1, -1, -1, -1, -1, -1, -1, -1, -1, -1, -1, -1, -1, -1, -1, -1, -1, -1, -1, -1, -1, -1, -1, -1, -1, -1, -1, -1, -1, -1, -1, -1, -1, -1, -1, -1, -1, -1, -1, -1, -1, -1, -1, -1, -1, -1, -1, -1, -1, -1, -1, -1, -1, -1, -1, -1, -1, -1, -1, -1, -1, -1, -1, -1, -1, -1, -1, -1, -1, -1, -1, -1, -1, -1, -1, -1, -1, -1, -1, -1, -1, -1, -1, -1, -1, -1, -1, -1, -1, -1, -1, -1, -1, -1, -1, -1, -1, -1, -1, -1, -1, -1, -1, -1]"
150,26,18,0.0,None,1,237,"[{'cluster_no': -1, 'count': 237}]","[-1, -1, -1, -1, -1, -1, -1, -1, -1, -1, -1, -1, -1, -1, -1, -1, -1, -1, -1, -1, -1, -1, -1, -1, -1, -1, -1, -1, -1, -1, -1, -1, -1, -1, -1, -1, -1, -1, -1, -1, -1, -1, -1, -1, -1, -1, -1, -1, -1, -1, -1, -1, -1, -1, -1, -1, -1, -1, -1, -1, -1, -1, -1, -1, -1, -1, -1, -1, -1, -1, -1, -1, -1, -1, -1, -1, -1, -1, -1, -1, -1, -1, -1, -1, -1, -1, -1, -1, -1, -1, -1, -1, -1, -1, -1, -1, -1, -1, -1, -1, -1, -1, -1, -1, -1, -1, -1, -1, -1, -1, -1, -1, -1, -1, -1, -1, -1, -1, -1, -1, -1, -1, -1, -1, -1, -1, -1, -1, -1, -1, -1, -1, -1, -1, -1, -1, -1, -1, -1, -1, -1, -1, -1, -1, -1, -1, -1, -1, -1, -1, -1, -1, -1, -1, -1, -1, -1, -1, -1, -1, -1, -1, -1, -1, -1, -1, -1, -1, -1, -1, -1, -1, -1, -1, -1, -1, -1, -1, -1, -1, -1, -1, -1, -1, -1, -1, -1, -1, -1, -1, -1, -1, -1, -1, -1, -1, -1, -1, -1, -1, -1, -1, -1, -1, -1, -1, -1, -1, -1, -1, -1, -1, -1, -1, -1, -1, -1, -1, -1, -1, -1, -1, -1, -1, -1, -1, -1, -1, -1, -1, -1, -1, -1, -1, -1, -1, -1]"
150,26,18,0.5,None,1,237,"[{'cluster_no': -1, 'count': 237}]","[-1, -1, -1, -1, -1, -1, -1, -1, -1, -1, -1, -1, -1, -1, -1, -1, -1, -1, -1, -1, -1, -1, -1, -1, -1, -1, -1, -1, -1, -1, -1, -1, -1, -1, -1, -1, -1, -1, -1, -1, -1, -1, -1, -1, -1, -1, -1, -1, -1, -1, -1, -1, -1, -1, -1, -1, -1, -1, -1, -1, -1, -1, -1, -1, -1, -1, -1, -1, -1, -1, -1, -1, -1, -1, -1, -1, -1, -1, -1, -1, -1, -1, -1, -1, -1, -1, -1, -1, -1, -1, -1, -1, -1, -1, -1, -1, -1, -1, -1, -1, -1, -1, -1, -1, -1, -1, -1, -1, -1, -1, -1, -1, -1, -1, -1, -1, -1, -1, -1, -1, -1, -1, -1, -1, -1, -1, -1, -1, -1, -1, -1, -1, -1, -1, -1, -1, -1, -1, -1, -1, -1, -1, -1, -1, -1, -1, -1, -1, -1, -1, -1, -1, -1, -1, -1, -1, -1, -1, -1, -1, -1, -1, -1, -1, -1, -1, -1, -1, -1, -1, -1, -1, -1, -1, -1, -1, -1, -1, -1, -1, -1, -1, -1, -1, -1, -1, -1, -1, -1, -1, -1, -1, -1, -1, -1, -1, -1, -1, -1, -1, -1, -1, -1, -1, -1, -1, -1, -1, -1, -1, -1, -1, -1, -1, -1, -1, -1, -1, -1, -1, -1, -1, -1, -1, -1, -1, -1, -1, -1, -1, -1, -1, -1, -1, -1, -1, -1]"
150,26,18,1.0,None,1,237,"[{'cluster_no': -1, 'count': 237}]","[-1, -1, -1, -1, -1, -1, -1, -1, -1, -1, -1, -1, -1, -1, -1, -1, -1, -1, -1, -1, -1, -1, -1, -1, -1, -1, -1, -1, -1, -1, -1, -1, -1, -1, -1, -1, -1, -1, -1, -1, -1, -1, -1, -1, -1, -1, -1, -1, -1, -1, -1, -1, -1, -1, -1, -1, -1, -1, -1, -1, -1, -1, -1, -1, -1, -1, -1, -1, -1, -1, -1, -1, -1, -1, -1, -1, -1, -1, -1, -1, -1, -1, -1, -1, -1, -1, -1, -1, -1, -1, -1, -1, -1, -1, -1, -1, -1, -1, -1, -1, -1, -1, -1, -1, -1, -1, -1, -1, -1, -1, -1, -1, -1, -1, -1, -1, -1, -1, -1, -1, -1, -1, -1, -1, -1, -1, -1, -1, -1, -1, -1, -1, -1, -1, -1, -1, -1, -1, -1, -1, -1, -1, -1, -1, -1, -1, -1, -1, -1, -1, -1, -1, -1, -1, -1, -1, -1, -1, -1, -1, -1, -1, -1, -1, -1, -1, -1, -1, -1, -1, -1, -1, -1, -1, -1, -1, -1, -1, -1, -1, -1, -1, -1, -1, -1, -1, -1, -1, -1, -1, -1, -1, -1, -1, -1, -1, -1, -1, -1, -1, -1, -1, -1, -1, -1, -1, -1, -1, -1, -1, -1, -1, -1, -1, -1, -1, -1, -1, -1, -1, -1, -1, -1, -1, -1, -1, -1, -1, -1, -1, -1, -1, -1, -1, -1, -1, -1]"
150,26,19,0.0,None,1,237,"[{'cluster_no': -1, 'count': 237}]","[-1, -1, -1, -1, -1, -1, -1, -1, -1, -1, -1, -1, -1, -1, -1, -1, -1, -1, -1, -1, -1, -1, -1, -1, -1, -1, -1, -1, -1, -1, -1, -1, -1, -1, -1, -1, -1, -1, -1, -1, -1, -1, -1, -1, -1, -1, -1, -1, -1, -1, -1, -1, -1, -1, -1, -1, -1, -1, -1, -1, -1, -1, -1, -1, -1, -1, -1, -1, -1, -1, -1, -1, -1, -1, -1, -1, -1, -1, -1, -1, -1, -1, -1, -1, -1, -1, -1, -1, -1, -1, -1, -1, -1, -1, -1, -1, -1, -1, -1, -1, -1, -1, -1, -1, -1, -1, -1, -1, -1, -1, -1, -1, -1, -1, -1, -1, -1, -1, -1, -1, -1, -1, -1, -1, -1, -1, -1, -1, -1, -1, -1, -1, -1, -1, -1, -1, -1, -1, -1, -1, -1, -1, -1, -1, -1, -1, -1, -1, -1, -1, -1, -1, -1, -1, -1, -1, -1, -1, -1, -1, -1, -1, -1, -1, -1, -1, -1, -1, -1, -1, -1, -1, -1, -1, -1, -1, -1, -1, -1, -1, -1, -1, -1, -1, -1, -1, -1, -1, -1, -1, -1, -1, -1, -1, -1, -1, -1, -1, -1, -1, -1, -1, -1, -1, -1, -1, -1, -1, -1, -1, -1, -1, -1, -1, -1, -1, -1, -1, -1, -1, -1, -1, -1, -1, -1, -1, -1, -1, -1, -1, -1, -1, -1, -1, -1, -1, -1]"
150,26,19,0.5,None,1,237,"[{'cluster_no': -1, 'count': 237}]","[-1, -1, -1, -1, -1, -1, -1, -1, -1, -1, -1, -1, -1, -1, -1, -1, -1, -1, -1, -1, -1, -1, -1, -1, -1, -1, -1, -1, -1, -1, -1, -1, -1, -1, -1, -1, -1, -1, -1, -1, -1, -1, -1, -1, -1, -1, -1, -1, -1, -1, -1, -1, -1, -1, -1, -1, -1, -1, -1, -1, -1, -1, -1, -1, -1, -1, -1, -1, -1, -1, -1, -1, -1, -1, -1, -1, -1, -1, -1, -1, -1, -1, -1, -1, -1, -1, -1, -1, -1, -1, -1, -1, -1, -1, -1, -1, -1, -1, -1, -1, -1, -1, -1, -1, -1, -1, -1, -1, -1, -1, -1, -1, -1, -1, -1, -1, -1, -1, -1, -1, -1, -1, -1, -1, -1, -1, -1, -1, -1, -1, -1, -1, -1, -1, -1, -1, -1, -1, -1, -1, -1, -1, -1, -1, -1, -1, -1, -1, -1, -1, -1, -1, -1, -1, -1, -1, -1, -1, -1, -1, -1, -1, -1, -1, -1, -1, -1, -1, -1, -1, -1, -1, -1, -1, -1, -1, -1, -1, -1, -1, -1, -1, -1, -1, -1, -1, -1, -1, -1, -1, -1, -1, -1, -1, -1, -1, -1, -1, -1, -1, -1, -1, -1, -1, -1, -1, -1, -1, -1, -1, -1, -1, -1, -1, -1, -1, -1, -1, -1, -1, -1, -1, -1, -1, -1, -1, -1, -1, -1, -1, -1, -1, -1, -1, -1, -1, -1]"
150,26,19,1.0,None,1,237,"[{'cluster_no': -1, 'count': 237}]","[-1, -1, -1, -1, -1, -1, -1, -1, -1, -1, -1, -1, -1, -1, -1, -1, -1, -1, -1, -1, -1, -1, -1, -1, -1, -1, -1, -1, -1, -1, -1, -1, -1, -1, -1, -1, -1, -1, -1, -1, -1, -1, -1, -1, -1, -1, -1, -1, -1, -1, -1, -1, -1, -1, -1, -1, -1, -1, -1, -1, -1, -1, -1, -1, -1, -1, -1, -1, -1, -1, -1, -1, -1, -1, -1, -1, -1, -1, -1, -1, -1, -1, -1, -1, -1, -1, -1, -1, -1, -1, -1, -1, -1, -1, -1, -1, -1, -1, -1, -1, -1, -1, -1, -1, -1, -1, -1, -1, -1, -1, -1, -1, -1, -1, -1, -1, -1, -1, -1, -1, -1, -1, -1, -1, -1, -1, -1, -1, -1, -1, -1, -1, -1, -1, -1, -1, -1, -1, -1, -1, -1, -1, -1, -1, -1, -1, -1, -1, -1, -1, -1, -1, -1, -1, -1, -1, -1, -1, -1, -1, -1, -1, -1, -1, -1, -1, -1, -1, -1, -1, -1, -1, -1, -1, -1, -1, -1, -1, -1, -1, -1, -1, -1, -1, -1, -1, -1, -1, -1, -1, -1, -1, -1, -1, -1, -1, -1, -1, -1, -1, -1, -1, -1, -1, -1, -1, -1, -1, -1, -1, -1, -1, -1, -1, -1, -1, -1, -1, -1, -1, -1, -1, -1, -1, -1, -1, -1, -1, -1, -1, -1, -1, -1, -1, -1, -1, -1]"
150,26,20,0.0,None,1,237,"[{'cluster_no': -1, 'count': 237}]","[-1, -1, -1, -1, -1, -1, -1, -1, -1, -1, -1, -1, -1, -1, -1, -1, -1, -1, -1, -1, -1, -1, -1, -1, -1, -1, -1, -1, -1, -1, -1, -1, -1, -1, -1, -1, -1, -1, -1, -1, -1, -1, -1, -1, -1, -1, -1, -1, -1, -1, -1, -1, -1, -1, -1, -1, -1, -1, -1, -1, -1, -1, -1, -1, -1, -1, -1, -1, -1, -1, -1, -1, -1, -1, -1, -1, -1, -1, -1, -1, -1, -1, -1, -1, -1, -1, -1, -1, -1, -1, -1, -1, -1, -1, -1, -1, -1, -1, -1, -1, -1, -1, -1, -1, -1, -1, -1, -1, -1, -1, -1, -1, -1, -1, -1, -1, -1, -1, -1, -1, -1, -1, -1, -1, -1, -1, -1, -1, -1, -1, -1, -1, -1, -1, -1, -1, -1, -1, -1, -1, -1, -1, -1, -1, -1, -1, -1, -1, -1, -1, -1, -1, -1, -1, -1, -1, -1, -1, -1, -1, -1, -1, -1, -1, -1, -1, -1, -1, -1, -1, -1, -1, -1, -1, -1, -1, -1, -1, -1, -1, -1, -1, -1, -1, -1, -1, -1, -1, -1, -1, -1, -1, -1, -1, -1, -1, -1, -1, -1, -1, -1, -1, -1, -1, -1, -1, -1, -1, -1, -1, -1, -1, -1, -1, -1, -1, -1, -1, -1, -1, -1, -1, -1, -1, -1, -1, -1, -1, -1, -1, -1, -1, -1, -1, -1, -1, -1]"
150,26,20,0.5,None,1,237,"[{'cluster_no': -1, 'count': 237}]","[-1, -1, -1, -1, -1, -1, -1, -1, -1, -1, -1, -1, -1, -1, -1, -1, -1, -1, -1, -1, -1, -1, -1, -1, -1, -1, -1, -1, -1, -1, -1, -1, -1, -1, -1, -1, -1, -1, -1, -1, -1, -1, -1, -1, -1, -1, -1, -1, -1, -1, -1, -1, -1, -1, -1, -1, -1, -1, -1, -1, -1, -1, -1, -1, -1, -1, -1, -1, -1, -1, -1, -1, -1, -1, -1, -1, -1, -1, -1, -1, -1, -1, -1, -1, -1, -1, -1, -1, -1, -1, -1, -1, -1, -1, -1, -1, -1, -1, -1, -1, -1, -1, -1, -1, -1, -1, -1, -1, -1, -1, -1, -1, -1, -1, -1, -1, -1, -1, -1, -1, -1, -1, -1, -1, -1, -1, -1, -1, -1, -1, -1, -1, -1, -1, -1, -1, -1, -1, -1, -1, -1, -1, -1, -1, -1, -1, -1, -1, -1, -1, -1, -1, -1, -1, -1, -1, -1, -1, -1, -1, -1, -1, -1, -1, -1, -1, -1, -1, -1, -1, -1, -1, -1, -1, -1, -1, -1, -1, -1, -1, -1, -1, -1, -1, -1, -1, -1, -1, -1, -1, -1, -1, -1, -1, -1, -1, -1, -1, -1, -1, -1, -1, -1, -1, -1, -1, -1, -1, -1, -1, -1, -1, -1, -1, -1, -1, -1, -1, -1, -1, -1, -1, -1, -1, -1, -1, -1, -1, -1, -1, -1, -1, -1, -1, -1, -1, -1]"
150,26,20,1.0,None,1,237,"[{'cluster_no': -1, 'count': 237}]","[-1, -1, -1, -1, -1, -1, -1, -1, -1, -1, -1, -1, -1, -1, -1, -1, -1, -1, -1, -1, -1, -1, -1, -1, -1, -1, -1, -1, -1, -1, -1, -1, -1, -1, -1, -1, -1, -1, -1, -1, -1, -1, -1, -1, -1, -1, -1, -1, -1, -1, -1, -1, -1, -1, -1, -1, -1, -1, -1, -1, -1, -1, -1, -1, -1, -1, -1, -1, -1, -1, -1, -1, -1, -1, -1, -1, -1, -1, -1, -1, -1, -1, -1, -1, -1, -1, -1, -1, -1, -1, -1, -1, -1, -1, -1, -1, -1, -1, -1, -1, -1, -1, -1, -1, -1, -1, -1, -1, -1, -1, -1, -1, -1, -1, -1, -1, -1, -1, -1, -1, -1, -1, -1, -1, -1, -1, -1, -1, -1, -1, -1, -1, -1, -1, -1, -1, -1, -1, -1, -1, -1, -1, -1, -1, -1, -1, -1, -1, -1, -1, -1, -1, -1, -1, -1, -1, -1, -1, -1, -1, -1, -1, -1, -1, -1, -1, -1, -1, -1, -1, -1, -1, -1, -1, -1, -1, -1, -1, -1, -1, -1, -1, -1, -1, -1, -1, -1, -1, -1, -1, -1, -1, -1, -1, -1, -1, -1, -1, -1, -1, -1, -1, -1, -1, -1, -1, -1, -1, -1, -1, -1, -1, -1, -1, -1, -1, -1, -1, -1, -1, -1, -1, -1, -1, -1, -1, -1, -1, -1, -1, -1, -1, -1, -1, -1, -1, -1]"
150,26,21,0.0,None,1,237,"[{'cluster_no': -1, 'count': 237}]","[-1, -1, -1, -1, -1, -1, -1, -1, -1, -1, -1, -1, -1, -1, -1, -1, -1, -1, -1, -1, -1, -1, -1, -1, -1, -1, -1, -1, -1, -1, -1, -1, -1, -1, -1, -1, -1, -1, -1, -1, -1, -1, -1, -1, -1, -1, -1, -1, -1, -1, -1, -1, -1, -1, -1, -1, -1, -1, -1, -1, -1, -1, -1, -1, -1, -1, -1, -1, -1, -1, -1, -1, -1, -1, -1, -1, -1, -1, -1, -1, -1, -1, -1, -1, -1, -1, -1, -1, -1, -1, -1, -1, -1, -1, -1, -1, -1, -1, -1, -1, -1, -1, -1, -1, -1, -1, -1, -1, -1, -1, -1, -1, -1, -1, -1, -1, -1, -1, -1, -1, -1, -1, -1, -1, -1, -1, -1, -1, -1, -1, -1, -1, -1, -1, -1, -1, -1, -1, -1, -1, -1, -1, -1, -1, -1, -1, -1, -1, -1, -1, -1, -1, -1, -1, -1, -1, -1, -1, -1, -1, -1, -1, -1, -1, -1, -1, -1, -1, -1, -1, -1, -1, -1, -1, -1, -1, -1, -1, -1, -1, -1, -1, -1, -1, -1, -1, -1, -1, -1, -1, -1, -1, -1, -1, -1, -1, -1, -1, -1, -1, -1, -1, -1, -1, -1, -1, -1, -1, -1, -1, -1, -1, -1, -1, -1, -1, -1, -1, -1, -1, -1, -1, -1, -1, -1, -1, -1, -1, -1, -1, -1, -1, -1, -1, -1, -1, -1]"
150,26,21,0.5,None,1,237,"[{'cluster_no': -1, 'count': 237}]","[-1, -1, -1, -1, -1, -1, -1, -1, -1, -1, -1, -1, -1, -1, -1, -1, -1, -1, -1, -1, -1, -1, -1, -1, -1, -1, -1, -1, -1, -1, -1, -1, -1, -1, -1, -1, -1, -1, -1, -1, -1, -1, -1, -1, -1, -1, -1, -1, -1, -1, -1, -1, -1, -1, -1, -1, -1, -1, -1, -1, -1, -1, -1, -1, -1, -1, -1, -1, -1, -1, -1, -1, -1, -1, -1, -1, -1, -1, -1, -1, -1, -1, -1, -1, -1, -1, -1, -1, -1, -1, -1, -1, -1, -1, -1, -1, -1, -1, -1, -1, -1, -1, -1, -1, -1, -1, -1, -1, -1, -1, -1, -1, -1, -1, -1, -1, -1, -1, -1, -1, -1, -1, -1, -1, -1, -1, -1, -1, -1, -1, -1, -1, -1, -1, -1, -1, -1, -1, -1, -1, -1, -1, -1, -1, -1, -1, -1, -1, -1, -1, -1, -1, -1, -1, -1, -1, -1, -1, -1, -1, -1, -1, -1, -1, -1, -1, -1, -1, -1, -1, -1, -1, -1, -1, -1, -1, -1, -1, -1, -1, -1, -1, -1, -1, -1, -1, -1, -1, -1, -1, -1, -1, -1, -1, -1, -1, -1, -1, -1, -1, -1, -1, -1, -1, -1, -1, -1, -1, -1, -1, -1, -1, -1, -1, -1, -1, -1, -1, -1, -1, -1, -1, -1, -1, -1, -1, -1, -1, -1, -1, -1, -1, -1, -1, -1, -1, -1]"
150,26,21,1.0,None,1,237,"[{'cluster_no': -1, 'count': 237}]","[-1, -1, -1, -1, -1, -1, -1, -1, -1, -1, -1, -1, -1, -1, -1, -1, -1, -1, -1, -1, -1, -1, -1, -1, -1, -1, -1, -1, -1, -1, -1, -1, -1, -1, -1, -1, -1, -1, -1, -1, -1, -1, -1, -1, -1, -1, -1, -1, -1, -1, -1, -1, -1, -1, -1, -1, -1, -1, -1, -1, -1, -1, -1, -1, -1, -1, -1, -1, -1, -1, -1, -1, -1, -1, -1, -1, -1, -1, -1, -1, -1, -1, -1, -1, -1, -1, -1, -1, -1, -1, -1, -1, -1, -1, -1, -1, -1, -1, -1, -1, -1, -1, -1, -1, -1, -1, -1, -1, -1, -1, -1, -1, -1, -1, -1, -1, -1, -1, -1, -1, -1, -1, -1, -1, -1, -1, -1, -1, -1, -1, -1, -1, -1, -1, -1, -1, -1, -1, -1, -1, -1, -1, -1, -1, -1, -1, -1, -1, -1, -1, -1, -1, -1, -1, -1, -1, -1, -1, -1, -1, -1, -1, -1, -1, -1, -1, -1, -1, -1, -1, -1, -1, -1, -1, -1, -1, -1, -1, -1, -1, -1, -1, -1, -1, -1, -1, -1, -1, -1, -1, -1, -1, -1, -1, -1, -1, -1, -1, -1, -1, -1, -1, -1, -1, -1, -1, -1, -1, -1, -1, -1, -1, -1, -1, -1, -1, -1, -1, -1, -1, -1, -1, -1, -1, -1, -1, -1, -1, -1, -1, -1, -1, -1, -1, -1, -1, -1]"
150,26,22,0.0,None,1,237,"[{'cluster_no': -1, 'count': 237}]","[-1, -1, -1, -1, -1, -1, -1, -1, -1, -1, -1, -1, -1, -1, -1, -1, -1, -1, -1, -1, -1, -1, -1, -1, -1, -1, -1, -1, -1, -1, -1, -1, -1, -1, -1, -1, -1, -1, -1, -1, -1, -1, -1, -1, -1, -1, -1, -1, -1, -1, -1, -1, -1, -1, -1, -1, -1, -1, -1, -1, -1, -1, -1, -1, -1, -1, -1, -1, -1, -1, -1, -1, -1, -1, -1, -1, -1, -1, -1, -1, -1, -1, -1, -1, -1, -1, -1, -1, -1, -1, -1, -1, -1, -1, -1, -1, -1, -1, -1, -1, -1, -1, -1, -1, -1, -1, -1, -1, -1, -1, -1, -1, -1, -1, -1, -1, -1, -1, -1, -1, -1, -1, -1, -1, -1, -1, -1, -1, -1, -1, -1, -1, -1, -1, -1, -1, -1, -1, -1, -1, -1, -1, -1, -1, -1, -1, -1, -1, -1, -1, -1, -1, -1, -1, -1, -1, -1, -1, -1, -1, -1, -1, -1, -1, -1, -1, -1, -1, -1, -1, -1, -1, -1, -1, -1, -1, -1, -1, -1, -1, -1, -1, -1, -1, -1, -1, -1, -1, -1, -1, -1, -1, -1, -1, -1, -1, -1, -1, -1, -1, -1, -1, -1, -1, -1, -1, -1, -1, -1, -1, -1, -1, -1, -1, -1, -1, -1, -1, -1, -1, -1, -1, -1, -1, -1, -1, -1, -1, -1, -1, -1, -1, -1, -1, -1, -1, -1]"
150,26,22,0.5,None,1,237,"[{'cluster_no': -1, 'count': 237}]","[-1, -1, -1, -1, -1, -1, -1, -1, -1, -1, -1, -1, -1, -1, -1, -1, -1, -1, -1, -1, -1, -1, -1, -1, -1, -1, -1, -1, -1, -1, -1, -1, -1, -1, -1, -1, -1, -1, -1, -1, -1, -1, -1, -1, -1, -1, -1, -1, -1, -1, -1, -1, -1, -1, -1, -1, -1, -1, -1, -1, -1, -1, -1, -1, -1, -1, -1, -1, -1, -1, -1, -1, -1, -1, -1, -1, -1, -1, -1, -1, -1, -1, -1, -1, -1, -1, -1, -1, -1, -1, -1, -1, -1, -1, -1, -1, -1, -1, -1, -1, -1, -1, -1, -1, -1, -1, -1, -1, -1, -1, -1, -1, -1, -1, -1, -1, -1, -1, -1, -1, -1, -1, -1, -1, -1, -1, -1, -1, -1, -1, -1, -1, -1, -1, -1, -1, -1, -1, -1, -1, -1, -1, -1, -1, -1, -1, -1, -1, -1, -1, -1, -1, -1, -1, -1, -1, -1, -1, -1, -1, -1, -1, -1, -1, -1, -1, -1, -1, -1, -1, -1, -1, -1, -1, -1, -1, -1, -1, -1, -1, -1, -1, -1, -1, -1, -1, -1, -1, -1, -1, -1, -1, -1, -1, -1, -1, -1, -1, -1, -1, -1, -1, -1, -1, -1, -1, -1, -1, -1, -1, -1, -1, -1, -1, -1, -1, -1, -1, -1, -1, -1, -1, -1, -1, -1, -1, -1, -1, -1, -1, -1, -1, -1, -1, -1, -1, -1]"
150,26,22,1.0,None,1,237,"[{'cluster_no': -1, 'count': 237}]","[-1, -1, -1, -1, -1, -1, -1, -1, -1, -1, -1, -1, -1, -1, -1, -1, -1, -1, -1, -1, -1, -1, -1, -1, -1, -1, -1, -1, -1, -1, -1, -1, -1, -1, -1, -1, -1, -1, -1, -1, -1, -1, -1, -1, -1, -1, -1, -1, -1, -1, -1, -1, -1, -1, -1, -1, -1, -1, -1, -1, -1, -1, -1, -1, -1, -1, -1, -1, -1, -1, -1, -1, -1, -1, -1, -1, -1, -1, -1, -1, -1, -1, -1, -1, -1, -1, -1, -1, -1, -1, -1, -1, -1, -1, -1, -1, -1, -1, -1, -1, -1, -1, -1, -1, -1, -1, -1, -1, -1, -1, -1, -1, -1, -1, -1, -1, -1, -1, -1, -1, -1, -1, -1, -1, -1, -1, -1, -1, -1, -1, -1, -1, -1, -1, -1, -1, -1, -1, -1, -1, -1, -1, -1, -1, -1, -1, -1, -1, -1, -1, -1, -1, -1, -1, -1, -1, -1, -1, -1, -1, -1, -1, -1, -1, -1, -1, -1, -1, -1, -1, -1, -1, -1, -1, -1, -1, -1, -1, -1, -1, -1, -1, -1, -1, -1, -1, -1, -1, -1, -1, -1, -1, -1, -1, -1, -1, -1, -1, -1, -1, -1, -1, -1, -1, -1, -1, -1, -1, -1, -1, -1, -1, -1, -1, -1, -1, -1, -1, -1, -1, -1, -1, -1, -1, -1, -1, -1, -1, -1, -1, -1, -1, -1, -1, -1, -1, -1]"
150,26,23,0.0,None,1,237,"[{'cluster_no': -1, 'count': 237}]","[-1, -1, -1, -1, -1, -1, -1, -1, -1, -1, -1, -1, -1, -1, -1, -1, -1, -1, -1, -1, -1, -1, -1, -1, -1, -1, -1, -1, -1, -1, -1, -1, -1, -1, -1, -1, -1, -1, -1, -1, -1, -1, -1, -1, -1, -1, -1, -1, -1, -1, -1, -1, -1, -1, -1, -1, -1, -1, -1, -1, -1, -1, -1, -1, -1, -1, -1, -1, -1, -1, -1, -1, -1, -1, -1, -1, -1, -1, -1, -1, -1, -1, -1, -1, -1, -1, -1, -1, -1, -1, -1, -1, -1, -1, -1, -1, -1, -1, -1, -1, -1, -1, -1, -1, -1, -1, -1, -1, -1, -1, -1, -1, -1, -1, -1, -1, -1, -1, -1, -1, -1, -1, -1, -1, -1, -1, -1, -1, -1, -1, -1, -1, -1, -1, -1, -1, -1, -1, -1, -1, -1, -1, -1, -1, -1, -1, -1, -1, -1, -1, -1, -1, -1, -1, -1, -1, -1, -1, -1, -1, -1, -1, -1, -1, -1, -1, -1, -1, -1, -1, -1, -1, -1, -1, -1, -1, -1, -1, -1, -1, -1, -1, -1, -1, -1, -1, -1, -1, -1, -1, -1, -1, -1, -1, -1, -1, -1, -1, -1, -1, -1, -1, -1, -1, -1, -1, -1, -1, -1, -1, -1, -1, -1, -1, -1, -1, -1, -1, -1, -1, -1, -1, -1, -1, -1, -1, -1, -1, -1, -1, -1, -1, -1, -1, -1, -1, -1]"
150,26,23,0.5,None,1,237,"[{'cluster_no': -1, 'count': 237}]","[-1, -1, -1, -1, -1, -1, -1, -1, -1, -1, -1, -1, -1, -1, -1, -1, -1, -1, -1, -1, -1, -1, -1, -1, -1, -1, -1, -1, -1, -1, -1, -1, -1, -1, -1, -1, -1, -1, -1, -1, -1, -1, -1, -1, -1, -1, -1, -1, -1, -1, -1, -1, -1, -1, -1, -1, -1, -1, -1, -1, -1, -1, -1, -1, -1, -1, -1, -1, -1, -1, -1, -1, -1, -1, -1, -1, -1, -1, -1, -1, -1, -1, -1, -1, -1, -1, -1, -1, -1, -1, -1, -1, -1, -1, -1, -1, -1, -1, -1, -1, -1, -1, -1, -1, -1, -1, -1, -1, -1, -1, -1, -1, -1, -1, -1, -1, -1, -1, -1, -1, -1, -1, -1, -1, -1, -1, -1, -1, -1, -1, -1, -1, -1, -1, -1, -1, -1, -1, -1, -1, -1, -1, -1, -1, -1, -1, -1, -1, -1, -1, -1, -1, -1, -1, -1, -1, -1, -1, -1, -1, -1, -1, -1, -1, -1, -1, -1, -1, -1, -1, -1, -1, -1, -1, -1, -1, -1, -1, -1, -1, -1, -1, -1, -1, -1, -1, -1, -1, -1, -1, -1, -1, -1, -1, -1, -1, -1, -1, -1, -1, -1, -1, -1, -1, -1, -1, -1, -1, -1, -1, -1, -1, -1, -1, -1, -1, -1, -1, -1, -1, -1, -1, -1, -1, -1, -1, -1, -1, -1, -1, -1, -1, -1, -1, -1, -1, -1]"
150,26,23,1.0,None,1,237,"[{'cluster_no': -1, 'count': 237}]","[-1, -1, -1, -1, -1, -1, -1, -1, -1, -1, -1, -1, -1, -1, -1, -1, -1, -1, -1, -1, -1, -1, -1, -1, -1, -1, -1, -1, -1, -1, -1, -1, -1, -1, -1, -1, -1, -1, -1, -1, -1, -1, -1, -1, -1, -1, -1, -1, -1, -1, -1, -1, -1, -1, -1, -1, -1, -1, -1, -1, -1, -1, -1, -1, -1, -1, -1, -1, -1, -1, -1, -1, -1, -1, -1, -1, -1, -1, -1, -1, -1, -1, -1, -1, -1, -1, -1, -1, -1, -1, -1, -1, -1, -1, -1, -1, -1, -1, -1, -1, -1, -1, -1, -1, -1, -1, -1, -1, -1, -1, -1, -1, -1, -1, -1, -1, -1, -1, -1, -1, -1, -1, -1, -1, -1, -1, -1, -1, -1, -1, -1, -1, -1, -1, -1, -1, -1, -1, -1, -1, -1, -1, -1, -1, -1, -1, -1, -1, -1, -1, -1, -1, -1, -1, -1, -1, -1, -1, -1, -1, -1, -1, -1, -1, -1, -1, -1, -1, -1, -1, -1, -1, -1, -1, -1, -1, -1, -1, -1, -1, -1, -1, -1, -1, -1, -1, -1, -1, -1, -1, -1, -1, -1, -1, -1, -1, -1, -1, -1, -1, -1, -1, -1, -1, -1, -1, -1, -1, -1, -1, -1, -1, -1, -1, -1, -1, -1, -1, -1, -1, -1, -1, -1, -1, -1, -1, -1, -1, -1, -1, -1, -1, -1, -1, -1, -1, -1]"
150,26,24,0.0,None,1,237,"[{'cluster_no': -1, 'count': 237}]","[-1, -1, -1, -1, -1, -1, -1, -1, -1, -1, -1, -1, -1, -1, -1, -1, -1, -1, -1, -1, -1, -1, -1, -1, -1, -1, -1, -1, -1, -1, -1, -1, -1, -1, -1, -1, -1, -1, -1, -1, -1, -1, -1, -1, -1, -1, -1, -1, -1, -1, -1, -1, -1, -1, -1, -1, -1, -1, -1, -1, -1, -1, -1, -1, -1, -1, -1, -1, -1, -1, -1, -1, -1, -1, -1, -1, -1, -1, -1, -1, -1, -1, -1, -1, -1, -1, -1, -1, -1, -1, -1, -1, -1, -1, -1, -1, -1, -1, -1, -1, -1, -1, -1, -1, -1, -1, -1, -1, -1, -1, -1, -1, -1, -1, -1, -1, -1, -1, -1, -1, -1, -1, -1, -1, -1, -1, -1, -1, -1, -1, -1, -1, -1, -1, -1, -1, -1, -1, -1, -1, -1, -1, -1, -1, -1, -1, -1, -1, -1, -1, -1, -1, -1, -1, -1, -1, -1, -1, -1, -1, -1, -1, -1, -1, -1, -1, -1, -1, -1, -1, -1, -1, -1, -1, -1, -1, -1, -1, -1, -1, -1, -1, -1, -1, -1, -1, -1, -1, -1, -1, -1, -1, -1, -1, -1, -1, -1, -1, -1, -1, -1, -1, -1, -1, -1, -1, -1, -1, -1, -1, -1, -1, -1, -1, -1, -1, -1, -1, -1, -1, -1, -1, -1, -1, -1, -1, -1, -1, -1, -1, -1, -1, -1, -1, -1, -1, -1]"
150,26,24,0.5,None,1,237,"[{'cluster_no': -1, 'count': 237}]","[-1, -1, -1, -1, -1, -1, -1, -1, -1, -1, -1, -1, -1, -1, -1, -1, -1, -1, -1, -1, -1, -1, -1, -1, -1, -1, -1, -1, -1, -1, -1, -1, -1, -1, -1, -1, -1, -1, -1, -1, -1, -1, -1, -1, -1, -1, -1, -1, -1, -1, -1, -1, -1, -1, -1, -1, -1, -1, -1, -1, -1, -1, -1, -1, -1, -1, -1, -1, -1, -1, -1, -1, -1, -1, -1, -1, -1, -1, -1, -1, -1, -1, -1, -1, -1, -1, -1, -1, -1, -1, -1, -1, -1, -1, -1, -1, -1, -1, -1, -1, -1, -1, -1, -1, -1, -1, -1, -1, -1, -1, -1, -1, -1, -1, -1, -1, -1, -1, -1, -1, -1, -1, -1, -1, -1, -1, -1, -1, -1, -1, -1, -1, -1, -1, -1, -1, -1, -1, -1, -1, -1, -1, -1, -1, -1, -1, -1, -1, -1, -1, -1, -1, -1, -1, -1, -1, -1, -1, -1, -1, -1, -1, -1, -1, -1, -1, -1, -1, -1, -1, -1, -1, -1, -1, -1, -1, -1, -1, -1, -1, -1, -1, -1, -1, -1, -1, -1, -1, -1, -1, -1, -1, -1, -1, -1, -1, -1, -1, -1, -1, -1, -1, -1, -1, -1, -1, -1, -1, -1, -1, -1, -1, -1, -1, -1, -1, -1, -1, -1, -1, -1, -1, -1, -1, -1, -1, -1, -1, -1, -1, -1, -1, -1, -1, -1, -1, -1]"
150,26,24,1.0,None,1,237,"[{'cluster_no': -1, 'count': 237}]","[-1, -1, -1, -1, -1, -1, -1, -1, -1, -1, -1, -1, -1, -1, -1, -1, -1, -1, -1, -1, -1, -1, -1, -1, -1, -1, -1, -1, -1, -1, -1, -1, -1, -1, -1, -1, -1, -1, -1, -1, -1, -1, -1, -1, -1, -1, -1, -1, -1, -1, -1, -1, -1, -1, -1, -1, -1, -1, -1, -1, -1, -1, -1, -1, -1, -1, -1, -1, -1, -1, -1, -1, -1, -1, -1, -1, -1, -1, -1, -1, -1, -1, -1, -1, -1, -1, -1, -1, -1, -1, -1, -1, -1, -1, -1, -1, -1, -1, -1, -1, -1, -1, -1, -1, -1, -1, -1, -1, -1, -1, -1, -1, -1, -1, -1, -1, -1, -1, -1, -1, -1, -1, -1, -1, -1, -1, -1, -1, -1, -1, -1, -1, -1, -1, -1, -1, -1, -1, -1, -1, -1, -1, -1, -1, -1, -1, -1, -1, -1, -1, -1, -1, -1, -1, -1, -1, -1, -1, -1, -1, -1, -1, -1, -1, -1, -1, -1, -1, -1, -1, -1, -1, -1, -1, -1, -1, -1, -1, -1, -1, -1, -1, -1, -1, -1, -1, -1, -1, -1, -1, -1, -1, -1, -1, -1, -1, -1, -1, -1, -1, -1, -1, -1, -1, -1, -1, -1, -1, -1, -1, -1, -1, -1, -1, -1, -1, -1, -1, -1, -1, -1, -1, -1, -1, -1, -1, -1, -1, -1, -1, -1, -1, -1, -1, -1, -1, -1]"
150,26,25,0.0,None,1,237,"[{'cluster_no': -1, 'count': 237}]","[-1, -1, -1, -1, -1, -1, -1, -1, -1, -1, -1, -1, -1, -1, -1, -1, -1, -1, -1, -1, -1, -1, -1, -1, -1, -1, -1, -1, -1, -1, -1, -1, -1, -1, -1, -1, -1, -1, -1, -1, -1, -1, -1, -1, -1, -1, -1, -1, -1, -1, -1, -1, -1, -1, -1, -1, -1, -1, -1, -1, -1, -1, -1, -1, -1, -1, -1, -1, -1, -1, -1, -1, -1, -1, -1, -1, -1, -1, -1, -1, -1, -1, -1, -1, -1, -1, -1, -1, -1, -1, -1, -1, -1, -1, -1, -1, -1, -1, -1, -1, -1, -1, -1, -1, -1, -1, -1, -1, -1, -1, -1, -1, -1, -1, -1, -1, -1, -1, -1, -1, -1, -1, -1, -1, -1, -1, -1, -1, -1, -1, -1, -1, -1, -1, -1, -1, -1, -1, -1, -1, -1, -1, -1, -1, -1, -1, -1, -1, -1, -1, -1, -1, -1, -1, -1, -1, -1, -1, -1, -1, -1, -1, -1, -1, -1, -1, -1, -1, -1, -1, -1, -1, -1, -1, -1, -1, -1, -1, -1, -1, -1, -1, -1, -1, -1, -1, -1, -1, -1, -1, -1, -1, -1, -1, -1, -1, -1, -1, -1, -1, -1, -1, -1, -1, -1, -1, -1, -1, -1, -1, -1, -1, -1, -1, -1, -1, -1, -1, -1, -1, -1, -1, -1, -1, -1, -1, -1, -1, -1, -1, -1, -1, -1, -1, -1, -1, -1]"
150,26,25,0.5,None,1,237,"[{'cluster_no': -1, 'count': 237}]","[-1, -1, -1, -1, -1, -1, -1, -1, -1, -1, -1, -1, -1, -1, -1, -1, -1, -1, -1, -1, -1, -1, -1, -1, -1, -1, -1, -1, -1, -1, -1, -1, -1, -1, -1, -1, -1, -1, -1, -1, -1, -1, -1, -1, -1, -1, -1, -1, -1, -1, -1, -1, -1, -1, -1, -1, -1, -1, -1, -1, -1, -1, -1, -1, -1, -1, -1, -1, -1, -1, -1, -1, -1, -1, -1, -1, -1, -1, -1, -1, -1, -1, -1, -1, -1, -1, -1, -1, -1, -1, -1, -1, -1, -1, -1, -1, -1, -1, -1, -1, -1, -1, -1, -1, -1, -1, -1, -1, -1, -1, -1, -1, -1, -1, -1, -1, -1, -1, -1, -1, -1, -1, -1, -1, -1, -1, -1, -1, -1, -1, -1, -1, -1, -1, -1, -1, -1, -1, -1, -1, -1, -1, -1, -1, -1, -1, -1, -1, -1, -1, -1, -1, -1, -1, -1, -1, -1, -1, -1, -1, -1, -1, -1, -1, -1, -1, -1, -1, -1, -1, -1, -1, -1, -1, -1, -1, -1, -1, -1, -1, -1, -1, -1, -1, -1, -1, -1, -1, -1, -1, -1, -1, -1, -1, -1, -1, -1, -1, -1, -1, -1, -1, -1, -1, -1, -1, -1, -1, -1, -1, -1, -1, -1, -1, -1, -1, -1, -1, -1, -1, -1, -1, -1, -1, -1, -1, -1, -1, -1, -1, -1, -1, -1, -1, -1, -1, -1]"
150,26,25,1.0,None,1,237,"[{'cluster_no': -1, 'count': 237}]","[-1, -1, -1, -1, -1, -1, -1, -1, -1, -1, -1, -1, -1, -1, -1, -1, -1, -1, -1, -1, -1, -1, -1, -1, -1, -1, -1, -1, -1, -1, -1, -1, -1, -1, -1, -1, -1, -1, -1, -1, -1, -1, -1, -1, -1, -1, -1, -1, -1, -1, -1, -1, -1, -1, -1, -1, -1, -1, -1, -1, -1, -1, -1, -1, -1, -1, -1, -1, -1, -1, -1, -1, -1, -1, -1, -1, -1, -1, -1, -1, -1, -1, -1, -1, -1, -1, -1, -1, -1, -1, -1, -1, -1, -1, -1, -1, -1, -1, -1, -1, -1, -1, -1, -1, -1, -1, -1, -1, -1, -1, -1, -1, -1, -1, -1, -1, -1, -1, -1, -1, -1, -1, -1, -1, -1, -1, -1, -1, -1, -1, -1, -1, -1, -1, -1, -1, -1, -1, -1, -1, -1, -1, -1, -1, -1, -1, -1, -1, -1, -1, -1, -1, -1, -1, -1, -1, -1, -1, -1, -1, -1, -1, -1, -1, -1, -1, -1, -1, -1, -1, -1, -1, -1, -1, -1, -1, -1, -1, -1, -1, -1, -1, -1, -1, -1, -1, -1, -1, -1, -1, -1, -1, -1, -1, -1, -1, -1, -1, -1, -1, -1, -1, -1, -1, -1, -1, -1, -1, -1, -1, -1, -1, -1, -1, -1, -1, -1, -1, -1, -1, -1, -1, -1, -1, -1, -1, -1, -1, -1, -1, -1, -1, -1, -1, -1, -1, -1]"
150,26,26,0.0,None,1,237,"[{'cluster_no': -1, 'count': 237}]","[-1, -1, -1, -1, -1, -1, -1, -1, -1, -1, -1, -1, -1, -1, -1, -1, -1, -1, -1, -1, -1, -1, -1, -1, -1, -1, -1, -1, -1, -1, -1, -1, -1, -1, -1, -1, -1, -1, -1, -1, -1, -1, -1, -1, -1, -1, -1, -1, -1, -1, -1, -1, -1, -1, -1, -1, -1, -1, -1, -1, -1, -1, -1, -1, -1, -1, -1, -1, -1, -1, -1, -1, -1, -1, -1, -1, -1, -1, -1, -1, -1, -1, -1, -1, -1, -1, -1, -1, -1, -1, -1, -1, -1, -1, -1, -1, -1, -1, -1, -1, -1, -1, -1, -1, -1, -1, -1, -1, -1, -1, -1, -1, -1, -1, -1, -1, -1, -1, -1, -1, -1, -1, -1, -1, -1, -1, -1, -1, -1, -1, -1, -1, -1, -1, -1, -1, -1, -1, -1, -1, -1, -1, -1, -1, -1, -1, -1, -1, -1, -1, -1, -1, -1, -1, -1, -1, -1, -1, -1, -1, -1, -1, -1, -1, -1, -1, -1, -1, -1, -1, -1, -1, -1, -1, -1, -1, -1, -1, -1, -1, -1, -1, -1, -1, -1, -1, -1, -1, -1, -1, -1, -1, -1, -1, -1, -1, -1, -1, -1, -1, -1, -1, -1, -1, -1, -1, -1, -1, -1, -1, -1, -1, -1, -1, -1, -1, -1, -1, -1, -1, -1, -1, -1, -1, -1, -1, -1, -1, -1, -1, -1, -1, -1, -1, -1, -1, -1]"
150,26,26,0.5,None,1,237,"[{'cluster_no': -1, 'count': 237}]","[-1, -1, -1, -1, -1, -1, -1, -1, -1, -1, -1, -1, -1, -1, -1, -1, -1, -1, -1, -1, -1, -1, -1, -1, -1, -1, -1, -1, -1, -1, -1, -1, -1, -1, -1, -1, -1, -1, -1, -1, -1, -1, -1, -1, -1, -1, -1, -1, -1, -1, -1, -1, -1, -1, -1, -1, -1, -1, -1, -1, -1, -1, -1, -1, -1, -1, -1, -1, -1, -1, -1, -1, -1, -1, -1, -1, -1, -1, -1, -1, -1, -1, -1, -1, -1, -1, -1, -1, -1, -1, -1, -1, -1, -1, -1, -1, -1, -1, -1, -1, -1, -1, -1, -1, -1, -1, -1, -1, -1, -1, -1, -1, -1, -1, -1, -1, -1, -1, -1, -1, -1, -1, -1, -1, -1, -1, -1, -1, -1, -1, -1, -1, -1, -1, -1, -1, -1, -1, -1, -1, -1, -1, -1, -1, -1, -1, -1, -1, -1, -1, -1, -1, -1, -1, -1, -1, -1, -1, -1, -1, -1, -1, -1, -1, -1, -1, -1, -1, -1, -1, -1, -1, -1, -1, -1, -1, -1, -1, -1, -1, -1, -1, -1, -1, -1, -1, -1, -1, -1, -1, -1, -1, -1, -1, -1, -1, -1, -1, -1, -1, -1, -1, -1, -1, -1, -1, -1, -1, -1, -1, -1, -1, -1, -1, -1, -1, -1, -1, -1, -1, -1, -1, -1, -1, -1, -1, -1, -1, -1, -1, -1, -1, -1, -1, -1, -1, -1]"
150,26,26,1.0,None,1,237,"[{'cluster_no': -1, 'count': 237}]","[-1, -1, -1, -1, -1, -1, -1, -1, -1, -1, -1, -1, -1, -1, -1, -1, -1, -1, -1, -1, -1, -1, -1, -1, -1, -1, -1, -1, -1, -1, -1, -1, -1, -1, -1, -1, -1, -1, -1, -1, -1, -1, -1, -1, -1, -1, -1, -1, -1, -1, -1, -1, -1, -1, -1, -1, -1, -1, -1, -1, -1, -1, -1, -1, -1, -1, -1, -1, -1, -1, -1, -1, -1, -1, -1, -1, -1, -1, -1, -1, -1, -1, -1, -1, -1, -1, -1, -1, -1, -1, -1, -1, -1, -1, -1, -1, -1, -1, -1, -1, -1, -1, -1, -1, -1, -1, -1, -1, -1, -1, -1, -1, -1, -1, -1, -1, -1, -1, -1, -1, -1, -1, -1, -1, -1, -1, -1, -1, -1, -1, -1, -1, -1, -1, -1, -1, -1, -1, -1, -1, -1, -1, -1, -1, -1, -1, -1, -1, -1, -1, -1, -1, -1, -1, -1, -1, -1, -1, -1, -1, -1, -1, -1, -1, -1, -1, -1, -1, -1, -1, -1, -1, -1, -1, -1, -1, -1, -1, -1, -1, -1, -1, -1, -1, -1, -1, -1, -1, -1, -1, -1, -1, -1, -1, -1, -1, -1, -1, -1, -1, -1, -1, -1, -1, -1, -1, -1, -1, -1, -1, -1, -1, -1, -1, -1, -1, -1, -1, -1, -1, -1, -1, -1, -1, -1, -1, -1, -1, -1, -1, -1, -1, -1, -1, -1, -1, -1]"
150,26,27,0.0,None,1,237,"[{'cluster_no': -1, 'count': 237}]","[-1, -1, -1, -1, -1, -1, -1, -1, -1, -1, -1, -1, -1, -1, -1, -1, -1, -1, -1, -1, -1, -1, -1, -1, -1, -1, -1, -1, -1, -1, -1, -1, -1, -1, -1, -1, -1, -1, -1, -1, -1, -1, -1, -1, -1, -1, -1, -1, -1, -1, -1, -1, -1, -1, -1, -1, -1, -1, -1, -1, -1, -1, -1, -1, -1, -1, -1, -1, -1, -1, -1, -1, -1, -1, -1, -1, -1, -1, -1, -1, -1, -1, -1, -1, -1, -1, -1, -1, -1, -1, -1, -1, -1, -1, -1, -1, -1, -1, -1, -1, -1, -1, -1, -1, -1, -1, -1, -1, -1, -1, -1, -1, -1, -1, -1, -1, -1, -1, -1, -1, -1, -1, -1, -1, -1, -1, -1, -1, -1, -1, -1, -1, -1, -1, -1, -1, -1, -1, -1, -1, -1, -1, -1, -1, -1, -1, -1, -1, -1, -1, -1, -1, -1, -1, -1, -1, -1, -1, -1, -1, -1, -1, -1, -1, -1, -1, -1, -1, -1, -1, -1, -1, -1, -1, -1, -1, -1, -1, -1, -1, -1, -1, -1, -1, -1, -1, -1, -1, -1, -1, -1, -1, -1, -1, -1, -1, -1, -1, -1, -1, -1, -1, -1, -1, -1, -1, -1, -1, -1, -1, -1, -1, -1, -1, -1, -1, -1, -1, -1, -1, -1, -1, -1, -1, -1, -1, -1, -1, -1, -1, -1, -1, -1, -1, -1, -1, -1]"
150,26,27,0.5,None,1,237,"[{'cluster_no': -1, 'count': 237}]","[-1, -1, -1, -1, -1, -1, -1, -1, -1, -1, -1, -1, -1, -1, -1, -1, -1, -1, -1, -1, -1, -1, -1, -1, -1, -1, -1, -1, -1, -1, -1, -1, -1, -1, -1, -1, -1, -1, -1, -1, -1, -1, -1, -1, -1, -1, -1, -1, -1, -1, -1, -1, -1, -1, -1, -1, -1, -1, -1, -1, -1, -1, -1, -1, -1, -1, -1, -1, -1, -1, -1, -1, -1, -1, -1, -1, -1, -1, -1, -1, -1, -1, -1, -1, -1, -1, -1, -1, -1, -1, -1, -1, -1, -1, -1, -1, -1, -1, -1, -1, -1, -1, -1, -1, -1, -1, -1, -1, -1, -1, -1, -1, -1, -1, -1, -1, -1, -1, -1, -1, -1, -1, -1, -1, -1, -1, -1, -1, -1, -1, -1, -1, -1, -1, -1, -1, -1, -1, -1, -1, -1, -1, -1, -1, -1, -1, -1, -1, -1, -1, -1, -1, -1, -1, -1, -1, -1, -1, -1, -1, -1, -1, -1, -1, -1, -1, -1, -1, -1, -1, -1, -1, -1, -1, -1, -1, -1, -1, -1, -1, -1, -1, -1, -1, -1, -1, -1, -1, -1, -1, -1, -1, -1, -1, -1, -1, -1, -1, -1, -1, -1, -1, -1, -1, -1, -1, -1, -1, -1, -1, -1, -1, -1, -1, -1, -1, -1, -1, -1, -1, -1, -1, -1, -1, -1, -1, -1, -1, -1, -1, -1, -1, -1, -1, -1, -1, -1]"
150,26,27,1.0,None,1,237,"[{'cluster_no': -1, 'count': 237}]","[-1, -1, -1, -1, -1, -1, -1, -1, -1, -1, -1, -1, -1, -1, -1, -1, -1, -1, -1, -1, -1, -1, -1, -1, -1, -1, -1, -1, -1, -1, -1, -1, -1, -1, -1, -1, -1, -1, -1, -1, -1, -1, -1, -1, -1, -1, -1, -1, -1, -1, -1, -1, -1, -1, -1, -1, -1, -1, -1, -1, -1, -1, -1, -1, -1, -1, -1, -1, -1, -1, -1, -1, -1, -1, -1, -1, -1, -1, -1, -1, -1, -1, -1, -1, -1, -1, -1, -1, -1, -1, -1, -1, -1, -1, -1, -1, -1, -1, -1, -1, -1, -1, -1, -1, -1, -1, -1, -1, -1, -1, -1, -1, -1, -1, -1, -1, -1, -1, -1, -1, -1, -1, -1, -1, -1, -1, -1, -1, -1, -1, -1, -1, -1, -1, -1, -1, -1, -1, -1, -1, -1, -1, -1, -1, -1, -1, -1, -1, -1, -1, -1, -1, -1, -1, -1, -1, -1, -1, -1, -1, -1, -1, -1, -1, -1, -1, -1, -1, -1, -1, -1, -1, -1, -1, -1, -1, -1, -1, -1, -1, -1, -1, -1, -1, -1, -1, -1, -1, -1, -1, -1, -1, -1, -1, -1, -1, -1, -1, -1, -1, -1, -1, -1, -1, -1, -1, -1, -1, -1, -1, -1, -1, -1, -1, -1, -1, -1, -1, -1, -1, -1, -1, -1, -1, -1, -1, -1, -1, -1, -1, -1, -1, -1, -1, -1, -1, -1]"
150,26,28,0.0,None,1,237,"[{'cluster_no': -1, 'count': 237}]","[-1, -1, -1, -1, -1, -1, -1, -1, -1, -1, -1, -1, -1, -1, -1, -1, -1, -1, -1, -1, -1, -1, -1, -1, -1, -1, -1, -1, -1, -1, -1, -1, -1, -1, -1, -1, -1, -1, -1, -1, -1, -1, -1, -1, -1, -1, -1, -1, -1, -1, -1, -1, -1, -1, -1, -1, -1, -1, -1, -1, -1, -1, -1, -1, -1, -1, -1, -1, -1, -1, -1, -1, -1, -1, -1, -1, -1, -1, -1, -1, -1, -1, -1, -1, -1, -1, -1, -1, -1, -1, -1, -1, -1, -1, -1, -1, -1, -1, -1, -1, -1, -1, -1, -1, -1, -1, -1, -1, -1, -1, -1, -1, -1, -1, -1, -1, -1, -1, -1, -1, -1, -1, -1, -1, -1, -1, -1, -1, -1, -1, -1, -1, -1, -1, -1, -1, -1, -1, -1, -1, -1, -1, -1, -1, -1, -1, -1, -1, -1, -1, -1, -1, -1, -1, -1, -1, -1, -1, -1, -1, -1, -1, -1, -1, -1, -1, -1, -1, -1, -1, -1, -1, -1, -1, -1, -1, -1, -1, -1, -1, -1, -1, -1, -1, -1, -1, -1, -1, -1, -1, -1, -1, -1, -1, -1, -1, -1, -1, -1, -1, -1, -1, -1, -1, -1, -1, -1, -1, -1, -1, -1, -1, -1, -1, -1, -1, -1, -1, -1, -1, -1, -1, -1, -1, -1, -1, -1, -1, -1, -1, -1, -1, -1, -1, -1, -1, -1]"
150,26,28,0.5,None,1,237,"[{'cluster_no': -1, 'count': 237}]","[-1, -1, -1, -1, -1, -1, -1, -1, -1, -1, -1, -1, -1, -1, -1, -1, -1, -1, -1, -1, -1, -1, -1, -1, -1, -1, -1, -1, -1, -1, -1, -1, -1, -1, -1, -1, -1, -1, -1, -1, -1, -1, -1, -1, -1, -1, -1, -1, -1, -1, -1, -1, -1, -1, -1, -1, -1, -1, -1, -1, -1, -1, -1, -1, -1, -1, -1, -1, -1, -1, -1, -1, -1, -1, -1, -1, -1, -1, -1, -1, -1, -1, -1, -1, -1, -1, -1, -1, -1, -1, -1, -1, -1, -1, -1, -1, -1, -1, -1, -1, -1, -1, -1, -1, -1, -1, -1, -1, -1, -1, -1, -1, -1, -1, -1, -1, -1, -1, -1, -1, -1, -1, -1, -1, -1, -1, -1, -1, -1, -1, -1, -1, -1, -1, -1, -1, -1, -1, -1, -1, -1, -1, -1, -1, -1, -1, -1, -1, -1, -1, -1, -1, -1, -1, -1, -1, -1, -1, -1, -1, -1, -1, -1, -1, -1, -1, -1, -1, -1, -1, -1, -1, -1, -1, -1, -1, -1, -1, -1, -1, -1, -1, -1, -1, -1, -1, -1, -1, -1, -1, -1, -1, -1, -1, -1, -1, -1, -1, -1, -1, -1, -1, -1, -1, -1, -1, -1, -1, -1, -1, -1, -1, -1, -1, -1, -1, -1, -1, -1, -1, -1, -1, -1, -1, -1, -1, -1, -1, -1, -1, -1, -1, -1, -1, -1, -1, -1]"
150,26,28,1.0,None,1,237,"[{'cluster_no': -1, 'count': 237}]","[-1, -1, -1, -1, -1, -1, -1, -1, -1, -1, -1, -1, -1, -1, -1, -1, -1, -1, -1, -1, -1, -1, -1, -1, -1, -1, -1, -1, -1, -1, -1, -1, -1, -1, -1, -1, -1, -1, -1, -1, -1, -1, -1, -1, -1, -1, -1, -1, -1, -1, -1, -1, -1, -1, -1, -1, -1, -1, -1, -1, -1, -1, -1, -1, -1, -1, -1, -1, -1, -1, -1, -1, -1, -1, -1, -1, -1, -1, -1, -1, -1, -1, -1, -1, -1, -1, -1, -1, -1, -1, -1, -1, -1, -1, -1, -1, -1, -1, -1, -1, -1, -1, -1, -1, -1, -1, -1, -1, -1, -1, -1, -1, -1, -1, -1, -1, -1, -1, -1, -1, -1, -1, -1, -1, -1, -1, -1, -1, -1, -1, -1, -1, -1, -1, -1, -1, -1, -1, -1, -1, -1, -1, -1, -1, -1, -1, -1, -1, -1, -1, -1, -1, -1, -1, -1, -1, -1, -1, -1, -1, -1, -1, -1, -1, -1, -1, -1, -1, -1, -1, -1, -1, -1, -1, -1, -1, -1, -1, -1, -1, -1, -1, -1, -1, -1, -1, -1, -1, -1, -1, -1, -1, -1, -1, -1, -1, -1, -1, -1, -1, -1, -1, -1, -1, -1, -1, -1, -1, -1, -1, -1, -1, -1, -1, -1, -1, -1, -1, -1, -1, -1, -1, -1, -1, -1, -1, -1, -1, -1, -1, -1, -1, -1, -1, -1, -1, -1]"
150,26,29,0.0,None,1,237,"[{'cluster_no': -1, 'count': 237}]","[-1, -1, -1, -1, -1, -1, -1, -1, -1, -1, -1, -1, -1, -1, -1, -1, -1, -1, -1, -1, -1, -1, -1, -1, -1, -1, -1, -1, -1, -1, -1, -1, -1, -1, -1, -1, -1, -1, -1, -1, -1, -1, -1, -1, -1, -1, -1, -1, -1, -1, -1, -1, -1, -1, -1, -1, -1, -1, -1, -1, -1, -1, -1, -1, -1, -1, -1, -1, -1, -1, -1, -1, -1, -1, -1, -1, -1, -1, -1, -1, -1, -1, -1, -1, -1, -1, -1, -1, -1, -1, -1, -1, -1, -1, -1, -1, -1, -1, -1, -1, -1, -1, -1, -1, -1, -1, -1, -1, -1, -1, -1, -1, -1, -1, -1, -1, -1, -1, -1, -1, -1, -1, -1, -1, -1, -1, -1, -1, -1, -1, -1, -1, -1, -1, -1, -1, -1, -1, -1, -1, -1, -1, -1, -1, -1, -1, -1, -1, -1, -1, -1, -1, -1, -1, -1, -1, -1, -1, -1, -1, -1, -1, -1, -1, -1, -1, -1, -1, -1, -1, -1, -1, -1, -1, -1, -1, -1, -1, -1, -1, -1, -1, -1, -1, -1, -1, -1, -1, -1, -1, -1, -1, -1, -1, -1, -1, -1, -1, -1, -1, -1, -1, -1, -1, -1, -1, -1, -1, -1, -1, -1, -1, -1, -1, -1, -1, -1, -1, -1, -1, -1, -1, -1, -1, -1, -1, -1, -1, -1, -1, -1, -1, -1, -1, -1, -1, -1]"
150,26,29,0.5,None,1,237,"[{'cluster_no': -1, 'count': 237}]","[-1, -1, -1, -1, -1, -1, -1, -1, -1, -1, -1, -1, -1, -1, -1, -1, -1, -1, -1, -1, -1, -1, -1, -1, -1, -1, -1, -1, -1, -1, -1, -1, -1, -1, -1, -1, -1, -1, -1, -1, -1, -1, -1, -1, -1, -1, -1, -1, -1, -1, -1, -1, -1, -1, -1, -1, -1, -1, -1, -1, -1, -1, -1, -1, -1, -1, -1, -1, -1, -1, -1, -1, -1, -1, -1, -1, -1, -1, -1, -1, -1, -1, -1, -1, -1, -1, -1, -1, -1, -1, -1, -1, -1, -1, -1, -1, -1, -1, -1, -1, -1, -1, -1, -1, -1, -1, -1, -1, -1, -1, -1, -1, -1, -1, -1, -1, -1, -1, -1, -1, -1, -1, -1, -1, -1, -1, -1, -1, -1, -1, -1, -1, -1, -1, -1, -1, -1, -1, -1, -1, -1, -1, -1, -1, -1, -1, -1, -1, -1, -1, -1, -1, -1, -1, -1, -1, -1, -1, -1, -1, -1, -1, -1, -1, -1, -1, -1, -1, -1, -1, -1, -1, -1, -1, -1, -1, -1, -1, -1, -1, -1, -1, -1, -1, -1, -1, -1, -1, -1, -1, -1, -1, -1, -1, -1, -1, -1, -1, -1, -1, -1, -1, -1, -1, -1, -1, -1, -1, -1, -1, -1, -1, -1, -1, -1, -1, -1, -1, -1, -1, -1, -1, -1, -1, -1, -1, -1, -1, -1, -1, -1, -1, -1, -1, -1, -1, -1]"
150,26,29,1.0,None,1,237,"[{'cluster_no': -1, 'count': 237}]","[-1, -1, -1, -1, -1, -1, -1, -1, -1, -1, -1, -1, -1, -1, -1, -1, -1, -1, -1, -1, -1, -1, -1, -1, -1, -1, -1, -1, -1, -1, -1, -1, -1, -1, -1, -1, -1, -1, -1, -1, -1, -1, -1, -1, -1, -1, -1, -1, -1, -1, -1, -1, -1, -1, -1, -1, -1, -1, -1, -1, -1, -1, -1, -1, -1, -1, -1, -1, -1, -1, -1, -1, -1, -1, -1, -1, -1, -1, -1, -1, -1, -1, -1, -1, -1, -1, -1, -1, -1, -1, -1, -1, -1, -1, -1, -1, -1, -1, -1, -1, -1, -1, -1, -1, -1, -1, -1, -1, -1, -1, -1, -1, -1, -1, -1, -1, -1, -1, -1, -1, -1, -1, -1, -1, -1, -1, -1, -1, -1, -1, -1, -1, -1, -1, -1, -1, -1, -1, -1, -1, -1, -1, -1, -1, -1, -1, -1, -1, -1, -1, -1, -1, -1, -1, -1, -1, -1, -1, -1, -1, -1, -1, -1, -1, -1, -1, -1, -1, -1, -1, -1, -1, -1, -1, -1, -1, -1, -1, -1, -1, -1, -1, -1, -1, -1, -1, -1, -1, -1, -1, -1, -1, -1, -1, -1, -1, -1, -1, -1, -1, -1, -1, -1, -1, -1, -1, -1, -1, -1, -1, -1, -1, -1, -1, -1, -1, -1, -1, -1, -1, -1, -1, -1, -1, -1, -1, -1, -1, -1, -1, -1, -1, -1, -1, -1, -1, -1]"
150,26,30,0.0,None,1,237,"[{'cluster_no': -1, 'count': 237}]","[-1, -1, -1, -1, -1, -1, -1, -1, -1, -1, -1, -1, -1, -1, -1, -1, -1, -1, -1, -1, -1, -1, -1, -1, -1, -1, -1, -1, -1, -1, -1, -1, -1, -1, -1, -1, -1, -1, -1, -1, -1, -1, -1, -1, -1, -1, -1, -1, -1, -1, -1, -1, -1, -1, -1, -1, -1, -1, -1, -1, -1, -1, -1, -1, -1, -1, -1, -1, -1, -1, -1, -1, -1, -1, -1, -1, -1, -1, -1, -1, -1, -1, -1, -1, -1, -1, -1, -1, -1, -1, -1, -1, -1, -1, -1, -1, -1, -1, -1, -1, -1, -1, -1, -1, -1, -1, -1, -1, -1, -1, -1, -1, -1, -1, -1, -1, -1, -1, -1, -1, -1, -1, -1, -1, -1, -1, -1, -1, -1, -1, -1, -1, -1, -1, -1, -1, -1, -1, -1, -1, -1, -1, -1, -1, -1, -1, -1, -1, -1, -1, -1, -1, -1, -1, -1, -1, -1, -1, -1, -1, -1, -1, -1, -1, -1, -1, -1, -1, -1, -1, -1, -1, -1, -1, -1, -1, -1, -1, -1, -1, -1, -1, -1, -1, -1, -1, -1, -1, -1, -1, -1, -1, -1, -1, -1, -1, -1, -1, -1, -1, -1, -1, -1, -1, -1, -1, -1, -1, -1, -1, -1, -1, -1, -1, -1, -1, -1, -1, -1, -1, -1, -1, -1, -1, -1, -1, -1, -1, -1, -1, -1, -1, -1, -1, -1, -1, -1]"
150,26,30,0.5,None,1,237,"[{'cluster_no': -1, 'count': 237}]","[-1, -1, -1, -1, -1, -1, -1, -1, -1, -1, -1, -1, -1, -1, -1, -1, -1, -1, -1, -1, -1, -1, -1, -1, -1, -1, -1, -1, -1, -1, -1, -1, -1, -1, -1, -1, -1, -1, -1, -1, -1, -1, -1, -1, -1, -1, -1, -1, -1, -1, -1, -1, -1, -1, -1, -1, -1, -1, -1, -1, -1, -1, -1, -1, -1, -1, -1, -1, -1, -1, -1, -1, -1, -1, -1, -1, -1, -1, -1, -1, -1, -1, -1, -1, -1, -1, -1, -1, -1, -1, -1, -1, -1, -1, -1, -1, -1, -1, -1, -1, -1, -1, -1, -1, -1, -1, -1, -1, -1, -1, -1, -1, -1, -1, -1, -1, -1, -1, -1, -1, -1, -1, -1, -1, -1, -1, -1, -1, -1, -1, -1, -1, -1, -1, -1, -1, -1, -1, -1, -1, -1, -1, -1, -1, -1, -1, -1, -1, -1, -1, -1, -1, -1, -1, -1, -1, -1, -1, -1, -1, -1, -1, -1, -1, -1, -1, -1, -1, -1, -1, -1, -1, -1, -1, -1, -1, -1, -1, -1, -1, -1, -1, -1, -1, -1, -1, -1, -1, -1, -1, -1, -1, -1, -1, -1, -1, -1, -1, -1, -1, -1, -1, -1, -1, -1, -1, -1, -1, -1, -1, -1, -1, -1, -1, -1, -1, -1, -1, -1, -1, -1, -1, -1, -1, -1, -1, -1, -1, -1, -1, -1, -1, -1, -1, -1, -1, -1]"
150,26,30,1.0,None,1,237,"[{'cluster_no': -1, 'count': 237}]","[-1, -1, -1, -1, -1, -1, -1, -1, -1, -1, -1, -1, -1, -1, -1, -1, -1, -1, -1, -1, -1, -1, -1, -1, -1, -1, -1, -1, -1, -1, -1, -1, -1, -1, -1, -1, -1, -1, -1, -1, -1, -1, -1, -1, -1, -1, -1, -1, -1, -1, -1, -1, -1, -1, -1, -1, -1, -1, -1, -1, -1, -1, -1, -1, -1, -1, -1, -1, -1, -1, -1, -1, -1, -1, -1, -1, -1, -1, -1, -1, -1, -1, -1, -1, -1, -1, -1, -1, -1, -1, -1, -1, -1, -1, -1, -1, -1, -1, -1, -1, -1, -1, -1, -1, -1, -1, -1, -1, -1, -1, -1, -1, -1, -1, -1, -1, -1, -1, -1, -1, -1, -1, -1, -1, -1, -1, -1, -1, -1, -1, -1, -1, -1, -1, -1, -1, -1, -1, -1, -1, -1, -1, -1, -1, -1, -1, -1, -1, -1, -1, -1, -1, -1, -1, -1, -1, -1, -1, -1, -1, -1, -1, -1, -1, -1, -1, -1, -1, -1, -1, -1, -1, -1, -1, -1, -1, -1, -1, -1, -1, -1, -1, -1, -1, -1, -1, -1, -1, -1, -1, -1, -1, -1, -1, -1, -1, -1, -1, -1, -1, -1, -1, -1, -1, -1, -1, -1, -1, -1, -1, -1, -1, -1, -1, -1, -1, -1, -1, -1, -1, -1, -1, -1, -1, -1, -1, -1, -1, -1, -1, -1, -1, -1, -1, -1, -1, -1]"
150,27,5,0.0,None,1,237,"[{'cluster_no': -1, 'count': 237}]","[-1, -1, -1, -1, -1, -1, -1, -1, -1, -1, -1, -1, -1, -1, -1, -1, -1, -1, -1, -1, -1, -1, -1, -1, -1, -1, -1, -1, -1, -1, -1, -1, -1, -1, -1, -1, -1, -1, -1, -1, -1, -1, -1, -1, -1, -1, -1, -1, -1, -1, -1, -1, -1, -1, -1, -1, -1, -1, -1, -1, -1, -1, -1, -1, -1, -1, -1, -1, -1, -1, -1, -1, -1, -1, -1, -1, -1, -1, -1, -1, -1, -1, -1, -1, -1, -1, -1, -1, -1, -1, -1, -1, -1, -1, -1, -1, -1, -1, -1, -1, -1, -1, -1, -1, -1, -1, -1, -1, -1, -1, -1, -1, -1, -1, -1, -1, -1, -1, -1, -1, -1, -1, -1, -1, -1, -1, -1, -1, -1, -1, -1, -1, -1, -1, -1, -1, -1, -1, -1, -1, -1, -1, -1, -1, -1, -1, -1, -1, -1, -1, -1, -1, -1, -1, -1, -1, -1, -1, -1, -1, -1, -1, -1, -1, -1, -1, -1, -1, -1, -1, -1, -1, -1, -1, -1, -1, -1, -1, -1, -1, -1, -1, -1, -1, -1, -1, -1, -1, -1, -1, -1, -1, -1, -1, -1, -1, -1, -1, -1, -1, -1, -1, -1, -1, -1, -1, -1, -1, -1, -1, -1, -1, -1, -1, -1, -1, -1, -1, -1, -1, -1, -1, -1, -1, -1, -1, -1, -1, -1, -1, -1, -1, -1, -1, -1, -1, -1]"
150,27,5,0.5,None,1,237,"[{'cluster_no': -1, 'count': 237}]","[-1, -1, -1, -1, -1, -1, -1, -1, -1, -1, -1, -1, -1, -1, -1, -1, -1, -1, -1, -1, -1, -1, -1, -1, -1, -1, -1, -1, -1, -1, -1, -1, -1, -1, -1, -1, -1, -1, -1, -1, -1, -1, -1, -1, -1, -1, -1, -1, -1, -1, -1, -1, -1, -1, -1, -1, -1, -1, -1, -1, -1, -1, -1, -1, -1, -1, -1, -1, -1, -1, -1, -1, -1, -1, -1, -1, -1, -1, -1, -1, -1, -1, -1, -1, -1, -1, -1, -1, -1, -1, -1, -1, -1, -1, -1, -1, -1, -1, -1, -1, -1, -1, -1, -1, -1, -1, -1, -1, -1, -1, -1, -1, -1, -1, -1, -1, -1, -1, -1, -1, -1, -1, -1, -1, -1, -1, -1, -1, -1, -1, -1, -1, -1, -1, -1, -1, -1, -1, -1, -1, -1, -1, -1, -1, -1, -1, -1, -1, -1, -1, -1, -1, -1, -1, -1, -1, -1, -1, -1, -1, -1, -1, -1, -1, -1, -1, -1, -1, -1, -1, -1, -1, -1, -1, -1, -1, -1, -1, -1, -1, -1, -1, -1, -1, -1, -1, -1, -1, -1, -1, -1, -1, -1, -1, -1, -1, -1, -1, -1, -1, -1, -1, -1, -1, -1, -1, -1, -1, -1, -1, -1, -1, -1, -1, -1, -1, -1, -1, -1, -1, -1, -1, -1, -1, -1, -1, -1, -1, -1, -1, -1, -1, -1, -1, -1, -1, -1]"
150,27,5,1.0,None,1,237,"[{'cluster_no': -1, 'count': 237}]","[-1, -1, -1, -1, -1, -1, -1, -1, -1, -1, -1, -1, -1, -1, -1, -1, -1, -1, -1, -1, -1, -1, -1, -1, -1, -1, -1, -1, -1, -1, -1, -1, -1, -1, -1, -1, -1, -1, -1, -1, -1, -1, -1, -1, -1, -1, -1, -1, -1, -1, -1, -1, -1, -1, -1, -1, -1, -1, -1, -1, -1, -1, -1, -1, -1, -1, -1, -1, -1, -1, -1, -1, -1, -1, -1, -1, -1, -1, -1, -1, -1, -1, -1, -1, -1, -1, -1, -1, -1, -1, -1, -1, -1, -1, -1, -1, -1, -1, -1, -1, -1, -1, -1, -1, -1, -1, -1, -1, -1, -1, -1, -1, -1, -1, -1, -1, -1, -1, -1, -1, -1, -1, -1, -1, -1, -1, -1, -1, -1, -1, -1, -1, -1, -1, -1, -1, -1, -1, -1, -1, -1, -1, -1, -1, -1, -1, -1, -1, -1, -1, -1, -1, -1, -1, -1, -1, -1, -1, -1, -1, -1, -1, -1, -1, -1, -1, -1, -1, -1, -1, -1, -1, -1, -1, -1, -1, -1, -1, -1, -1, -1, -1, -1, -1, -1, -1, -1, -1, -1, -1, -1, -1, -1, -1, -1, -1, -1, -1, -1, -1, -1, -1, -1, -1, -1, -1, -1, -1, -1, -1, -1, -1, -1, -1, -1, -1, -1, -1, -1, -1, -1, -1, -1, -1, -1, -1, -1, -1, -1, -1, -1, -1, -1, -1, -1, -1, -1]"
150,27,6,0.0,None,1,237,"[{'cluster_no': -1, 'count': 237}]","[-1, -1, -1, -1, -1, -1, -1, -1, -1, -1, -1, -1, -1, -1, -1, -1, -1, -1, -1, -1, -1, -1, -1, -1, -1, -1, -1, -1, -1, -1, -1, -1, -1, -1, -1, -1, -1, -1, -1, -1, -1, -1, -1, -1, -1, -1, -1, -1, -1, -1, -1, -1, -1, -1, -1, -1, -1, -1, -1, -1, -1, -1, -1, -1, -1, -1, -1, -1, -1, -1, -1, -1, -1, -1, -1, -1, -1, -1, -1, -1, -1, -1, -1, -1, -1, -1, -1, -1, -1, -1, -1, -1, -1, -1, -1, -1, -1, -1, -1, -1, -1, -1, -1, -1, -1, -1, -1, -1, -1, -1, -1, -1, -1, -1, -1, -1, -1, -1, -1, -1, -1, -1, -1, -1, -1, -1, -1, -1, -1, -1, -1, -1, -1, -1, -1, -1, -1, -1, -1, -1, -1, -1, -1, -1, -1, -1, -1, -1, -1, -1, -1, -1, -1, -1, -1, -1, -1, -1, -1, -1, -1, -1, -1, -1, -1, -1, -1, -1, -1, -1, -1, -1, -1, -1, -1, -1, -1, -1, -1, -1, -1, -1, -1, -1, -1, -1, -1, -1, -1, -1, -1, -1, -1, -1, -1, -1, -1, -1, -1, -1, -1, -1, -1, -1, -1, -1, -1, -1, -1, -1, -1, -1, -1, -1, -1, -1, -1, -1, -1, -1, -1, -1, -1, -1, -1, -1, -1, -1, -1, -1, -1, -1, -1, -1, -1, -1, -1]"
150,27,6,0.5,None,1,237,"[{'cluster_no': -1, 'count': 237}]","[-1, -1, -1, -1, -1, -1, -1, -1, -1, -1, -1, -1, -1, -1, -1, -1, -1, -1, -1, -1, -1, -1, -1, -1, -1, -1, -1, -1, -1, -1, -1, -1, -1, -1, -1, -1, -1, -1, -1, -1, -1, -1, -1, -1, -1, -1, -1, -1, -1, -1, -1, -1, -1, -1, -1, -1, -1, -1, -1, -1, -1, -1, -1, -1, -1, -1, -1, -1, -1, -1, -1, -1, -1, -1, -1, -1, -1, -1, -1, -1, -1, -1, -1, -1, -1, -1, -1, -1, -1, -1, -1, -1, -1, -1, -1, -1, -1, -1, -1, -1, -1, -1, -1, -1, -1, -1, -1, -1, -1, -1, -1, -1, -1, -1, -1, -1, -1, -1, -1, -1, -1, -1, -1, -1, -1, -1, -1, -1, -1, -1, -1, -1, -1, -1, -1, -1, -1, -1, -1, -1, -1, -1, -1, -1, -1, -1, -1, -1, -1, -1, -1, -1, -1, -1, -1, -1, -1, -1, -1, -1, -1, -1, -1, -1, -1, -1, -1, -1, -1, -1, -1, -1, -1, -1, -1, -1, -1, -1, -1, -1, -1, -1, -1, -1, -1, -1, -1, -1, -1, -1, -1, -1, -1, -1, -1, -1, -1, -1, -1, -1, -1, -1, -1, -1, -1, -1, -1, -1, -1, -1, -1, -1, -1, -1, -1, -1, -1, -1, -1, -1, -1, -1, -1, -1, -1, -1, -1, -1, -1, -1, -1, -1, -1, -1, -1, -1, -1]"
150,27,6,1.0,None,1,237,"[{'cluster_no': -1, 'count': 237}]","[-1, -1, -1, -1, -1, -1, -1, -1, -1, -1, -1, -1, -1, -1, -1, -1, -1, -1, -1, -1, -1, -1, -1, -1, -1, -1, -1, -1, -1, -1, -1, -1, -1, -1, -1, -1, -1, -1, -1, -1, -1, -1, -1, -1, -1, -1, -1, -1, -1, -1, -1, -1, -1, -1, -1, -1, -1, -1, -1, -1, -1, -1, -1, -1, -1, -1, -1, -1, -1, -1, -1, -1, -1, -1, -1, -1, -1, -1, -1, -1, -1, -1, -1, -1, -1, -1, -1, -1, -1, -1, -1, -1, -1, -1, -1, -1, -1, -1, -1, -1, -1, -1, -1, -1, -1, -1, -1, -1, -1, -1, -1, -1, -1, -1, -1, -1, -1, -1, -1, -1, -1, -1, -1, -1, -1, -1, -1, -1, -1, -1, -1, -1, -1, -1, -1, -1, -1, -1, -1, -1, -1, -1, -1, -1, -1, -1, -1, -1, -1, -1, -1, -1, -1, -1, -1, -1, -1, -1, -1, -1, -1, -1, -1, -1, -1, -1, -1, -1, -1, -1, -1, -1, -1, -1, -1, -1, -1, -1, -1, -1, -1, -1, -1, -1, -1, -1, -1, -1, -1, -1, -1, -1, -1, -1, -1, -1, -1, -1, -1, -1, -1, -1, -1, -1, -1, -1, -1, -1, -1, -1, -1, -1, -1, -1, -1, -1, -1, -1, -1, -1, -1, -1, -1, -1, -1, -1, -1, -1, -1, -1, -1, -1, -1, -1, -1, -1, -1]"
150,27,7,0.0,None,1,237,"[{'cluster_no': -1, 'count': 237}]","[-1, -1, -1, -1, -1, -1, -1, -1, -1, -1, -1, -1, -1, -1, -1, -1, -1, -1, -1, -1, -1, -1, -1, -1, -1, -1, -1, -1, -1, -1, -1, -1, -1, -1, -1, -1, -1, -1, -1, -1, -1, -1, -1, -1, -1, -1, -1, -1, -1, -1, -1, -1, -1, -1, -1, -1, -1, -1, -1, -1, -1, -1, -1, -1, -1, -1, -1, -1, -1, -1, -1, -1, -1, -1, -1, -1, -1, -1, -1, -1, -1, -1, -1, -1, -1, -1, -1, -1, -1, -1, -1, -1, -1, -1, -1, -1, -1, -1, -1, -1, -1, -1, -1, -1, -1, -1, -1, -1, -1, -1, -1, -1, -1, -1, -1, -1, -1, -1, -1, -1, -1, -1, -1, -1, -1, -1, -1, -1, -1, -1, -1, -1, -1, -1, -1, -1, -1, -1, -1, -1, -1, -1, -1, -1, -1, -1, -1, -1, -1, -1, -1, -1, -1, -1, -1, -1, -1, -1, -1, -1, -1, -1, -1, -1, -1, -1, -1, -1, -1, -1, -1, -1, -1, -1, -1, -1, -1, -1, -1, -1, -1, -1, -1, -1, -1, -1, -1, -1, -1, -1, -1, -1, -1, -1, -1, -1, -1, -1, -1, -1, -1, -1, -1, -1, -1, -1, -1, -1, -1, -1, -1, -1, -1, -1, -1, -1, -1, -1, -1, -1, -1, -1, -1, -1, -1, -1, -1, -1, -1, -1, -1, -1, -1, -1, -1, -1, -1]"
150,27,7,0.5,None,1,237,"[{'cluster_no': -1, 'count': 237}]","[-1, -1, -1, -1, -1, -1, -1, -1, -1, -1, -1, -1, -1, -1, -1, -1, -1, -1, -1, -1, -1, -1, -1, -1, -1, -1, -1, -1, -1, -1, -1, -1, -1, -1, -1, -1, -1, -1, -1, -1, -1, -1, -1, -1, -1, -1, -1, -1, -1, -1, -1, -1, -1, -1, -1, -1, -1, -1, -1, -1, -1, -1, -1, -1, -1, -1, -1, -1, -1, -1, -1, -1, -1, -1, -1, -1, -1, -1, -1, -1, -1, -1, -1, -1, -1, -1, -1, -1, -1, -1, -1, -1, -1, -1, -1, -1, -1, -1, -1, -1, -1, -1, -1, -1, -1, -1, -1, -1, -1, -1, -1, -1, -1, -1, -1, -1, -1, -1, -1, -1, -1, -1, -1, -1, -1, -1, -1, -1, -1, -1, -1, -1, -1, -1, -1, -1, -1, -1, -1, -1, -1, -1, -1, -1, -1, -1, -1, -1, -1, -1, -1, -1, -1, -1, -1, -1, -1, -1, -1, -1, -1, -1, -1, -1, -1, -1, -1, -1, -1, -1, -1, -1, -1, -1, -1, -1, -1, -1, -1, -1, -1, -1, -1, -1, -1, -1, -1, -1, -1, -1, -1, -1, -1, -1, -1, -1, -1, -1, -1, -1, -1, -1, -1, -1, -1, -1, -1, -1, -1, -1, -1, -1, -1, -1, -1, -1, -1, -1, -1, -1, -1, -1, -1, -1, -1, -1, -1, -1, -1, -1, -1, -1, -1, -1, -1, -1, -1]"
150,27,7,1.0,None,1,237,"[{'cluster_no': -1, 'count': 237}]","[-1, -1, -1, -1, -1, -1, -1, -1, -1, -1, -1, -1, -1, -1, -1, -1, -1, -1, -1, -1, -1, -1, -1, -1, -1, -1, -1, -1, -1, -1, -1, -1, -1, -1, -1, -1, -1, -1, -1, -1, -1, -1, -1, -1, -1, -1, -1, -1, -1, -1, -1, -1, -1, -1, -1, -1, -1, -1, -1, -1, -1, -1, -1, -1, -1, -1, -1, -1, -1, -1, -1, -1, -1, -1, -1, -1, -1, -1, -1, -1, -1, -1, -1, -1, -1, -1, -1, -1, -1, -1, -1, -1, -1, -1, -1, -1, -1, -1, -1, -1, -1, -1, -1, -1, -1, -1, -1, -1, -1, -1, -1, -1, -1, -1, -1, -1, -1, -1, -1, -1, -1, -1, -1, -1, -1, -1, -1, -1, -1, -1, -1, -1, -1, -1, -1, -1, -1, -1, -1, -1, -1, -1, -1, -1, -1, -1, -1, -1, -1, -1, -1, -1, -1, -1, -1, -1, -1, -1, -1, -1, -1, -1, -1, -1, -1, -1, -1, -1, -1, -1, -1, -1, -1, -1, -1, -1, -1, -1, -1, -1, -1, -1, -1, -1, -1, -1, -1, -1, -1, -1, -1, -1, -1, -1, -1, -1, -1, -1, -1, -1, -1, -1, -1, -1, -1, -1, -1, -1, -1, -1, -1, -1, -1, -1, -1, -1, -1, -1, -1, -1, -1, -1, -1, -1, -1, -1, -1, -1, -1, -1, -1, -1, -1, -1, -1, -1, -1]"
150,27,8,0.0,None,1,237,"[{'cluster_no': -1, 'count': 237}]","[-1, -1, -1, -1, -1, -1, -1, -1, -1, -1, -1, -1, -1, -1, -1, -1, -1, -1, -1, -1, -1, -1, -1, -1, -1, -1, -1, -1, -1, -1, -1, -1, -1, -1, -1, -1, -1, -1, -1, -1, -1, -1, -1, -1, -1, -1, -1, -1, -1, -1, -1, -1, -1, -1, -1, -1, -1, -1, -1, -1, -1, -1, -1, -1, -1, -1, -1, -1, -1, -1, -1, -1, -1, -1, -1, -1, -1, -1, -1, -1, -1, -1, -1, -1, -1, -1, -1, -1, -1, -1, -1, -1, -1, -1, -1, -1, -1, -1, -1, -1, -1, -1, -1, -1, -1, -1, -1, -1, -1, -1, -1, -1, -1, -1, -1, -1, -1, -1, -1, -1, -1, -1, -1, -1, -1, -1, -1, -1, -1, -1, -1, -1, -1, -1, -1, -1, -1, -1, -1, -1, -1, -1, -1, -1, -1, -1, -1, -1, -1, -1, -1, -1, -1, -1, -1, -1, -1, -1, -1, -1, -1, -1, -1, -1, -1, -1, -1, -1, -1, -1, -1, -1, -1, -1, -1, -1, -1, -1, -1, -1, -1, -1, -1, -1, -1, -1, -1, -1, -1, -1, -1, -1, -1, -1, -1, -1, -1, -1, -1, -1, -1, -1, -1, -1, -1, -1, -1, -1, -1, -1, -1, -1, -1, -1, -1, -1, -1, -1, -1, -1, -1, -1, -1, -1, -1, -1, -1, -1, -1, -1, -1, -1, -1, -1, -1, -1, -1]"
150,27,8,0.5,None,1,237,"[{'cluster_no': -1, 'count': 237}]","[-1, -1, -1, -1, -1, -1, -1, -1, -1, -1, -1, -1, -1, -1, -1, -1, -1, -1, -1, -1, -1, -1, -1, -1, -1, -1, -1, -1, -1, -1, -1, -1, -1, -1, -1, -1, -1, -1, -1, -1, -1, -1, -1, -1, -1, -1, -1, -1, -1, -1, -1, -1, -1, -1, -1, -1, -1, -1, -1, -1, -1, -1, -1, -1, -1, -1, -1, -1, -1, -1, -1, -1, -1, -1, -1, -1, -1, -1, -1, -1, -1, -1, -1, -1, -1, -1, -1, -1, -1, -1, -1, -1, -1, -1, -1, -1, -1, -1, -1, -1, -1, -1, -1, -1, -1, -1, -1, -1, -1, -1, -1, -1, -1, -1, -1, -1, -1, -1, -1, -1, -1, -1, -1, -1, -1, -1, -1, -1, -1, -1, -1, -1, -1, -1, -1, -1, -1, -1, -1, -1, -1, -1, -1, -1, -1, -1, -1, -1, -1, -1, -1, -1, -1, -1, -1, -1, -1, -1, -1, -1, -1, -1, -1, -1, -1, -1, -1, -1, -1, -1, -1, -1, -1, -1, -1, -1, -1, -1, -1, -1, -1, -1, -1, -1, -1, -1, -1, -1, -1, -1, -1, -1, -1, -1, -1, -1, -1, -1, -1, -1, -1, -1, -1, -1, -1, -1, -1, -1, -1, -1, -1, -1, -1, -1, -1, -1, -1, -1, -1, -1, -1, -1, -1, -1, -1, -1, -1, -1, -1, -1, -1, -1, -1, -1, -1, -1, -1]"
150,27,8,1.0,None,1,237,"[{'cluster_no': -1, 'count': 237}]","[-1, -1, -1, -1, -1, -1, -1, -1, -1, -1, -1, -1, -1, -1, -1, -1, -1, -1, -1, -1, -1, -1, -1, -1, -1, -1, -1, -1, -1, -1, -1, -1, -1, -1, -1, -1, -1, -1, -1, -1, -1, -1, -1, -1, -1, -1, -1, -1, -1, -1, -1, -1, -1, -1, -1, -1, -1, -1, -1, -1, -1, -1, -1, -1, -1, -1, -1, -1, -1, -1, -1, -1, -1, -1, -1, -1, -1, -1, -1, -1, -1, -1, -1, -1, -1, -1, -1, -1, -1, -1, -1, -1, -1, -1, -1, -1, -1, -1, -1, -1, -1, -1, -1, -1, -1, -1, -1, -1, -1, -1, -1, -1, -1, -1, -1, -1, -1, -1, -1, -1, -1, -1, -1, -1, -1, -1, -1, -1, -1, -1, -1, -1, -1, -1, -1, -1, -1, -1, -1, -1, -1, -1, -1, -1, -1, -1, -1, -1, -1, -1, -1, -1, -1, -1, -1, -1, -1, -1, -1, -1, -1, -1, -1, -1, -1, -1, -1, -1, -1, -1, -1, -1, -1, -1, -1, -1, -1, -1, -1, -1, -1, -1, -1, -1, -1, -1, -1, -1, -1, -1, -1, -1, -1, -1, -1, -1, -1, -1, -1, -1, -1, -1, -1, -1, -1, -1, -1, -1, -1, -1, -1, -1, -1, -1, -1, -1, -1, -1, -1, -1, -1, -1, -1, -1, -1, -1, -1, -1, -1, -1, -1, -1, -1, -1, -1, -1, -1]"
150,27,9,0.0,None,1,237,"[{'cluster_no': -1, 'count': 237}]","[-1, -1, -1, -1, -1, -1, -1, -1, -1, -1, -1, -1, -1, -1, -1, -1, -1, -1, -1, -1, -1, -1, -1, -1, -1, -1, -1, -1, -1, -1, -1, -1, -1, -1, -1, -1, -1, -1, -1, -1, -1, -1, -1, -1, -1, -1, -1, -1, -1, -1, -1, -1, -1, -1, -1, -1, -1, -1, -1, -1, -1, -1, -1, -1, -1, -1, -1, -1, -1, -1, -1, -1, -1, -1, -1, -1, -1, -1, -1, -1, -1, -1, -1, -1, -1, -1, -1, -1, -1, -1, -1, -1, -1, -1, -1, -1, -1, -1, -1, -1, -1, -1, -1, -1, -1, -1, -1, -1, -1, -1, -1, -1, -1, -1, -1, -1, -1, -1, -1, -1, -1, -1, -1, -1, -1, -1, -1, -1, -1, -1, -1, -1, -1, -1, -1, -1, -1, -1, -1, -1, -1, -1, -1, -1, -1, -1, -1, -1, -1, -1, -1, -1, -1, -1, -1, -1, -1, -1, -1, -1, -1, -1, -1, -1, -1, -1, -1, -1, -1, -1, -1, -1, -1, -1, -1, -1, -1, -1, -1, -1, -1, -1, -1, -1, -1, -1, -1, -1, -1, -1, -1, -1, -1, -1, -1, -1, -1, -1, -1, -1, -1, -1, -1, -1, -1, -1, -1, -1, -1, -1, -1, -1, -1, -1, -1, -1, -1, -1, -1, -1, -1, -1, -1, -1, -1, -1, -1, -1, -1, -1, -1, -1, -1, -1, -1, -1, -1]"
150,27,9,0.5,None,1,237,"[{'cluster_no': -1, 'count': 237}]","[-1, -1, -1, -1, -1, -1, -1, -1, -1, -1, -1, -1, -1, -1, -1, -1, -1, -1, -1, -1, -1, -1, -1, -1, -1, -1, -1, -1, -1, -1, -1, -1, -1, -1, -1, -1, -1, -1, -1, -1, -1, -1, -1, -1, -1, -1, -1, -1, -1, -1, -1, -1, -1, -1, -1, -1, -1, -1, -1, -1, -1, -1, -1, -1, -1, -1, -1, -1, -1, -1, -1, -1, -1, -1, -1, -1, -1, -1, -1, -1, -1, -1, -1, -1, -1, -1, -1, -1, -1, -1, -1, -1, -1, -1, -1, -1, -1, -1, -1, -1, -1, -1, -1, -1, -1, -1, -1, -1, -1, -1, -1, -1, -1, -1, -1, -1, -1, -1, -1, -1, -1, -1, -1, -1, -1, -1, -1, -1, -1, -1, -1, -1, -1, -1, -1, -1, -1, -1, -1, -1, -1, -1, -1, -1, -1, -1, -1, -1, -1, -1, -1, -1, -1, -1, -1, -1, -1, -1, -1, -1, -1, -1, -1, -1, -1, -1, -1, -1, -1, -1, -1, -1, -1, -1, -1, -1, -1, -1, -1, -1, -1, -1, -1, -1, -1, -1, -1, -1, -1, -1, -1, -1, -1, -1, -1, -1, -1, -1, -1, -1, -1, -1, -1, -1, -1, -1, -1, -1, -1, -1, -1, -1, -1, -1, -1, -1, -1, -1, -1, -1, -1, -1, -1, -1, -1, -1, -1, -1, -1, -1, -1, -1, -1, -1, -1, -1, -1]"
150,27,9,1.0,None,1,237,"[{'cluster_no': -1, 'count': 237}]","[-1, -1, -1, -1, -1, -1, -1, -1, -1, -1, -1, -1, -1, -1, -1, -1, -1, -1, -1, -1, -1, -1, -1, -1, -1, -1, -1, -1, -1, -1, -1, -1, -1, -1, -1, -1, -1, -1, -1, -1, -1, -1, -1, -1, -1, -1, -1, -1, -1, -1, -1, -1, -1, -1, -1, -1, -1, -1, -1, -1, -1, -1, -1, -1, -1, -1, -1, -1, -1, -1, -1, -1, -1, -1, -1, -1, -1, -1, -1, -1, -1, -1, -1, -1, -1, -1, -1, -1, -1, -1, -1, -1, -1, -1, -1, -1, -1, -1, -1, -1, -1, -1, -1, -1, -1, -1, -1, -1, -1, -1, -1, -1, -1, -1, -1, -1, -1, -1, -1, -1, -1, -1, -1, -1, -1, -1, -1, -1, -1, -1, -1, -1, -1, -1, -1, -1, -1, -1, -1, -1, -1, -1, -1, -1, -1, -1, -1, -1, -1, -1, -1, -1, -1, -1, -1, -1, -1, -1, -1, -1, -1, -1, -1, -1, -1, -1, -1, -1, -1, -1, -1, -1, -1, -1, -1, -1, -1, -1, -1, -1, -1, -1, -1, -1, -1, -1, -1, -1, -1, -1, -1, -1, -1, -1, -1, -1, -1, -1, -1, -1, -1, -1, -1, -1, -1, -1, -1, -1, -1, -1, -1, -1, -1, -1, -1, -1, -1, -1, -1, -1, -1, -1, -1, -1, -1, -1, -1, -1, -1, -1, -1, -1, -1, -1, -1, -1, -1]"
150,27,10,0.0,None,1,237,"[{'cluster_no': -1, 'count': 237}]","[-1, -1, -1, -1, -1, -1, -1, -1, -1, -1, -1, -1, -1, -1, -1, -1, -1, -1, -1, -1, -1, -1, -1, -1, -1, -1, -1, -1, -1, -1, -1, -1, -1, -1, -1, -1, -1, -1, -1, -1, -1, -1, -1, -1, -1, -1, -1, -1, -1, -1, -1, -1, -1, -1, -1, -1, -1, -1, -1, -1, -1, -1, -1, -1, -1, -1, -1, -1, -1, -1, -1, -1, -1, -1, -1, -1, -1, -1, -1, -1, -1, -1, -1, -1, -1, -1, -1, -1, -1, -1, -1, -1, -1, -1, -1, -1, -1, -1, -1, -1, -1, -1, -1, -1, -1, -1, -1, -1, -1, -1, -1, -1, -1, -1, -1, -1, -1, -1, -1, -1, -1, -1, -1, -1, -1, -1, -1, -1, -1, -1, -1, -1, -1, -1, -1, -1, -1, -1, -1, -1, -1, -1, -1, -1, -1, -1, -1, -1, -1, -1, -1, -1, -1, -1, -1, -1, -1, -1, -1, -1, -1, -1, -1, -1, -1, -1, -1, -1, -1, -1, -1, -1, -1, -1, -1, -1, -1, -1, -1, -1, -1, -1, -1, -1, -1, -1, -1, -1, -1, -1, -1, -1, -1, -1, -1, -1, -1, -1, -1, -1, -1, -1, -1, -1, -1, -1, -1, -1, -1, -1, -1, -1, -1, -1, -1, -1, -1, -1, -1, -1, -1, -1, -1, -1, -1, -1, -1, -1, -1, -1, -1, -1, -1, -1, -1, -1, -1]"
150,27,10,0.5,None,1,237,"[{'cluster_no': -1, 'count': 237}]","[-1, -1, -1, -1, -1, -1, -1, -1, -1, -1, -1, -1, -1, -1, -1, -1, -1, -1, -1, -1, -1, -1, -1, -1, -1, -1, -1, -1, -1, -1, -1, -1, -1, -1, -1, -1, -1, -1, -1, -1, -1, -1, -1, -1, -1, -1, -1, -1, -1, -1, -1, -1, -1, -1, -1, -1, -1, -1, -1, -1, -1, -1, -1, -1, -1, -1, -1, -1, -1, -1, -1, -1, -1, -1, -1, -1, -1, -1, -1, -1, -1, -1, -1, -1, -1, -1, -1, -1, -1, -1, -1, -1, -1, -1, -1, -1, -1, -1, -1, -1, -1, -1, -1, -1, -1, -1, -1, -1, -1, -1, -1, -1, -1, -1, -1, -1, -1, -1, -1, -1, -1, -1, -1, -1, -1, -1, -1, -1, -1, -1, -1, -1, -1, -1, -1, -1, -1, -1, -1, -1, -1, -1, -1, -1, -1, -1, -1, -1, -1, -1, -1, -1, -1, -1, -1, -1, -1, -1, -1, -1, -1, -1, -1, -1, -1, -1, -1, -1, -1, -1, -1, -1, -1, -1, -1, -1, -1, -1, -1, -1, -1, -1, -1, -1, -1, -1, -1, -1, -1, -1, -1, -1, -1, -1, -1, -1, -1, -1, -1, -1, -1, -1, -1, -1, -1, -1, -1, -1, -1, -1, -1, -1, -1, -1, -1, -1, -1, -1, -1, -1, -1, -1, -1, -1, -1, -1, -1, -1, -1, -1, -1, -1, -1, -1, -1, -1, -1]"
150,27,10,1.0,None,1,237,"[{'cluster_no': -1, 'count': 237}]","[-1, -1, -1, -1, -1, -1, -1, -1, -1, -1, -1, -1, -1, -1, -1, -1, -1, -1, -1, -1, -1, -1, -1, -1, -1, -1, -1, -1, -1, -1, -1, -1, -1, -1, -1, -1, -1, -1, -1, -1, -1, -1, -1, -1, -1, -1, -1, -1, -1, -1, -1, -1, -1, -1, -1, -1, -1, -1, -1, -1, -1, -1, -1, -1, -1, -1, -1, -1, -1, -1, -1, -1, -1, -1, -1, -1, -1, -1, -1, -1, -1, -1, -1, -1, -1, -1, -1, -1, -1, -1, -1, -1, -1, -1, -1, -1, -1, -1, -1, -1, -1, -1, -1, -1, -1, -1, -1, -1, -1, -1, -1, -1, -1, -1, -1, -1, -1, -1, -1, -1, -1, -1, -1, -1, -1, -1, -1, -1, -1, -1, -1, -1, -1, -1, -1, -1, -1, -1, -1, -1, -1, -1, -1, -1, -1, -1, -1, -1, -1, -1, -1, -1, -1, -1, -1, -1, -1, -1, -1, -1, -1, -1, -1, -1, -1, -1, -1, -1, -1, -1, -1, -1, -1, -1, -1, -1, -1, -1, -1, -1, -1, -1, -1, -1, -1, -1, -1, -1, -1, -1, -1, -1, -1, -1, -1, -1, -1, -1, -1, -1, -1, -1, -1, -1, -1, -1, -1, -1, -1, -1, -1, -1, -1, -1, -1, -1, -1, -1, -1, -1, -1, -1, -1, -1, -1, -1, -1, -1, -1, -1, -1, -1, -1, -1, -1, -1, -1]"
150,27,11,0.0,None,1,237,"[{'cluster_no': -1, 'count': 237}]","[-1, -1, -1, -1, -1, -1, -1, -1, -1, -1, -1, -1, -1, -1, -1, -1, -1, -1, -1, -1, -1, -1, -1, -1, -1, -1, -1, -1, -1, -1, -1, -1, -1, -1, -1, -1, -1, -1, -1, -1, -1, -1, -1, -1, -1, -1, -1, -1, -1, -1, -1, -1, -1, -1, -1, -1, -1, -1, -1, -1, -1, -1, -1, -1, -1, -1, -1, -1, -1, -1, -1, -1, -1, -1, -1, -1, -1, -1, -1, -1, -1, -1, -1, -1, -1, -1, -1, -1, -1, -1, -1, -1, -1, -1, -1, -1, -1, -1, -1, -1, -1, -1, -1, -1, -1, -1, -1, -1, -1, -1, -1, -1, -1, -1, -1, -1, -1, -1, -1, -1, -1, -1, -1, -1, -1, -1, -1, -1, -1, -1, -1, -1, -1, -1, -1, -1, -1, -1, -1, -1, -1, -1, -1, -1, -1, -1, -1, -1, -1, -1, -1, -1, -1, -1, -1, -1, -1, -1, -1, -1, -1, -1, -1, -1, -1, -1, -1, -1, -1, -1, -1, -1, -1, -1, -1, -1, -1, -1, -1, -1, -1, -1, -1, -1, -1, -1, -1, -1, -1, -1, -1, -1, -1, -1, -1, -1, -1, -1, -1, -1, -1, -1, -1, -1, -1, -1, -1, -1, -1, -1, -1, -1, -1, -1, -1, -1, -1, -1, -1, -1, -1, -1, -1, -1, -1, -1, -1, -1, -1, -1, -1, -1, -1, -1, -1, -1, -1]"
150,27,11,0.5,None,1,237,"[{'cluster_no': -1, 'count': 237}]","[-1, -1, -1, -1, -1, -1, -1, -1, -1, -1, -1, -1, -1, -1, -1, -1, -1, -1, -1, -1, -1, -1, -1, -1, -1, -1, -1, -1, -1, -1, -1, -1, -1, -1, -1, -1, -1, -1, -1, -1, -1, -1, -1, -1, -1, -1, -1, -1, -1, -1, -1, -1, -1, -1, -1, -1, -1, -1, -1, -1, -1, -1, -1, -1, -1, -1, -1, -1, -1, -1, -1, -1, -1, -1, -1, -1, -1, -1, -1, -1, -1, -1, -1, -1, -1, -1, -1, -1, -1, -1, -1, -1, -1, -1, -1, -1, -1, -1, -1, -1, -1, -1, -1, -1, -1, -1, -1, -1, -1, -1, -1, -1, -1, -1, -1, -1, -1, -1, -1, -1, -1, -1, -1, -1, -1, -1, -1, -1, -1, -1, -1, -1, -1, -1, -1, -1, -1, -1, -1, -1, -1, -1, -1, -1, -1, -1, -1, -1, -1, -1, -1, -1, -1, -1, -1, -1, -1, -1, -1, -1, -1, -1, -1, -1, -1, -1, -1, -1, -1, -1, -1, -1, -1, -1, -1, -1, -1, -1, -1, -1, -1, -1, -1, -1, -1, -1, -1, -1, -1, -1, -1, -1, -1, -1, -1, -1, -1, -1, -1, -1, -1, -1, -1, -1, -1, -1, -1, -1, -1, -1, -1, -1, -1, -1, -1, -1, -1, -1, -1, -1, -1, -1, -1, -1, -1, -1, -1, -1, -1, -1, -1, -1, -1, -1, -1, -1, -1]"
150,27,11,1.0,None,1,237,"[{'cluster_no': -1, 'count': 237}]","[-1, -1, -1, -1, -1, -1, -1, -1, -1, -1, -1, -1, -1, -1, -1, -1, -1, -1, -1, -1, -1, -1, -1, -1, -1, -1, -1, -1, -1, -1, -1, -1, -1, -1, -1, -1, -1, -1, -1, -1, -1, -1, -1, -1, -1, -1, -1, -1, -1, -1, -1, -1, -1, -1, -1, -1, -1, -1, -1, -1, -1, -1, -1, -1, -1, -1, -1, -1, -1, -1, -1, -1, -1, -1, -1, -1, -1, -1, -1, -1, -1, -1, -1, -1, -1, -1, -1, -1, -1, -1, -1, -1, -1, -1, -1, -1, -1, -1, -1, -1, -1, -1, -1, -1, -1, -1, -1, -1, -1, -1, -1, -1, -1, -1, -1, -1, -1, -1, -1, -1, -1, -1, -1, -1, -1, -1, -1, -1, -1, -1, -1, -1, -1, -1, -1, -1, -1, -1, -1, -1, -1, -1, -1, -1, -1, -1, -1, -1, -1, -1, -1, -1, -1, -1, -1, -1, -1, -1, -1, -1, -1, -1, -1, -1, -1, -1, -1, -1, -1, -1, -1, -1, -1, -1, -1, -1, -1, -1, -1, -1, -1, -1, -1, -1, -1, -1, -1, -1, -1, -1, -1, -1, -1, -1, -1, -1, -1, -1, -1, -1, -1, -1, -1, -1, -1, -1, -1, -1, -1, -1, -1, -1, -1, -1, -1, -1, -1, -1, -1, -1, -1, -1, -1, -1, -1, -1, -1, -1, -1, -1, -1, -1, -1, -1, -1, -1, -1]"
150,27,12,0.0,None,1,237,"[{'cluster_no': -1, 'count': 237}]","[-1, -1, -1, -1, -1, -1, -1, -1, -1, -1, -1, -1, -1, -1, -1, -1, -1, -1, -1, -1, -1, -1, -1, -1, -1, -1, -1, -1, -1, -1, -1, -1, -1, -1, -1, -1, -1, -1, -1, -1, -1, -1, -1, -1, -1, -1, -1, -1, -1, -1, -1, -1, -1, -1, -1, -1, -1, -1, -1, -1, -1, -1, -1, -1, -1, -1, -1, -1, -1, -1, -1, -1, -1, -1, -1, -1, -1, -1, -1, -1, -1, -1, -1, -1, -1, -1, -1, -1, -1, -1, -1, -1, -1, -1, -1, -1, -1, -1, -1, -1, -1, -1, -1, -1, -1, -1, -1, -1, -1, -1, -1, -1, -1, -1, -1, -1, -1, -1, -1, -1, -1, -1, -1, -1, -1, -1, -1, -1, -1, -1, -1, -1, -1, -1, -1, -1, -1, -1, -1, -1, -1, -1, -1, -1, -1, -1, -1, -1, -1, -1, -1, -1, -1, -1, -1, -1, -1, -1, -1, -1, -1, -1, -1, -1, -1, -1, -1, -1, -1, -1, -1, -1, -1, -1, -1, -1, -1, -1, -1, -1, -1, -1, -1, -1, -1, -1, -1, -1, -1, -1, -1, -1, -1, -1, -1, -1, -1, -1, -1, -1, -1, -1, -1, -1, -1, -1, -1, -1, -1, -1, -1, -1, -1, -1, -1, -1, -1, -1, -1, -1, -1, -1, -1, -1, -1, -1, -1, -1, -1, -1, -1, -1, -1, -1, -1, -1, -1]"
150,27,12,0.5,None,1,237,"[{'cluster_no': -1, 'count': 237}]","[-1, -1, -1, -1, -1, -1, -1, -1, -1, -1, -1, -1, -1, -1, -1, -1, -1, -1, -1, -1, -1, -1, -1, -1, -1, -1, -1, -1, -1, -1, -1, -1, -1, -1, -1, -1, -1, -1, -1, -1, -1, -1, -1, -1, -1, -1, -1, -1, -1, -1, -1, -1, -1, -1, -1, -1, -1, -1, -1, -1, -1, -1, -1, -1, -1, -1, -1, -1, -1, -1, -1, -1, -1, -1, -1, -1, -1, -1, -1, -1, -1, -1, -1, -1, -1, -1, -1, -1, -1, -1, -1, -1, -1, -1, -1, -1, -1, -1, -1, -1, -1, -1, -1, -1, -1, -1, -1, -1, -1, -1, -1, -1, -1, -1, -1, -1, -1, -1, -1, -1, -1, -1, -1, -1, -1, -1, -1, -1, -1, -1, -1, -1, -1, -1, -1, -1, -1, -1, -1, -1, -1, -1, -1, -1, -1, -1, -1, -1, -1, -1, -1, -1, -1, -1, -1, -1, -1, -1, -1, -1, -1, -1, -1, -1, -1, -1, -1, -1, -1, -1, -1, -1, -1, -1, -1, -1, -1, -1, -1, -1, -1, -1, -1, -1, -1, -1, -1, -1, -1, -1, -1, -1, -1, -1, -1, -1, -1, -1, -1, -1, -1, -1, -1, -1, -1, -1, -1, -1, -1, -1, -1, -1, -1, -1, -1, -1, -1, -1, -1, -1, -1, -1, -1, -1, -1, -1, -1, -1, -1, -1, -1, -1, -1, -1, -1, -1, -1]"
150,27,12,1.0,None,1,237,"[{'cluster_no': -1, 'count': 237}]","[-1, -1, -1, -1, -1, -1, -1, -1, -1, -1, -1, -1, -1, -1, -1, -1, -1, -1, -1, -1, -1, -1, -1, -1, -1, -1, -1, -1, -1, -1, -1, -1, -1, -1, -1, -1, -1, -1, -1, -1, -1, -1, -1, -1, -1, -1, -1, -1, -1, -1, -1, -1, -1, -1, -1, -1, -1, -1, -1, -1, -1, -1, -1, -1, -1, -1, -1, -1, -1, -1, -1, -1, -1, -1, -1, -1, -1, -1, -1, -1, -1, -1, -1, -1, -1, -1, -1, -1, -1, -1, -1, -1, -1, -1, -1, -1, -1, -1, -1, -1, -1, -1, -1, -1, -1, -1, -1, -1, -1, -1, -1, -1, -1, -1, -1, -1, -1, -1, -1, -1, -1, -1, -1, -1, -1, -1, -1, -1, -1, -1, -1, -1, -1, -1, -1, -1, -1, -1, -1, -1, -1, -1, -1, -1, -1, -1, -1, -1, -1, -1, -1, -1, -1, -1, -1, -1, -1, -1, -1, -1, -1, -1, -1, -1, -1, -1, -1, -1, -1, -1, -1, -1, -1, -1, -1, -1, -1, -1, -1, -1, -1, -1, -1, -1, -1, -1, -1, -1, -1, -1, -1, -1, -1, -1, -1, -1, -1, -1, -1, -1, -1, -1, -1, -1, -1, -1, -1, -1, -1, -1, -1, -1, -1, -1, -1, -1, -1, -1, -1, -1, -1, -1, -1, -1, -1, -1, -1, -1, -1, -1, -1, -1, -1, -1, -1, -1, -1]"
150,27,13,0.0,None,1,237,"[{'cluster_no': -1, 'count': 237}]","[-1, -1, -1, -1, -1, -1, -1, -1, -1, -1, -1, -1, -1, -1, -1, -1, -1, -1, -1, -1, -1, -1, -1, -1, -1, -1, -1, -1, -1, -1, -1, -1, -1, -1, -1, -1, -1, -1, -1, -1, -1, -1, -1, -1, -1, -1, -1, -1, -1, -1, -1, -1, -1, -1, -1, -1, -1, -1, -1, -1, -1, -1, -1, -1, -1, -1, -1, -1, -1, -1, -1, -1, -1, -1, -1, -1, -1, -1, -1, -1, -1, -1, -1, -1, -1, -1, -1, -1, -1, -1, -1, -1, -1, -1, -1, -1, -1, -1, -1, -1, -1, -1, -1, -1, -1, -1, -1, -1, -1, -1, -1, -1, -1, -1, -1, -1, -1, -1, -1, -1, -1, -1, -1, -1, -1, -1, -1, -1, -1, -1, -1, -1, -1, -1, -1, -1, -1, -1, -1, -1, -1, -1, -1, -1, -1, -1, -1, -1, -1, -1, -1, -1, -1, -1, -1, -1, -1, -1, -1, -1, -1, -1, -1, -1, -1, -1, -1, -1, -1, -1, -1, -1, -1, -1, -1, -1, -1, -1, -1, -1, -1, -1, -1, -1, -1, -1, -1, -1, -1, -1, -1, -1, -1, -1, -1, -1, -1, -1, -1, -1, -1, -1, -1, -1, -1, -1, -1, -1, -1, -1, -1, -1, -1, -1, -1, -1, -1, -1, -1, -1, -1, -1, -1, -1, -1, -1, -1, -1, -1, -1, -1, -1, -1, -1, -1, -1, -1]"
150,27,13,0.5,None,1,237,"[{'cluster_no': -1, 'count': 237}]","[-1, -1, -1, -1, -1, -1, -1, -1, -1, -1, -1, -1, -1, -1, -1, -1, -1, -1, -1, -1, -1, -1, -1, -1, -1, -1, -1, -1, -1, -1, -1, -1, -1, -1, -1, -1, -1, -1, -1, -1, -1, -1, -1, -1, -1, -1, -1, -1, -1, -1, -1, -1, -1, -1, -1, -1, -1, -1, -1, -1, -1, -1, -1, -1, -1, -1, -1, -1, -1, -1, -1, -1, -1, -1, -1, -1, -1, -1, -1, -1, -1, -1, -1, -1, -1, -1, -1, -1, -1, -1, -1, -1, -1, -1, -1, -1, -1, -1, -1, -1, -1, -1, -1, -1, -1, -1, -1, -1, -1, -1, -1, -1, -1, -1, -1, -1, -1, -1, -1, -1, -1, -1, -1, -1, -1, -1, -1, -1, -1, -1, -1, -1, -1, -1, -1, -1, -1, -1, -1, -1, -1, -1, -1, -1, -1, -1, -1, -1, -1, -1, -1, -1, -1, -1, -1, -1, -1, -1, -1, -1, -1, -1, -1, -1, -1, -1, -1, -1, -1, -1, -1, -1, -1, -1, -1, -1, -1, -1, -1, -1, -1, -1, -1, -1, -1, -1, -1, -1, -1, -1, -1, -1, -1, -1, -1, -1, -1, -1, -1, -1, -1, -1, -1, -1, -1, -1, -1, -1, -1, -1, -1, -1, -1, -1, -1, -1, -1, -1, -1, -1, -1, -1, -1, -1, -1, -1, -1, -1, -1, -1, -1, -1, -1, -1, -1, -1, -1]"
150,27,13,1.0,None,1,237,"[{'cluster_no': -1, 'count': 237}]","[-1, -1, -1, -1, -1, -1, -1, -1, -1, -1, -1, -1, -1, -1, -1, -1, -1, -1, -1, -1, -1, -1, -1, -1, -1, -1, -1, -1, -1, -1, -1, -1, -1, -1, -1, -1, -1, -1, -1, -1, -1, -1, -1, -1, -1, -1, -1, -1, -1, -1, -1, -1, -1, -1, -1, -1, -1, -1, -1, -1, -1, -1, -1, -1, -1, -1, -1, -1, -1, -1, -1, -1, -1, -1, -1, -1, -1, -1, -1, -1, -1, -1, -1, -1, -1, -1, -1, -1, -1, -1, -1, -1, -1, -1, -1, -1, -1, -1, -1, -1, -1, -1, -1, -1, -1, -1, -1, -1, -1, -1, -1, -1, -1, -1, -1, -1, -1, -1, -1, -1, -1, -1, -1, -1, -1, -1, -1, -1, -1, -1, -1, -1, -1, -1, -1, -1, -1, -1, -1, -1, -1, -1, -1, -1, -1, -1, -1, -1, -1, -1, -1, -1, -1, -1, -1, -1, -1, -1, -1, -1, -1, -1, -1, -1, -1, -1, -1, -1, -1, -1, -1, -1, -1, -1, -1, -1, -1, -1, -1, -1, -1, -1, -1, -1, -1, -1, -1, -1, -1, -1, -1, -1, -1, -1, -1, -1, -1, -1, -1, -1, -1, -1, -1, -1, -1, -1, -1, -1, -1, -1, -1, -1, -1, -1, -1, -1, -1, -1, -1, -1, -1, -1, -1, -1, -1, -1, -1, -1, -1, -1, -1, -1, -1, -1, -1, -1, -1]"
150,27,14,0.0,None,1,237,"[{'cluster_no': -1, 'count': 237}]","[-1, -1, -1, -1, -1, -1, -1, -1, -1, -1, -1, -1, -1, -1, -1, -1, -1, -1, -1, -1, -1, -1, -1, -1, -1, -1, -1, -1, -1, -1, -1, -1, -1, -1, -1, -1, -1, -1, -1, -1, -1, -1, -1, -1, -1, -1, -1, -1, -1, -1, -1, -1, -1, -1, -1, -1, -1, -1, -1, -1, -1, -1, -1, -1, -1, -1, -1, -1, -1, -1, -1, -1, -1, -1, -1, -1, -1, -1, -1, -1, -1, -1, -1, -1, -1, -1, -1, -1, -1, -1, -1, -1, -1, -1, -1, -1, -1, -1, -1, -1, -1, -1, -1, -1, -1, -1, -1, -1, -1, -1, -1, -1, -1, -1, -1, -1, -1, -1, -1, -1, -1, -1, -1, -1, -1, -1, -1, -1, -1, -1, -1, -1, -1, -1, -1, -1, -1, -1, -1, -1, -1, -1, -1, -1, -1, -1, -1, -1, -1, -1, -1, -1, -1, -1, -1, -1, -1, -1, -1, -1, -1, -1, -1, -1, -1, -1, -1, -1, -1, -1, -1, -1, -1, -1, -1, -1, -1, -1, -1, -1, -1, -1, -1, -1, -1, -1, -1, -1, -1, -1, -1, -1, -1, -1, -1, -1, -1, -1, -1, -1, -1, -1, -1, -1, -1, -1, -1, -1, -1, -1, -1, -1, -1, -1, -1, -1, -1, -1, -1, -1, -1, -1, -1, -1, -1, -1, -1, -1, -1, -1, -1, -1, -1, -1, -1, -1, -1]"
150,27,14,0.5,None,1,237,"[{'cluster_no': -1, 'count': 237}]","[-1, -1, -1, -1, -1, -1, -1, -1, -1, -1, -1, -1, -1, -1, -1, -1, -1, -1, -1, -1, -1, -1, -1, -1, -1, -1, -1, -1, -1, -1, -1, -1, -1, -1, -1, -1, -1, -1, -1, -1, -1, -1, -1, -1, -1, -1, -1, -1, -1, -1, -1, -1, -1, -1, -1, -1, -1, -1, -1, -1, -1, -1, -1, -1, -1, -1, -1, -1, -1, -1, -1, -1, -1, -1, -1, -1, -1, -1, -1, -1, -1, -1, -1, -1, -1, -1, -1, -1, -1, -1, -1, -1, -1, -1, -1, -1, -1, -1, -1, -1, -1, -1, -1, -1, -1, -1, -1, -1, -1, -1, -1, -1, -1, -1, -1, -1, -1, -1, -1, -1, -1, -1, -1, -1, -1, -1, -1, -1, -1, -1, -1, -1, -1, -1, -1, -1, -1, -1, -1, -1, -1, -1, -1, -1, -1, -1, -1, -1, -1, -1, -1, -1, -1, -1, -1, -1, -1, -1, -1, -1, -1, -1, -1, -1, -1, -1, -1, -1, -1, -1, -1, -1, -1, -1, -1, -1, -1, -1, -1, -1, -1, -1, -1, -1, -1, -1, -1, -1, -1, -1, -1, -1, -1, -1, -1, -1, -1, -1, -1, -1, -1, -1, -1, -1, -1, -1, -1, -1, -1, -1, -1, -1, -1, -1, -1, -1, -1, -1, -1, -1, -1, -1, -1, -1, -1, -1, -1, -1, -1, -1, -1, -1, -1, -1, -1, -1, -1]"
150,27,14,1.0,None,1,237,"[{'cluster_no': -1, 'count': 237}]","[-1, -1, -1, -1, -1, -1, -1, -1, -1, -1, -1, -1, -1, -1, -1, -1, -1, -1, -1, -1, -1, -1, -1, -1, -1, -1, -1, -1, -1, -1, -1, -1, -1, -1, -1, -1, -1, -1, -1, -1, -1, -1, -1, -1, -1, -1, -1, -1, -1, -1, -1, -1, -1, -1, -1, -1, -1, -1, -1, -1, -1, -1, -1, -1, -1, -1, -1, -1, -1, -1, -1, -1, -1, -1, -1, -1, -1, -1, -1, -1, -1, -1, -1, -1, -1, -1, -1, -1, -1, -1, -1, -1, -1, -1, -1, -1, -1, -1, -1, -1, -1, -1, -1, -1, -1, -1, -1, -1, -1, -1, -1, -1, -1, -1, -1, -1, -1, -1, -1, -1, -1, -1, -1, -1, -1, -1, -1, -1, -1, -1, -1, -1, -1, -1, -1, -1, -1, -1, -1, -1, -1, -1, -1, -1, -1, -1, -1, -1, -1, -1, -1, -1, -1, -1, -1, -1, -1, -1, -1, -1, -1, -1, -1, -1, -1, -1, -1, -1, -1, -1, -1, -1, -1, -1, -1, -1, -1, -1, -1, -1, -1, -1, -1, -1, -1, -1, -1, -1, -1, -1, -1, -1, -1, -1, -1, -1, -1, -1, -1, -1, -1, -1, -1, -1, -1, -1, -1, -1, -1, -1, -1, -1, -1, -1, -1, -1, -1, -1, -1, -1, -1, -1, -1, -1, -1, -1, -1, -1, -1, -1, -1, -1, -1, -1, -1, -1, -1]"
150,27,15,0.0,None,1,237,"[{'cluster_no': -1, 'count': 237}]","[-1, -1, -1, -1, -1, -1, -1, -1, -1, -1, -1, -1, -1, -1, -1, -1, -1, -1, -1, -1, -1, -1, -1, -1, -1, -1, -1, -1, -1, -1, -1, -1, -1, -1, -1, -1, -1, -1, -1, -1, -1, -1, -1, -1, -1, -1, -1, -1, -1, -1, -1, -1, -1, -1, -1, -1, -1, -1, -1, -1, -1, -1, -1, -1, -1, -1, -1, -1, -1, -1, -1, -1, -1, -1, -1, -1, -1, -1, -1, -1, -1, -1, -1, -1, -1, -1, -1, -1, -1, -1, -1, -1, -1, -1, -1, -1, -1, -1, -1, -1, -1, -1, -1, -1, -1, -1, -1, -1, -1, -1, -1, -1, -1, -1, -1, -1, -1, -1, -1, -1, -1, -1, -1, -1, -1, -1, -1, -1, -1, -1, -1, -1, -1, -1, -1, -1, -1, -1, -1, -1, -1, -1, -1, -1, -1, -1, -1, -1, -1, -1, -1, -1, -1, -1, -1, -1, -1, -1, -1, -1, -1, -1, -1, -1, -1, -1, -1, -1, -1, -1, -1, -1, -1, -1, -1, -1, -1, -1, -1, -1, -1, -1, -1, -1, -1, -1, -1, -1, -1, -1, -1, -1, -1, -1, -1, -1, -1, -1, -1, -1, -1, -1, -1, -1, -1, -1, -1, -1, -1, -1, -1, -1, -1, -1, -1, -1, -1, -1, -1, -1, -1, -1, -1, -1, -1, -1, -1, -1, -1, -1, -1, -1, -1, -1, -1, -1, -1]"
150,27,15,0.5,None,1,237,"[{'cluster_no': -1, 'count': 237}]","[-1, -1, -1, -1, -1, -1, -1, -1, -1, -1, -1, -1, -1, -1, -1, -1, -1, -1, -1, -1, -1, -1, -1, -1, -1, -1, -1, -1, -1, -1, -1, -1, -1, -1, -1, -1, -1, -1, -1, -1, -1, -1, -1, -1, -1, -1, -1, -1, -1, -1, -1, -1, -1, -1, -1, -1, -1, -1, -1, -1, -1, -1, -1, -1, -1, -1, -1, -1, -1, -1, -1, -1, -1, -1, -1, -1, -1, -1, -1, -1, -1, -1, -1, -1, -1, -1, -1, -1, -1, -1, -1, -1, -1, -1, -1, -1, -1, -1, -1, -1, -1, -1, -1, -1, -1, -1, -1, -1, -1, -1, -1, -1, -1, -1, -1, -1, -1, -1, -1, -1, -1, -1, -1, -1, -1, -1, -1, -1, -1, -1, -1, -1, -1, -1, -1, -1, -1, -1, -1, -1, -1, -1, -1, -1, -1, -1, -1, -1, -1, -1, -1, -1, -1, -1, -1, -1, -1, -1, -1, -1, -1, -1, -1, -1, -1, -1, -1, -1, -1, -1, -1, -1, -1, -1, -1, -1, -1, -1, -1, -1, -1, -1, -1, -1, -1, -1, -1, -1, -1, -1, -1, -1, -1, -1, -1, -1, -1, -1, -1, -1, -1, -1, -1, -1, -1, -1, -1, -1, -1, -1, -1, -1, -1, -1, -1, -1, -1, -1, -1, -1, -1, -1, -1, -1, -1, -1, -1, -1, -1, -1, -1, -1, -1, -1, -1, -1, -1]"
150,27,15,1.0,None,1,237,"[{'cluster_no': -1, 'count': 237}]","[-1, -1, -1, -1, -1, -1, -1, -1, -1, -1, -1, -1, -1, -1, -1, -1, -1, -1, -1, -1, -1, -1, -1, -1, -1, -1, -1, -1, -1, -1, -1, -1, -1, -1, -1, -1, -1, -1, -1, -1, -1, -1, -1, -1, -1, -1, -1, -1, -1, -1, -1, -1, -1, -1, -1, -1, -1, -1, -1, -1, -1, -1, -1, -1, -1, -1, -1, -1, -1, -1, -1, -1, -1, -1, -1, -1, -1, -1, -1, -1, -1, -1, -1, -1, -1, -1, -1, -1, -1, -1, -1, -1, -1, -1, -1, -1, -1, -1, -1, -1, -1, -1, -1, -1, -1, -1, -1, -1, -1, -1, -1, -1, -1, -1, -1, -1, -1, -1, -1, -1, -1, -1, -1, -1, -1, -1, -1, -1, -1, -1, -1, -1, -1, -1, -1, -1, -1, -1, -1, -1, -1, -1, -1, -1, -1, -1, -1, -1, -1, -1, -1, -1, -1, -1, -1, -1, -1, -1, -1, -1, -1, -1, -1, -1, -1, -1, -1, -1, -1, -1, -1, -1, -1, -1, -1, -1, -1, -1, -1, -1, -1, -1, -1, -1, -1, -1, -1, -1, -1, -1, -1, -1, -1, -1, -1, -1, -1, -1, -1, -1, -1, -1, -1, -1, -1, -1, -1, -1, -1, -1, -1, -1, -1, -1, -1, -1, -1, -1, -1, -1, -1, -1, -1, -1, -1, -1, -1, -1, -1, -1, -1, -1, -1, -1, -1, -1, -1]"
150,27,16,0.0,None,1,237,"[{'cluster_no': -1, 'count': 237}]","[-1, -1, -1, -1, -1, -1, -1, -1, -1, -1, -1, -1, -1, -1, -1, -1, -1, -1, -1, -1, -1, -1, -1, -1, -1, -1, -1, -1, -1, -1, -1, -1, -1, -1, -1, -1, -1, -1, -1, -1, -1, -1, -1, -1, -1, -1, -1, -1, -1, -1, -1, -1, -1, -1, -1, -1, -1, -1, -1, -1, -1, -1, -1, -1, -1, -1, -1, -1, -1, -1, -1, -1, -1, -1, -1, -1, -1, -1, -1, -1, -1, -1, -1, -1, -1, -1, -1, -1, -1, -1, -1, -1, -1, -1, -1, -1, -1, -1, -1, -1, -1, -1, -1, -1, -1, -1, -1, -1, -1, -1, -1, -1, -1, -1, -1, -1, -1, -1, -1, -1, -1, -1, -1, -1, -1, -1, -1, -1, -1, -1, -1, -1, -1, -1, -1, -1, -1, -1, -1, -1, -1, -1, -1, -1, -1, -1, -1, -1, -1, -1, -1, -1, -1, -1, -1, -1, -1, -1, -1, -1, -1, -1, -1, -1, -1, -1, -1, -1, -1, -1, -1, -1, -1, -1, -1, -1, -1, -1, -1, -1, -1, -1, -1, -1, -1, -1, -1, -1, -1, -1, -1, -1, -1, -1, -1, -1, -1, -1, -1, -1, -1, -1, -1, -1, -1, -1, -1, -1, -1, -1, -1, -1, -1, -1, -1, -1, -1, -1, -1, -1, -1, -1, -1, -1, -1, -1, -1, -1, -1, -1, -1, -1, -1, -1, -1, -1, -1]"
150,27,16,0.5,None,1,237,"[{'cluster_no': -1, 'count': 237}]","[-1, -1, -1, -1, -1, -1, -1, -1, -1, -1, -1, -1, -1, -1, -1, -1, -1, -1, -1, -1, -1, -1, -1, -1, -1, -1, -1, -1, -1, -1, -1, -1, -1, -1, -1, -1, -1, -1, -1, -1, -1, -1, -1, -1, -1, -1, -1, -1, -1, -1, -1, -1, -1, -1, -1, -1, -1, -1, -1, -1, -1, -1, -1, -1, -1, -1, -1, -1, -1, -1, -1, -1, -1, -1, -1, -1, -1, -1, -1, -1, -1, -1, -1, -1, -1, -1, -1, -1, -1, -1, -1, -1, -1, -1, -1, -1, -1, -1, -1, -1, -1, -1, -1, -1, -1, -1, -1, -1, -1, -1, -1, -1, -1, -1, -1, -1, -1, -1, -1, -1, -1, -1, -1, -1, -1, -1, -1, -1, -1, -1, -1, -1, -1, -1, -1, -1, -1, -1, -1, -1, -1, -1, -1, -1, -1, -1, -1, -1, -1, -1, -1, -1, -1, -1, -1, -1, -1, -1, -1, -1, -1, -1, -1, -1, -1, -1, -1, -1, -1, -1, -1, -1, -1, -1, -1, -1, -1, -1, -1, -1, -1, -1, -1, -1, -1, -1, -1, -1, -1, -1, -1, -1, -1, -1, -1, -1, -1, -1, -1, -1, -1, -1, -1, -1, -1, -1, -1, -1, -1, -1, -1, -1, -1, -1, -1, -1, -1, -1, -1, -1, -1, -1, -1, -1, -1, -1, -1, -1, -1, -1, -1, -1, -1, -1, -1, -1, -1]"
150,27,16,1.0,None,1,237,"[{'cluster_no': -1, 'count': 237}]","[-1, -1, -1, -1, -1, -1, -1, -1, -1, -1, -1, -1, -1, -1, -1, -1, -1, -1, -1, -1, -1, -1, -1, -1, -1, -1, -1, -1, -1, -1, -1, -1, -1, -1, -1, -1, -1, -1, -1, -1, -1, -1, -1, -1, -1, -1, -1, -1, -1, -1, -1, -1, -1, -1, -1, -1, -1, -1, -1, -1, -1, -1, -1, -1, -1, -1, -1, -1, -1, -1, -1, -1, -1, -1, -1, -1, -1, -1, -1, -1, -1, -1, -1, -1, -1, -1, -1, -1, -1, -1, -1, -1, -1, -1, -1, -1, -1, -1, -1, -1, -1, -1, -1, -1, -1, -1, -1, -1, -1, -1, -1, -1, -1, -1, -1, -1, -1, -1, -1, -1, -1, -1, -1, -1, -1, -1, -1, -1, -1, -1, -1, -1, -1, -1, -1, -1, -1, -1, -1, -1, -1, -1, -1, -1, -1, -1, -1, -1, -1, -1, -1, -1, -1, -1, -1, -1, -1, -1, -1, -1, -1, -1, -1, -1, -1, -1, -1, -1, -1, -1, -1, -1, -1, -1, -1, -1, -1, -1, -1, -1, -1, -1, -1, -1, -1, -1, -1, -1, -1, -1, -1, -1, -1, -1, -1, -1, -1, -1, -1, -1, -1, -1, -1, -1, -1, -1, -1, -1, -1, -1, -1, -1, -1, -1, -1, -1, -1, -1, -1, -1, -1, -1, -1, -1, -1, -1, -1, -1, -1, -1, -1, -1, -1, -1, -1, -1, -1]"
150,27,17,0.0,None,1,237,"[{'cluster_no': -1, 'count': 237}]","[-1, -1, -1, -1, -1, -1, -1, -1, -1, -1, -1, -1, -1, -1, -1, -1, -1, -1, -1, -1, -1, -1, -1, -1, -1, -1, -1, -1, -1, -1, -1, -1, -1, -1, -1, -1, -1, -1, -1, -1, -1, -1, -1, -1, -1, -1, -1, -1, -1, -1, -1, -1, -1, -1, -1, -1, -1, -1, -1, -1, -1, -1, -1, -1, -1, -1, -1, -1, -1, -1, -1, -1, -1, -1, -1, -1, -1, -1, -1, -1, -1, -1, -1, -1, -1, -1, -1, -1, -1, -1, -1, -1, -1, -1, -1, -1, -1, -1, -1, -1, -1, -1, -1, -1, -1, -1, -1, -1, -1, -1, -1, -1, -1, -1, -1, -1, -1, -1, -1, -1, -1, -1, -1, -1, -1, -1, -1, -1, -1, -1, -1, -1, -1, -1, -1, -1, -1, -1, -1, -1, -1, -1, -1, -1, -1, -1, -1, -1, -1, -1, -1, -1, -1, -1, -1, -1, -1, -1, -1, -1, -1, -1, -1, -1, -1, -1, -1, -1, -1, -1, -1, -1, -1, -1, -1, -1, -1, -1, -1, -1, -1, -1, -1, -1, -1, -1, -1, -1, -1, -1, -1, -1, -1, -1, -1, -1, -1, -1, -1, -1, -1, -1, -1, -1, -1, -1, -1, -1, -1, -1, -1, -1, -1, -1, -1, -1, -1, -1, -1, -1, -1, -1, -1, -1, -1, -1, -1, -1, -1, -1, -1, -1, -1, -1, -1, -1, -1]"
150,27,17,0.5,None,1,237,"[{'cluster_no': -1, 'count': 237}]","[-1, -1, -1, -1, -1, -1, -1, -1, -1, -1, -1, -1, -1, -1, -1, -1, -1, -1, -1, -1, -1, -1, -1, -1, -1, -1, -1, -1, -1, -1, -1, -1, -1, -1, -1, -1, -1, -1, -1, -1, -1, -1, -1, -1, -1, -1, -1, -1, -1, -1, -1, -1, -1, -1, -1, -1, -1, -1, -1, -1, -1, -1, -1, -1, -1, -1, -1, -1, -1, -1, -1, -1, -1, -1, -1, -1, -1, -1, -1, -1, -1, -1, -1, -1, -1, -1, -1, -1, -1, -1, -1, -1, -1, -1, -1, -1, -1, -1, -1, -1, -1, -1, -1, -1, -1, -1, -1, -1, -1, -1, -1, -1, -1, -1, -1, -1, -1, -1, -1, -1, -1, -1, -1, -1, -1, -1, -1, -1, -1, -1, -1, -1, -1, -1, -1, -1, -1, -1, -1, -1, -1, -1, -1, -1, -1, -1, -1, -1, -1, -1, -1, -1, -1, -1, -1, -1, -1, -1, -1, -1, -1, -1, -1, -1, -1, -1, -1, -1, -1, -1, -1, -1, -1, -1, -1, -1, -1, -1, -1, -1, -1, -1, -1, -1, -1, -1, -1, -1, -1, -1, -1, -1, -1, -1, -1, -1, -1, -1, -1, -1, -1, -1, -1, -1, -1, -1, -1, -1, -1, -1, -1, -1, -1, -1, -1, -1, -1, -1, -1, -1, -1, -1, -1, -1, -1, -1, -1, -1, -1, -1, -1, -1, -1, -1, -1, -1, -1]"
150,27,17,1.0,None,1,237,"[{'cluster_no': -1, 'count': 237}]","[-1, -1, -1, -1, -1, -1, -1, -1, -1, -1, -1, -1, -1, -1, -1, -1, -1, -1, -1, -1, -1, -1, -1, -1, -1, -1, -1, -1, -1, -1, -1, -1, -1, -1, -1, -1, -1, -1, -1, -1, -1, -1, -1, -1, -1, -1, -1, -1, -1, -1, -1, -1, -1, -1, -1, -1, -1, -1, -1, -1, -1, -1, -1, -1, -1, -1, -1, -1, -1, -1, -1, -1, -1, -1, -1, -1, -1, -1, -1, -1, -1, -1, -1, -1, -1, -1, -1, -1, -1, -1, -1, -1, -1, -1, -1, -1, -1, -1, -1, -1, -1, -1, -1, -1, -1, -1, -1, -1, -1, -1, -1, -1, -1, -1, -1, -1, -1, -1, -1, -1, -1, -1, -1, -1, -1, -1, -1, -1, -1, -1, -1, -1, -1, -1, -1, -1, -1, -1, -1, -1, -1, -1, -1, -1, -1, -1, -1, -1, -1, -1, -1, -1, -1, -1, -1, -1, -1, -1, -1, -1, -1, -1, -1, -1, -1, -1, -1, -1, -1, -1, -1, -1, -1, -1, -1, -1, -1, -1, -1, -1, -1, -1, -1, -1, -1, -1, -1, -1, -1, -1, -1, -1, -1, -1, -1, -1, -1, -1, -1, -1, -1, -1, -1, -1, -1, -1, -1, -1, -1, -1, -1, -1, -1, -1, -1, -1, -1, -1, -1, -1, -1, -1, -1, -1, -1, -1, -1, -1, -1, -1, -1, -1, -1, -1, -1, -1, -1]"
150,27,18,0.0,None,1,237,"[{'cluster_no': -1, 'count': 237}]","[-1, -1, -1, -1, -1, -1, -1, -1, -1, -1, -1, -1, -1, -1, -1, -1, -1, -1, -1, -1, -1, -1, -1, -1, -1, -1, -1, -1, -1, -1, -1, -1, -1, -1, -1, -1, -1, -1, -1, -1, -1, -1, -1, -1, -1, -1, -1, -1, -1, -1, -1, -1, -1, -1, -1, -1, -1, -1, -1, -1, -1, -1, -1, -1, -1, -1, -1, -1, -1, -1, -1, -1, -1, -1, -1, -1, -1, -1, -1, -1, -1, -1, -1, -1, -1, -1, -1, -1, -1, -1, -1, -1, -1, -1, -1, -1, -1, -1, -1, -1, -1, -1, -1, -1, -1, -1, -1, -1, -1, -1, -1, -1, -1, -1, -1, -1, -1, -1, -1, -1, -1, -1, -1, -1, -1, -1, -1, -1, -1, -1, -1, -1, -1, -1, -1, -1, -1, -1, -1, -1, -1, -1, -1, -1, -1, -1, -1, -1, -1, -1, -1, -1, -1, -1, -1, -1, -1, -1, -1, -1, -1, -1, -1, -1, -1, -1, -1, -1, -1, -1, -1, -1, -1, -1, -1, -1, -1, -1, -1, -1, -1, -1, -1, -1, -1, -1, -1, -1, -1, -1, -1, -1, -1, -1, -1, -1, -1, -1, -1, -1, -1, -1, -1, -1, -1, -1, -1, -1, -1, -1, -1, -1, -1, -1, -1, -1, -1, -1, -1, -1, -1, -1, -1, -1, -1, -1, -1, -1, -1, -1, -1, -1, -1, -1, -1, -1, -1]"
150,27,18,0.5,None,1,237,"[{'cluster_no': -1, 'count': 237}]","[-1, -1, -1, -1, -1, -1, -1, -1, -1, -1, -1, -1, -1, -1, -1, -1, -1, -1, -1, -1, -1, -1, -1, -1, -1, -1, -1, -1, -1, -1, -1, -1, -1, -1, -1, -1, -1, -1, -1, -1, -1, -1, -1, -1, -1, -1, -1, -1, -1, -1, -1, -1, -1, -1, -1, -1, -1, -1, -1, -1, -1, -1, -1, -1, -1, -1, -1, -1, -1, -1, -1, -1, -1, -1, -1, -1, -1, -1, -1, -1, -1, -1, -1, -1, -1, -1, -1, -1, -1, -1, -1, -1, -1, -1, -1, -1, -1, -1, -1, -1, -1, -1, -1, -1, -1, -1, -1, -1, -1, -1, -1, -1, -1, -1, -1, -1, -1, -1, -1, -1, -1, -1, -1, -1, -1, -1, -1, -1, -1, -1, -1, -1, -1, -1, -1, -1, -1, -1, -1, -1, -1, -1, -1, -1, -1, -1, -1, -1, -1, -1, -1, -1, -1, -1, -1, -1, -1, -1, -1, -1, -1, -1, -1, -1, -1, -1, -1, -1, -1, -1, -1, -1, -1, -1, -1, -1, -1, -1, -1, -1, -1, -1, -1, -1, -1, -1, -1, -1, -1, -1, -1, -1, -1, -1, -1, -1, -1, -1, -1, -1, -1, -1, -1, -1, -1, -1, -1, -1, -1, -1, -1, -1, -1, -1, -1, -1, -1, -1, -1, -1, -1, -1, -1, -1, -1, -1, -1, -1, -1, -1, -1, -1, -1, -1, -1, -1, -1]"
150,27,18,1.0,None,1,237,"[{'cluster_no': -1, 'count': 237}]","[-1, -1, -1, -1, -1, -1, -1, -1, -1, -1, -1, -1, -1, -1, -1, -1, -1, -1, -1, -1, -1, -1, -1, -1, -1, -1, -1, -1, -1, -1, -1, -1, -1, -1, -1, -1, -1, -1, -1, -1, -1, -1, -1, -1, -1, -1, -1, -1, -1, -1, -1, -1, -1, -1, -1, -1, -1, -1, -1, -1, -1, -1, -1, -1, -1, -1, -1, -1, -1, -1, -1, -1, -1, -1, -1, -1, -1, -1, -1, -1, -1, -1, -1, -1, -1, -1, -1, -1, -1, -1, -1, -1, -1, -1, -1, -1, -1, -1, -1, -1, -1, -1, -1, -1, -1, -1, -1, -1, -1, -1, -1, -1, -1, -1, -1, -1, -1, -1, -1, -1, -1, -1, -1, -1, -1, -1, -1, -1, -1, -1, -1, -1, -1, -1, -1, -1, -1, -1, -1, -1, -1, -1, -1, -1, -1, -1, -1, -1, -1, -1, -1, -1, -1, -1, -1, -1, -1, -1, -1, -1, -1, -1, -1, -1, -1, -1, -1, -1, -1, -1, -1, -1, -1, -1, -1, -1, -1, -1, -1, -1, -1, -1, -1, -1, -1, -1, -1, -1, -1, -1, -1, -1, -1, -1, -1, -1, -1, -1, -1, -1, -1, -1, -1, -1, -1, -1, -1, -1, -1, -1, -1, -1, -1, -1, -1, -1, -1, -1, -1, -1, -1, -1, -1, -1, -1, -1, -1, -1, -1, -1, -1, -1, -1, -1, -1, -1, -1]"
150,27,19,0.0,None,1,237,"[{'cluster_no': -1, 'count': 237}]","[-1, -1, -1, -1, -1, -1, -1, -1, -1, -1, -1, -1, -1, -1, -1, -1, -1, -1, -1, -1, -1, -1, -1, -1, -1, -1, -1, -1, -1, -1, -1, -1, -1, -1, -1, -1, -1, -1, -1, -1, -1, -1, -1, -1, -1, -1, -1, -1, -1, -1, -1, -1, -1, -1, -1, -1, -1, -1, -1, -1, -1, -1, -1, -1, -1, -1, -1, -1, -1, -1, -1, -1, -1, -1, -1, -1, -1, -1, -1, -1, -1, -1, -1, -1, -1, -1, -1, -1, -1, -1, -1, -1, -1, -1, -1, -1, -1, -1, -1, -1, -1, -1, -1, -1, -1, -1, -1, -1, -1, -1, -1, -1, -1, -1, -1, -1, -1, -1, -1, -1, -1, -1, -1, -1, -1, -1, -1, -1, -1, -1, -1, -1, -1, -1, -1, -1, -1, -1, -1, -1, -1, -1, -1, -1, -1, -1, -1, -1, -1, -1, -1, -1, -1, -1, -1, -1, -1, -1, -1, -1, -1, -1, -1, -1, -1, -1, -1, -1, -1, -1, -1, -1, -1, -1, -1, -1, -1, -1, -1, -1, -1, -1, -1, -1, -1, -1, -1, -1, -1, -1, -1, -1, -1, -1, -1, -1, -1, -1, -1, -1, -1, -1, -1, -1, -1, -1, -1, -1, -1, -1, -1, -1, -1, -1, -1, -1, -1, -1, -1, -1, -1, -1, -1, -1, -1, -1, -1, -1, -1, -1, -1, -1, -1, -1, -1, -1, -1]"
150,27,19,0.5,None,1,237,"[{'cluster_no': -1, 'count': 237}]","[-1, -1, -1, -1, -1, -1, -1, -1, -1, -1, -1, -1, -1, -1, -1, -1, -1, -1, -1, -1, -1, -1, -1, -1, -1, -1, -1, -1, -1, -1, -1, -1, -1, -1, -1, -1, -1, -1, -1, -1, -1, -1, -1, -1, -1, -1, -1, -1, -1, -1, -1, -1, -1, -1, -1, -1, -1, -1, -1, -1, -1, -1, -1, -1, -1, -1, -1, -1, -1, -1, -1, -1, -1, -1, -1, -1, -1, -1, -1, -1, -1, -1, -1, -1, -1, -1, -1, -1, -1, -1, -1, -1, -1, -1, -1, -1, -1, -1, -1, -1, -1, -1, -1, -1, -1, -1, -1, -1, -1, -1, -1, -1, -1, -1, -1, -1, -1, -1, -1, -1, -1, -1, -1, -1, -1, -1, -1, -1, -1, -1, -1, -1, -1, -1, -1, -1, -1, -1, -1, -1, -1, -1, -1, -1, -1, -1, -1, -1, -1, -1, -1, -1, -1, -1, -1, -1, -1, -1, -1, -1, -1, -1, -1, -1, -1, -1, -1, -1, -1, -1, -1, -1, -1, -1, -1, -1, -1, -1, -1, -1, -1, -1, -1, -1, -1, -1, -1, -1, -1, -1, -1, -1, -1, -1, -1, -1, -1, -1, -1, -1, -1, -1, -1, -1, -1, -1, -1, -1, -1, -1, -1, -1, -1, -1, -1, -1, -1, -1, -1, -1, -1, -1, -1, -1, -1, -1, -1, -1, -1, -1, -1, -1, -1, -1, -1, -1, -1]"
150,27,19,1.0,None,1,237,"[{'cluster_no': -1, 'count': 237}]","[-1, -1, -1, -1, -1, -1, -1, -1, -1, -1, -1, -1, -1, -1, -1, -1, -1, -1, -1, -1, -1, -1, -1, -1, -1, -1, -1, -1, -1, -1, -1, -1, -1, -1, -1, -1, -1, -1, -1, -1, -1, -1, -1, -1, -1, -1, -1, -1, -1, -1, -1, -1, -1, -1, -1, -1, -1, -1, -1, -1, -1, -1, -1, -1, -1, -1, -1, -1, -1, -1, -1, -1, -1, -1, -1, -1, -1, -1, -1, -1, -1, -1, -1, -1, -1, -1, -1, -1, -1, -1, -1, -1, -1, -1, -1, -1, -1, -1, -1, -1, -1, -1, -1, -1, -1, -1, -1, -1, -1, -1, -1, -1, -1, -1, -1, -1, -1, -1, -1, -1, -1, -1, -1, -1, -1, -1, -1, -1, -1, -1, -1, -1, -1, -1, -1, -1, -1, -1, -1, -1, -1, -1, -1, -1, -1, -1, -1, -1, -1, -1, -1, -1, -1, -1, -1, -1, -1, -1, -1, -1, -1, -1, -1, -1, -1, -1, -1, -1, -1, -1, -1, -1, -1, -1, -1, -1, -1, -1, -1, -1, -1, -1, -1, -1, -1, -1, -1, -1, -1, -1, -1, -1, -1, -1, -1, -1, -1, -1, -1, -1, -1, -1, -1, -1, -1, -1, -1, -1, -1, -1, -1, -1, -1, -1, -1, -1, -1, -1, -1, -1, -1, -1, -1, -1, -1, -1, -1, -1, -1, -1, -1, -1, -1, -1, -1, -1, -1]"
150,27,20,0.0,None,1,237,"[{'cluster_no': -1, 'count': 237}]","[-1, -1, -1, -1, -1, -1, -1, -1, -1, -1, -1, -1, -1, -1, -1, -1, -1, -1, -1, -1, -1, -1, -1, -1, -1, -1, -1, -1, -1, -1, -1, -1, -1, -1, -1, -1, -1, -1, -1, -1, -1, -1, -1, -1, -1, -1, -1, -1, -1, -1, -1, -1, -1, -1, -1, -1, -1, -1, -1, -1, -1, -1, -1, -1, -1, -1, -1, -1, -1, -1, -1, -1, -1, -1, -1, -1, -1, -1, -1, -1, -1, -1, -1, -1, -1, -1, -1, -1, -1, -1, -1, -1, -1, -1, -1, -1, -1, -1, -1, -1, -1, -1, -1, -1, -1, -1, -1, -1, -1, -1, -1, -1, -1, -1, -1, -1, -1, -1, -1, -1, -1, -1, -1, -1, -1, -1, -1, -1, -1, -1, -1, -1, -1, -1, -1, -1, -1, -1, -1, -1, -1, -1, -1, -1, -1, -1, -1, -1, -1, -1, -1, -1, -1, -1, -1, -1, -1, -1, -1, -1, -1, -1, -1, -1, -1, -1, -1, -1, -1, -1, -1, -1, -1, -1, -1, -1, -1, -1, -1, -1, -1, -1, -1, -1, -1, -1, -1, -1, -1, -1, -1, -1, -1, -1, -1, -1, -1, -1, -1, -1, -1, -1, -1, -1, -1, -1, -1, -1, -1, -1, -1, -1, -1, -1, -1, -1, -1, -1, -1, -1, -1, -1, -1, -1, -1, -1, -1, -1, -1, -1, -1, -1, -1, -1, -1, -1, -1]"
150,27,20,0.5,None,1,237,"[{'cluster_no': -1, 'count': 237}]","[-1, -1, -1, -1, -1, -1, -1, -1, -1, -1, -1, -1, -1, -1, -1, -1, -1, -1, -1, -1, -1, -1, -1, -1, -1, -1, -1, -1, -1, -1, -1, -1, -1, -1, -1, -1, -1, -1, -1, -1, -1, -1, -1, -1, -1, -1, -1, -1, -1, -1, -1, -1, -1, -1, -1, -1, -1, -1, -1, -1, -1, -1, -1, -1, -1, -1, -1, -1, -1, -1, -1, -1, -1, -1, -1, -1, -1, -1, -1, -1, -1, -1, -1, -1, -1, -1, -1, -1, -1, -1, -1, -1, -1, -1, -1, -1, -1, -1, -1, -1, -1, -1, -1, -1, -1, -1, -1, -1, -1, -1, -1, -1, -1, -1, -1, -1, -1, -1, -1, -1, -1, -1, -1, -1, -1, -1, -1, -1, -1, -1, -1, -1, -1, -1, -1, -1, -1, -1, -1, -1, -1, -1, -1, -1, -1, -1, -1, -1, -1, -1, -1, -1, -1, -1, -1, -1, -1, -1, -1, -1, -1, -1, -1, -1, -1, -1, -1, -1, -1, -1, -1, -1, -1, -1, -1, -1, -1, -1, -1, -1, -1, -1, -1, -1, -1, -1, -1, -1, -1, -1, -1, -1, -1, -1, -1, -1, -1, -1, -1, -1, -1, -1, -1, -1, -1, -1, -1, -1, -1, -1, -1, -1, -1, -1, -1, -1, -1, -1, -1, -1, -1, -1, -1, -1, -1, -1, -1, -1, -1, -1, -1, -1, -1, -1, -1, -1, -1]"
150,27,20,1.0,None,1,237,"[{'cluster_no': -1, 'count': 237}]","[-1, -1, -1, -1, -1, -1, -1, -1, -1, -1, -1, -1, -1, -1, -1, -1, -1, -1, -1, -1, -1, -1, -1, -1, -1, -1, -1, -1, -1, -1, -1, -1, -1, -1, -1, -1, -1, -1, -1, -1, -1, -1, -1, -1, -1, -1, -1, -1, -1, -1, -1, -1, -1, -1, -1, -1, -1, -1, -1, -1, -1, -1, -1, -1, -1, -1, -1, -1, -1, -1, -1, -1, -1, -1, -1, -1, -1, -1, -1, -1, -1, -1, -1, -1, -1, -1, -1, -1, -1, -1, -1, -1, -1, -1, -1, -1, -1, -1, -1, -1, -1, -1, -1, -1, -1, -1, -1, -1, -1, -1, -1, -1, -1, -1, -1, -1, -1, -1, -1, -1, -1, -1, -1, -1, -1, -1, -1, -1, -1, -1, -1, -1, -1, -1, -1, -1, -1, -1, -1, -1, -1, -1, -1, -1, -1, -1, -1, -1, -1, -1, -1, -1, -1, -1, -1, -1, -1, -1, -1, -1, -1, -1, -1, -1, -1, -1, -1, -1, -1, -1, -1, -1, -1, -1, -1, -1, -1, -1, -1, -1, -1, -1, -1, -1, -1, -1, -1, -1, -1, -1, -1, -1, -1, -1, -1, -1, -1, -1, -1, -1, -1, -1, -1, -1, -1, -1, -1, -1, -1, -1, -1, -1, -1, -1, -1, -1, -1, -1, -1, -1, -1, -1, -1, -1, -1, -1, -1, -1, -1, -1, -1, -1, -1, -1, -1, -1, -1]"
150,27,21,0.0,None,1,237,"[{'cluster_no': -1, 'count': 237}]","[-1, -1, -1, -1, -1, -1, -1, -1, -1, -1, -1, -1, -1, -1, -1, -1, -1, -1, -1, -1, -1, -1, -1, -1, -1, -1, -1, -1, -1, -1, -1, -1, -1, -1, -1, -1, -1, -1, -1, -1, -1, -1, -1, -1, -1, -1, -1, -1, -1, -1, -1, -1, -1, -1, -1, -1, -1, -1, -1, -1, -1, -1, -1, -1, -1, -1, -1, -1, -1, -1, -1, -1, -1, -1, -1, -1, -1, -1, -1, -1, -1, -1, -1, -1, -1, -1, -1, -1, -1, -1, -1, -1, -1, -1, -1, -1, -1, -1, -1, -1, -1, -1, -1, -1, -1, -1, -1, -1, -1, -1, -1, -1, -1, -1, -1, -1, -1, -1, -1, -1, -1, -1, -1, -1, -1, -1, -1, -1, -1, -1, -1, -1, -1, -1, -1, -1, -1, -1, -1, -1, -1, -1, -1, -1, -1, -1, -1, -1, -1, -1, -1, -1, -1, -1, -1, -1, -1, -1, -1, -1, -1, -1, -1, -1, -1, -1, -1, -1, -1, -1, -1, -1, -1, -1, -1, -1, -1, -1, -1, -1, -1, -1, -1, -1, -1, -1, -1, -1, -1, -1, -1, -1, -1, -1, -1, -1, -1, -1, -1, -1, -1, -1, -1, -1, -1, -1, -1, -1, -1, -1, -1, -1, -1, -1, -1, -1, -1, -1, -1, -1, -1, -1, -1, -1, -1, -1, -1, -1, -1, -1, -1, -1, -1, -1, -1, -1, -1]"
150,27,21,0.5,None,1,237,"[{'cluster_no': -1, 'count': 237}]","[-1, -1, -1, -1, -1, -1, -1, -1, -1, -1, -1, -1, -1, -1, -1, -1, -1, -1, -1, -1, -1, -1, -1, -1, -1, -1, -1, -1, -1, -1, -1, -1, -1, -1, -1, -1, -1, -1, -1, -1, -1, -1, -1, -1, -1, -1, -1, -1, -1, -1, -1, -1, -1, -1, -1, -1, -1, -1, -1, -1, -1, -1, -1, -1, -1, -1, -1, -1, -1, -1, -1, -1, -1, -1, -1, -1, -1, -1, -1, -1, -1, -1, -1, -1, -1, -1, -1, -1, -1, -1, -1, -1, -1, -1, -1, -1, -1, -1, -1, -1, -1, -1, -1, -1, -1, -1, -1, -1, -1, -1, -1, -1, -1, -1, -1, -1, -1, -1, -1, -1, -1, -1, -1, -1, -1, -1, -1, -1, -1, -1, -1, -1, -1, -1, -1, -1, -1, -1, -1, -1, -1, -1, -1, -1, -1, -1, -1, -1, -1, -1, -1, -1, -1, -1, -1, -1, -1, -1, -1, -1, -1, -1, -1, -1, -1, -1, -1, -1, -1, -1, -1, -1, -1, -1, -1, -1, -1, -1, -1, -1, -1, -1, -1, -1, -1, -1, -1, -1, -1, -1, -1, -1, -1, -1, -1, -1, -1, -1, -1, -1, -1, -1, -1, -1, -1, -1, -1, -1, -1, -1, -1, -1, -1, -1, -1, -1, -1, -1, -1, -1, -1, -1, -1, -1, -1, -1, -1, -1, -1, -1, -1, -1, -1, -1, -1, -1, -1]"
150,27,21,1.0,None,1,237,"[{'cluster_no': -1, 'count': 237}]","[-1, -1, -1, -1, -1, -1, -1, -1, -1, -1, -1, -1, -1, -1, -1, -1, -1, -1, -1, -1, -1, -1, -1, -1, -1, -1, -1, -1, -1, -1, -1, -1, -1, -1, -1, -1, -1, -1, -1, -1, -1, -1, -1, -1, -1, -1, -1, -1, -1, -1, -1, -1, -1, -1, -1, -1, -1, -1, -1, -1, -1, -1, -1, -1, -1, -1, -1, -1, -1, -1, -1, -1, -1, -1, -1, -1, -1, -1, -1, -1, -1, -1, -1, -1, -1, -1, -1, -1, -1, -1, -1, -1, -1, -1, -1, -1, -1, -1, -1, -1, -1, -1, -1, -1, -1, -1, -1, -1, -1, -1, -1, -1, -1, -1, -1, -1, -1, -1, -1, -1, -1, -1, -1, -1, -1, -1, -1, -1, -1, -1, -1, -1, -1, -1, -1, -1, -1, -1, -1, -1, -1, -1, -1, -1, -1, -1, -1, -1, -1, -1, -1, -1, -1, -1, -1, -1, -1, -1, -1, -1, -1, -1, -1, -1, -1, -1, -1, -1, -1, -1, -1, -1, -1, -1, -1, -1, -1, -1, -1, -1, -1, -1, -1, -1, -1, -1, -1, -1, -1, -1, -1, -1, -1, -1, -1, -1, -1, -1, -1, -1, -1, -1, -1, -1, -1, -1, -1, -1, -1, -1, -1, -1, -1, -1, -1, -1, -1, -1, -1, -1, -1, -1, -1, -1, -1, -1, -1, -1, -1, -1, -1, -1, -1, -1, -1, -1, -1]"
150,27,22,0.0,None,1,237,"[{'cluster_no': -1, 'count': 237}]","[-1, -1, -1, -1, -1, -1, -1, -1, -1, -1, -1, -1, -1, -1, -1, -1, -1, -1, -1, -1, -1, -1, -1, -1, -1, -1, -1, -1, -1, -1, -1, -1, -1, -1, -1, -1, -1, -1, -1, -1, -1, -1, -1, -1, -1, -1, -1, -1, -1, -1, -1, -1, -1, -1, -1, -1, -1, -1, -1, -1, -1, -1, -1, -1, -1, -1, -1, -1, -1, -1, -1, -1, -1, -1, -1, -1, -1, -1, -1, -1, -1, -1, -1, -1, -1, -1, -1, -1, -1, -1, -1, -1, -1, -1, -1, -1, -1, -1, -1, -1, -1, -1, -1, -1, -1, -1, -1, -1, -1, -1, -1, -1, -1, -1, -1, -1, -1, -1, -1, -1, -1, -1, -1, -1, -1, -1, -1, -1, -1, -1, -1, -1, -1, -1, -1, -1, -1, -1, -1, -1, -1, -1, -1, -1, -1, -1, -1, -1, -1, -1, -1, -1, -1, -1, -1, -1, -1, -1, -1, -1, -1, -1, -1, -1, -1, -1, -1, -1, -1, -1, -1, -1, -1, -1, -1, -1, -1, -1, -1, -1, -1, -1, -1, -1, -1, -1, -1, -1, -1, -1, -1, -1, -1, -1, -1, -1, -1, -1, -1, -1, -1, -1, -1, -1, -1, -1, -1, -1, -1, -1, -1, -1, -1, -1, -1, -1, -1, -1, -1, -1, -1, -1, -1, -1, -1, -1, -1, -1, -1, -1, -1, -1, -1, -1, -1, -1, -1]"
150,27,22,0.5,None,1,237,"[{'cluster_no': -1, 'count': 237}]","[-1, -1, -1, -1, -1, -1, -1, -1, -1, -1, -1, -1, -1, -1, -1, -1, -1, -1, -1, -1, -1, -1, -1, -1, -1, -1, -1, -1, -1, -1, -1, -1, -1, -1, -1, -1, -1, -1, -1, -1, -1, -1, -1, -1, -1, -1, -1, -1, -1, -1, -1, -1, -1, -1, -1, -1, -1, -1, -1, -1, -1, -1, -1, -1, -1, -1, -1, -1, -1, -1, -1, -1, -1, -1, -1, -1, -1, -1, -1, -1, -1, -1, -1, -1, -1, -1, -1, -1, -1, -1, -1, -1, -1, -1, -1, -1, -1, -1, -1, -1, -1, -1, -1, -1, -1, -1, -1, -1, -1, -1, -1, -1, -1, -1, -1, -1, -1, -1, -1, -1, -1, -1, -1, -1, -1, -1, -1, -1, -1, -1, -1, -1, -1, -1, -1, -1, -1, -1, -1, -1, -1, -1, -1, -1, -1, -1, -1, -1, -1, -1, -1, -1, -1, -1, -1, -1, -1, -1, -1, -1, -1, -1, -1, -1, -1, -1, -1, -1, -1, -1, -1, -1, -1, -1, -1, -1, -1, -1, -1, -1, -1, -1, -1, -1, -1, -1, -1, -1, -1, -1, -1, -1, -1, -1, -1, -1, -1, -1, -1, -1, -1, -1, -1, -1, -1, -1, -1, -1, -1, -1, -1, -1, -1, -1, -1, -1, -1, -1, -1, -1, -1, -1, -1, -1, -1, -1, -1, -1, -1, -1, -1, -1, -1, -1, -1, -1, -1]"
150,27,22,1.0,None,1,237,"[{'cluster_no': -1, 'count': 237}]","[-1, -1, -1, -1, -1, -1, -1, -1, -1, -1, -1, -1, -1, -1, -1, -1, -1, -1, -1, -1, -1, -1, -1, -1, -1, -1, -1, -1, -1, -1, -1, -1, -1, -1, -1, -1, -1, -1, -1, -1, -1, -1, -1, -1, -1, -1, -1, -1, -1, -1, -1, -1, -1, -1, -1, -1, -1, -1, -1, -1, -1, -1, -1, -1, -1, -1, -1, -1, -1, -1, -1, -1, -1, -1, -1, -1, -1, -1, -1, -1, -1, -1, -1, -1, -1, -1, -1, -1, -1, -1, -1, -1, -1, -1, -1, -1, -1, -1, -1, -1, -1, -1, -1, -1, -1, -1, -1, -1, -1, -1, -1, -1, -1, -1, -1, -1, -1, -1, -1, -1, -1, -1, -1, -1, -1, -1, -1, -1, -1, -1, -1, -1, -1, -1, -1, -1, -1, -1, -1, -1, -1, -1, -1, -1, -1, -1, -1, -1, -1, -1, -1, -1, -1, -1, -1, -1, -1, -1, -1, -1, -1, -1, -1, -1, -1, -1, -1, -1, -1, -1, -1, -1, -1, -1, -1, -1, -1, -1, -1, -1, -1, -1, -1, -1, -1, -1, -1, -1, -1, -1, -1, -1, -1, -1, -1, -1, -1, -1, -1, -1, -1, -1, -1, -1, -1, -1, -1, -1, -1, -1, -1, -1, -1, -1, -1, -1, -1, -1, -1, -1, -1, -1, -1, -1, -1, -1, -1, -1, -1, -1, -1, -1, -1, -1, -1, -1, -1]"
150,27,23,0.0,None,1,237,"[{'cluster_no': -1, 'count': 237}]","[-1, -1, -1, -1, -1, -1, -1, -1, -1, -1, -1, -1, -1, -1, -1, -1, -1, -1, -1, -1, -1, -1, -1, -1, -1, -1, -1, -1, -1, -1, -1, -1, -1, -1, -1, -1, -1, -1, -1, -1, -1, -1, -1, -1, -1, -1, -1, -1, -1, -1, -1, -1, -1, -1, -1, -1, -1, -1, -1, -1, -1, -1, -1, -1, -1, -1, -1, -1, -1, -1, -1, -1, -1, -1, -1, -1, -1, -1, -1, -1, -1, -1, -1, -1, -1, -1, -1, -1, -1, -1, -1, -1, -1, -1, -1, -1, -1, -1, -1, -1, -1, -1, -1, -1, -1, -1, -1, -1, -1, -1, -1, -1, -1, -1, -1, -1, -1, -1, -1, -1, -1, -1, -1, -1, -1, -1, -1, -1, -1, -1, -1, -1, -1, -1, -1, -1, -1, -1, -1, -1, -1, -1, -1, -1, -1, -1, -1, -1, -1, -1, -1, -1, -1, -1, -1, -1, -1, -1, -1, -1, -1, -1, -1, -1, -1, -1, -1, -1, -1, -1, -1, -1, -1, -1, -1, -1, -1, -1, -1, -1, -1, -1, -1, -1, -1, -1, -1, -1, -1, -1, -1, -1, -1, -1, -1, -1, -1, -1, -1, -1, -1, -1, -1, -1, -1, -1, -1, -1, -1, -1, -1, -1, -1, -1, -1, -1, -1, -1, -1, -1, -1, -1, -1, -1, -1, -1, -1, -1, -1, -1, -1, -1, -1, -1, -1, -1, -1]"
150,27,23,0.5,None,1,237,"[{'cluster_no': -1, 'count': 237}]","[-1, -1, -1, -1, -1, -1, -1, -1, -1, -1, -1, -1, -1, -1, -1, -1, -1, -1, -1, -1, -1, -1, -1, -1, -1, -1, -1, -1, -1, -1, -1, -1, -1, -1, -1, -1, -1, -1, -1, -1, -1, -1, -1, -1, -1, -1, -1, -1, -1, -1, -1, -1, -1, -1, -1, -1, -1, -1, -1, -1, -1, -1, -1, -1, -1, -1, -1, -1, -1, -1, -1, -1, -1, -1, -1, -1, -1, -1, -1, -1, -1, -1, -1, -1, -1, -1, -1, -1, -1, -1, -1, -1, -1, -1, -1, -1, -1, -1, -1, -1, -1, -1, -1, -1, -1, -1, -1, -1, -1, -1, -1, -1, -1, -1, -1, -1, -1, -1, -1, -1, -1, -1, -1, -1, -1, -1, -1, -1, -1, -1, -1, -1, -1, -1, -1, -1, -1, -1, -1, -1, -1, -1, -1, -1, -1, -1, -1, -1, -1, -1, -1, -1, -1, -1, -1, -1, -1, -1, -1, -1, -1, -1, -1, -1, -1, -1, -1, -1, -1, -1, -1, -1, -1, -1, -1, -1, -1, -1, -1, -1, -1, -1, -1, -1, -1, -1, -1, -1, -1, -1, -1, -1, -1, -1, -1, -1, -1, -1, -1, -1, -1, -1, -1, -1, -1, -1, -1, -1, -1, -1, -1, -1, -1, -1, -1, -1, -1, -1, -1, -1, -1, -1, -1, -1, -1, -1, -1, -1, -1, -1, -1, -1, -1, -1, -1, -1, -1]"
150,27,23,1.0,None,1,237,"[{'cluster_no': -1, 'count': 237}]","[-1, -1, -1, -1, -1, -1, -1, -1, -1, -1, -1, -1, -1, -1, -1, -1, -1, -1, -1, -1, -1, -1, -1, -1, -1, -1, -1, -1, -1, -1, -1, -1, -1, -1, -1, -1, -1, -1, -1, -1, -1, -1, -1, -1, -1, -1, -1, -1, -1, -1, -1, -1, -1, -1, -1, -1, -1, -1, -1, -1, -1, -1, -1, -1, -1, -1, -1, -1, -1, -1, -1, -1, -1, -1, -1, -1, -1, -1, -1, -1, -1, -1, -1, -1, -1, -1, -1, -1, -1, -1, -1, -1, -1, -1, -1, -1, -1, -1, -1, -1, -1, -1, -1, -1, -1, -1, -1, -1, -1, -1, -1, -1, -1, -1, -1, -1, -1, -1, -1, -1, -1, -1, -1, -1, -1, -1, -1, -1, -1, -1, -1, -1, -1, -1, -1, -1, -1, -1, -1, -1, -1, -1, -1, -1, -1, -1, -1, -1, -1, -1, -1, -1, -1, -1, -1, -1, -1, -1, -1, -1, -1, -1, -1, -1, -1, -1, -1, -1, -1, -1, -1, -1, -1, -1, -1, -1, -1, -1, -1, -1, -1, -1, -1, -1, -1, -1, -1, -1, -1, -1, -1, -1, -1, -1, -1, -1, -1, -1, -1, -1, -1, -1, -1, -1, -1, -1, -1, -1, -1, -1, -1, -1, -1, -1, -1, -1, -1, -1, -1, -1, -1, -1, -1, -1, -1, -1, -1, -1, -1, -1, -1, -1, -1, -1, -1, -1, -1]"
150,27,24,0.0,None,1,237,"[{'cluster_no': -1, 'count': 237}]","[-1, -1, -1, -1, -1, -1, -1, -1, -1, -1, -1, -1, -1, -1, -1, -1, -1, -1, -1, -1, -1, -1, -1, -1, -1, -1, -1, -1, -1, -1, -1, -1, -1, -1, -1, -1, -1, -1, -1, -1, -1, -1, -1, -1, -1, -1, -1, -1, -1, -1, -1, -1, -1, -1, -1, -1, -1, -1, -1, -1, -1, -1, -1, -1, -1, -1, -1, -1, -1, -1, -1, -1, -1, -1, -1, -1, -1, -1, -1, -1, -1, -1, -1, -1, -1, -1, -1, -1, -1, -1, -1, -1, -1, -1, -1, -1, -1, -1, -1, -1, -1, -1, -1, -1, -1, -1, -1, -1, -1, -1, -1, -1, -1, -1, -1, -1, -1, -1, -1, -1, -1, -1, -1, -1, -1, -1, -1, -1, -1, -1, -1, -1, -1, -1, -1, -1, -1, -1, -1, -1, -1, -1, -1, -1, -1, -1, -1, -1, -1, -1, -1, -1, -1, -1, -1, -1, -1, -1, -1, -1, -1, -1, -1, -1, -1, -1, -1, -1, -1, -1, -1, -1, -1, -1, -1, -1, -1, -1, -1, -1, -1, -1, -1, -1, -1, -1, -1, -1, -1, -1, -1, -1, -1, -1, -1, -1, -1, -1, -1, -1, -1, -1, -1, -1, -1, -1, -1, -1, -1, -1, -1, -1, -1, -1, -1, -1, -1, -1, -1, -1, -1, -1, -1, -1, -1, -1, -1, -1, -1, -1, -1, -1, -1, -1, -1, -1, -1]"
150,27,24,0.5,None,1,237,"[{'cluster_no': -1, 'count': 237}]","[-1, -1, -1, -1, -1, -1, -1, -1, -1, -1, -1, -1, -1, -1, -1, -1, -1, -1, -1, -1, -1, -1, -1, -1, -1, -1, -1, -1, -1, -1, -1, -1, -1, -1, -1, -1, -1, -1, -1, -1, -1, -1, -1, -1, -1, -1, -1, -1, -1, -1, -1, -1, -1, -1, -1, -1, -1, -1, -1, -1, -1, -1, -1, -1, -1, -1, -1, -1, -1, -1, -1, -1, -1, -1, -1, -1, -1, -1, -1, -1, -1, -1, -1, -1, -1, -1, -1, -1, -1, -1, -1, -1, -1, -1, -1, -1, -1, -1, -1, -1, -1, -1, -1, -1, -1, -1, -1, -1, -1, -1, -1, -1, -1, -1, -1, -1, -1, -1, -1, -1, -1, -1, -1, -1, -1, -1, -1, -1, -1, -1, -1, -1, -1, -1, -1, -1, -1, -1, -1, -1, -1, -1, -1, -1, -1, -1, -1, -1, -1, -1, -1, -1, -1, -1, -1, -1, -1, -1, -1, -1, -1, -1, -1, -1, -1, -1, -1, -1, -1, -1, -1, -1, -1, -1, -1, -1, -1, -1, -1, -1, -1, -1, -1, -1, -1, -1, -1, -1, -1, -1, -1, -1, -1, -1, -1, -1, -1, -1, -1, -1, -1, -1, -1, -1, -1, -1, -1, -1, -1, -1, -1, -1, -1, -1, -1, -1, -1, -1, -1, -1, -1, -1, -1, -1, -1, -1, -1, -1, -1, -1, -1, -1, -1, -1, -1, -1, -1]"
150,27,24,1.0,None,1,237,"[{'cluster_no': -1, 'count': 237}]","[-1, -1, -1, -1, -1, -1, -1, -1, -1, -1, -1, -1, -1, -1, -1, -1, -1, -1, -1, -1, -1, -1, -1, -1, -1, -1, -1, -1, -1, -1, -1, -1, -1, -1, -1, -1, -1, -1, -1, -1, -1, -1, -1, -1, -1, -1, -1, -1, -1, -1, -1, -1, -1, -1, -1, -1, -1, -1, -1, -1, -1, -1, -1, -1, -1, -1, -1, -1, -1, -1, -1, -1, -1, -1, -1, -1, -1, -1, -1, -1, -1, -1, -1, -1, -1, -1, -1, -1, -1, -1, -1, -1, -1, -1, -1, -1, -1, -1, -1, -1, -1, -1, -1, -1, -1, -1, -1, -1, -1, -1, -1, -1, -1, -1, -1, -1, -1, -1, -1, -1, -1, -1, -1, -1, -1, -1, -1, -1, -1, -1, -1, -1, -1, -1, -1, -1, -1, -1, -1, -1, -1, -1, -1, -1, -1, -1, -1, -1, -1, -1, -1, -1, -1, -1, -1, -1, -1, -1, -1, -1, -1, -1, -1, -1, -1, -1, -1, -1, -1, -1, -1, -1, -1, -1, -1, -1, -1, -1, -1, -1, -1, -1, -1, -1, -1, -1, -1, -1, -1, -1, -1, -1, -1, -1, -1, -1, -1, -1, -1, -1, -1, -1, -1, -1, -1, -1, -1, -1, -1, -1, -1, -1, -1, -1, -1, -1, -1, -1, -1, -1, -1, -1, -1, -1, -1, -1, -1, -1, -1, -1, -1, -1, -1, -1, -1, -1, -1]"
150,27,25,0.0,None,1,237,"[{'cluster_no': -1, 'count': 237}]","[-1, -1, -1, -1, -1, -1, -1, -1, -1, -1, -1, -1, -1, -1, -1, -1, -1, -1, -1, -1, -1, -1, -1, -1, -1, -1, -1, -1, -1, -1, -1, -1, -1, -1, -1, -1, -1, -1, -1, -1, -1, -1, -1, -1, -1, -1, -1, -1, -1, -1, -1, -1, -1, -1, -1, -1, -1, -1, -1, -1, -1, -1, -1, -1, -1, -1, -1, -1, -1, -1, -1, -1, -1, -1, -1, -1, -1, -1, -1, -1, -1, -1, -1, -1, -1, -1, -1, -1, -1, -1, -1, -1, -1, -1, -1, -1, -1, -1, -1, -1, -1, -1, -1, -1, -1, -1, -1, -1, -1, -1, -1, -1, -1, -1, -1, -1, -1, -1, -1, -1, -1, -1, -1, -1, -1, -1, -1, -1, -1, -1, -1, -1, -1, -1, -1, -1, -1, -1, -1, -1, -1, -1, -1, -1, -1, -1, -1, -1, -1, -1, -1, -1, -1, -1, -1, -1, -1, -1, -1, -1, -1, -1, -1, -1, -1, -1, -1, -1, -1, -1, -1, -1, -1, -1, -1, -1, -1, -1, -1, -1, -1, -1, -1, -1, -1, -1, -1, -1, -1, -1, -1, -1, -1, -1, -1, -1, -1, -1, -1, -1, -1, -1, -1, -1, -1, -1, -1, -1, -1, -1, -1, -1, -1, -1, -1, -1, -1, -1, -1, -1, -1, -1, -1, -1, -1, -1, -1, -1, -1, -1, -1, -1, -1, -1, -1, -1, -1]"
150,27,25,0.5,None,1,237,"[{'cluster_no': -1, 'count': 237}]","[-1, -1, -1, -1, -1, -1, -1, -1, -1, -1, -1, -1, -1, -1, -1, -1, -1, -1, -1, -1, -1, -1, -1, -1, -1, -1, -1, -1, -1, -1, -1, -1, -1, -1, -1, -1, -1, -1, -1, -1, -1, -1, -1, -1, -1, -1, -1, -1, -1, -1, -1, -1, -1, -1, -1, -1, -1, -1, -1, -1, -1, -1, -1, -1, -1, -1, -1, -1, -1, -1, -1, -1, -1, -1, -1, -1, -1, -1, -1, -1, -1, -1, -1, -1, -1, -1, -1, -1, -1, -1, -1, -1, -1, -1, -1, -1, -1, -1, -1, -1, -1, -1, -1, -1, -1, -1, -1, -1, -1, -1, -1, -1, -1, -1, -1, -1, -1, -1, -1, -1, -1, -1, -1, -1, -1, -1, -1, -1, -1, -1, -1, -1, -1, -1, -1, -1, -1, -1, -1, -1, -1, -1, -1, -1, -1, -1, -1, -1, -1, -1, -1, -1, -1, -1, -1, -1, -1, -1, -1, -1, -1, -1, -1, -1, -1, -1, -1, -1, -1, -1, -1, -1, -1, -1, -1, -1, -1, -1, -1, -1, -1, -1, -1, -1, -1, -1, -1, -1, -1, -1, -1, -1, -1, -1, -1, -1, -1, -1, -1, -1, -1, -1, -1, -1, -1, -1, -1, -1, -1, -1, -1, -1, -1, -1, -1, -1, -1, -1, -1, -1, -1, -1, -1, -1, -1, -1, -1, -1, -1, -1, -1, -1, -1, -1, -1, -1, -1]"
150,27,25,1.0,None,1,237,"[{'cluster_no': -1, 'count': 237}]","[-1, -1, -1, -1, -1, -1, -1, -1, -1, -1, -1, -1, -1, -1, -1, -1, -1, -1, -1, -1, -1, -1, -1, -1, -1, -1, -1, -1, -1, -1, -1, -1, -1, -1, -1, -1, -1, -1, -1, -1, -1, -1, -1, -1, -1, -1, -1, -1, -1, -1, -1, -1, -1, -1, -1, -1, -1, -1, -1, -1, -1, -1, -1, -1, -1, -1, -1, -1, -1, -1, -1, -1, -1, -1, -1, -1, -1, -1, -1, -1, -1, -1, -1, -1, -1, -1, -1, -1, -1, -1, -1, -1, -1, -1, -1, -1, -1, -1, -1, -1, -1, -1, -1, -1, -1, -1, -1, -1, -1, -1, -1, -1, -1, -1, -1, -1, -1, -1, -1, -1, -1, -1, -1, -1, -1, -1, -1, -1, -1, -1, -1, -1, -1, -1, -1, -1, -1, -1, -1, -1, -1, -1, -1, -1, -1, -1, -1, -1, -1, -1, -1, -1, -1, -1, -1, -1, -1, -1, -1, -1, -1, -1, -1, -1, -1, -1, -1, -1, -1, -1, -1, -1, -1, -1, -1, -1, -1, -1, -1, -1, -1, -1, -1, -1, -1, -1, -1, -1, -1, -1, -1, -1, -1, -1, -1, -1, -1, -1, -1, -1, -1, -1, -1, -1, -1, -1, -1, -1, -1, -1, -1, -1, -1, -1, -1, -1, -1, -1, -1, -1, -1, -1, -1, -1, -1, -1, -1, -1, -1, -1, -1, -1, -1, -1, -1, -1, -1]"
150,27,26,0.0,None,1,237,"[{'cluster_no': -1, 'count': 237}]","[-1, -1, -1, -1, -1, -1, -1, -1, -1, -1, -1, -1, -1, -1, -1, -1, -1, -1, -1, -1, -1, -1, -1, -1, -1, -1, -1, -1, -1, -1, -1, -1, -1, -1, -1, -1, -1, -1, -1, -1, -1, -1, -1, -1, -1, -1, -1, -1, -1, -1, -1, -1, -1, -1, -1, -1, -1, -1, -1, -1, -1, -1, -1, -1, -1, -1, -1, -1, -1, -1, -1, -1, -1, -1, -1, -1, -1, -1, -1, -1, -1, -1, -1, -1, -1, -1, -1, -1, -1, -1, -1, -1, -1, -1, -1, -1, -1, -1, -1, -1, -1, -1, -1, -1, -1, -1, -1, -1, -1, -1, -1, -1, -1, -1, -1, -1, -1, -1, -1, -1, -1, -1, -1, -1, -1, -1, -1, -1, -1, -1, -1, -1, -1, -1, -1, -1, -1, -1, -1, -1, -1, -1, -1, -1, -1, -1, -1, -1, -1, -1, -1, -1, -1, -1, -1, -1, -1, -1, -1, -1, -1, -1, -1, -1, -1, -1, -1, -1, -1, -1, -1, -1, -1, -1, -1, -1, -1, -1, -1, -1, -1, -1, -1, -1, -1, -1, -1, -1, -1, -1, -1, -1, -1, -1, -1, -1, -1, -1, -1, -1, -1, -1, -1, -1, -1, -1, -1, -1, -1, -1, -1, -1, -1, -1, -1, -1, -1, -1, -1, -1, -1, -1, -1, -1, -1, -1, -1, -1, -1, -1, -1, -1, -1, -1, -1, -1, -1]"
150,27,26,0.5,None,1,237,"[{'cluster_no': -1, 'count': 237}]","[-1, -1, -1, -1, -1, -1, -1, -1, -1, -1, -1, -1, -1, -1, -1, -1, -1, -1, -1, -1, -1, -1, -1, -1, -1, -1, -1, -1, -1, -1, -1, -1, -1, -1, -1, -1, -1, -1, -1, -1, -1, -1, -1, -1, -1, -1, -1, -1, -1, -1, -1, -1, -1, -1, -1, -1, -1, -1, -1, -1, -1, -1, -1, -1, -1, -1, -1, -1, -1, -1, -1, -1, -1, -1, -1, -1, -1, -1, -1, -1, -1, -1, -1, -1, -1, -1, -1, -1, -1, -1, -1, -1, -1, -1, -1, -1, -1, -1, -1, -1, -1, -1, -1, -1, -1, -1, -1, -1, -1, -1, -1, -1, -1, -1, -1, -1, -1, -1, -1, -1, -1, -1, -1, -1, -1, -1, -1, -1, -1, -1, -1, -1, -1, -1, -1, -1, -1, -1, -1, -1, -1, -1, -1, -1, -1, -1, -1, -1, -1, -1, -1, -1, -1, -1, -1, -1, -1, -1, -1, -1, -1, -1, -1, -1, -1, -1, -1, -1, -1, -1, -1, -1, -1, -1, -1, -1, -1, -1, -1, -1, -1, -1, -1, -1, -1, -1, -1, -1, -1, -1, -1, -1, -1, -1, -1, -1, -1, -1, -1, -1, -1, -1, -1, -1, -1, -1, -1, -1, -1, -1, -1, -1, -1, -1, -1, -1, -1, -1, -1, -1, -1, -1, -1, -1, -1, -1, -1, -1, -1, -1, -1, -1, -1, -1, -1, -1, -1]"
150,27,26,1.0,None,1,237,"[{'cluster_no': -1, 'count': 237}]","[-1, -1, -1, -1, -1, -1, -1, -1, -1, -1, -1, -1, -1, -1, -1, -1, -1, -1, -1, -1, -1, -1, -1, -1, -1, -1, -1, -1, -1, -1, -1, -1, -1, -1, -1, -1, -1, -1, -1, -1, -1, -1, -1, -1, -1, -1, -1, -1, -1, -1, -1, -1, -1, -1, -1, -1, -1, -1, -1, -1, -1, -1, -1, -1, -1, -1, -1, -1, -1, -1, -1, -1, -1, -1, -1, -1, -1, -1, -1, -1, -1, -1, -1, -1, -1, -1, -1, -1, -1, -1, -1, -1, -1, -1, -1, -1, -1, -1, -1, -1, -1, -1, -1, -1, -1, -1, -1, -1, -1, -1, -1, -1, -1, -1, -1, -1, -1, -1, -1, -1, -1, -1, -1, -1, -1, -1, -1, -1, -1, -1, -1, -1, -1, -1, -1, -1, -1, -1, -1, -1, -1, -1, -1, -1, -1, -1, -1, -1, -1, -1, -1, -1, -1, -1, -1, -1, -1, -1, -1, -1, -1, -1, -1, -1, -1, -1, -1, -1, -1, -1, -1, -1, -1, -1, -1, -1, -1, -1, -1, -1, -1, -1, -1, -1, -1, -1, -1, -1, -1, -1, -1, -1, -1, -1, -1, -1, -1, -1, -1, -1, -1, -1, -1, -1, -1, -1, -1, -1, -1, -1, -1, -1, -1, -1, -1, -1, -1, -1, -1, -1, -1, -1, -1, -1, -1, -1, -1, -1, -1, -1, -1, -1, -1, -1, -1, -1, -1]"
150,27,27,0.0,None,1,237,"[{'cluster_no': -1, 'count': 237}]","[-1, -1, -1, -1, -1, -1, -1, -1, -1, -1, -1, -1, -1, -1, -1, -1, -1, -1, -1, -1, -1, -1, -1, -1, -1, -1, -1, -1, -1, -1, -1, -1, -1, -1, -1, -1, -1, -1, -1, -1, -1, -1, -1, -1, -1, -1, -1, -1, -1, -1, -1, -1, -1, -1, -1, -1, -1, -1, -1, -1, -1, -1, -1, -1, -1, -1, -1, -1, -1, -1, -1, -1, -1, -1, -1, -1, -1, -1, -1, -1, -1, -1, -1, -1, -1, -1, -1, -1, -1, -1, -1, -1, -1, -1, -1, -1, -1, -1, -1, -1, -1, -1, -1, -1, -1, -1, -1, -1, -1, -1, -1, -1, -1, -1, -1, -1, -1, -1, -1, -1, -1, -1, -1, -1, -1, -1, -1, -1, -1, -1, -1, -1, -1, -1, -1, -1, -1, -1, -1, -1, -1, -1, -1, -1, -1, -1, -1, -1, -1, -1, -1, -1, -1, -1, -1, -1, -1, -1, -1, -1, -1, -1, -1, -1, -1, -1, -1, -1, -1, -1, -1, -1, -1, -1, -1, -1, -1, -1, -1, -1, -1, -1, -1, -1, -1, -1, -1, -1, -1, -1, -1, -1, -1, -1, -1, -1, -1, -1, -1, -1, -1, -1, -1, -1, -1, -1, -1, -1, -1, -1, -1, -1, -1, -1, -1, -1, -1, -1, -1, -1, -1, -1, -1, -1, -1, -1, -1, -1, -1, -1, -1, -1, -1, -1, -1, -1, -1]"
150,27,27,0.5,None,1,237,"[{'cluster_no': -1, 'count': 237}]","[-1, -1, -1, -1, -1, -1, -1, -1, -1, -1, -1, -1, -1, -1, -1, -1, -1, -1, -1, -1, -1, -1, -1, -1, -1, -1, -1, -1, -1, -1, -1, -1, -1, -1, -1, -1, -1, -1, -1, -1, -1, -1, -1, -1, -1, -1, -1, -1, -1, -1, -1, -1, -1, -1, -1, -1, -1, -1, -1, -1, -1, -1, -1, -1, -1, -1, -1, -1, -1, -1, -1, -1, -1, -1, -1, -1, -1, -1, -1, -1, -1, -1, -1, -1, -1, -1, -1, -1, -1, -1, -1, -1, -1, -1, -1, -1, -1, -1, -1, -1, -1, -1, -1, -1, -1, -1, -1, -1, -1, -1, -1, -1, -1, -1, -1, -1, -1, -1, -1, -1, -1, -1, -1, -1, -1, -1, -1, -1, -1, -1, -1, -1, -1, -1, -1, -1, -1, -1, -1, -1, -1, -1, -1, -1, -1, -1, -1, -1, -1, -1, -1, -1, -1, -1, -1, -1, -1, -1, -1, -1, -1, -1, -1, -1, -1, -1, -1, -1, -1, -1, -1, -1, -1, -1, -1, -1, -1, -1, -1, -1, -1, -1, -1, -1, -1, -1, -1, -1, -1, -1, -1, -1, -1, -1, -1, -1, -1, -1, -1, -1, -1, -1, -1, -1, -1, -1, -1, -1, -1, -1, -1, -1, -1, -1, -1, -1, -1, -1, -1, -1, -1, -1, -1, -1, -1, -1, -1, -1, -1, -1, -1, -1, -1, -1, -1, -1, -1]"
150,27,27,1.0,None,1,237,"[{'cluster_no': -1, 'count': 237}]","[-1, -1, -1, -1, -1, -1, -1, -1, -1, -1, -1, -1, -1, -1, -1, -1, -1, -1, -1, -1, -1, -1, -1, -1, -1, -1, -1, -1, -1, -1, -1, -1, -1, -1, -1, -1, -1, -1, -1, -1, -1, -1, -1, -1, -1, -1, -1, -1, -1, -1, -1, -1, -1, -1, -1, -1, -1, -1, -1, -1, -1, -1, -1, -1, -1, -1, -1, -1, -1, -1, -1, -1, -1, -1, -1, -1, -1, -1, -1, -1, -1, -1, -1, -1, -1, -1, -1, -1, -1, -1, -1, -1, -1, -1, -1, -1, -1, -1, -1, -1, -1, -1, -1, -1, -1, -1, -1, -1, -1, -1, -1, -1, -1, -1, -1, -1, -1, -1, -1, -1, -1, -1, -1, -1, -1, -1, -1, -1, -1, -1, -1, -1, -1, -1, -1, -1, -1, -1, -1, -1, -1, -1, -1, -1, -1, -1, -1, -1, -1, -1, -1, -1, -1, -1, -1, -1, -1, -1, -1, -1, -1, -1, -1, -1, -1, -1, -1, -1, -1, -1, -1, -1, -1, -1, -1, -1, -1, -1, -1, -1, -1, -1, -1, -1, -1, -1, -1, -1, -1, -1, -1, -1, -1, -1, -1, -1, -1, -1, -1, -1, -1, -1, -1, -1, -1, -1, -1, -1, -1, -1, -1, -1, -1, -1, -1, -1, -1, -1, -1, -1, -1, -1, -1, -1, -1, -1, -1, -1, -1, -1, -1, -1, -1, -1, -1, -1, -1]"
150,27,28,0.0,None,1,237,"[{'cluster_no': -1, 'count': 237}]","[-1, -1, -1, -1, -1, -1, -1, -1, -1, -1, -1, -1, -1, -1, -1, -1, -1, -1, -1, -1, -1, -1, -1, -1, -1, -1, -1, -1, -1, -1, -1, -1, -1, -1, -1, -1, -1, -1, -1, -1, -1, -1, -1, -1, -1, -1, -1, -1, -1, -1, -1, -1, -1, -1, -1, -1, -1, -1, -1, -1, -1, -1, -1, -1, -1, -1, -1, -1, -1, -1, -1, -1, -1, -1, -1, -1, -1, -1, -1, -1, -1, -1, -1, -1, -1, -1, -1, -1, -1, -1, -1, -1, -1, -1, -1, -1, -1, -1, -1, -1, -1, -1, -1, -1, -1, -1, -1, -1, -1, -1, -1, -1, -1, -1, -1, -1, -1, -1, -1, -1, -1, -1, -1, -1, -1, -1, -1, -1, -1, -1, -1, -1, -1, -1, -1, -1, -1, -1, -1, -1, -1, -1, -1, -1, -1, -1, -1, -1, -1, -1, -1, -1, -1, -1, -1, -1, -1, -1, -1, -1, -1, -1, -1, -1, -1, -1, -1, -1, -1, -1, -1, -1, -1, -1, -1, -1, -1, -1, -1, -1, -1, -1, -1, -1, -1, -1, -1, -1, -1, -1, -1, -1, -1, -1, -1, -1, -1, -1, -1, -1, -1, -1, -1, -1, -1, -1, -1, -1, -1, -1, -1, -1, -1, -1, -1, -1, -1, -1, -1, -1, -1, -1, -1, -1, -1, -1, -1, -1, -1, -1, -1, -1, -1, -1, -1, -1, -1]"
150,27,28,0.5,None,1,237,"[{'cluster_no': -1, 'count': 237}]","[-1, -1, -1, -1, -1, -1, -1, -1, -1, -1, -1, -1, -1, -1, -1, -1, -1, -1, -1, -1, -1, -1, -1, -1, -1, -1, -1, -1, -1, -1, -1, -1, -1, -1, -1, -1, -1, -1, -1, -1, -1, -1, -1, -1, -1, -1, -1, -1, -1, -1, -1, -1, -1, -1, -1, -1, -1, -1, -1, -1, -1, -1, -1, -1, -1, -1, -1, -1, -1, -1, -1, -1, -1, -1, -1, -1, -1, -1, -1, -1, -1, -1, -1, -1, -1, -1, -1, -1, -1, -1, -1, -1, -1, -1, -1, -1, -1, -1, -1, -1, -1, -1, -1, -1, -1, -1, -1, -1, -1, -1, -1, -1, -1, -1, -1, -1, -1, -1, -1, -1, -1, -1, -1, -1, -1, -1, -1, -1, -1, -1, -1, -1, -1, -1, -1, -1, -1, -1, -1, -1, -1, -1, -1, -1, -1, -1, -1, -1, -1, -1, -1, -1, -1, -1, -1, -1, -1, -1, -1, -1, -1, -1, -1, -1, -1, -1, -1, -1, -1, -1, -1, -1, -1, -1, -1, -1, -1, -1, -1, -1, -1, -1, -1, -1, -1, -1, -1, -1, -1, -1, -1, -1, -1, -1, -1, -1, -1, -1, -1, -1, -1, -1, -1, -1, -1, -1, -1, -1, -1, -1, -1, -1, -1, -1, -1, -1, -1, -1, -1, -1, -1, -1, -1, -1, -1, -1, -1, -1, -1, -1, -1, -1, -1, -1, -1, -1, -1]"
150,27,28,1.0,None,1,237,"[{'cluster_no': -1, 'count': 237}]","[-1, -1, -1, -1, -1, -1, -1, -1, -1, -1, -1, -1, -1, -1, -1, -1, -1, -1, -1, -1, -1, -1, -1, -1, -1, -1, -1, -1, -1, -1, -1, -1, -1, -1, -1, -1, -1, -1, -1, -1, -1, -1, -1, -1, -1, -1, -1, -1, -1, -1, -1, -1, -1, -1, -1, -1, -1, -1, -1, -1, -1, -1, -1, -1, -1, -1, -1, -1, -1, -1, -1, -1, -1, -1, -1, -1, -1, -1, -1, -1, -1, -1, -1, -1, -1, -1, -1, -1, -1, -1, -1, -1, -1, -1, -1, -1, -1, -1, -1, -1, -1, -1, -1, -1, -1, -1, -1, -1, -1, -1, -1, -1, -1, -1, -1, -1, -1, -1, -1, -1, -1, -1, -1, -1, -1, -1, -1, -1, -1, -1, -1, -1, -1, -1, -1, -1, -1, -1, -1, -1, -1, -1, -1, -1, -1, -1, -1, -1, -1, -1, -1, -1, -1, -1, -1, -1, -1, -1, -1, -1, -1, -1, -1, -1, -1, -1, -1, -1, -1, -1, -1, -1, -1, -1, -1, -1, -1, -1, -1, -1, -1, -1, -1, -1, -1, -1, -1, -1, -1, -1, -1, -1, -1, -1, -1, -1, -1, -1, -1, -1, -1, -1, -1, -1, -1, -1, -1, -1, -1, -1, -1, -1, -1, -1, -1, -1, -1, -1, -1, -1, -1, -1, -1, -1, -1, -1, -1, -1, -1, -1, -1, -1, -1, -1, -1, -1, -1]"
150,27,29,0.0,None,1,237,"[{'cluster_no': -1, 'count': 237}]","[-1, -1, -1, -1, -1, -1, -1, -1, -1, -1, -1, -1, -1, -1, -1, -1, -1, -1, -1, -1, -1, -1, -1, -1, -1, -1, -1, -1, -1, -1, -1, -1, -1, -1, -1, -1, -1, -1, -1, -1, -1, -1, -1, -1, -1, -1, -1, -1, -1, -1, -1, -1, -1, -1, -1, -1, -1, -1, -1, -1, -1, -1, -1, -1, -1, -1, -1, -1, -1, -1, -1, -1, -1, -1, -1, -1, -1, -1, -1, -1, -1, -1, -1, -1, -1, -1, -1, -1, -1, -1, -1, -1, -1, -1, -1, -1, -1, -1, -1, -1, -1, -1, -1, -1, -1, -1, -1, -1, -1, -1, -1, -1, -1, -1, -1, -1, -1, -1, -1, -1, -1, -1, -1, -1, -1, -1, -1, -1, -1, -1, -1, -1, -1, -1, -1, -1, -1, -1, -1, -1, -1, -1, -1, -1, -1, -1, -1, -1, -1, -1, -1, -1, -1, -1, -1, -1, -1, -1, -1, -1, -1, -1, -1, -1, -1, -1, -1, -1, -1, -1, -1, -1, -1, -1, -1, -1, -1, -1, -1, -1, -1, -1, -1, -1, -1, -1, -1, -1, -1, -1, -1, -1, -1, -1, -1, -1, -1, -1, -1, -1, -1, -1, -1, -1, -1, -1, -1, -1, -1, -1, -1, -1, -1, -1, -1, -1, -1, -1, -1, -1, -1, -1, -1, -1, -1, -1, -1, -1, -1, -1, -1, -1, -1, -1, -1, -1, -1]"
150,27,29,0.5,None,1,237,"[{'cluster_no': -1, 'count': 237}]","[-1, -1, -1, -1, -1, -1, -1, -1, -1, -1, -1, -1, -1, -1, -1, -1, -1, -1, -1, -1, -1, -1, -1, -1, -1, -1, -1, -1, -1, -1, -1, -1, -1, -1, -1, -1, -1, -1, -1, -1, -1, -1, -1, -1, -1, -1, -1, -1, -1, -1, -1, -1, -1, -1, -1, -1, -1, -1, -1, -1, -1, -1, -1, -1, -1, -1, -1, -1, -1, -1, -1, -1, -1, -1, -1, -1, -1, -1, -1, -1, -1, -1, -1, -1, -1, -1, -1, -1, -1, -1, -1, -1, -1, -1, -1, -1, -1, -1, -1, -1, -1, -1, -1, -1, -1, -1, -1, -1, -1, -1, -1, -1, -1, -1, -1, -1, -1, -1, -1, -1, -1, -1, -1, -1, -1, -1, -1, -1, -1, -1, -1, -1, -1, -1, -1, -1, -1, -1, -1, -1, -1, -1, -1, -1, -1, -1, -1, -1, -1, -1, -1, -1, -1, -1, -1, -1, -1, -1, -1, -1, -1, -1, -1, -1, -1, -1, -1, -1, -1, -1, -1, -1, -1, -1, -1, -1, -1, -1, -1, -1, -1, -1, -1, -1, -1, -1, -1, -1, -1, -1, -1, -1, -1, -1, -1, -1, -1, -1, -1, -1, -1, -1, -1, -1, -1, -1, -1, -1, -1, -1, -1, -1, -1, -1, -1, -1, -1, -1, -1, -1, -1, -1, -1, -1, -1, -1, -1, -1, -1, -1, -1, -1, -1, -1, -1, -1, -1]"
150,27,29,1.0,None,1,237,"[{'cluster_no': -1, 'count': 237}]","[-1, -1, -1, -1, -1, -1, -1, -1, -1, -1, -1, -1, -1, -1, -1, -1, -1, -1, -1, -1, -1, -1, -1, -1, -1, -1, -1, -1, -1, -1, -1, -1, -1, -1, -1, -1, -1, -1, -1, -1, -1, -1, -1, -1, -1, -1, -1, -1, -1, -1, -1, -1, -1, -1, -1, -1, -1, -1, -1, -1, -1, -1, -1, -1, -1, -1, -1, -1, -1, -1, -1, -1, -1, -1, -1, -1, -1, -1, -1, -1, -1, -1, -1, -1, -1, -1, -1, -1, -1, -1, -1, -1, -1, -1, -1, -1, -1, -1, -1, -1, -1, -1, -1, -1, -1, -1, -1, -1, -1, -1, -1, -1, -1, -1, -1, -1, -1, -1, -1, -1, -1, -1, -1, -1, -1, -1, -1, -1, -1, -1, -1, -1, -1, -1, -1, -1, -1, -1, -1, -1, -1, -1, -1, -1, -1, -1, -1, -1, -1, -1, -1, -1, -1, -1, -1, -1, -1, -1, -1, -1, -1, -1, -1, -1, -1, -1, -1, -1, -1, -1, -1, -1, -1, -1, -1, -1, -1, -1, -1, -1, -1, -1, -1, -1, -1, -1, -1, -1, -1, -1, -1, -1, -1, -1, -1, -1, -1, -1, -1, -1, -1, -1, -1, -1, -1, -1, -1, -1, -1, -1, -1, -1, -1, -1, -1, -1, -1, -1, -1, -1, -1, -1, -1, -1, -1, -1, -1, -1, -1, -1, -1, -1, -1, -1, -1, -1, -1]"
150,27,30,0.0,None,1,237,"[{'cluster_no': -1, 'count': 237}]","[-1, -1, -1, -1, -1, -1, -1, -1, -1, -1, -1, -1, -1, -1, -1, -1, -1, -1, -1, -1, -1, -1, -1, -1, -1, -1, -1, -1, -1, -1, -1, -1, -1, -1, -1, -1, -1, -1, -1, -1, -1, -1, -1, -1, -1, -1, -1, -1, -1, -1, -1, -1, -1, -1, -1, -1, -1, -1, -1, -1, -1, -1, -1, -1, -1, -1, -1, -1, -1, -1, -1, -1, -1, -1, -1, -1, -1, -1, -1, -1, -1, -1, -1, -1, -1, -1, -1, -1, -1, -1, -1, -1, -1, -1, -1, -1, -1, -1, -1, -1, -1, -1, -1, -1, -1, -1, -1, -1, -1, -1, -1, -1, -1, -1, -1, -1, -1, -1, -1, -1, -1, -1, -1, -1, -1, -1, -1, -1, -1, -1, -1, -1, -1, -1, -1, -1, -1, -1, -1, -1, -1, -1, -1, -1, -1, -1, -1, -1, -1, -1, -1, -1, -1, -1, -1, -1, -1, -1, -1, -1, -1, -1, -1, -1, -1, -1, -1, -1, -1, -1, -1, -1, -1, -1, -1, -1, -1, -1, -1, -1, -1, -1, -1, -1, -1, -1, -1, -1, -1, -1, -1, -1, -1, -1, -1, -1, -1, -1, -1, -1, -1, -1, -1, -1, -1, -1, -1, -1, -1, -1, -1, -1, -1, -1, -1, -1, -1, -1, -1, -1, -1, -1, -1, -1, -1, -1, -1, -1, -1, -1, -1, -1, -1, -1, -1, -1, -1]"
150,27,30,0.5,None,1,237,"[{'cluster_no': -1, 'count': 237}]","[-1, -1, -1, -1, -1, -1, -1, -1, -1, -1, -1, -1, -1, -1, -1, -1, -1, -1, -1, -1, -1, -1, -1, -1, -1, -1, -1, -1, -1, -1, -1, -1, -1, -1, -1, -1, -1, -1, -1, -1, -1, -1, -1, -1, -1, -1, -1, -1, -1, -1, -1, -1, -1, -1, -1, -1, -1, -1, -1, -1, -1, -1, -1, -1, -1, -1, -1, -1, -1, -1, -1, -1, -1, -1, -1, -1, -1, -1, -1, -1, -1, -1, -1, -1, -1, -1, -1, -1, -1, -1, -1, -1, -1, -1, -1, -1, -1, -1, -1, -1, -1, -1, -1, -1, -1, -1, -1, -1, -1, -1, -1, -1, -1, -1, -1, -1, -1, -1, -1, -1, -1, -1, -1, -1, -1, -1, -1, -1, -1, -1, -1, -1, -1, -1, -1, -1, -1, -1, -1, -1, -1, -1, -1, -1, -1, -1, -1, -1, -1, -1, -1, -1, -1, -1, -1, -1, -1, -1, -1, -1, -1, -1, -1, -1, -1, -1, -1, -1, -1, -1, -1, -1, -1, -1, -1, -1, -1, -1, -1, -1, -1, -1, -1, -1, -1, -1, -1, -1, -1, -1, -1, -1, -1, -1, -1, -1, -1, -1, -1, -1, -1, -1, -1, -1, -1, -1, -1, -1, -1, -1, -1, -1, -1, -1, -1, -1, -1, -1, -1, -1, -1, -1, -1, -1, -1, -1, -1, -1, -1, -1, -1, -1, -1, -1, -1, -1, -1]"
150,27,30,1.0,None,1,237,"[{'cluster_no': -1, 'count': 237}]","[-1, -1, -1, -1, -1, -1, -1, -1, -1, -1, -1, -1, -1, -1, -1, -1, -1, -1, -1, -1, -1, -1, -1, -1, -1, -1, -1, -1, -1, -1, -1, -1, -1, -1, -1, -1, -1, -1, -1, -1, -1, -1, -1, -1, -1, -1, -1, -1, -1, -1, -1, -1, -1, -1, -1, -1, -1, -1, -1, -1, -1, -1, -1, -1, -1, -1, -1, -1, -1, -1, -1, -1, -1, -1, -1, -1, -1, -1, -1, -1, -1, -1, -1, -1, -1, -1, -1, -1, -1, -1, -1, -1, -1, -1, -1, -1, -1, -1, -1, -1, -1, -1, -1, -1, -1, -1, -1, -1, -1, -1, -1, -1, -1, -1, -1, -1, -1, -1, -1, -1, -1, -1, -1, -1, -1, -1, -1, -1, -1, -1, -1, -1, -1, -1, -1, -1, -1, -1, -1, -1, -1, -1, -1, -1, -1, -1, -1, -1, -1, -1, -1, -1, -1, -1, -1, -1, -1, -1, -1, -1, -1, -1, -1, -1, -1, -1, -1, -1, -1, -1, -1, -1, -1, -1, -1, -1, -1, -1, -1, -1, -1, -1, -1, -1, -1, -1, -1, -1, -1, -1, -1, -1, -1, -1, -1, -1, -1, -1, -1, -1, -1, -1, -1, -1, -1, -1, -1, -1, -1, -1, -1, -1, -1, -1, -1, -1, -1, -1, -1, -1, -1, -1, -1, -1, -1, -1, -1, -1, -1, -1, -1, -1, -1, -1, -1, -1, -1]"
150,28,5,0.0,None,1,237,"[{'cluster_no': -1, 'count': 237}]","[-1, -1, -1, -1, -1, -1, -1, -1, -1, -1, -1, -1, -1, -1, -1, -1, -1, -1, -1, -1, -1, -1, -1, -1, -1, -1, -1, -1, -1, -1, -1, -1, -1, -1, -1, -1, -1, -1, -1, -1, -1, -1, -1, -1, -1, -1, -1, -1, -1, -1, -1, -1, -1, -1, -1, -1, -1, -1, -1, -1, -1, -1, -1, -1, -1, -1, -1, -1, -1, -1, -1, -1, -1, -1, -1, -1, -1, -1, -1, -1, -1, -1, -1, -1, -1, -1, -1, -1, -1, -1, -1, -1, -1, -1, -1, -1, -1, -1, -1, -1, -1, -1, -1, -1, -1, -1, -1, -1, -1, -1, -1, -1, -1, -1, -1, -1, -1, -1, -1, -1, -1, -1, -1, -1, -1, -1, -1, -1, -1, -1, -1, -1, -1, -1, -1, -1, -1, -1, -1, -1, -1, -1, -1, -1, -1, -1, -1, -1, -1, -1, -1, -1, -1, -1, -1, -1, -1, -1, -1, -1, -1, -1, -1, -1, -1, -1, -1, -1, -1, -1, -1, -1, -1, -1, -1, -1, -1, -1, -1, -1, -1, -1, -1, -1, -1, -1, -1, -1, -1, -1, -1, -1, -1, -1, -1, -1, -1, -1, -1, -1, -1, -1, -1, -1, -1, -1, -1, -1, -1, -1, -1, -1, -1, -1, -1, -1, -1, -1, -1, -1, -1, -1, -1, -1, -1, -1, -1, -1, -1, -1, -1, -1, -1, -1, -1, -1, -1]"
150,28,5,0.5,None,1,237,"[{'cluster_no': -1, 'count': 237}]","[-1, -1, -1, -1, -1, -1, -1, -1, -1, -1, -1, -1, -1, -1, -1, -1, -1, -1, -1, -1, -1, -1, -1, -1, -1, -1, -1, -1, -1, -1, -1, -1, -1, -1, -1, -1, -1, -1, -1, -1, -1, -1, -1, -1, -1, -1, -1, -1, -1, -1, -1, -1, -1, -1, -1, -1, -1, -1, -1, -1, -1, -1, -1, -1, -1, -1, -1, -1, -1, -1, -1, -1, -1, -1, -1, -1, -1, -1, -1, -1, -1, -1, -1, -1, -1, -1, -1, -1, -1, -1, -1, -1, -1, -1, -1, -1, -1, -1, -1, -1, -1, -1, -1, -1, -1, -1, -1, -1, -1, -1, -1, -1, -1, -1, -1, -1, -1, -1, -1, -1, -1, -1, -1, -1, -1, -1, -1, -1, -1, -1, -1, -1, -1, -1, -1, -1, -1, -1, -1, -1, -1, -1, -1, -1, -1, -1, -1, -1, -1, -1, -1, -1, -1, -1, -1, -1, -1, -1, -1, -1, -1, -1, -1, -1, -1, -1, -1, -1, -1, -1, -1, -1, -1, -1, -1, -1, -1, -1, -1, -1, -1, -1, -1, -1, -1, -1, -1, -1, -1, -1, -1, -1, -1, -1, -1, -1, -1, -1, -1, -1, -1, -1, -1, -1, -1, -1, -1, -1, -1, -1, -1, -1, -1, -1, -1, -1, -1, -1, -1, -1, -1, -1, -1, -1, -1, -1, -1, -1, -1, -1, -1, -1, -1, -1, -1, -1, -1]"
150,28,5,1.0,None,1,237,"[{'cluster_no': -1, 'count': 237}]","[-1, -1, -1, -1, -1, -1, -1, -1, -1, -1, -1, -1, -1, -1, -1, -1, -1, -1, -1, -1, -1, -1, -1, -1, -1, -1, -1, -1, -1, -1, -1, -1, -1, -1, -1, -1, -1, -1, -1, -1, -1, -1, -1, -1, -1, -1, -1, -1, -1, -1, -1, -1, -1, -1, -1, -1, -1, -1, -1, -1, -1, -1, -1, -1, -1, -1, -1, -1, -1, -1, -1, -1, -1, -1, -1, -1, -1, -1, -1, -1, -1, -1, -1, -1, -1, -1, -1, -1, -1, -1, -1, -1, -1, -1, -1, -1, -1, -1, -1, -1, -1, -1, -1, -1, -1, -1, -1, -1, -1, -1, -1, -1, -1, -1, -1, -1, -1, -1, -1, -1, -1, -1, -1, -1, -1, -1, -1, -1, -1, -1, -1, -1, -1, -1, -1, -1, -1, -1, -1, -1, -1, -1, -1, -1, -1, -1, -1, -1, -1, -1, -1, -1, -1, -1, -1, -1, -1, -1, -1, -1, -1, -1, -1, -1, -1, -1, -1, -1, -1, -1, -1, -1, -1, -1, -1, -1, -1, -1, -1, -1, -1, -1, -1, -1, -1, -1, -1, -1, -1, -1, -1, -1, -1, -1, -1, -1, -1, -1, -1, -1, -1, -1, -1, -1, -1, -1, -1, -1, -1, -1, -1, -1, -1, -1, -1, -1, -1, -1, -1, -1, -1, -1, -1, -1, -1, -1, -1, -1, -1, -1, -1, -1, -1, -1, -1, -1, -1]"
150,28,6,0.0,None,1,237,"[{'cluster_no': -1, 'count': 237}]","[-1, -1, -1, -1, -1, -1, -1, -1, -1, -1, -1, -1, -1, -1, -1, -1, -1, -1, -1, -1, -1, -1, -1, -1, -1, -1, -1, -1, -1, -1, -1, -1, -1, -1, -1, -1, -1, -1, -1, -1, -1, -1, -1, -1, -1, -1, -1, -1, -1, -1, -1, -1, -1, -1, -1, -1, -1, -1, -1, -1, -1, -1, -1, -1, -1, -1, -1, -1, -1, -1, -1, -1, -1, -1, -1, -1, -1, -1, -1, -1, -1, -1, -1, -1, -1, -1, -1, -1, -1, -1, -1, -1, -1, -1, -1, -1, -1, -1, -1, -1, -1, -1, -1, -1, -1, -1, -1, -1, -1, -1, -1, -1, -1, -1, -1, -1, -1, -1, -1, -1, -1, -1, -1, -1, -1, -1, -1, -1, -1, -1, -1, -1, -1, -1, -1, -1, -1, -1, -1, -1, -1, -1, -1, -1, -1, -1, -1, -1, -1, -1, -1, -1, -1, -1, -1, -1, -1, -1, -1, -1, -1, -1, -1, -1, -1, -1, -1, -1, -1, -1, -1, -1, -1, -1, -1, -1, -1, -1, -1, -1, -1, -1, -1, -1, -1, -1, -1, -1, -1, -1, -1, -1, -1, -1, -1, -1, -1, -1, -1, -1, -1, -1, -1, -1, -1, -1, -1, -1, -1, -1, -1, -1, -1, -1, -1, -1, -1, -1, -1, -1, -1, -1, -1, -1, -1, -1, -1, -1, -1, -1, -1, -1, -1, -1, -1, -1, -1]"
150,28,6,0.5,None,1,237,"[{'cluster_no': -1, 'count': 237}]","[-1, -1, -1, -1, -1, -1, -1, -1, -1, -1, -1, -1, -1, -1, -1, -1, -1, -1, -1, -1, -1, -1, -1, -1, -1, -1, -1, -1, -1, -1, -1, -1, -1, -1, -1, -1, -1, -1, -1, -1, -1, -1, -1, -1, -1, -1, -1, -1, -1, -1, -1, -1, -1, -1, -1, -1, -1, -1, -1, -1, -1, -1, -1, -1, -1, -1, -1, -1, -1, -1, -1, -1, -1, -1, -1, -1, -1, -1, -1, -1, -1, -1, -1, -1, -1, -1, -1, -1, -1, -1, -1, -1, -1, -1, -1, -1, -1, -1, -1, -1, -1, -1, -1, -1, -1, -1, -1, -1, -1, -1, -1, -1, -1, -1, -1, -1, -1, -1, -1, -1, -1, -1, -1, -1, -1, -1, -1, -1, -1, -1, -1, -1, -1, -1, -1, -1, -1, -1, -1, -1, -1, -1, -1, -1, -1, -1, -1, -1, -1, -1, -1, -1, -1, -1, -1, -1, -1, -1, -1, -1, -1, -1, -1, -1, -1, -1, -1, -1, -1, -1, -1, -1, -1, -1, -1, -1, -1, -1, -1, -1, -1, -1, -1, -1, -1, -1, -1, -1, -1, -1, -1, -1, -1, -1, -1, -1, -1, -1, -1, -1, -1, -1, -1, -1, -1, -1, -1, -1, -1, -1, -1, -1, -1, -1, -1, -1, -1, -1, -1, -1, -1, -1, -1, -1, -1, -1, -1, -1, -1, -1, -1, -1, -1, -1, -1, -1, -1]"
150,28,6,1.0,None,1,237,"[{'cluster_no': -1, 'count': 237}]","[-1, -1, -1, -1, -1, -1, -1, -1, -1, -1, -1, -1, -1, -1, -1, -1, -1, -1, -1, -1, -1, -1, -1, -1, -1, -1, -1, -1, -1, -1, -1, -1, -1, -1, -1, -1, -1, -1, -1, -1, -1, -1, -1, -1, -1, -1, -1, -1, -1, -1, -1, -1, -1, -1, -1, -1, -1, -1, -1, -1, -1, -1, -1, -1, -1, -1, -1, -1, -1, -1, -1, -1, -1, -1, -1, -1, -1, -1, -1, -1, -1, -1, -1, -1, -1, -1, -1, -1, -1, -1, -1, -1, -1, -1, -1, -1, -1, -1, -1, -1, -1, -1, -1, -1, -1, -1, -1, -1, -1, -1, -1, -1, -1, -1, -1, -1, -1, -1, -1, -1, -1, -1, -1, -1, -1, -1, -1, -1, -1, -1, -1, -1, -1, -1, -1, -1, -1, -1, -1, -1, -1, -1, -1, -1, -1, -1, -1, -1, -1, -1, -1, -1, -1, -1, -1, -1, -1, -1, -1, -1, -1, -1, -1, -1, -1, -1, -1, -1, -1, -1, -1, -1, -1, -1, -1, -1, -1, -1, -1, -1, -1, -1, -1, -1, -1, -1, -1, -1, -1, -1, -1, -1, -1, -1, -1, -1, -1, -1, -1, -1, -1, -1, -1, -1, -1, -1, -1, -1, -1, -1, -1, -1, -1, -1, -1, -1, -1, -1, -1, -1, -1, -1, -1, -1, -1, -1, -1, -1, -1, -1, -1, -1, -1, -1, -1, -1, -1]"
150,28,7,0.0,None,1,237,"[{'cluster_no': -1, 'count': 237}]","[-1, -1, -1, -1, -1, -1, -1, -1, -1, -1, -1, -1, -1, -1, -1, -1, -1, -1, -1, -1, -1, -1, -1, -1, -1, -1, -1, -1, -1, -1, -1, -1, -1, -1, -1, -1, -1, -1, -1, -1, -1, -1, -1, -1, -1, -1, -1, -1, -1, -1, -1, -1, -1, -1, -1, -1, -1, -1, -1, -1, -1, -1, -1, -1, -1, -1, -1, -1, -1, -1, -1, -1, -1, -1, -1, -1, -1, -1, -1, -1, -1, -1, -1, -1, -1, -1, -1, -1, -1, -1, -1, -1, -1, -1, -1, -1, -1, -1, -1, -1, -1, -1, -1, -1, -1, -1, -1, -1, -1, -1, -1, -1, -1, -1, -1, -1, -1, -1, -1, -1, -1, -1, -1, -1, -1, -1, -1, -1, -1, -1, -1, -1, -1, -1, -1, -1, -1, -1, -1, -1, -1, -1, -1, -1, -1, -1, -1, -1, -1, -1, -1, -1, -1, -1, -1, -1, -1, -1, -1, -1, -1, -1, -1, -1, -1, -1, -1, -1, -1, -1, -1, -1, -1, -1, -1, -1, -1, -1, -1, -1, -1, -1, -1, -1, -1, -1, -1, -1, -1, -1, -1, -1, -1, -1, -1, -1, -1, -1, -1, -1, -1, -1, -1, -1, -1, -1, -1, -1, -1, -1, -1, -1, -1, -1, -1, -1, -1, -1, -1, -1, -1, -1, -1, -1, -1, -1, -1, -1, -1, -1, -1, -1, -1, -1, -1, -1, -1]"
150,28,7,0.5,None,1,237,"[{'cluster_no': -1, 'count': 237}]","[-1, -1, -1, -1, -1, -1, -1, -1, -1, -1, -1, -1, -1, -1, -1, -1, -1, -1, -1, -1, -1, -1, -1, -1, -1, -1, -1, -1, -1, -1, -1, -1, -1, -1, -1, -1, -1, -1, -1, -1, -1, -1, -1, -1, -1, -1, -1, -1, -1, -1, -1, -1, -1, -1, -1, -1, -1, -1, -1, -1, -1, -1, -1, -1, -1, -1, -1, -1, -1, -1, -1, -1, -1, -1, -1, -1, -1, -1, -1, -1, -1, -1, -1, -1, -1, -1, -1, -1, -1, -1, -1, -1, -1, -1, -1, -1, -1, -1, -1, -1, -1, -1, -1, -1, -1, -1, -1, -1, -1, -1, -1, -1, -1, -1, -1, -1, -1, -1, -1, -1, -1, -1, -1, -1, -1, -1, -1, -1, -1, -1, -1, -1, -1, -1, -1, -1, -1, -1, -1, -1, -1, -1, -1, -1, -1, -1, -1, -1, -1, -1, -1, -1, -1, -1, -1, -1, -1, -1, -1, -1, -1, -1, -1, -1, -1, -1, -1, -1, -1, -1, -1, -1, -1, -1, -1, -1, -1, -1, -1, -1, -1, -1, -1, -1, -1, -1, -1, -1, -1, -1, -1, -1, -1, -1, -1, -1, -1, -1, -1, -1, -1, -1, -1, -1, -1, -1, -1, -1, -1, -1, -1, -1, -1, -1, -1, -1, -1, -1, -1, -1, -1, -1, -1, -1, -1, -1, -1, -1, -1, -1, -1, -1, -1, -1, -1, -1, -1]"
150,28,7,1.0,None,1,237,"[{'cluster_no': -1, 'count': 237}]","[-1, -1, -1, -1, -1, -1, -1, -1, -1, -1, -1, -1, -1, -1, -1, -1, -1, -1, -1, -1, -1, -1, -1, -1, -1, -1, -1, -1, -1, -1, -1, -1, -1, -1, -1, -1, -1, -1, -1, -1, -1, -1, -1, -1, -1, -1, -1, -1, -1, -1, -1, -1, -1, -1, -1, -1, -1, -1, -1, -1, -1, -1, -1, -1, -1, -1, -1, -1, -1, -1, -1, -1, -1, -1, -1, -1, -1, -1, -1, -1, -1, -1, -1, -1, -1, -1, -1, -1, -1, -1, -1, -1, -1, -1, -1, -1, -1, -1, -1, -1, -1, -1, -1, -1, -1, -1, -1, -1, -1, -1, -1, -1, -1, -1, -1, -1, -1, -1, -1, -1, -1, -1, -1, -1, -1, -1, -1, -1, -1, -1, -1, -1, -1, -1, -1, -1, -1, -1, -1, -1, -1, -1, -1, -1, -1, -1, -1, -1, -1, -1, -1, -1, -1, -1, -1, -1, -1, -1, -1, -1, -1, -1, -1, -1, -1, -1, -1, -1, -1, -1, -1, -1, -1, -1, -1, -1, -1, -1, -1, -1, -1, -1, -1, -1, -1, -1, -1, -1, -1, -1, -1, -1, -1, -1, -1, -1, -1, -1, -1, -1, -1, -1, -1, -1, -1, -1, -1, -1, -1, -1, -1, -1, -1, -1, -1, -1, -1, -1, -1, -1, -1, -1, -1, -1, -1, -1, -1, -1, -1, -1, -1, -1, -1, -1, -1, -1, -1]"
150,28,8,0.0,None,1,237,"[{'cluster_no': -1, 'count': 237}]","[-1, -1, -1, -1, -1, -1, -1, -1, -1, -1, -1, -1, -1, -1, -1, -1, -1, -1, -1, -1, -1, -1, -1, -1, -1, -1, -1, -1, -1, -1, -1, -1, -1, -1, -1, -1, -1, -1, -1, -1, -1, -1, -1, -1, -1, -1, -1, -1, -1, -1, -1, -1, -1, -1, -1, -1, -1, -1, -1, -1, -1, -1, -1, -1, -1, -1, -1, -1, -1, -1, -1, -1, -1, -1, -1, -1, -1, -1, -1, -1, -1, -1, -1, -1, -1, -1, -1, -1, -1, -1, -1, -1, -1, -1, -1, -1, -1, -1, -1, -1, -1, -1, -1, -1, -1, -1, -1, -1, -1, -1, -1, -1, -1, -1, -1, -1, -1, -1, -1, -1, -1, -1, -1, -1, -1, -1, -1, -1, -1, -1, -1, -1, -1, -1, -1, -1, -1, -1, -1, -1, -1, -1, -1, -1, -1, -1, -1, -1, -1, -1, -1, -1, -1, -1, -1, -1, -1, -1, -1, -1, -1, -1, -1, -1, -1, -1, -1, -1, -1, -1, -1, -1, -1, -1, -1, -1, -1, -1, -1, -1, -1, -1, -1, -1, -1, -1, -1, -1, -1, -1, -1, -1, -1, -1, -1, -1, -1, -1, -1, -1, -1, -1, -1, -1, -1, -1, -1, -1, -1, -1, -1, -1, -1, -1, -1, -1, -1, -1, -1, -1, -1, -1, -1, -1, -1, -1, -1, -1, -1, -1, -1, -1, -1, -1, -1, -1, -1]"
150,28,8,0.5,None,1,237,"[{'cluster_no': -1, 'count': 237}]","[-1, -1, -1, -1, -1, -1, -1, -1, -1, -1, -1, -1, -1, -1, -1, -1, -1, -1, -1, -1, -1, -1, -1, -1, -1, -1, -1, -1, -1, -1, -1, -1, -1, -1, -1, -1, -1, -1, -1, -1, -1, -1, -1, -1, -1, -1, -1, -1, -1, -1, -1, -1, -1, -1, -1, -1, -1, -1, -1, -1, -1, -1, -1, -1, -1, -1, -1, -1, -1, -1, -1, -1, -1, -1, -1, -1, -1, -1, -1, -1, -1, -1, -1, -1, -1, -1, -1, -1, -1, -1, -1, -1, -1, -1, -1, -1, -1, -1, -1, -1, -1, -1, -1, -1, -1, -1, -1, -1, -1, -1, -1, -1, -1, -1, -1, -1, -1, -1, -1, -1, -1, -1, -1, -1, -1, -1, -1, -1, -1, -1, -1, -1, -1, -1, -1, -1, -1, -1, -1, -1, -1, -1, -1, -1, -1, -1, -1, -1, -1, -1, -1, -1, -1, -1, -1, -1, -1, -1, -1, -1, -1, -1, -1, -1, -1, -1, -1, -1, -1, -1, -1, -1, -1, -1, -1, -1, -1, -1, -1, -1, -1, -1, -1, -1, -1, -1, -1, -1, -1, -1, -1, -1, -1, -1, -1, -1, -1, -1, -1, -1, -1, -1, -1, -1, -1, -1, -1, -1, -1, -1, -1, -1, -1, -1, -1, -1, -1, -1, -1, -1, -1, -1, -1, -1, -1, -1, -1, -1, -1, -1, -1, -1, -1, -1, -1, -1, -1]"
150,28,8,1.0,None,1,237,"[{'cluster_no': -1, 'count': 237}]","[-1, -1, -1, -1, -1, -1, -1, -1, -1, -1, -1, -1, -1, -1, -1, -1, -1, -1, -1, -1, -1, -1, -1, -1, -1, -1, -1, -1, -1, -1, -1, -1, -1, -1, -1, -1, -1, -1, -1, -1, -1, -1, -1, -1, -1, -1, -1, -1, -1, -1, -1, -1, -1, -1, -1, -1, -1, -1, -1, -1, -1, -1, -1, -1, -1, -1, -1, -1, -1, -1, -1, -1, -1, -1, -1, -1, -1, -1, -1, -1, -1, -1, -1, -1, -1, -1, -1, -1, -1, -1, -1, -1, -1, -1, -1, -1, -1, -1, -1, -1, -1, -1, -1, -1, -1, -1, -1, -1, -1, -1, -1, -1, -1, -1, -1, -1, -1, -1, -1, -1, -1, -1, -1, -1, -1, -1, -1, -1, -1, -1, -1, -1, -1, -1, -1, -1, -1, -1, -1, -1, -1, -1, -1, -1, -1, -1, -1, -1, -1, -1, -1, -1, -1, -1, -1, -1, -1, -1, -1, -1, -1, -1, -1, -1, -1, -1, -1, -1, -1, -1, -1, -1, -1, -1, -1, -1, -1, -1, -1, -1, -1, -1, -1, -1, -1, -1, -1, -1, -1, -1, -1, -1, -1, -1, -1, -1, -1, -1, -1, -1, -1, -1, -1, -1, -1, -1, -1, -1, -1, -1, -1, -1, -1, -1, -1, -1, -1, -1, -1, -1, -1, -1, -1, -1, -1, -1, -1, -1, -1, -1, -1, -1, -1, -1, -1, -1, -1]"
150,28,9,0.0,None,1,237,"[{'cluster_no': -1, 'count': 237}]","[-1, -1, -1, -1, -1, -1, -1, -1, -1, -1, -1, -1, -1, -1, -1, -1, -1, -1, -1, -1, -1, -1, -1, -1, -1, -1, -1, -1, -1, -1, -1, -1, -1, -1, -1, -1, -1, -1, -1, -1, -1, -1, -1, -1, -1, -1, -1, -1, -1, -1, -1, -1, -1, -1, -1, -1, -1, -1, -1, -1, -1, -1, -1, -1, -1, -1, -1, -1, -1, -1, -1, -1, -1, -1, -1, -1, -1, -1, -1, -1, -1, -1, -1, -1, -1, -1, -1, -1, -1, -1, -1, -1, -1, -1, -1, -1, -1, -1, -1, -1, -1, -1, -1, -1, -1, -1, -1, -1, -1, -1, -1, -1, -1, -1, -1, -1, -1, -1, -1, -1, -1, -1, -1, -1, -1, -1, -1, -1, -1, -1, -1, -1, -1, -1, -1, -1, -1, -1, -1, -1, -1, -1, -1, -1, -1, -1, -1, -1, -1, -1, -1, -1, -1, -1, -1, -1, -1, -1, -1, -1, -1, -1, -1, -1, -1, -1, -1, -1, -1, -1, -1, -1, -1, -1, -1, -1, -1, -1, -1, -1, -1, -1, -1, -1, -1, -1, -1, -1, -1, -1, -1, -1, -1, -1, -1, -1, -1, -1, -1, -1, -1, -1, -1, -1, -1, -1, -1, -1, -1, -1, -1, -1, -1, -1, -1, -1, -1, -1, -1, -1, -1, -1, -1, -1, -1, -1, -1, -1, -1, -1, -1, -1, -1, -1, -1, -1, -1]"
150,28,9,0.5,None,1,237,"[{'cluster_no': -1, 'count': 237}]","[-1, -1, -1, -1, -1, -1, -1, -1, -1, -1, -1, -1, -1, -1, -1, -1, -1, -1, -1, -1, -1, -1, -1, -1, -1, -1, -1, -1, -1, -1, -1, -1, -1, -1, -1, -1, -1, -1, -1, -1, -1, -1, -1, -1, -1, -1, -1, -1, -1, -1, -1, -1, -1, -1, -1, -1, -1, -1, -1, -1, -1, -1, -1, -1, -1, -1, -1, -1, -1, -1, -1, -1, -1, -1, -1, -1, -1, -1, -1, -1, -1, -1, -1, -1, -1, -1, -1, -1, -1, -1, -1, -1, -1, -1, -1, -1, -1, -1, -1, -1, -1, -1, -1, -1, -1, -1, -1, -1, -1, -1, -1, -1, -1, -1, -1, -1, -1, -1, -1, -1, -1, -1, -1, -1, -1, -1, -1, -1, -1, -1, -1, -1, -1, -1, -1, -1, -1, -1, -1, -1, -1, -1, -1, -1, -1, -1, -1, -1, -1, -1, -1, -1, -1, -1, -1, -1, -1, -1, -1, -1, -1, -1, -1, -1, -1, -1, -1, -1, -1, -1, -1, -1, -1, -1, -1, -1, -1, -1, -1, -1, -1, -1, -1, -1, -1, -1, -1, -1, -1, -1, -1, -1, -1, -1, -1, -1, -1, -1, -1, -1, -1, -1, -1, -1, -1, -1, -1, -1, -1, -1, -1, -1, -1, -1, -1, -1, -1, -1, -1, -1, -1, -1, -1, -1, -1, -1, -1, -1, -1, -1, -1, -1, -1, -1, -1, -1, -1]"
150,28,9,1.0,None,1,237,"[{'cluster_no': -1, 'count': 237}]","[-1, -1, -1, -1, -1, -1, -1, -1, -1, -1, -1, -1, -1, -1, -1, -1, -1, -1, -1, -1, -1, -1, -1, -1, -1, -1, -1, -1, -1, -1, -1, -1, -1, -1, -1, -1, -1, -1, -1, -1, -1, -1, -1, -1, -1, -1, -1, -1, -1, -1, -1, -1, -1, -1, -1, -1, -1, -1, -1, -1, -1, -1, -1, -1, -1, -1, -1, -1, -1, -1, -1, -1, -1, -1, -1, -1, -1, -1, -1, -1, -1, -1, -1, -1, -1, -1, -1, -1, -1, -1, -1, -1, -1, -1, -1, -1, -1, -1, -1, -1, -1, -1, -1, -1, -1, -1, -1, -1, -1, -1, -1, -1, -1, -1, -1, -1, -1, -1, -1, -1, -1, -1, -1, -1, -1, -1, -1, -1, -1, -1, -1, -1, -1, -1, -1, -1, -1, -1, -1, -1, -1, -1, -1, -1, -1, -1, -1, -1, -1, -1, -1, -1, -1, -1, -1, -1, -1, -1, -1, -1, -1, -1, -1, -1, -1, -1, -1, -1, -1, -1, -1, -1, -1, -1, -1, -1, -1, -1, -1, -1, -1, -1, -1, -1, -1, -1, -1, -1, -1, -1, -1, -1, -1, -1, -1, -1, -1, -1, -1, -1, -1, -1, -1, -1, -1, -1, -1, -1, -1, -1, -1, -1, -1, -1, -1, -1, -1, -1, -1, -1, -1, -1, -1, -1, -1, -1, -1, -1, -1, -1, -1, -1, -1, -1, -1, -1, -1]"
150,28,10,0.0,None,1,237,"[{'cluster_no': -1, 'count': 237}]","[-1, -1, -1, -1, -1, -1, -1, -1, -1, -1, -1, -1, -1, -1, -1, -1, -1, -1, -1, -1, -1, -1, -1, -1, -1, -1, -1, -1, -1, -1, -1, -1, -1, -1, -1, -1, -1, -1, -1, -1, -1, -1, -1, -1, -1, -1, -1, -1, -1, -1, -1, -1, -1, -1, -1, -1, -1, -1, -1, -1, -1, -1, -1, -1, -1, -1, -1, -1, -1, -1, -1, -1, -1, -1, -1, -1, -1, -1, -1, -1, -1, -1, -1, -1, -1, -1, -1, -1, -1, -1, -1, -1, -1, -1, -1, -1, -1, -1, -1, -1, -1, -1, -1, -1, -1, -1, -1, -1, -1, -1, -1, -1, -1, -1, -1, -1, -1, -1, -1, -1, -1, -1, -1, -1, -1, -1, -1, -1, -1, -1, -1, -1, -1, -1, -1, -1, -1, -1, -1, -1, -1, -1, -1, -1, -1, -1, -1, -1, -1, -1, -1, -1, -1, -1, -1, -1, -1, -1, -1, -1, -1, -1, -1, -1, -1, -1, -1, -1, -1, -1, -1, -1, -1, -1, -1, -1, -1, -1, -1, -1, -1, -1, -1, -1, -1, -1, -1, -1, -1, -1, -1, -1, -1, -1, -1, -1, -1, -1, -1, -1, -1, -1, -1, -1, -1, -1, -1, -1, -1, -1, -1, -1, -1, -1, -1, -1, -1, -1, -1, -1, -1, -1, -1, -1, -1, -1, -1, -1, -1, -1, -1, -1, -1, -1, -1, -1, -1]"
150,28,10,0.5,None,1,237,"[{'cluster_no': -1, 'count': 237}]","[-1, -1, -1, -1, -1, -1, -1, -1, -1, -1, -1, -1, -1, -1, -1, -1, -1, -1, -1, -1, -1, -1, -1, -1, -1, -1, -1, -1, -1, -1, -1, -1, -1, -1, -1, -1, -1, -1, -1, -1, -1, -1, -1, -1, -1, -1, -1, -1, -1, -1, -1, -1, -1, -1, -1, -1, -1, -1, -1, -1, -1, -1, -1, -1, -1, -1, -1, -1, -1, -1, -1, -1, -1, -1, -1, -1, -1, -1, -1, -1, -1, -1, -1, -1, -1, -1, -1, -1, -1, -1, -1, -1, -1, -1, -1, -1, -1, -1, -1, -1, -1, -1, -1, -1, -1, -1, -1, -1, -1, -1, -1, -1, -1, -1, -1, -1, -1, -1, -1, -1, -1, -1, -1, -1, -1, -1, -1, -1, -1, -1, -1, -1, -1, -1, -1, -1, -1, -1, -1, -1, -1, -1, -1, -1, -1, -1, -1, -1, -1, -1, -1, -1, -1, -1, -1, -1, -1, -1, -1, -1, -1, -1, -1, -1, -1, -1, -1, -1, -1, -1, -1, -1, -1, -1, -1, -1, -1, -1, -1, -1, -1, -1, -1, -1, -1, -1, -1, -1, -1, -1, -1, -1, -1, -1, -1, -1, -1, -1, -1, -1, -1, -1, -1, -1, -1, -1, -1, -1, -1, -1, -1, -1, -1, -1, -1, -1, -1, -1, -1, -1, -1, -1, -1, -1, -1, -1, -1, -1, -1, -1, -1, -1, -1, -1, -1, -1, -1]"
150,28,10,1.0,None,1,237,"[{'cluster_no': -1, 'count': 237}]","[-1, -1, -1, -1, -1, -1, -1, -1, -1, -1, -1, -1, -1, -1, -1, -1, -1, -1, -1, -1, -1, -1, -1, -1, -1, -1, -1, -1, -1, -1, -1, -1, -1, -1, -1, -1, -1, -1, -1, -1, -1, -1, -1, -1, -1, -1, -1, -1, -1, -1, -1, -1, -1, -1, -1, -1, -1, -1, -1, -1, -1, -1, -1, -1, -1, -1, -1, -1, -1, -1, -1, -1, -1, -1, -1, -1, -1, -1, -1, -1, -1, -1, -1, -1, -1, -1, -1, -1, -1, -1, -1, -1, -1, -1, -1, -1, -1, -1, -1, -1, -1, -1, -1, -1, -1, -1, -1, -1, -1, -1, -1, -1, -1, -1, -1, -1, -1, -1, -1, -1, -1, -1, -1, -1, -1, -1, -1, -1, -1, -1, -1, -1, -1, -1, -1, -1, -1, -1, -1, -1, -1, -1, -1, -1, -1, -1, -1, -1, -1, -1, -1, -1, -1, -1, -1, -1, -1, -1, -1, -1, -1, -1, -1, -1, -1, -1, -1, -1, -1, -1, -1, -1, -1, -1, -1, -1, -1, -1, -1, -1, -1, -1, -1, -1, -1, -1, -1, -1, -1, -1, -1, -1, -1, -1, -1, -1, -1, -1, -1, -1, -1, -1, -1, -1, -1, -1, -1, -1, -1, -1, -1, -1, -1, -1, -1, -1, -1, -1, -1, -1, -1, -1, -1, -1, -1, -1, -1, -1, -1, -1, -1, -1, -1, -1, -1, -1, -1]"
150,28,11,0.0,None,1,237,"[{'cluster_no': -1, 'count': 237}]","[-1, -1, -1, -1, -1, -1, -1, -1, -1, -1, -1, -1, -1, -1, -1, -1, -1, -1, -1, -1, -1, -1, -1, -1, -1, -1, -1, -1, -1, -1, -1, -1, -1, -1, -1, -1, -1, -1, -1, -1, -1, -1, -1, -1, -1, -1, -1, -1, -1, -1, -1, -1, -1, -1, -1, -1, -1, -1, -1, -1, -1, -1, -1, -1, -1, -1, -1, -1, -1, -1, -1, -1, -1, -1, -1, -1, -1, -1, -1, -1, -1, -1, -1, -1, -1, -1, -1, -1, -1, -1, -1, -1, -1, -1, -1, -1, -1, -1, -1, -1, -1, -1, -1, -1, -1, -1, -1, -1, -1, -1, -1, -1, -1, -1, -1, -1, -1, -1, -1, -1, -1, -1, -1, -1, -1, -1, -1, -1, -1, -1, -1, -1, -1, -1, -1, -1, -1, -1, -1, -1, -1, -1, -1, -1, -1, -1, -1, -1, -1, -1, -1, -1, -1, -1, -1, -1, -1, -1, -1, -1, -1, -1, -1, -1, -1, -1, -1, -1, -1, -1, -1, -1, -1, -1, -1, -1, -1, -1, -1, -1, -1, -1, -1, -1, -1, -1, -1, -1, -1, -1, -1, -1, -1, -1, -1, -1, -1, -1, -1, -1, -1, -1, -1, -1, -1, -1, -1, -1, -1, -1, -1, -1, -1, -1, -1, -1, -1, -1, -1, -1, -1, -1, -1, -1, -1, -1, -1, -1, -1, -1, -1, -1, -1, -1, -1, -1, -1]"
150,28,11,0.5,None,1,237,"[{'cluster_no': -1, 'count': 237}]","[-1, -1, -1, -1, -1, -1, -1, -1, -1, -1, -1, -1, -1, -1, -1, -1, -1, -1, -1, -1, -1, -1, -1, -1, -1, -1, -1, -1, -1, -1, -1, -1, -1, -1, -1, -1, -1, -1, -1, -1, -1, -1, -1, -1, -1, -1, -1, -1, -1, -1, -1, -1, -1, -1, -1, -1, -1, -1, -1, -1, -1, -1, -1, -1, -1, -1, -1, -1, -1, -1, -1, -1, -1, -1, -1, -1, -1, -1, -1, -1, -1, -1, -1, -1, -1, -1, -1, -1, -1, -1, -1, -1, -1, -1, -1, -1, -1, -1, -1, -1, -1, -1, -1, -1, -1, -1, -1, -1, -1, -1, -1, -1, -1, -1, -1, -1, -1, -1, -1, -1, -1, -1, -1, -1, -1, -1, -1, -1, -1, -1, -1, -1, -1, -1, -1, -1, -1, -1, -1, -1, -1, -1, -1, -1, -1, -1, -1, -1, -1, -1, -1, -1, -1, -1, -1, -1, -1, -1, -1, -1, -1, -1, -1, -1, -1, -1, -1, -1, -1, -1, -1, -1, -1, -1, -1, -1, -1, -1, -1, -1, -1, -1, -1, -1, -1, -1, -1, -1, -1, -1, -1, -1, -1, -1, -1, -1, -1, -1, -1, -1, -1, -1, -1, -1, -1, -1, -1, -1, -1, -1, -1, -1, -1, -1, -1, -1, -1, -1, -1, -1, -1, -1, -1, -1, -1, -1, -1, -1, -1, -1, -1, -1, -1, -1, -1, -1, -1]"
150,28,11,1.0,None,1,237,"[{'cluster_no': -1, 'count': 237}]","[-1, -1, -1, -1, -1, -1, -1, -1, -1, -1, -1, -1, -1, -1, -1, -1, -1, -1, -1, -1, -1, -1, -1, -1, -1, -1, -1, -1, -1, -1, -1, -1, -1, -1, -1, -1, -1, -1, -1, -1, -1, -1, -1, -1, -1, -1, -1, -1, -1, -1, -1, -1, -1, -1, -1, -1, -1, -1, -1, -1, -1, -1, -1, -1, -1, -1, -1, -1, -1, -1, -1, -1, -1, -1, -1, -1, -1, -1, -1, -1, -1, -1, -1, -1, -1, -1, -1, -1, -1, -1, -1, -1, -1, -1, -1, -1, -1, -1, -1, -1, -1, -1, -1, -1, -1, -1, -1, -1, -1, -1, -1, -1, -1, -1, -1, -1, -1, -1, -1, -1, -1, -1, -1, -1, -1, -1, -1, -1, -1, -1, -1, -1, -1, -1, -1, -1, -1, -1, -1, -1, -1, -1, -1, -1, -1, -1, -1, -1, -1, -1, -1, -1, -1, -1, -1, -1, -1, -1, -1, -1, -1, -1, -1, -1, -1, -1, -1, -1, -1, -1, -1, -1, -1, -1, -1, -1, -1, -1, -1, -1, -1, -1, -1, -1, -1, -1, -1, -1, -1, -1, -1, -1, -1, -1, -1, -1, -1, -1, -1, -1, -1, -1, -1, -1, -1, -1, -1, -1, -1, -1, -1, -1, -1, -1, -1, -1, -1, -1, -1, -1, -1, -1, -1, -1, -1, -1, -1, -1, -1, -1, -1, -1, -1, -1, -1, -1, -1]"
150,28,12,0.0,None,1,237,"[{'cluster_no': -1, 'count': 237}]","[-1, -1, -1, -1, -1, -1, -1, -1, -1, -1, -1, -1, -1, -1, -1, -1, -1, -1, -1, -1, -1, -1, -1, -1, -1, -1, -1, -1, -1, -1, -1, -1, -1, -1, -1, -1, -1, -1, -1, -1, -1, -1, -1, -1, -1, -1, -1, -1, -1, -1, -1, -1, -1, -1, -1, -1, -1, -1, -1, -1, -1, -1, -1, -1, -1, -1, -1, -1, -1, -1, -1, -1, -1, -1, -1, -1, -1, -1, -1, -1, -1, -1, -1, -1, -1, -1, -1, -1, -1, -1, -1, -1, -1, -1, -1, -1, -1, -1, -1, -1, -1, -1, -1, -1, -1, -1, -1, -1, -1, -1, -1, -1, -1, -1, -1, -1, -1, -1, -1, -1, -1, -1, -1, -1, -1, -1, -1, -1, -1, -1, -1, -1, -1, -1, -1, -1, -1, -1, -1, -1, -1, -1, -1, -1, -1, -1, -1, -1, -1, -1, -1, -1, -1, -1, -1, -1, -1, -1, -1, -1, -1, -1, -1, -1, -1, -1, -1, -1, -1, -1, -1, -1, -1, -1, -1, -1, -1, -1, -1, -1, -1, -1, -1, -1, -1, -1, -1, -1, -1, -1, -1, -1, -1, -1, -1, -1, -1, -1, -1, -1, -1, -1, -1, -1, -1, -1, -1, -1, -1, -1, -1, -1, -1, -1, -1, -1, -1, -1, -1, -1, -1, -1, -1, -1, -1, -1, -1, -1, -1, -1, -1, -1, -1, -1, -1, -1, -1]"
150,28,12,0.5,None,1,237,"[{'cluster_no': -1, 'count': 237}]","[-1, -1, -1, -1, -1, -1, -1, -1, -1, -1, -1, -1, -1, -1, -1, -1, -1, -1, -1, -1, -1, -1, -1, -1, -1, -1, -1, -1, -1, -1, -1, -1, -1, -1, -1, -1, -1, -1, -1, -1, -1, -1, -1, -1, -1, -1, -1, -1, -1, -1, -1, -1, -1, -1, -1, -1, -1, -1, -1, -1, -1, -1, -1, -1, -1, -1, -1, -1, -1, -1, -1, -1, -1, -1, -1, -1, -1, -1, -1, -1, -1, -1, -1, -1, -1, -1, -1, -1, -1, -1, -1, -1, -1, -1, -1, -1, -1, -1, -1, -1, -1, -1, -1, -1, -1, -1, -1, -1, -1, -1, -1, -1, -1, -1, -1, -1, -1, -1, -1, -1, -1, -1, -1, -1, -1, -1, -1, -1, -1, -1, -1, -1, -1, -1, -1, -1, -1, -1, -1, -1, -1, -1, -1, -1, -1, -1, -1, -1, -1, -1, -1, -1, -1, -1, -1, -1, -1, -1, -1, -1, -1, -1, -1, -1, -1, -1, -1, -1, -1, -1, -1, -1, -1, -1, -1, -1, -1, -1, -1, -1, -1, -1, -1, -1, -1, -1, -1, -1, -1, -1, -1, -1, -1, -1, -1, -1, -1, -1, -1, -1, -1, -1, -1, -1, -1, -1, -1, -1, -1, -1, -1, -1, -1, -1, -1, -1, -1, -1, -1, -1, -1, -1, -1, -1, -1, -1, -1, -1, -1, -1, -1, -1, -1, -1, -1, -1, -1]"
150,28,12,1.0,None,1,237,"[{'cluster_no': -1, 'count': 237}]","[-1, -1, -1, -1, -1, -1, -1, -1, -1, -1, -1, -1, -1, -1, -1, -1, -1, -1, -1, -1, -1, -1, -1, -1, -1, -1, -1, -1, -1, -1, -1, -1, -1, -1, -1, -1, -1, -1, -1, -1, -1, -1, -1, -1, -1, -1, -1, -1, -1, -1, -1, -1, -1, -1, -1, -1, -1, -1, -1, -1, -1, -1, -1, -1, -1, -1, -1, -1, -1, -1, -1, -1, -1, -1, -1, -1, -1, -1, -1, -1, -1, -1, -1, -1, -1, -1, -1, -1, -1, -1, -1, -1, -1, -1, -1, -1, -1, -1, -1, -1, -1, -1, -1, -1, -1, -1, -1, -1, -1, -1, -1, -1, -1, -1, -1, -1, -1, -1, -1, -1, -1, -1, -1, -1, -1, -1, -1, -1, -1, -1, -1, -1, -1, -1, -1, -1, -1, -1, -1, -1, -1, -1, -1, -1, -1, -1, -1, -1, -1, -1, -1, -1, -1, -1, -1, -1, -1, -1, -1, -1, -1, -1, -1, -1, -1, -1, -1, -1, -1, -1, -1, -1, -1, -1, -1, -1, -1, -1, -1, -1, -1, -1, -1, -1, -1, -1, -1, -1, -1, -1, -1, -1, -1, -1, -1, -1, -1, -1, -1, -1, -1, -1, -1, -1, -1, -1, -1, -1, -1, -1, -1, -1, -1, -1, -1, -1, -1, -1, -1, -1, -1, -1, -1, -1, -1, -1, -1, -1, -1, -1, -1, -1, -1, -1, -1, -1, -1]"
150,28,13,0.0,None,1,237,"[{'cluster_no': -1, 'count': 237}]","[-1, -1, -1, -1, -1, -1, -1, -1, -1, -1, -1, -1, -1, -1, -1, -1, -1, -1, -1, -1, -1, -1, -1, -1, -1, -1, -1, -1, -1, -1, -1, -1, -1, -1, -1, -1, -1, -1, -1, -1, -1, -1, -1, -1, -1, -1, -1, -1, -1, -1, -1, -1, -1, -1, -1, -1, -1, -1, -1, -1, -1, -1, -1, -1, -1, -1, -1, -1, -1, -1, -1, -1, -1, -1, -1, -1, -1, -1, -1, -1, -1, -1, -1, -1, -1, -1, -1, -1, -1, -1, -1, -1, -1, -1, -1, -1, -1, -1, -1, -1, -1, -1, -1, -1, -1, -1, -1, -1, -1, -1, -1, -1, -1, -1, -1, -1, -1, -1, -1, -1, -1, -1, -1, -1, -1, -1, -1, -1, -1, -1, -1, -1, -1, -1, -1, -1, -1, -1, -1, -1, -1, -1, -1, -1, -1, -1, -1, -1, -1, -1, -1, -1, -1, -1, -1, -1, -1, -1, -1, -1, -1, -1, -1, -1, -1, -1, -1, -1, -1, -1, -1, -1, -1, -1, -1, -1, -1, -1, -1, -1, -1, -1, -1, -1, -1, -1, -1, -1, -1, -1, -1, -1, -1, -1, -1, -1, -1, -1, -1, -1, -1, -1, -1, -1, -1, -1, -1, -1, -1, -1, -1, -1, -1, -1, -1, -1, -1, -1, -1, -1, -1, -1, -1, -1, -1, -1, -1, -1, -1, -1, -1, -1, -1, -1, -1, -1, -1]"
150,28,13,0.5,None,1,237,"[{'cluster_no': -1, 'count': 237}]","[-1, -1, -1, -1, -1, -1, -1, -1, -1, -1, -1, -1, -1, -1, -1, -1, -1, -1, -1, -1, -1, -1, -1, -1, -1, -1, -1, -1, -1, -1, -1, -1, -1, -1, -1, -1, -1, -1, -1, -1, -1, -1, -1, -1, -1, -1, -1, -1, -1, -1, -1, -1, -1, -1, -1, -1, -1, -1, -1, -1, -1, -1, -1, -1, -1, -1, -1, -1, -1, -1, -1, -1, -1, -1, -1, -1, -1, -1, -1, -1, -1, -1, -1, -1, -1, -1, -1, -1, -1, -1, -1, -1, -1, -1, -1, -1, -1, -1, -1, -1, -1, -1, -1, -1, -1, -1, -1, -1, -1, -1, -1, -1, -1, -1, -1, -1, -1, -1, -1, -1, -1, -1, -1, -1, -1, -1, -1, -1, -1, -1, -1, -1, -1, -1, -1, -1, -1, -1, -1, -1, -1, -1, -1, -1, -1, -1, -1, -1, -1, -1, -1, -1, -1, -1, -1, -1, -1, -1, -1, -1, -1, -1, -1, -1, -1, -1, -1, -1, -1, -1, -1, -1, -1, -1, -1, -1, -1, -1, -1, -1, -1, -1, -1, -1, -1, -1, -1, -1, -1, -1, -1, -1, -1, -1, -1, -1, -1, -1, -1, -1, -1, -1, -1, -1, -1, -1, -1, -1, -1, -1, -1, -1, -1, -1, -1, -1, -1, -1, -1, -1, -1, -1, -1, -1, -1, -1, -1, -1, -1, -1, -1, -1, -1, -1, -1, -1, -1]"
150,28,13,1.0,None,1,237,"[{'cluster_no': -1, 'count': 237}]","[-1, -1, -1, -1, -1, -1, -1, -1, -1, -1, -1, -1, -1, -1, -1, -1, -1, -1, -1, -1, -1, -1, -1, -1, -1, -1, -1, -1, -1, -1, -1, -1, -1, -1, -1, -1, -1, -1, -1, -1, -1, -1, -1, -1, -1, -1, -1, -1, -1, -1, -1, -1, -1, -1, -1, -1, -1, -1, -1, -1, -1, -1, -1, -1, -1, -1, -1, -1, -1, -1, -1, -1, -1, -1, -1, -1, -1, -1, -1, -1, -1, -1, -1, -1, -1, -1, -1, -1, -1, -1, -1, -1, -1, -1, -1, -1, -1, -1, -1, -1, -1, -1, -1, -1, -1, -1, -1, -1, -1, -1, -1, -1, -1, -1, -1, -1, -1, -1, -1, -1, -1, -1, -1, -1, -1, -1, -1, -1, -1, -1, -1, -1, -1, -1, -1, -1, -1, -1, -1, -1, -1, -1, -1, -1, -1, -1, -1, -1, -1, -1, -1, -1, -1, -1, -1, -1, -1, -1, -1, -1, -1, -1, -1, -1, -1, -1, -1, -1, -1, -1, -1, -1, -1, -1, -1, -1, -1, -1, -1, -1, -1, -1, -1, -1, -1, -1, -1, -1, -1, -1, -1, -1, -1, -1, -1, -1, -1, -1, -1, -1, -1, -1, -1, -1, -1, -1, -1, -1, -1, -1, -1, -1, -1, -1, -1, -1, -1, -1, -1, -1, -1, -1, -1, -1, -1, -1, -1, -1, -1, -1, -1, -1, -1, -1, -1, -1, -1]"
150,28,14,0.0,None,1,237,"[{'cluster_no': -1, 'count': 237}]","[-1, -1, -1, -1, -1, -1, -1, -1, -1, -1, -1, -1, -1, -1, -1, -1, -1, -1, -1, -1, -1, -1, -1, -1, -1, -1, -1, -1, -1, -1, -1, -1, -1, -1, -1, -1, -1, -1, -1, -1, -1, -1, -1, -1, -1, -1, -1, -1, -1, -1, -1, -1, -1, -1, -1, -1, -1, -1, -1, -1, -1, -1, -1, -1, -1, -1, -1, -1, -1, -1, -1, -1, -1, -1, -1, -1, -1, -1, -1, -1, -1, -1, -1, -1, -1, -1, -1, -1, -1, -1, -1, -1, -1, -1, -1, -1, -1, -1, -1, -1, -1, -1, -1, -1, -1, -1, -1, -1, -1, -1, -1, -1, -1, -1, -1, -1, -1, -1, -1, -1, -1, -1, -1, -1, -1, -1, -1, -1, -1, -1, -1, -1, -1, -1, -1, -1, -1, -1, -1, -1, -1, -1, -1, -1, -1, -1, -1, -1, -1, -1, -1, -1, -1, -1, -1, -1, -1, -1, -1, -1, -1, -1, -1, -1, -1, -1, -1, -1, -1, -1, -1, -1, -1, -1, -1, -1, -1, -1, -1, -1, -1, -1, -1, -1, -1, -1, -1, -1, -1, -1, -1, -1, -1, -1, -1, -1, -1, -1, -1, -1, -1, -1, -1, -1, -1, -1, -1, -1, -1, -1, -1, -1, -1, -1, -1, -1, -1, -1, -1, -1, -1, -1, -1, -1, -1, -1, -1, -1, -1, -1, -1, -1, -1, -1, -1, -1, -1]"
150,28,14,0.5,None,1,237,"[{'cluster_no': -1, 'count': 237}]","[-1, -1, -1, -1, -1, -1, -1, -1, -1, -1, -1, -1, -1, -1, -1, -1, -1, -1, -1, -1, -1, -1, -1, -1, -1, -1, -1, -1, -1, -1, -1, -1, -1, -1, -1, -1, -1, -1, -1, -1, -1, -1, -1, -1, -1, -1, -1, -1, -1, -1, -1, -1, -1, -1, -1, -1, -1, -1, -1, -1, -1, -1, -1, -1, -1, -1, -1, -1, -1, -1, -1, -1, -1, -1, -1, -1, -1, -1, -1, -1, -1, -1, -1, -1, -1, -1, -1, -1, -1, -1, -1, -1, -1, -1, -1, -1, -1, -1, -1, -1, -1, -1, -1, -1, -1, -1, -1, -1, -1, -1, -1, -1, -1, -1, -1, -1, -1, -1, -1, -1, -1, -1, -1, -1, -1, -1, -1, -1, -1, -1, -1, -1, -1, -1, -1, -1, -1, -1, -1, -1, -1, -1, -1, -1, -1, -1, -1, -1, -1, -1, -1, -1, -1, -1, -1, -1, -1, -1, -1, -1, -1, -1, -1, -1, -1, -1, -1, -1, -1, -1, -1, -1, -1, -1, -1, -1, -1, -1, -1, -1, -1, -1, -1, -1, -1, -1, -1, -1, -1, -1, -1, -1, -1, -1, -1, -1, -1, -1, -1, -1, -1, -1, -1, -1, -1, -1, -1, -1, -1, -1, -1, -1, -1, -1, -1, -1, -1, -1, -1, -1, -1, -1, -1, -1, -1, -1, -1, -1, -1, -1, -1, -1, -1, -1, -1, -1, -1]"
150,28,14,1.0,None,1,237,"[{'cluster_no': -1, 'count': 237}]","[-1, -1, -1, -1, -1, -1, -1, -1, -1, -1, -1, -1, -1, -1, -1, -1, -1, -1, -1, -1, -1, -1, -1, -1, -1, -1, -1, -1, -1, -1, -1, -1, -1, -1, -1, -1, -1, -1, -1, -1, -1, -1, -1, -1, -1, -1, -1, -1, -1, -1, -1, -1, -1, -1, -1, -1, -1, -1, -1, -1, -1, -1, -1, -1, -1, -1, -1, -1, -1, -1, -1, -1, -1, -1, -1, -1, -1, -1, -1, -1, -1, -1, -1, -1, -1, -1, -1, -1, -1, -1, -1, -1, -1, -1, -1, -1, -1, -1, -1, -1, -1, -1, -1, -1, -1, -1, -1, -1, -1, -1, -1, -1, -1, -1, -1, -1, -1, -1, -1, -1, -1, -1, -1, -1, -1, -1, -1, -1, -1, -1, -1, -1, -1, -1, -1, -1, -1, -1, -1, -1, -1, -1, -1, -1, -1, -1, -1, -1, -1, -1, -1, -1, -1, -1, -1, -1, -1, -1, -1, -1, -1, -1, -1, -1, -1, -1, -1, -1, -1, -1, -1, -1, -1, -1, -1, -1, -1, -1, -1, -1, -1, -1, -1, -1, -1, -1, -1, -1, -1, -1, -1, -1, -1, -1, -1, -1, -1, -1, -1, -1, -1, -1, -1, -1, -1, -1, -1, -1, -1, -1, -1, -1, -1, -1, -1, -1, -1, -1, -1, -1, -1, -1, -1, -1, -1, -1, -1, -1, -1, -1, -1, -1, -1, -1, -1, -1, -1]"
150,28,15,0.0,None,1,237,"[{'cluster_no': -1, 'count': 237}]","[-1, -1, -1, -1, -1, -1, -1, -1, -1, -1, -1, -1, -1, -1, -1, -1, -1, -1, -1, -1, -1, -1, -1, -1, -1, -1, -1, -1, -1, -1, -1, -1, -1, -1, -1, -1, -1, -1, -1, -1, -1, -1, -1, -1, -1, -1, -1, -1, -1, -1, -1, -1, -1, -1, -1, -1, -1, -1, -1, -1, -1, -1, -1, -1, -1, -1, -1, -1, -1, -1, -1, -1, -1, -1, -1, -1, -1, -1, -1, -1, -1, -1, -1, -1, -1, -1, -1, -1, -1, -1, -1, -1, -1, -1, -1, -1, -1, -1, -1, -1, -1, -1, -1, -1, -1, -1, -1, -1, -1, -1, -1, -1, -1, -1, -1, -1, -1, -1, -1, -1, -1, -1, -1, -1, -1, -1, -1, -1, -1, -1, -1, -1, -1, -1, -1, -1, -1, -1, -1, -1, -1, -1, -1, -1, -1, -1, -1, -1, -1, -1, -1, -1, -1, -1, -1, -1, -1, -1, -1, -1, -1, -1, -1, -1, -1, -1, -1, -1, -1, -1, -1, -1, -1, -1, -1, -1, -1, -1, -1, -1, -1, -1, -1, -1, -1, -1, -1, -1, -1, -1, -1, -1, -1, -1, -1, -1, -1, -1, -1, -1, -1, -1, -1, -1, -1, -1, -1, -1, -1, -1, -1, -1, -1, -1, -1, -1, -1, -1, -1, -1, -1, -1, -1, -1, -1, -1, -1, -1, -1, -1, -1, -1, -1, -1, -1, -1, -1]"
150,28,15,0.5,None,1,237,"[{'cluster_no': -1, 'count': 237}]","[-1, -1, -1, -1, -1, -1, -1, -1, -1, -1, -1, -1, -1, -1, -1, -1, -1, -1, -1, -1, -1, -1, -1, -1, -1, -1, -1, -1, -1, -1, -1, -1, -1, -1, -1, -1, -1, -1, -1, -1, -1, -1, -1, -1, -1, -1, -1, -1, -1, -1, -1, -1, -1, -1, -1, -1, -1, -1, -1, -1, -1, -1, -1, -1, -1, -1, -1, -1, -1, -1, -1, -1, -1, -1, -1, -1, -1, -1, -1, -1, -1, -1, -1, -1, -1, -1, -1, -1, -1, -1, -1, -1, -1, -1, -1, -1, -1, -1, -1, -1, -1, -1, -1, -1, -1, -1, -1, -1, -1, -1, -1, -1, -1, -1, -1, -1, -1, -1, -1, -1, -1, -1, -1, -1, -1, -1, -1, -1, -1, -1, -1, -1, -1, -1, -1, -1, -1, -1, -1, -1, -1, -1, -1, -1, -1, -1, -1, -1, -1, -1, -1, -1, -1, -1, -1, -1, -1, -1, -1, -1, -1, -1, -1, -1, -1, -1, -1, -1, -1, -1, -1, -1, -1, -1, -1, -1, -1, -1, -1, -1, -1, -1, -1, -1, -1, -1, -1, -1, -1, -1, -1, -1, -1, -1, -1, -1, -1, -1, -1, -1, -1, -1, -1, -1, -1, -1, -1, -1, -1, -1, -1, -1, -1, -1, -1, -1, -1, -1, -1, -1, -1, -1, -1, -1, -1, -1, -1, -1, -1, -1, -1, -1, -1, -1, -1, -1, -1]"
150,28,15,1.0,None,1,237,"[{'cluster_no': -1, 'count': 237}]","[-1, -1, -1, -1, -1, -1, -1, -1, -1, -1, -1, -1, -1, -1, -1, -1, -1, -1, -1, -1, -1, -1, -1, -1, -1, -1, -1, -1, -1, -1, -1, -1, -1, -1, -1, -1, -1, -1, -1, -1, -1, -1, -1, -1, -1, -1, -1, -1, -1, -1, -1, -1, -1, -1, -1, -1, -1, -1, -1, -1, -1, -1, -1, -1, -1, -1, -1, -1, -1, -1, -1, -1, -1, -1, -1, -1, -1, -1, -1, -1, -1, -1, -1, -1, -1, -1, -1, -1, -1, -1, -1, -1, -1, -1, -1, -1, -1, -1, -1, -1, -1, -1, -1, -1, -1, -1, -1, -1, -1, -1, -1, -1, -1, -1, -1, -1, -1, -1, -1, -1, -1, -1, -1, -1, -1, -1, -1, -1, -1, -1, -1, -1, -1, -1, -1, -1, -1, -1, -1, -1, -1, -1, -1, -1, -1, -1, -1, -1, -1, -1, -1, -1, -1, -1, -1, -1, -1, -1, -1, -1, -1, -1, -1, -1, -1, -1, -1, -1, -1, -1, -1, -1, -1, -1, -1, -1, -1, -1, -1, -1, -1, -1, -1, -1, -1, -1, -1, -1, -1, -1, -1, -1, -1, -1, -1, -1, -1, -1, -1, -1, -1, -1, -1, -1, -1, -1, -1, -1, -1, -1, -1, -1, -1, -1, -1, -1, -1, -1, -1, -1, -1, -1, -1, -1, -1, -1, -1, -1, -1, -1, -1, -1, -1, -1, -1, -1, -1]"
150,28,16,0.0,None,1,237,"[{'cluster_no': -1, 'count': 237}]","[-1, -1, -1, -1, -1, -1, -1, -1, -1, -1, -1, -1, -1, -1, -1, -1, -1, -1, -1, -1, -1, -1, -1, -1, -1, -1, -1, -1, -1, -1, -1, -1, -1, -1, -1, -1, -1, -1, -1, -1, -1, -1, -1, -1, -1, -1, -1, -1, -1, -1, -1, -1, -1, -1, -1, -1, -1, -1, -1, -1, -1, -1, -1, -1, -1, -1, -1, -1, -1, -1, -1, -1, -1, -1, -1, -1, -1, -1, -1, -1, -1, -1, -1, -1, -1, -1, -1, -1, -1, -1, -1, -1, -1, -1, -1, -1, -1, -1, -1, -1, -1, -1, -1, -1, -1, -1, -1, -1, -1, -1, -1, -1, -1, -1, -1, -1, -1, -1, -1, -1, -1, -1, -1, -1, -1, -1, -1, -1, -1, -1, -1, -1, -1, -1, -1, -1, -1, -1, -1, -1, -1, -1, -1, -1, -1, -1, -1, -1, -1, -1, -1, -1, -1, -1, -1, -1, -1, -1, -1, -1, -1, -1, -1, -1, -1, -1, -1, -1, -1, -1, -1, -1, -1, -1, -1, -1, -1, -1, -1, -1, -1, -1, -1, -1, -1, -1, -1, -1, -1, -1, -1, -1, -1, -1, -1, -1, -1, -1, -1, -1, -1, -1, -1, -1, -1, -1, -1, -1, -1, -1, -1, -1, -1, -1, -1, -1, -1, -1, -1, -1, -1, -1, -1, -1, -1, -1, -1, -1, -1, -1, -1, -1, -1, -1, -1, -1, -1]"
150,28,16,0.5,None,1,237,"[{'cluster_no': -1, 'count': 237}]","[-1, -1, -1, -1, -1, -1, -1, -1, -1, -1, -1, -1, -1, -1, -1, -1, -1, -1, -1, -1, -1, -1, -1, -1, -1, -1, -1, -1, -1, -1, -1, -1, -1, -1, -1, -1, -1, -1, -1, -1, -1, -1, -1, -1, -1, -1, -1, -1, -1, -1, -1, -1, -1, -1, -1, -1, -1, -1, -1, -1, -1, -1, -1, -1, -1, -1, -1, -1, -1, -1, -1, -1, -1, -1, -1, -1, -1, -1, -1, -1, -1, -1, -1, -1, -1, -1, -1, -1, -1, -1, -1, -1, -1, -1, -1, -1, -1, -1, -1, -1, -1, -1, -1, -1, -1, -1, -1, -1, -1, -1, -1, -1, -1, -1, -1, -1, -1, -1, -1, -1, -1, -1, -1, -1, -1, -1, -1, -1, -1, -1, -1, -1, -1, -1, -1, -1, -1, -1, -1, -1, -1, -1, -1, -1, -1, -1, -1, -1, -1, -1, -1, -1, -1, -1, -1, -1, -1, -1, -1, -1, -1, -1, -1, -1, -1, -1, -1, -1, -1, -1, -1, -1, -1, -1, -1, -1, -1, -1, -1, -1, -1, -1, -1, -1, -1, -1, -1, -1, -1, -1, -1, -1, -1, -1, -1, -1, -1, -1, -1, -1, -1, -1, -1, -1, -1, -1, -1, -1, -1, -1, -1, -1, -1, -1, -1, -1, -1, -1, -1, -1, -1, -1, -1, -1, -1, -1, -1, -1, -1, -1, -1, -1, -1, -1, -1, -1, -1]"
150,28,16,1.0,None,1,237,"[{'cluster_no': -1, 'count': 237}]","[-1, -1, -1, -1, -1, -1, -1, -1, -1, -1, -1, -1, -1, -1, -1, -1, -1, -1, -1, -1, -1, -1, -1, -1, -1, -1, -1, -1, -1, -1, -1, -1, -1, -1, -1, -1, -1, -1, -1, -1, -1, -1, -1, -1, -1, -1, -1, -1, -1, -1, -1, -1, -1, -1, -1, -1, -1, -1, -1, -1, -1, -1, -1, -1, -1, -1, -1, -1, -1, -1, -1, -1, -1, -1, -1, -1, -1, -1, -1, -1, -1, -1, -1, -1, -1, -1, -1, -1, -1, -1, -1, -1, -1, -1, -1, -1, -1, -1, -1, -1, -1, -1, -1, -1, -1, -1, -1, -1, -1, -1, -1, -1, -1, -1, -1, -1, -1, -1, -1, -1, -1, -1, -1, -1, -1, -1, -1, -1, -1, -1, -1, -1, -1, -1, -1, -1, -1, -1, -1, -1, -1, -1, -1, -1, -1, -1, -1, -1, -1, -1, -1, -1, -1, -1, -1, -1, -1, -1, -1, -1, -1, -1, -1, -1, -1, -1, -1, -1, -1, -1, -1, -1, -1, -1, -1, -1, -1, -1, -1, -1, -1, -1, -1, -1, -1, -1, -1, -1, -1, -1, -1, -1, -1, -1, -1, -1, -1, -1, -1, -1, -1, -1, -1, -1, -1, -1, -1, -1, -1, -1, -1, -1, -1, -1, -1, -1, -1, -1, -1, -1, -1, -1, -1, -1, -1, -1, -1, -1, -1, -1, -1, -1, -1, -1, -1, -1, -1]"
150,28,17,0.0,None,1,237,"[{'cluster_no': -1, 'count': 237}]","[-1, -1, -1, -1, -1, -1, -1, -1, -1, -1, -1, -1, -1, -1, -1, -1, -1, -1, -1, -1, -1, -1, -1, -1, -1, -1, -1, -1, -1, -1, -1, -1, -1, -1, -1, -1, -1, -1, -1, -1, -1, -1, -1, -1, -1, -1, -1, -1, -1, -1, -1, -1, -1, -1, -1, -1, -1, -1, -1, -1, -1, -1, -1, -1, -1, -1, -1, -1, -1, -1, -1, -1, -1, -1, -1, -1, -1, -1, -1, -1, -1, -1, -1, -1, -1, -1, -1, -1, -1, -1, -1, -1, -1, -1, -1, -1, -1, -1, -1, -1, -1, -1, -1, -1, -1, -1, -1, -1, -1, -1, -1, -1, -1, -1, -1, -1, -1, -1, -1, -1, -1, -1, -1, -1, -1, -1, -1, -1, -1, -1, -1, -1, -1, -1, -1, -1, -1, -1, -1, -1, -1, -1, -1, -1, -1, -1, -1, -1, -1, -1, -1, -1, -1, -1, -1, -1, -1, -1, -1, -1, -1, -1, -1, -1, -1, -1, -1, -1, -1, -1, -1, -1, -1, -1, -1, -1, -1, -1, -1, -1, -1, -1, -1, -1, -1, -1, -1, -1, -1, -1, -1, -1, -1, -1, -1, -1, -1, -1, -1, -1, -1, -1, -1, -1, -1, -1, -1, -1, -1, -1, -1, -1, -1, -1, -1, -1, -1, -1, -1, -1, -1, -1, -1, -1, -1, -1, -1, -1, -1, -1, -1, -1, -1, -1, -1, -1, -1]"
150,28,17,0.5,None,1,237,"[{'cluster_no': -1, 'count': 237}]","[-1, -1, -1, -1, -1, -1, -1, -1, -1, -1, -1, -1, -1, -1, -1, -1, -1, -1, -1, -1, -1, -1, -1, -1, -1, -1, -1, -1, -1, -1, -1, -1, -1, -1, -1, -1, -1, -1, -1, -1, -1, -1, -1, -1, -1, -1, -1, -1, -1, -1, -1, -1, -1, -1, -1, -1, -1, -1, -1, -1, -1, -1, -1, -1, -1, -1, -1, -1, -1, -1, -1, -1, -1, -1, -1, -1, -1, -1, -1, -1, -1, -1, -1, -1, -1, -1, -1, -1, -1, -1, -1, -1, -1, -1, -1, -1, -1, -1, -1, -1, -1, -1, -1, -1, -1, -1, -1, -1, -1, -1, -1, -1, -1, -1, -1, -1, -1, -1, -1, -1, -1, -1, -1, -1, -1, -1, -1, -1, -1, -1, -1, -1, -1, -1, -1, -1, -1, -1, -1, -1, -1, -1, -1, -1, -1, -1, -1, -1, -1, -1, -1, -1, -1, -1, -1, -1, -1, -1, -1, -1, -1, -1, -1, -1, -1, -1, -1, -1, -1, -1, -1, -1, -1, -1, -1, -1, -1, -1, -1, -1, -1, -1, -1, -1, -1, -1, -1, -1, -1, -1, -1, -1, -1, -1, -1, -1, -1, -1, -1, -1, -1, -1, -1, -1, -1, -1, -1, -1, -1, -1, -1, -1, -1, -1, -1, -1, -1, -1, -1, -1, -1, -1, -1, -1, -1, -1, -1, -1, -1, -1, -1, -1, -1, -1, -1, -1, -1]"
150,28,17,1.0,None,1,237,"[{'cluster_no': -1, 'count': 237}]","[-1, -1, -1, -1, -1, -1, -1, -1, -1, -1, -1, -1, -1, -1, -1, -1, -1, -1, -1, -1, -1, -1, -1, -1, -1, -1, -1, -1, -1, -1, -1, -1, -1, -1, -1, -1, -1, -1, -1, -1, -1, -1, -1, -1, -1, -1, -1, -1, -1, -1, -1, -1, -1, -1, -1, -1, -1, -1, -1, -1, -1, -1, -1, -1, -1, -1, -1, -1, -1, -1, -1, -1, -1, -1, -1, -1, -1, -1, -1, -1, -1, -1, -1, -1, -1, -1, -1, -1, -1, -1, -1, -1, -1, -1, -1, -1, -1, -1, -1, -1, -1, -1, -1, -1, -1, -1, -1, -1, -1, -1, -1, -1, -1, -1, -1, -1, -1, -1, -1, -1, -1, -1, -1, -1, -1, -1, -1, -1, -1, -1, -1, -1, -1, -1, -1, -1, -1, -1, -1, -1, -1, -1, -1, -1, -1, -1, -1, -1, -1, -1, -1, -1, -1, -1, -1, -1, -1, -1, -1, -1, -1, -1, -1, -1, -1, -1, -1, -1, -1, -1, -1, -1, -1, -1, -1, -1, -1, -1, -1, -1, -1, -1, -1, -1, -1, -1, -1, -1, -1, -1, -1, -1, -1, -1, -1, -1, -1, -1, -1, -1, -1, -1, -1, -1, -1, -1, -1, -1, -1, -1, -1, -1, -1, -1, -1, -1, -1, -1, -1, -1, -1, -1, -1, -1, -1, -1, -1, -1, -1, -1, -1, -1, -1, -1, -1, -1, -1]"
150,28,18,0.0,None,1,237,"[{'cluster_no': -1, 'count': 237}]","[-1, -1, -1, -1, -1, -1, -1, -1, -1, -1, -1, -1, -1, -1, -1, -1, -1, -1, -1, -1, -1, -1, -1, -1, -1, -1, -1, -1, -1, -1, -1, -1, -1, -1, -1, -1, -1, -1, -1, -1, -1, -1, -1, -1, -1, -1, -1, -1, -1, -1, -1, -1, -1, -1, -1, -1, -1, -1, -1, -1, -1, -1, -1, -1, -1, -1, -1, -1, -1, -1, -1, -1, -1, -1, -1, -1, -1, -1, -1, -1, -1, -1, -1, -1, -1, -1, -1, -1, -1, -1, -1, -1, -1, -1, -1, -1, -1, -1, -1, -1, -1, -1, -1, -1, -1, -1, -1, -1, -1, -1, -1, -1, -1, -1, -1, -1, -1, -1, -1, -1, -1, -1, -1, -1, -1, -1, -1, -1, -1, -1, -1, -1, -1, -1, -1, -1, -1, -1, -1, -1, -1, -1, -1, -1, -1, -1, -1, -1, -1, -1, -1, -1, -1, -1, -1, -1, -1, -1, -1, -1, -1, -1, -1, -1, -1, -1, -1, -1, -1, -1, -1, -1, -1, -1, -1, -1, -1, -1, -1, -1, -1, -1, -1, -1, -1, -1, -1, -1, -1, -1, -1, -1, -1, -1, -1, -1, -1, -1, -1, -1, -1, -1, -1, -1, -1, -1, -1, -1, -1, -1, -1, -1, -1, -1, -1, -1, -1, -1, -1, -1, -1, -1, -1, -1, -1, -1, -1, -1, -1, -1, -1, -1, -1, -1, -1, -1, -1]"
150,28,18,0.5,None,1,237,"[{'cluster_no': -1, 'count': 237}]","[-1, -1, -1, -1, -1, -1, -1, -1, -1, -1, -1, -1, -1, -1, -1, -1, -1, -1, -1, -1, -1, -1, -1, -1, -1, -1, -1, -1, -1, -1, -1, -1, -1, -1, -1, -1, -1, -1, -1, -1, -1, -1, -1, -1, -1, -1, -1, -1, -1, -1, -1, -1, -1, -1, -1, -1, -1, -1, -1, -1, -1, -1, -1, -1, -1, -1, -1, -1, -1, -1, -1, -1, -1, -1, -1, -1, -1, -1, -1, -1, -1, -1, -1, -1, -1, -1, -1, -1, -1, -1, -1, -1, -1, -1, -1, -1, -1, -1, -1, -1, -1, -1, -1, -1, -1, -1, -1, -1, -1, -1, -1, -1, -1, -1, -1, -1, -1, -1, -1, -1, -1, -1, -1, -1, -1, -1, -1, -1, -1, -1, -1, -1, -1, -1, -1, -1, -1, -1, -1, -1, -1, -1, -1, -1, -1, -1, -1, -1, -1, -1, -1, -1, -1, -1, -1, -1, -1, -1, -1, -1, -1, -1, -1, -1, -1, -1, -1, -1, -1, -1, -1, -1, -1, -1, -1, -1, -1, -1, -1, -1, -1, -1, -1, -1, -1, -1, -1, -1, -1, -1, -1, -1, -1, -1, -1, -1, -1, -1, -1, -1, -1, -1, -1, -1, -1, -1, -1, -1, -1, -1, -1, -1, -1, -1, -1, -1, -1, -1, -1, -1, -1, -1, -1, -1, -1, -1, -1, -1, -1, -1, -1, -1, -1, -1, -1, -1, -1]"
150,28,18,1.0,None,1,237,"[{'cluster_no': -1, 'count': 237}]","[-1, -1, -1, -1, -1, -1, -1, -1, -1, -1, -1, -1, -1, -1, -1, -1, -1, -1, -1, -1, -1, -1, -1, -1, -1, -1, -1, -1, -1, -1, -1, -1, -1, -1, -1, -1, -1, -1, -1, -1, -1, -1, -1, -1, -1, -1, -1, -1, -1, -1, -1, -1, -1, -1, -1, -1, -1, -1, -1, -1, -1, -1, -1, -1, -1, -1, -1, -1, -1, -1, -1, -1, -1, -1, -1, -1, -1, -1, -1, -1, -1, -1, -1, -1, -1, -1, -1, -1, -1, -1, -1, -1, -1, -1, -1, -1, -1, -1, -1, -1, -1, -1, -1, -1, -1, -1, -1, -1, -1, -1, -1, -1, -1, -1, -1, -1, -1, -1, -1, -1, -1, -1, -1, -1, -1, -1, -1, -1, -1, -1, -1, -1, -1, -1, -1, -1, -1, -1, -1, -1, -1, -1, -1, -1, -1, -1, -1, -1, -1, -1, -1, -1, -1, -1, -1, -1, -1, -1, -1, -1, -1, -1, -1, -1, -1, -1, -1, -1, -1, -1, -1, -1, -1, -1, -1, -1, -1, -1, -1, -1, -1, -1, -1, -1, -1, -1, -1, -1, -1, -1, -1, -1, -1, -1, -1, -1, -1, -1, -1, -1, -1, -1, -1, -1, -1, -1, -1, -1, -1, -1, -1, -1, -1, -1, -1, -1, -1, -1, -1, -1, -1, -1, -1, -1, -1, -1, -1, -1, -1, -1, -1, -1, -1, -1, -1, -1, -1]"
150,28,19,0.0,None,1,237,"[{'cluster_no': -1, 'count': 237}]","[-1, -1, -1, -1, -1, -1, -1, -1, -1, -1, -1, -1, -1, -1, -1, -1, -1, -1, -1, -1, -1, -1, -1, -1, -1, -1, -1, -1, -1, -1, -1, -1, -1, -1, -1, -1, -1, -1, -1, -1, -1, -1, -1, -1, -1, -1, -1, -1, -1, -1, -1, -1, -1, -1, -1, -1, -1, -1, -1, -1, -1, -1, -1, -1, -1, -1, -1, -1, -1, -1, -1, -1, -1, -1, -1, -1, -1, -1, -1, -1, -1, -1, -1, -1, -1, -1, -1, -1, -1, -1, -1, -1, -1, -1, -1, -1, -1, -1, -1, -1, -1, -1, -1, -1, -1, -1, -1, -1, -1, -1, -1, -1, -1, -1, -1, -1, -1, -1, -1, -1, -1, -1, -1, -1, -1, -1, -1, -1, -1, -1, -1, -1, -1, -1, -1, -1, -1, -1, -1, -1, -1, -1, -1, -1, -1, -1, -1, -1, -1, -1, -1, -1, -1, -1, -1, -1, -1, -1, -1, -1, -1, -1, -1, -1, -1, -1, -1, -1, -1, -1, -1, -1, -1, -1, -1, -1, -1, -1, -1, -1, -1, -1, -1, -1, -1, -1, -1, -1, -1, -1, -1, -1, -1, -1, -1, -1, -1, -1, -1, -1, -1, -1, -1, -1, -1, -1, -1, -1, -1, -1, -1, -1, -1, -1, -1, -1, -1, -1, -1, -1, -1, -1, -1, -1, -1, -1, -1, -1, -1, -1, -1, -1, -1, -1, -1, -1, -1]"
150,28,19,0.5,None,1,237,"[{'cluster_no': -1, 'count': 237}]","[-1, -1, -1, -1, -1, -1, -1, -1, -1, -1, -1, -1, -1, -1, -1, -1, -1, -1, -1, -1, -1, -1, -1, -1, -1, -1, -1, -1, -1, -1, -1, -1, -1, -1, -1, -1, -1, -1, -1, -1, -1, -1, -1, -1, -1, -1, -1, -1, -1, -1, -1, -1, -1, -1, -1, -1, -1, -1, -1, -1, -1, -1, -1, -1, -1, -1, -1, -1, -1, -1, -1, -1, -1, -1, -1, -1, -1, -1, -1, -1, -1, -1, -1, -1, -1, -1, -1, -1, -1, -1, -1, -1, -1, -1, -1, -1, -1, -1, -1, -1, -1, -1, -1, -1, -1, -1, -1, -1, -1, -1, -1, -1, -1, -1, -1, -1, -1, -1, -1, -1, -1, -1, -1, -1, -1, -1, -1, -1, -1, -1, -1, -1, -1, -1, -1, -1, -1, -1, -1, -1, -1, -1, -1, -1, -1, -1, -1, -1, -1, -1, -1, -1, -1, -1, -1, -1, -1, -1, -1, -1, -1, -1, -1, -1, -1, -1, -1, -1, -1, -1, -1, -1, -1, -1, -1, -1, -1, -1, -1, -1, -1, -1, -1, -1, -1, -1, -1, -1, -1, -1, -1, -1, -1, -1, -1, -1, -1, -1, -1, -1, -1, -1, -1, -1, -1, -1, -1, -1, -1, -1, -1, -1, -1, -1, -1, -1, -1, -1, -1, -1, -1, -1, -1, -1, -1, -1, -1, -1, -1, -1, -1, -1, -1, -1, -1, -1, -1]"
150,28,19,1.0,None,1,237,"[{'cluster_no': -1, 'count': 237}]","[-1, -1, -1, -1, -1, -1, -1, -1, -1, -1, -1, -1, -1, -1, -1, -1, -1, -1, -1, -1, -1, -1, -1, -1, -1, -1, -1, -1, -1, -1, -1, -1, -1, -1, -1, -1, -1, -1, -1, -1, -1, -1, -1, -1, -1, -1, -1, -1, -1, -1, -1, -1, -1, -1, -1, -1, -1, -1, -1, -1, -1, -1, -1, -1, -1, -1, -1, -1, -1, -1, -1, -1, -1, -1, -1, -1, -1, -1, -1, -1, -1, -1, -1, -1, -1, -1, -1, -1, -1, -1, -1, -1, -1, -1, -1, -1, -1, -1, -1, -1, -1, -1, -1, -1, -1, -1, -1, -1, -1, -1, -1, -1, -1, -1, -1, -1, -1, -1, -1, -1, -1, -1, -1, -1, -1, -1, -1, -1, -1, -1, -1, -1, -1, -1, -1, -1, -1, -1, -1, -1, -1, -1, -1, -1, -1, -1, -1, -1, -1, -1, -1, -1, -1, -1, -1, -1, -1, -1, -1, -1, -1, -1, -1, -1, -1, -1, -1, -1, -1, -1, -1, -1, -1, -1, -1, -1, -1, -1, -1, -1, -1, -1, -1, -1, -1, -1, -1, -1, -1, -1, -1, -1, -1, -1, -1, -1, -1, -1, -1, -1, -1, -1, -1, -1, -1, -1, -1, -1, -1, -1, -1, -1, -1, -1, -1, -1, -1, -1, -1, -1, -1, -1, -1, -1, -1, -1, -1, -1, -1, -1, -1, -1, -1, -1, -1, -1, -1]"
150,28,20,0.0,None,1,237,"[{'cluster_no': -1, 'count': 237}]","[-1, -1, -1, -1, -1, -1, -1, -1, -1, -1, -1, -1, -1, -1, -1, -1, -1, -1, -1, -1, -1, -1, -1, -1, -1, -1, -1, -1, -1, -1, -1, -1, -1, -1, -1, -1, -1, -1, -1, -1, -1, -1, -1, -1, -1, -1, -1, -1, -1, -1, -1, -1, -1, -1, -1, -1, -1, -1, -1, -1, -1, -1, -1, -1, -1, -1, -1, -1, -1, -1, -1, -1, -1, -1, -1, -1, -1, -1, -1, -1, -1, -1, -1, -1, -1, -1, -1, -1, -1, -1, -1, -1, -1, -1, -1, -1, -1, -1, -1, -1, -1, -1, -1, -1, -1, -1, -1, -1, -1, -1, -1, -1, -1, -1, -1, -1, -1, -1, -1, -1, -1, -1, -1, -1, -1, -1, -1, -1, -1, -1, -1, -1, -1, -1, -1, -1, -1, -1, -1, -1, -1, -1, -1, -1, -1, -1, -1, -1, -1, -1, -1, -1, -1, -1, -1, -1, -1, -1, -1, -1, -1, -1, -1, -1, -1, -1, -1, -1, -1, -1, -1, -1, -1, -1, -1, -1, -1, -1, -1, -1, -1, -1, -1, -1, -1, -1, -1, -1, -1, -1, -1, -1, -1, -1, -1, -1, -1, -1, -1, -1, -1, -1, -1, -1, -1, -1, -1, -1, -1, -1, -1, -1, -1, -1, -1, -1, -1, -1, -1, -1, -1, -1, -1, -1, -1, -1, -1, -1, -1, -1, -1, -1, -1, -1, -1, -1, -1]"
150,28,20,0.5,None,1,237,"[{'cluster_no': -1, 'count': 237}]","[-1, -1, -1, -1, -1, -1, -1, -1, -1, -1, -1, -1, -1, -1, -1, -1, -1, -1, -1, -1, -1, -1, -1, -1, -1, -1, -1, -1, -1, -1, -1, -1, -1, -1, -1, -1, -1, -1, -1, -1, -1, -1, -1, -1, -1, -1, -1, -1, -1, -1, -1, -1, -1, -1, -1, -1, -1, -1, -1, -1, -1, -1, -1, -1, -1, -1, -1, -1, -1, -1, -1, -1, -1, -1, -1, -1, -1, -1, -1, -1, -1, -1, -1, -1, -1, -1, -1, -1, -1, -1, -1, -1, -1, -1, -1, -1, -1, -1, -1, -1, -1, -1, -1, -1, -1, -1, -1, -1, -1, -1, -1, -1, -1, -1, -1, -1, -1, -1, -1, -1, -1, -1, -1, -1, -1, -1, -1, -1, -1, -1, -1, -1, -1, -1, -1, -1, -1, -1, -1, -1, -1, -1, -1, -1, -1, -1, -1, -1, -1, -1, -1, -1, -1, -1, -1, -1, -1, -1, -1, -1, -1, -1, -1, -1, -1, -1, -1, -1, -1, -1, -1, -1, -1, -1, -1, -1, -1, -1, -1, -1, -1, -1, -1, -1, -1, -1, -1, -1, -1, -1, -1, -1, -1, -1, -1, -1, -1, -1, -1, -1, -1, -1, -1, -1, -1, -1, -1, -1, -1, -1, -1, -1, -1, -1, -1, -1, -1, -1, -1, -1, -1, -1, -1, -1, -1, -1, -1, -1, -1, -1, -1, -1, -1, -1, -1, -1, -1]"
150,28,20,1.0,None,1,237,"[{'cluster_no': -1, 'count': 237}]","[-1, -1, -1, -1, -1, -1, -1, -1, -1, -1, -1, -1, -1, -1, -1, -1, -1, -1, -1, -1, -1, -1, -1, -1, -1, -1, -1, -1, -1, -1, -1, -1, -1, -1, -1, -1, -1, -1, -1, -1, -1, -1, -1, -1, -1, -1, -1, -1, -1, -1, -1, -1, -1, -1, -1, -1, -1, -1, -1, -1, -1, -1, -1, -1, -1, -1, -1, -1, -1, -1, -1, -1, -1, -1, -1, -1, -1, -1, -1, -1, -1, -1, -1, -1, -1, -1, -1, -1, -1, -1, -1, -1, -1, -1, -1, -1, -1, -1, -1, -1, -1, -1, -1, -1, -1, -1, -1, -1, -1, -1, -1, -1, -1, -1, -1, -1, -1, -1, -1, -1, -1, -1, -1, -1, -1, -1, -1, -1, -1, -1, -1, -1, -1, -1, -1, -1, -1, -1, -1, -1, -1, -1, -1, -1, -1, -1, -1, -1, -1, -1, -1, -1, -1, -1, -1, -1, -1, -1, -1, -1, -1, -1, -1, -1, -1, -1, -1, -1, -1, -1, -1, -1, -1, -1, -1, -1, -1, -1, -1, -1, -1, -1, -1, -1, -1, -1, -1, -1, -1, -1, -1, -1, -1, -1, -1, -1, -1, -1, -1, -1, -1, -1, -1, -1, -1, -1, -1, -1, -1, -1, -1, -1, -1, -1, -1, -1, -1, -1, -1, -1, -1, -1, -1, -1, -1, -1, -1, -1, -1, -1, -1, -1, -1, -1, -1, -1, -1]"
150,28,21,0.0,None,1,237,"[{'cluster_no': -1, 'count': 237}]","[-1, -1, -1, -1, -1, -1, -1, -1, -1, -1, -1, -1, -1, -1, -1, -1, -1, -1, -1, -1, -1, -1, -1, -1, -1, -1, -1, -1, -1, -1, -1, -1, -1, -1, -1, -1, -1, -1, -1, -1, -1, -1, -1, -1, -1, -1, -1, -1, -1, -1, -1, -1, -1, -1, -1, -1, -1, -1, -1, -1, -1, -1, -1, -1, -1, -1, -1, -1, -1, -1, -1, -1, -1, -1, -1, -1, -1, -1, -1, -1, -1, -1, -1, -1, -1, -1, -1, -1, -1, -1, -1, -1, -1, -1, -1, -1, -1, -1, -1, -1, -1, -1, -1, -1, -1, -1, -1, -1, -1, -1, -1, -1, -1, -1, -1, -1, -1, -1, -1, -1, -1, -1, -1, -1, -1, -1, -1, -1, -1, -1, -1, -1, -1, -1, -1, -1, -1, -1, -1, -1, -1, -1, -1, -1, -1, -1, -1, -1, -1, -1, -1, -1, -1, -1, -1, -1, -1, -1, -1, -1, -1, -1, -1, -1, -1, -1, -1, -1, -1, -1, -1, -1, -1, -1, -1, -1, -1, -1, -1, -1, -1, -1, -1, -1, -1, -1, -1, -1, -1, -1, -1, -1, -1, -1, -1, -1, -1, -1, -1, -1, -1, -1, -1, -1, -1, -1, -1, -1, -1, -1, -1, -1, -1, -1, -1, -1, -1, -1, -1, -1, -1, -1, -1, -1, -1, -1, -1, -1, -1, -1, -1, -1, -1, -1, -1, -1, -1]"
150,28,21,0.5,None,1,237,"[{'cluster_no': -1, 'count': 237}]","[-1, -1, -1, -1, -1, -1, -1, -1, -1, -1, -1, -1, -1, -1, -1, -1, -1, -1, -1, -1, -1, -1, -1, -1, -1, -1, -1, -1, -1, -1, -1, -1, -1, -1, -1, -1, -1, -1, -1, -1, -1, -1, -1, -1, -1, -1, -1, -1, -1, -1, -1, -1, -1, -1, -1, -1, -1, -1, -1, -1, -1, -1, -1, -1, -1, -1, -1, -1, -1, -1, -1, -1, -1, -1, -1, -1, -1, -1, -1, -1, -1, -1, -1, -1, -1, -1, -1, -1, -1, -1, -1, -1, -1, -1, -1, -1, -1, -1, -1, -1, -1, -1, -1, -1, -1, -1, -1, -1, -1, -1, -1, -1, -1, -1, -1, -1, -1, -1, -1, -1, -1, -1, -1, -1, -1, -1, -1, -1, -1, -1, -1, -1, -1, -1, -1, -1, -1, -1, -1, -1, -1, -1, -1, -1, -1, -1, -1, -1, -1, -1, -1, -1, -1, -1, -1, -1, -1, -1, -1, -1, -1, -1, -1, -1, -1, -1, -1, -1, -1, -1, -1, -1, -1, -1, -1, -1, -1, -1, -1, -1, -1, -1, -1, -1, -1, -1, -1, -1, -1, -1, -1, -1, -1, -1, -1, -1, -1, -1, -1, -1, -1, -1, -1, -1, -1, -1, -1, -1, -1, -1, -1, -1, -1, -1, -1, -1, -1, -1, -1, -1, -1, -1, -1, -1, -1, -1, -1, -1, -1, -1, -1, -1, -1, -1, -1, -1, -1]"
150,28,21,1.0,None,1,237,"[{'cluster_no': -1, 'count': 237}]","[-1, -1, -1, -1, -1, -1, -1, -1, -1, -1, -1, -1, -1, -1, -1, -1, -1, -1, -1, -1, -1, -1, -1, -1, -1, -1, -1, -1, -1, -1, -1, -1, -1, -1, -1, -1, -1, -1, -1, -1, -1, -1, -1, -1, -1, -1, -1, -1, -1, -1, -1, -1, -1, -1, -1, -1, -1, -1, -1, -1, -1, -1, -1, -1, -1, -1, -1, -1, -1, -1, -1, -1, -1, -1, -1, -1, -1, -1, -1, -1, -1, -1, -1, -1, -1, -1, -1, -1, -1, -1, -1, -1, -1, -1, -1, -1, -1, -1, -1, -1, -1, -1, -1, -1, -1, -1, -1, -1, -1, -1, -1, -1, -1, -1, -1, -1, -1, -1, -1, -1, -1, -1, -1, -1, -1, -1, -1, -1, -1, -1, -1, -1, -1, -1, -1, -1, -1, -1, -1, -1, -1, -1, -1, -1, -1, -1, -1, -1, -1, -1, -1, -1, -1, -1, -1, -1, -1, -1, -1, -1, -1, -1, -1, -1, -1, -1, -1, -1, -1, -1, -1, -1, -1, -1, -1, -1, -1, -1, -1, -1, -1, -1, -1, -1, -1, -1, -1, -1, -1, -1, -1, -1, -1, -1, -1, -1, -1, -1, -1, -1, -1, -1, -1, -1, -1, -1, -1, -1, -1, -1, -1, -1, -1, -1, -1, -1, -1, -1, -1, -1, -1, -1, -1, -1, -1, -1, -1, -1, -1, -1, -1, -1, -1, -1, -1, -1, -1]"
150,28,22,0.0,None,1,237,"[{'cluster_no': -1, 'count': 237}]","[-1, -1, -1, -1, -1, -1, -1, -1, -1, -1, -1, -1, -1, -1, -1, -1, -1, -1, -1, -1, -1, -1, -1, -1, -1, -1, -1, -1, -1, -1, -1, -1, -1, -1, -1, -1, -1, -1, -1, -1, -1, -1, -1, -1, -1, -1, -1, -1, -1, -1, -1, -1, -1, -1, -1, -1, -1, -1, -1, -1, -1, -1, -1, -1, -1, -1, -1, -1, -1, -1, -1, -1, -1, -1, -1, -1, -1, -1, -1, -1, -1, -1, -1, -1, -1, -1, -1, -1, -1, -1, -1, -1, -1, -1, -1, -1, -1, -1, -1, -1, -1, -1, -1, -1, -1, -1, -1, -1, -1, -1, -1, -1, -1, -1, -1, -1, -1, -1, -1, -1, -1, -1, -1, -1, -1, -1, -1, -1, -1, -1, -1, -1, -1, -1, -1, -1, -1, -1, -1, -1, -1, -1, -1, -1, -1, -1, -1, -1, -1, -1, -1, -1, -1, -1, -1, -1, -1, -1, -1, -1, -1, -1, -1, -1, -1, -1, -1, -1, -1, -1, -1, -1, -1, -1, -1, -1, -1, -1, -1, -1, -1, -1, -1, -1, -1, -1, -1, -1, -1, -1, -1, -1, -1, -1, -1, -1, -1, -1, -1, -1, -1, -1, -1, -1, -1, -1, -1, -1, -1, -1, -1, -1, -1, -1, -1, -1, -1, -1, -1, -1, -1, -1, -1, -1, -1, -1, -1, -1, -1, -1, -1, -1, -1, -1, -1, -1, -1]"
150,28,22,0.5,None,1,237,"[{'cluster_no': -1, 'count': 237}]","[-1, -1, -1, -1, -1, -1, -1, -1, -1, -1, -1, -1, -1, -1, -1, -1, -1, -1, -1, -1, -1, -1, -1, -1, -1, -1, -1, -1, -1, -1, -1, -1, -1, -1, -1, -1, -1, -1, -1, -1, -1, -1, -1, -1, -1, -1, -1, -1, -1, -1, -1, -1, -1, -1, -1, -1, -1, -1, -1, -1, -1, -1, -1, -1, -1, -1, -1, -1, -1, -1, -1, -1, -1, -1, -1, -1, -1, -1, -1, -1, -1, -1, -1, -1, -1, -1, -1, -1, -1, -1, -1, -1, -1, -1, -1, -1, -1, -1, -1, -1, -1, -1, -1, -1, -1, -1, -1, -1, -1, -1, -1, -1, -1, -1, -1, -1, -1, -1, -1, -1, -1, -1, -1, -1, -1, -1, -1, -1, -1, -1, -1, -1, -1, -1, -1, -1, -1, -1, -1, -1, -1, -1, -1, -1, -1, -1, -1, -1, -1, -1, -1, -1, -1, -1, -1, -1, -1, -1, -1, -1, -1, -1, -1, -1, -1, -1, -1, -1, -1, -1, -1, -1, -1, -1, -1, -1, -1, -1, -1, -1, -1, -1, -1, -1, -1, -1, -1, -1, -1, -1, -1, -1, -1, -1, -1, -1, -1, -1, -1, -1, -1, -1, -1, -1, -1, -1, -1, -1, -1, -1, -1, -1, -1, -1, -1, -1, -1, -1, -1, -1, -1, -1, -1, -1, -1, -1, -1, -1, -1, -1, -1, -1, -1, -1, -1, -1, -1]"
150,28,22,1.0,None,1,237,"[{'cluster_no': -1, 'count': 237}]","[-1, -1, -1, -1, -1, -1, -1, -1, -1, -1, -1, -1, -1, -1, -1, -1, -1, -1, -1, -1, -1, -1, -1, -1, -1, -1, -1, -1, -1, -1, -1, -1, -1, -1, -1, -1, -1, -1, -1, -1, -1, -1, -1, -1, -1, -1, -1, -1, -1, -1, -1, -1, -1, -1, -1, -1, -1, -1, -1, -1, -1, -1, -1, -1, -1, -1, -1, -1, -1, -1, -1, -1, -1, -1, -1, -1, -1, -1, -1, -1, -1, -1, -1, -1, -1, -1, -1, -1, -1, -1, -1, -1, -1, -1, -1, -1, -1, -1, -1, -1, -1, -1, -1, -1, -1, -1, -1, -1, -1, -1, -1, -1, -1, -1, -1, -1, -1, -1, -1, -1, -1, -1, -1, -1, -1, -1, -1, -1, -1, -1, -1, -1, -1, -1, -1, -1, -1, -1, -1, -1, -1, -1, -1, -1, -1, -1, -1, -1, -1, -1, -1, -1, -1, -1, -1, -1, -1, -1, -1, -1, -1, -1, -1, -1, -1, -1, -1, -1, -1, -1, -1, -1, -1, -1, -1, -1, -1, -1, -1, -1, -1, -1, -1, -1, -1, -1, -1, -1, -1, -1, -1, -1, -1, -1, -1, -1, -1, -1, -1, -1, -1, -1, -1, -1, -1, -1, -1, -1, -1, -1, -1, -1, -1, -1, -1, -1, -1, -1, -1, -1, -1, -1, -1, -1, -1, -1, -1, -1, -1, -1, -1, -1, -1, -1, -1, -1, -1]"
150,28,23,0.0,None,1,237,"[{'cluster_no': -1, 'count': 237}]","[-1, -1, -1, -1, -1, -1, -1, -1, -1, -1, -1, -1, -1, -1, -1, -1, -1, -1, -1, -1, -1, -1, -1, -1, -1, -1, -1, -1, -1, -1, -1, -1, -1, -1, -1, -1, -1, -1, -1, -1, -1, -1, -1, -1, -1, -1, -1, -1, -1, -1, -1, -1, -1, -1, -1, -1, -1, -1, -1, -1, -1, -1, -1, -1, -1, -1, -1, -1, -1, -1, -1, -1, -1, -1, -1, -1, -1, -1, -1, -1, -1, -1, -1, -1, -1, -1, -1, -1, -1, -1, -1, -1, -1, -1, -1, -1, -1, -1, -1, -1, -1, -1, -1, -1, -1, -1, -1, -1, -1, -1, -1, -1, -1, -1, -1, -1, -1, -1, -1, -1, -1, -1, -1, -1, -1, -1, -1, -1, -1, -1, -1, -1, -1, -1, -1, -1, -1, -1, -1, -1, -1, -1, -1, -1, -1, -1, -1, -1, -1, -1, -1, -1, -1, -1, -1, -1, -1, -1, -1, -1, -1, -1, -1, -1, -1, -1, -1, -1, -1, -1, -1, -1, -1, -1, -1, -1, -1, -1, -1, -1, -1, -1, -1, -1, -1, -1, -1, -1, -1, -1, -1, -1, -1, -1, -1, -1, -1, -1, -1, -1, -1, -1, -1, -1, -1, -1, -1, -1, -1, -1, -1, -1, -1, -1, -1, -1, -1, -1, -1, -1, -1, -1, -1, -1, -1, -1, -1, -1, -1, -1, -1, -1, -1, -1, -1, -1, -1]"
150,28,23,0.5,None,1,237,"[{'cluster_no': -1, 'count': 237}]","[-1, -1, -1, -1, -1, -1, -1, -1, -1, -1, -1, -1, -1, -1, -1, -1, -1, -1, -1, -1, -1, -1, -1, -1, -1, -1, -1, -1, -1, -1, -1, -1, -1, -1, -1, -1, -1, -1, -1, -1, -1, -1, -1, -1, -1, -1, -1, -1, -1, -1, -1, -1, -1, -1, -1, -1, -1, -1, -1, -1, -1, -1, -1, -1, -1, -1, -1, -1, -1, -1, -1, -1, -1, -1, -1, -1, -1, -1, -1, -1, -1, -1, -1, -1, -1, -1, -1, -1, -1, -1, -1, -1, -1, -1, -1, -1, -1, -1, -1, -1, -1, -1, -1, -1, -1, -1, -1, -1, -1, -1, -1, -1, -1, -1, -1, -1, -1, -1, -1, -1, -1, -1, -1, -1, -1, -1, -1, -1, -1, -1, -1, -1, -1, -1, -1, -1, -1, -1, -1, -1, -1, -1, -1, -1, -1, -1, -1, -1, -1, -1, -1, -1, -1, -1, -1, -1, -1, -1, -1, -1, -1, -1, -1, -1, -1, -1, -1, -1, -1, -1, -1, -1, -1, -1, -1, -1, -1, -1, -1, -1, -1, -1, -1, -1, -1, -1, -1, -1, -1, -1, -1, -1, -1, -1, -1, -1, -1, -1, -1, -1, -1, -1, -1, -1, -1, -1, -1, -1, -1, -1, -1, -1, -1, -1, -1, -1, -1, -1, -1, -1, -1, -1, -1, -1, -1, -1, -1, -1, -1, -1, -1, -1, -1, -1, -1, -1, -1]"
150,28,23,1.0,None,1,237,"[{'cluster_no': -1, 'count': 237}]","[-1, -1, -1, -1, -1, -1, -1, -1, -1, -1, -1, -1, -1, -1, -1, -1, -1, -1, -1, -1, -1, -1, -1, -1, -1, -1, -1, -1, -1, -1, -1, -1, -1, -1, -1, -1, -1, -1, -1, -1, -1, -1, -1, -1, -1, -1, -1, -1, -1, -1, -1, -1, -1, -1, -1, -1, -1, -1, -1, -1, -1, -1, -1, -1, -1, -1, -1, -1, -1, -1, -1, -1, -1, -1, -1, -1, -1, -1, -1, -1, -1, -1, -1, -1, -1, -1, -1, -1, -1, -1, -1, -1, -1, -1, -1, -1, -1, -1, -1, -1, -1, -1, -1, -1, -1, -1, -1, -1, -1, -1, -1, -1, -1, -1, -1, -1, -1, -1, -1, -1, -1, -1, -1, -1, -1, -1, -1, -1, -1, -1, -1, -1, -1, -1, -1, -1, -1, -1, -1, -1, -1, -1, -1, -1, -1, -1, -1, -1, -1, -1, -1, -1, -1, -1, -1, -1, -1, -1, -1, -1, -1, -1, -1, -1, -1, -1, -1, -1, -1, -1, -1, -1, -1, -1, -1, -1, -1, -1, -1, -1, -1, -1, -1, -1, -1, -1, -1, -1, -1, -1, -1, -1, -1, -1, -1, -1, -1, -1, -1, -1, -1, -1, -1, -1, -1, -1, -1, -1, -1, -1, -1, -1, -1, -1, -1, -1, -1, -1, -1, -1, -1, -1, -1, -1, -1, -1, -1, -1, -1, -1, -1, -1, -1, -1, -1, -1, -1]"
150,28,24,0.0,None,1,237,"[{'cluster_no': -1, 'count': 237}]","[-1, -1, -1, -1, -1, -1, -1, -1, -1, -1, -1, -1, -1, -1, -1, -1, -1, -1, -1, -1, -1, -1, -1, -1, -1, -1, -1, -1, -1, -1, -1, -1, -1, -1, -1, -1, -1, -1, -1, -1, -1, -1, -1, -1, -1, -1, -1, -1, -1, -1, -1, -1, -1, -1, -1, -1, -1, -1, -1, -1, -1, -1, -1, -1, -1, -1, -1, -1, -1, -1, -1, -1, -1, -1, -1, -1, -1, -1, -1, -1, -1, -1, -1, -1, -1, -1, -1, -1, -1, -1, -1, -1, -1, -1, -1, -1, -1, -1, -1, -1, -1, -1, -1, -1, -1, -1, -1, -1, -1, -1, -1, -1, -1, -1, -1, -1, -1, -1, -1, -1, -1, -1, -1, -1, -1, -1, -1, -1, -1, -1, -1, -1, -1, -1, -1, -1, -1, -1, -1, -1, -1, -1, -1, -1, -1, -1, -1, -1, -1, -1, -1, -1, -1, -1, -1, -1, -1, -1, -1, -1, -1, -1, -1, -1, -1, -1, -1, -1, -1, -1, -1, -1, -1, -1, -1, -1, -1, -1, -1, -1, -1, -1, -1, -1, -1, -1, -1, -1, -1, -1, -1, -1, -1, -1, -1, -1, -1, -1, -1, -1, -1, -1, -1, -1, -1, -1, -1, -1, -1, -1, -1, -1, -1, -1, -1, -1, -1, -1, -1, -1, -1, -1, -1, -1, -1, -1, -1, -1, -1, -1, -1, -1, -1, -1, -1, -1, -1]"
150,28,24,0.5,None,1,237,"[{'cluster_no': -1, 'count': 237}]","[-1, -1, -1, -1, -1, -1, -1, -1, -1, -1, -1, -1, -1, -1, -1, -1, -1, -1, -1, -1, -1, -1, -1, -1, -1, -1, -1, -1, -1, -1, -1, -1, -1, -1, -1, -1, -1, -1, -1, -1, -1, -1, -1, -1, -1, -1, -1, -1, -1, -1, -1, -1, -1, -1, -1, -1, -1, -1, -1, -1, -1, -1, -1, -1, -1, -1, -1, -1, -1, -1, -1, -1, -1, -1, -1, -1, -1, -1, -1, -1, -1, -1, -1, -1, -1, -1, -1, -1, -1, -1, -1, -1, -1, -1, -1, -1, -1, -1, -1, -1, -1, -1, -1, -1, -1, -1, -1, -1, -1, -1, -1, -1, -1, -1, -1, -1, -1, -1, -1, -1, -1, -1, -1, -1, -1, -1, -1, -1, -1, -1, -1, -1, -1, -1, -1, -1, -1, -1, -1, -1, -1, -1, -1, -1, -1, -1, -1, -1, -1, -1, -1, -1, -1, -1, -1, -1, -1, -1, -1, -1, -1, -1, -1, -1, -1, -1, -1, -1, -1, -1, -1, -1, -1, -1, -1, -1, -1, -1, -1, -1, -1, -1, -1, -1, -1, -1, -1, -1, -1, -1, -1, -1, -1, -1, -1, -1, -1, -1, -1, -1, -1, -1, -1, -1, -1, -1, -1, -1, -1, -1, -1, -1, -1, -1, -1, -1, -1, -1, -1, -1, -1, -1, -1, -1, -1, -1, -1, -1, -1, -1, -1, -1, -1, -1, -1, -1, -1]"
150,28,24,1.0,None,1,237,"[{'cluster_no': -1, 'count': 237}]","[-1, -1, -1, -1, -1, -1, -1, -1, -1, -1, -1, -1, -1, -1, -1, -1, -1, -1, -1, -1, -1, -1, -1, -1, -1, -1, -1, -1, -1, -1, -1, -1, -1, -1, -1, -1, -1, -1, -1, -1, -1, -1, -1, -1, -1, -1, -1, -1, -1, -1, -1, -1, -1, -1, -1, -1, -1, -1, -1, -1, -1, -1, -1, -1, -1, -1, -1, -1, -1, -1, -1, -1, -1, -1, -1, -1, -1, -1, -1, -1, -1, -1, -1, -1, -1, -1, -1, -1, -1, -1, -1, -1, -1, -1, -1, -1, -1, -1, -1, -1, -1, -1, -1, -1, -1, -1, -1, -1, -1, -1, -1, -1, -1, -1, -1, -1, -1, -1, -1, -1, -1, -1, -1, -1, -1, -1, -1, -1, -1, -1, -1, -1, -1, -1, -1, -1, -1, -1, -1, -1, -1, -1, -1, -1, -1, -1, -1, -1, -1, -1, -1, -1, -1, -1, -1, -1, -1, -1, -1, -1, -1, -1, -1, -1, -1, -1, -1, -1, -1, -1, -1, -1, -1, -1, -1, -1, -1, -1, -1, -1, -1, -1, -1, -1, -1, -1, -1, -1, -1, -1, -1, -1, -1, -1, -1, -1, -1, -1, -1, -1, -1, -1, -1, -1, -1, -1, -1, -1, -1, -1, -1, -1, -1, -1, -1, -1, -1, -1, -1, -1, -1, -1, -1, -1, -1, -1, -1, -1, -1, -1, -1, -1, -1, -1, -1, -1, -1]"
150,28,25,0.0,None,1,237,"[{'cluster_no': -1, 'count': 237}]","[-1, -1, -1, -1, -1, -1, -1, -1, -1, -1, -1, -1, -1, -1, -1, -1, -1, -1, -1, -1, -1, -1, -1, -1, -1, -1, -1, -1, -1, -1, -1, -1, -1, -1, -1, -1, -1, -1, -1, -1, -1, -1, -1, -1, -1, -1, -1, -1, -1, -1, -1, -1, -1, -1, -1, -1, -1, -1, -1, -1, -1, -1, -1, -1, -1, -1, -1, -1, -1, -1, -1, -1, -1, -1, -1, -1, -1, -1, -1, -1, -1, -1, -1, -1, -1, -1, -1, -1, -1, -1, -1, -1, -1, -1, -1, -1, -1, -1, -1, -1, -1, -1, -1, -1, -1, -1, -1, -1, -1, -1, -1, -1, -1, -1, -1, -1, -1, -1, -1, -1, -1, -1, -1, -1, -1, -1, -1, -1, -1, -1, -1, -1, -1, -1, -1, -1, -1, -1, -1, -1, -1, -1, -1, -1, -1, -1, -1, -1, -1, -1, -1, -1, -1, -1, -1, -1, -1, -1, -1, -1, -1, -1, -1, -1, -1, -1, -1, -1, -1, -1, -1, -1, -1, -1, -1, -1, -1, -1, -1, -1, -1, -1, -1, -1, -1, -1, -1, -1, -1, -1, -1, -1, -1, -1, -1, -1, -1, -1, -1, -1, -1, -1, -1, -1, -1, -1, -1, -1, -1, -1, -1, -1, -1, -1, -1, -1, -1, -1, -1, -1, -1, -1, -1, -1, -1, -1, -1, -1, -1, -1, -1, -1, -1, -1, -1, -1, -1]"
150,28,25,0.5,None,1,237,"[{'cluster_no': -1, 'count': 237}]","[-1, -1, -1, -1, -1, -1, -1, -1, -1, -1, -1, -1, -1, -1, -1, -1, -1, -1, -1, -1, -1, -1, -1, -1, -1, -1, -1, -1, -1, -1, -1, -1, -1, -1, -1, -1, -1, -1, -1, -1, -1, -1, -1, -1, -1, -1, -1, -1, -1, -1, -1, -1, -1, -1, -1, -1, -1, -1, -1, -1, -1, -1, -1, -1, -1, -1, -1, -1, -1, -1, -1, -1, -1, -1, -1, -1, -1, -1, -1, -1, -1, -1, -1, -1, -1, -1, -1, -1, -1, -1, -1, -1, -1, -1, -1, -1, -1, -1, -1, -1, -1, -1, -1, -1, -1, -1, -1, -1, -1, -1, -1, -1, -1, -1, -1, -1, -1, -1, -1, -1, -1, -1, -1, -1, -1, -1, -1, -1, -1, -1, -1, -1, -1, -1, -1, -1, -1, -1, -1, -1, -1, -1, -1, -1, -1, -1, -1, -1, -1, -1, -1, -1, -1, -1, -1, -1, -1, -1, -1, -1, -1, -1, -1, -1, -1, -1, -1, -1, -1, -1, -1, -1, -1, -1, -1, -1, -1, -1, -1, -1, -1, -1, -1, -1, -1, -1, -1, -1, -1, -1, -1, -1, -1, -1, -1, -1, -1, -1, -1, -1, -1, -1, -1, -1, -1, -1, -1, -1, -1, -1, -1, -1, -1, -1, -1, -1, -1, -1, -1, -1, -1, -1, -1, -1, -1, -1, -1, -1, -1, -1, -1, -1, -1, -1, -1, -1, -1]"
150,28,25,1.0,None,1,237,"[{'cluster_no': -1, 'count': 237}]","[-1, -1, -1, -1, -1, -1, -1, -1, -1, -1, -1, -1, -1, -1, -1, -1, -1, -1, -1, -1, -1, -1, -1, -1, -1, -1, -1, -1, -1, -1, -1, -1, -1, -1, -1, -1, -1, -1, -1, -1, -1, -1, -1, -1, -1, -1, -1, -1, -1, -1, -1, -1, -1, -1, -1, -1, -1, -1, -1, -1, -1, -1, -1, -1, -1, -1, -1, -1, -1, -1, -1, -1, -1, -1, -1, -1, -1, -1, -1, -1, -1, -1, -1, -1, -1, -1, -1, -1, -1, -1, -1, -1, -1, -1, -1, -1, -1, -1, -1, -1, -1, -1, -1, -1, -1, -1, -1, -1, -1, -1, -1, -1, -1, -1, -1, -1, -1, -1, -1, -1, -1, -1, -1, -1, -1, -1, -1, -1, -1, -1, -1, -1, -1, -1, -1, -1, -1, -1, -1, -1, -1, -1, -1, -1, -1, -1, -1, -1, -1, -1, -1, -1, -1, -1, -1, -1, -1, -1, -1, -1, -1, -1, -1, -1, -1, -1, -1, -1, -1, -1, -1, -1, -1, -1, -1, -1, -1, -1, -1, -1, -1, -1, -1, -1, -1, -1, -1, -1, -1, -1, -1, -1, -1, -1, -1, -1, -1, -1, -1, -1, -1, -1, -1, -1, -1, -1, -1, -1, -1, -1, -1, -1, -1, -1, -1, -1, -1, -1, -1, -1, -1, -1, -1, -1, -1, -1, -1, -1, -1, -1, -1, -1, -1, -1, -1, -1, -1]"
150,28,26,0.0,None,1,237,"[{'cluster_no': -1, 'count': 237}]","[-1, -1, -1, -1, -1, -1, -1, -1, -1, -1, -1, -1, -1, -1, -1, -1, -1, -1, -1, -1, -1, -1, -1, -1, -1, -1, -1, -1, -1, -1, -1, -1, -1, -1, -1, -1, -1, -1, -1, -1, -1, -1, -1, -1, -1, -1, -1, -1, -1, -1, -1, -1, -1, -1, -1, -1, -1, -1, -1, -1, -1, -1, -1, -1, -1, -1, -1, -1, -1, -1, -1, -1, -1, -1, -1, -1, -1, -1, -1, -1, -1, -1, -1, -1, -1, -1, -1, -1, -1, -1, -1, -1, -1, -1, -1, -1, -1, -1, -1, -1, -1, -1, -1, -1, -1, -1, -1, -1, -1, -1, -1, -1, -1, -1, -1, -1, -1, -1, -1, -1, -1, -1, -1, -1, -1, -1, -1, -1, -1, -1, -1, -1, -1, -1, -1, -1, -1, -1, -1, -1, -1, -1, -1, -1, -1, -1, -1, -1, -1, -1, -1, -1, -1, -1, -1, -1, -1, -1, -1, -1, -1, -1, -1, -1, -1, -1, -1, -1, -1, -1, -1, -1, -1, -1, -1, -1, -1, -1, -1, -1, -1, -1, -1, -1, -1, -1, -1, -1, -1, -1, -1, -1, -1, -1, -1, -1, -1, -1, -1, -1, -1, -1, -1, -1, -1, -1, -1, -1, -1, -1, -1, -1, -1, -1, -1, -1, -1, -1, -1, -1, -1, -1, -1, -1, -1, -1, -1, -1, -1, -1, -1, -1, -1, -1, -1, -1, -1]"
150,28,26,0.5,None,1,237,"[{'cluster_no': -1, 'count': 237}]","[-1, -1, -1, -1, -1, -1, -1, -1, -1, -1, -1, -1, -1, -1, -1, -1, -1, -1, -1, -1, -1, -1, -1, -1, -1, -1, -1, -1, -1, -1, -1, -1, -1, -1, -1, -1, -1, -1, -1, -1, -1, -1, -1, -1, -1, -1, -1, -1, -1, -1, -1, -1, -1, -1, -1, -1, -1, -1, -1, -1, -1, -1, -1, -1, -1, -1, -1, -1, -1, -1, -1, -1, -1, -1, -1, -1, -1, -1, -1, -1, -1, -1, -1, -1, -1, -1, -1, -1, -1, -1, -1, -1, -1, -1, -1, -1, -1, -1, -1, -1, -1, -1, -1, -1, -1, -1, -1, -1, -1, -1, -1, -1, -1, -1, -1, -1, -1, -1, -1, -1, -1, -1, -1, -1, -1, -1, -1, -1, -1, -1, -1, -1, -1, -1, -1, -1, -1, -1, -1, -1, -1, -1, -1, -1, -1, -1, -1, -1, -1, -1, -1, -1, -1, -1, -1, -1, -1, -1, -1, -1, -1, -1, -1, -1, -1, -1, -1, -1, -1, -1, -1, -1, -1, -1, -1, -1, -1, -1, -1, -1, -1, -1, -1, -1, -1, -1, -1, -1, -1, -1, -1, -1, -1, -1, -1, -1, -1, -1, -1, -1, -1, -1, -1, -1, -1, -1, -1, -1, -1, -1, -1, -1, -1, -1, -1, -1, -1, -1, -1, -1, -1, -1, -1, -1, -1, -1, -1, -1, -1, -1, -1, -1, -1, -1, -1, -1, -1]"
150,28,26,1.0,None,1,237,"[{'cluster_no': -1, 'count': 237}]","[-1, -1, -1, -1, -1, -1, -1, -1, -1, -1, -1, -1, -1, -1, -1, -1, -1, -1, -1, -1, -1, -1, -1, -1, -1, -1, -1, -1, -1, -1, -1, -1, -1, -1, -1, -1, -1, -1, -1, -1, -1, -1, -1, -1, -1, -1, -1, -1, -1, -1, -1, -1, -1, -1, -1, -1, -1, -1, -1, -1, -1, -1, -1, -1, -1, -1, -1, -1, -1, -1, -1, -1, -1, -1, -1, -1, -1, -1, -1, -1, -1, -1, -1, -1, -1, -1, -1, -1, -1, -1, -1, -1, -1, -1, -1, -1, -1, -1, -1, -1, -1, -1, -1, -1, -1, -1, -1, -1, -1, -1, -1, -1, -1, -1, -1, -1, -1, -1, -1, -1, -1, -1, -1, -1, -1, -1, -1, -1, -1, -1, -1, -1, -1, -1, -1, -1, -1, -1, -1, -1, -1, -1, -1, -1, -1, -1, -1, -1, -1, -1, -1, -1, -1, -1, -1, -1, -1, -1, -1, -1, -1, -1, -1, -1, -1, -1, -1, -1, -1, -1, -1, -1, -1, -1, -1, -1, -1, -1, -1, -1, -1, -1, -1, -1, -1, -1, -1, -1, -1, -1, -1, -1, -1, -1, -1, -1, -1, -1, -1, -1, -1, -1, -1, -1, -1, -1, -1, -1, -1, -1, -1, -1, -1, -1, -1, -1, -1, -1, -1, -1, -1, -1, -1, -1, -1, -1, -1, -1, -1, -1, -1, -1, -1, -1, -1, -1, -1]"
150,28,27,0.0,None,1,237,"[{'cluster_no': -1, 'count': 237}]","[-1, -1, -1, -1, -1, -1, -1, -1, -1, -1, -1, -1, -1, -1, -1, -1, -1, -1, -1, -1, -1, -1, -1, -1, -1, -1, -1, -1, -1, -1, -1, -1, -1, -1, -1, -1, -1, -1, -1, -1, -1, -1, -1, -1, -1, -1, -1, -1, -1, -1, -1, -1, -1, -1, -1, -1, -1, -1, -1, -1, -1, -1, -1, -1, -1, -1, -1, -1, -1, -1, -1, -1, -1, -1, -1, -1, -1, -1, -1, -1, -1, -1, -1, -1, -1, -1, -1, -1, -1, -1, -1, -1, -1, -1, -1, -1, -1, -1, -1, -1, -1, -1, -1, -1, -1, -1, -1, -1, -1, -1, -1, -1, -1, -1, -1, -1, -1, -1, -1, -1, -1, -1, -1, -1, -1, -1, -1, -1, -1, -1, -1, -1, -1, -1, -1, -1, -1, -1, -1, -1, -1, -1, -1, -1, -1, -1, -1, -1, -1, -1, -1, -1, -1, -1, -1, -1, -1, -1, -1, -1, -1, -1, -1, -1, -1, -1, -1, -1, -1, -1, -1, -1, -1, -1, -1, -1, -1, -1, -1, -1, -1, -1, -1, -1, -1, -1, -1, -1, -1, -1, -1, -1, -1, -1, -1, -1, -1, -1, -1, -1, -1, -1, -1, -1, -1, -1, -1, -1, -1, -1, -1, -1, -1, -1, -1, -1, -1, -1, -1, -1, -1, -1, -1, -1, -1, -1, -1, -1, -1, -1, -1, -1, -1, -1, -1, -1, -1]"
150,28,27,0.5,None,1,237,"[{'cluster_no': -1, 'count': 237}]","[-1, -1, -1, -1, -1, -1, -1, -1, -1, -1, -1, -1, -1, -1, -1, -1, -1, -1, -1, -1, -1, -1, -1, -1, -1, -1, -1, -1, -1, -1, -1, -1, -1, -1, -1, -1, -1, -1, -1, -1, -1, -1, -1, -1, -1, -1, -1, -1, -1, -1, -1, -1, -1, -1, -1, -1, -1, -1, -1, -1, -1, -1, -1, -1, -1, -1, -1, -1, -1, -1, -1, -1, -1, -1, -1, -1, -1, -1, -1, -1, -1, -1, -1, -1, -1, -1, -1, -1, -1, -1, -1, -1, -1, -1, -1, -1, -1, -1, -1, -1, -1, -1, -1, -1, -1, -1, -1, -1, -1, -1, -1, -1, -1, -1, -1, -1, -1, -1, -1, -1, -1, -1, -1, -1, -1, -1, -1, -1, -1, -1, -1, -1, -1, -1, -1, -1, -1, -1, -1, -1, -1, -1, -1, -1, -1, -1, -1, -1, -1, -1, -1, -1, -1, -1, -1, -1, -1, -1, -1, -1, -1, -1, -1, -1, -1, -1, -1, -1, -1, -1, -1, -1, -1, -1, -1, -1, -1, -1, -1, -1, -1, -1, -1, -1, -1, -1, -1, -1, -1, -1, -1, -1, -1, -1, -1, -1, -1, -1, -1, -1, -1, -1, -1, -1, -1, -1, -1, -1, -1, -1, -1, -1, -1, -1, -1, -1, -1, -1, -1, -1, -1, -1, -1, -1, -1, -1, -1, -1, -1, -1, -1, -1, -1, -1, -1, -1, -1]"
150,28,27,1.0,None,1,237,"[{'cluster_no': -1, 'count': 237}]","[-1, -1, -1, -1, -1, -1, -1, -1, -1, -1, -1, -1, -1, -1, -1, -1, -1, -1, -1, -1, -1, -1, -1, -1, -1, -1, -1, -1, -1, -1, -1, -1, -1, -1, -1, -1, -1, -1, -1, -1, -1, -1, -1, -1, -1, -1, -1, -1, -1, -1, -1, -1, -1, -1, -1, -1, -1, -1, -1, -1, -1, -1, -1, -1, -1, -1, -1, -1, -1, -1, -1, -1, -1, -1, -1, -1, -1, -1, -1, -1, -1, -1, -1, -1, -1, -1, -1, -1, -1, -1, -1, -1, -1, -1, -1, -1, -1, -1, -1, -1, -1, -1, -1, -1, -1, -1, -1, -1, -1, -1, -1, -1, -1, -1, -1, -1, -1, -1, -1, -1, -1, -1, -1, -1, -1, -1, -1, -1, -1, -1, -1, -1, -1, -1, -1, -1, -1, -1, -1, -1, -1, -1, -1, -1, -1, -1, -1, -1, -1, -1, -1, -1, -1, -1, -1, -1, -1, -1, -1, -1, -1, -1, -1, -1, -1, -1, -1, -1, -1, -1, -1, -1, -1, -1, -1, -1, -1, -1, -1, -1, -1, -1, -1, -1, -1, -1, -1, -1, -1, -1, -1, -1, -1, -1, -1, -1, -1, -1, -1, -1, -1, -1, -1, -1, -1, -1, -1, -1, -1, -1, -1, -1, -1, -1, -1, -1, -1, -1, -1, -1, -1, -1, -1, -1, -1, -1, -1, -1, -1, -1, -1, -1, -1, -1, -1, -1, -1]"
150,28,28,0.0,None,1,237,"[{'cluster_no': -1, 'count': 237}]","[-1, -1, -1, -1, -1, -1, -1, -1, -1, -1, -1, -1, -1, -1, -1, -1, -1, -1, -1, -1, -1, -1, -1, -1, -1, -1, -1, -1, -1, -1, -1, -1, -1, -1, -1, -1, -1, -1, -1, -1, -1, -1, -1, -1, -1, -1, -1, -1, -1, -1, -1, -1, -1, -1, -1, -1, -1, -1, -1, -1, -1, -1, -1, -1, -1, -1, -1, -1, -1, -1, -1, -1, -1, -1, -1, -1, -1, -1, -1, -1, -1, -1, -1, -1, -1, -1, -1, -1, -1, -1, -1, -1, -1, -1, -1, -1, -1, -1, -1, -1, -1, -1, -1, -1, -1, -1, -1, -1, -1, -1, -1, -1, -1, -1, -1, -1, -1, -1, -1, -1, -1, -1, -1, -1, -1, -1, -1, -1, -1, -1, -1, -1, -1, -1, -1, -1, -1, -1, -1, -1, -1, -1, -1, -1, -1, -1, -1, -1, -1, -1, -1, -1, -1, -1, -1, -1, -1, -1, -1, -1, -1, -1, -1, -1, -1, -1, -1, -1, -1, -1, -1, -1, -1, -1, -1, -1, -1, -1, -1, -1, -1, -1, -1, -1, -1, -1, -1, -1, -1, -1, -1, -1, -1, -1, -1, -1, -1, -1, -1, -1, -1, -1, -1, -1, -1, -1, -1, -1, -1, -1, -1, -1, -1, -1, -1, -1, -1, -1, -1, -1, -1, -1, -1, -1, -1, -1, -1, -1, -1, -1, -1, -1, -1, -1, -1, -1, -1]"
150,28,28,0.5,None,1,237,"[{'cluster_no': -1, 'count': 237}]","[-1, -1, -1, -1, -1, -1, -1, -1, -1, -1, -1, -1, -1, -1, -1, -1, -1, -1, -1, -1, -1, -1, -1, -1, -1, -1, -1, -1, -1, -1, -1, -1, -1, -1, -1, -1, -1, -1, -1, -1, -1, -1, -1, -1, -1, -1, -1, -1, -1, -1, -1, -1, -1, -1, -1, -1, -1, -1, -1, -1, -1, -1, -1, -1, -1, -1, -1, -1, -1, -1, -1, -1, -1, -1, -1, -1, -1, -1, -1, -1, -1, -1, -1, -1, -1, -1, -1, -1, -1, -1, -1, -1, -1, -1, -1, -1, -1, -1, -1, -1, -1, -1, -1, -1, -1, -1, -1, -1, -1, -1, -1, -1, -1, -1, -1, -1, -1, -1, -1, -1, -1, -1, -1, -1, -1, -1, -1, -1, -1, -1, -1, -1, -1, -1, -1, -1, -1, -1, -1, -1, -1, -1, -1, -1, -1, -1, -1, -1, -1, -1, -1, -1, -1, -1, -1, -1, -1, -1, -1, -1, -1, -1, -1, -1, -1, -1, -1, -1, -1, -1, -1, -1, -1, -1, -1, -1, -1, -1, -1, -1, -1, -1, -1, -1, -1, -1, -1, -1, -1, -1, -1, -1, -1, -1, -1, -1, -1, -1, -1, -1, -1, -1, -1, -1, -1, -1, -1, -1, -1, -1, -1, -1, -1, -1, -1, -1, -1, -1, -1, -1, -1, -1, -1, -1, -1, -1, -1, -1, -1, -1, -1, -1, -1, -1, -1, -1, -1]"
150,28,28,1.0,None,1,237,"[{'cluster_no': -1, 'count': 237}]","[-1, -1, -1, -1, -1, -1, -1, -1, -1, -1, -1, -1, -1, -1, -1, -1, -1, -1, -1, -1, -1, -1, -1, -1, -1, -1, -1, -1, -1, -1, -1, -1, -1, -1, -1, -1, -1, -1, -1, -1, -1, -1, -1, -1, -1, -1, -1, -1, -1, -1, -1, -1, -1, -1, -1, -1, -1, -1, -1, -1, -1, -1, -1, -1, -1, -1, -1, -1, -1, -1, -1, -1, -1, -1, -1, -1, -1, -1, -1, -1, -1, -1, -1, -1, -1, -1, -1, -1, -1, -1, -1, -1, -1, -1, -1, -1, -1, -1, -1, -1, -1, -1, -1, -1, -1, -1, -1, -1, -1, -1, -1, -1, -1, -1, -1, -1, -1, -1, -1, -1, -1, -1, -1, -1, -1, -1, -1, -1, -1, -1, -1, -1, -1, -1, -1, -1, -1, -1, -1, -1, -1, -1, -1, -1, -1, -1, -1, -1, -1, -1, -1, -1, -1, -1, -1, -1, -1, -1, -1, -1, -1, -1, -1, -1, -1, -1, -1, -1, -1, -1, -1, -1, -1, -1, -1, -1, -1, -1, -1, -1, -1, -1, -1, -1, -1, -1, -1, -1, -1, -1, -1, -1, -1, -1, -1, -1, -1, -1, -1, -1, -1, -1, -1, -1, -1, -1, -1, -1, -1, -1, -1, -1, -1, -1, -1, -1, -1, -1, -1, -1, -1, -1, -1, -1, -1, -1, -1, -1, -1, -1, -1, -1, -1, -1, -1, -1, -1]"
150,28,29,0.0,None,1,237,"[{'cluster_no': -1, 'count': 237}]","[-1, -1, -1, -1, -1, -1, -1, -1, -1, -1, -1, -1, -1, -1, -1, -1, -1, -1, -1, -1, -1, -1, -1, -1, -1, -1, -1, -1, -1, -1, -1, -1, -1, -1, -1, -1, -1, -1, -1, -1, -1, -1, -1, -1, -1, -1, -1, -1, -1, -1, -1, -1, -1, -1, -1, -1, -1, -1, -1, -1, -1, -1, -1, -1, -1, -1, -1, -1, -1, -1, -1, -1, -1, -1, -1, -1, -1, -1, -1, -1, -1, -1, -1, -1, -1, -1, -1, -1, -1, -1, -1, -1, -1, -1, -1, -1, -1, -1, -1, -1, -1, -1, -1, -1, -1, -1, -1, -1, -1, -1, -1, -1, -1, -1, -1, -1, -1, -1, -1, -1, -1, -1, -1, -1, -1, -1, -1, -1, -1, -1, -1, -1, -1, -1, -1, -1, -1, -1, -1, -1, -1, -1, -1, -1, -1, -1, -1, -1, -1, -1, -1, -1, -1, -1, -1, -1, -1, -1, -1, -1, -1, -1, -1, -1, -1, -1, -1, -1, -1, -1, -1, -1, -1, -1, -1, -1, -1, -1, -1, -1, -1, -1, -1, -1, -1, -1, -1, -1, -1, -1, -1, -1, -1, -1, -1, -1, -1, -1, -1, -1, -1, -1, -1, -1, -1, -1, -1, -1, -1, -1, -1, -1, -1, -1, -1, -1, -1, -1, -1, -1, -1, -1, -1, -1, -1, -1, -1, -1, -1, -1, -1, -1, -1, -1, -1, -1, -1]"
150,28,29,0.5,None,1,237,"[{'cluster_no': -1, 'count': 237}]","[-1, -1, -1, -1, -1, -1, -1, -1, -1, -1, -1, -1, -1, -1, -1, -1, -1, -1, -1, -1, -1, -1, -1, -1, -1, -1, -1, -1, -1, -1, -1, -1, -1, -1, -1, -1, -1, -1, -1, -1, -1, -1, -1, -1, -1, -1, -1, -1, -1, -1, -1, -1, -1, -1, -1, -1, -1, -1, -1, -1, -1, -1, -1, -1, -1, -1, -1, -1, -1, -1, -1, -1, -1, -1, -1, -1, -1, -1, -1, -1, -1, -1, -1, -1, -1, -1, -1, -1, -1, -1, -1, -1, -1, -1, -1, -1, -1, -1, -1, -1, -1, -1, -1, -1, -1, -1, -1, -1, -1, -1, -1, -1, -1, -1, -1, -1, -1, -1, -1, -1, -1, -1, -1, -1, -1, -1, -1, -1, -1, -1, -1, -1, -1, -1, -1, -1, -1, -1, -1, -1, -1, -1, -1, -1, -1, -1, -1, -1, -1, -1, -1, -1, -1, -1, -1, -1, -1, -1, -1, -1, -1, -1, -1, -1, -1, -1, -1, -1, -1, -1, -1, -1, -1, -1, -1, -1, -1, -1, -1, -1, -1, -1, -1, -1, -1, -1, -1, -1, -1, -1, -1, -1, -1, -1, -1, -1, -1, -1, -1, -1, -1, -1, -1, -1, -1, -1, -1, -1, -1, -1, -1, -1, -1, -1, -1, -1, -1, -1, -1, -1, -1, -1, -1, -1, -1, -1, -1, -1, -1, -1, -1, -1, -1, -1, -1, -1, -1]"
150,28,29,1.0,None,1,237,"[{'cluster_no': -1, 'count': 237}]","[-1, -1, -1, -1, -1, -1, -1, -1, -1, -1, -1, -1, -1, -1, -1, -1, -1, -1, -1, -1, -1, -1, -1, -1, -1, -1, -1, -1, -1, -1, -1, -1, -1, -1, -1, -1, -1, -1, -1, -1, -1, -1, -1, -1, -1, -1, -1, -1, -1, -1, -1, -1, -1, -1, -1, -1, -1, -1, -1, -1, -1, -1, -1, -1, -1, -1, -1, -1, -1, -1, -1, -1, -1, -1, -1, -1, -1, -1, -1, -1, -1, -1, -1, -1, -1, -1, -1, -1, -1, -1, -1, -1, -1, -1, -1, -1, -1, -1, -1, -1, -1, -1, -1, -1, -1, -1, -1, -1, -1, -1, -1, -1, -1, -1, -1, -1, -1, -1, -1, -1, -1, -1, -1, -1, -1, -1, -1, -1, -1, -1, -1, -1, -1, -1, -1, -1, -1, -1, -1, -1, -1, -1, -1, -1, -1, -1, -1, -1, -1, -1, -1, -1, -1, -1, -1, -1, -1, -1, -1, -1, -1, -1, -1, -1, -1, -1, -1, -1, -1, -1, -1, -1, -1, -1, -1, -1, -1, -1, -1, -1, -1, -1, -1, -1, -1, -1, -1, -1, -1, -1, -1, -1, -1, -1, -1, -1, -1, -1, -1, -1, -1, -1, -1, -1, -1, -1, -1, -1, -1, -1, -1, -1, -1, -1, -1, -1, -1, -1, -1, -1, -1, -1, -1, -1, -1, -1, -1, -1, -1, -1, -1, -1, -1, -1, -1, -1, -1]"
150,28,30,0.0,None,1,237,"[{'cluster_no': -1, 'count': 237}]","[-1, -1, -1, -1, -1, -1, -1, -1, -1, -1, -1, -1, -1, -1, -1, -1, -1, -1, -1, -1, -1, -1, -1, -1, -1, -1, -1, -1, -1, -1, -1, -1, -1, -1, -1, -1, -1, -1, -1, -1, -1, -1, -1, -1, -1, -1, -1, -1, -1, -1, -1, -1, -1, -1, -1, -1, -1, -1, -1, -1, -1, -1, -1, -1, -1, -1, -1, -1, -1, -1, -1, -1, -1, -1, -1, -1, -1, -1, -1, -1, -1, -1, -1, -1, -1, -1, -1, -1, -1, -1, -1, -1, -1, -1, -1, -1, -1, -1, -1, -1, -1, -1, -1, -1, -1, -1, -1, -1, -1, -1, -1, -1, -1, -1, -1, -1, -1, -1, -1, -1, -1, -1, -1, -1, -1, -1, -1, -1, -1, -1, -1, -1, -1, -1, -1, -1, -1, -1, -1, -1, -1, -1, -1, -1, -1, -1, -1, -1, -1, -1, -1, -1, -1, -1, -1, -1, -1, -1, -1, -1, -1, -1, -1, -1, -1, -1, -1, -1, -1, -1, -1, -1, -1, -1, -1, -1, -1, -1, -1, -1, -1, -1, -1, -1, -1, -1, -1, -1, -1, -1, -1, -1, -1, -1, -1, -1, -1, -1, -1, -1, -1, -1, -1, -1, -1, -1, -1, -1, -1, -1, -1, -1, -1, -1, -1, -1, -1, -1, -1, -1, -1, -1, -1, -1, -1, -1, -1, -1, -1, -1, -1, -1, -1, -1, -1, -1, -1]"
150,28,30,0.5,None,1,237,"[{'cluster_no': -1, 'count': 237}]","[-1, -1, -1, -1, -1, -1, -1, -1, -1, -1, -1, -1, -1, -1, -1, -1, -1, -1, -1, -1, -1, -1, -1, -1, -1, -1, -1, -1, -1, -1, -1, -1, -1, -1, -1, -1, -1, -1, -1, -1, -1, -1, -1, -1, -1, -1, -1, -1, -1, -1, -1, -1, -1, -1, -1, -1, -1, -1, -1, -1, -1, -1, -1, -1, -1, -1, -1, -1, -1, -1, -1, -1, -1, -1, -1, -1, -1, -1, -1, -1, -1, -1, -1, -1, -1, -1, -1, -1, -1, -1, -1, -1, -1, -1, -1, -1, -1, -1, -1, -1, -1, -1, -1, -1, -1, -1, -1, -1, -1, -1, -1, -1, -1, -1, -1, -1, -1, -1, -1, -1, -1, -1, -1, -1, -1, -1, -1, -1, -1, -1, -1, -1, -1, -1, -1, -1, -1, -1, -1, -1, -1, -1, -1, -1, -1, -1, -1, -1, -1, -1, -1, -1, -1, -1, -1, -1, -1, -1, -1, -1, -1, -1, -1, -1, -1, -1, -1, -1, -1, -1, -1, -1, -1, -1, -1, -1, -1, -1, -1, -1, -1, -1, -1, -1, -1, -1, -1, -1, -1, -1, -1, -1, -1, -1, -1, -1, -1, -1, -1, -1, -1, -1, -1, -1, -1, -1, -1, -1, -1, -1, -1, -1, -1, -1, -1, -1, -1, -1, -1, -1, -1, -1, -1, -1, -1, -1, -1, -1, -1, -1, -1, -1, -1, -1, -1, -1, -1]"
150,28,30,1.0,None,1,237,"[{'cluster_no': -1, 'count': 237}]","[-1, -1, -1, -1, -1, -1, -1, -1, -1, -1, -1, -1, -1, -1, -1, -1, -1, -1, -1, -1, -1, -1, -1, -1, -1, -1, -1, -1, -1, -1, -1, -1, -1, -1, -1, -1, -1, -1, -1, -1, -1, -1, -1, -1, -1, -1, -1, -1, -1, -1, -1, -1, -1, -1, -1, -1, -1, -1, -1, -1, -1, -1, -1, -1, -1, -1, -1, -1, -1, -1, -1, -1, -1, -1, -1, -1, -1, -1, -1, -1, -1, -1, -1, -1, -1, -1, -1, -1, -1, -1, -1, -1, -1, -1, -1, -1, -1, -1, -1, -1, -1, -1, -1, -1, -1, -1, -1, -1, -1, -1, -1, -1, -1, -1, -1, -1, -1, -1, -1, -1, -1, -1, -1, -1, -1, -1, -1, -1, -1, -1, -1, -1, -1, -1, -1, -1, -1, -1, -1, -1, -1, -1, -1, -1, -1, -1, -1, -1, -1, -1, -1, -1, -1, -1, -1, -1, -1, -1, -1, -1, -1, -1, -1, -1, -1, -1, -1, -1, -1, -1, -1, -1, -1, -1, -1, -1, -1, -1, -1, -1, -1, -1, -1, -1, -1, -1, -1, -1, -1, -1, -1, -1, -1, -1, -1, -1, -1, -1, -1, -1, -1, -1, -1, -1, -1, -1, -1, -1, -1, -1, -1, -1, -1, -1, -1, -1, -1, -1, -1, -1, -1, -1, -1, -1, -1, -1, -1, -1, -1, -1, -1, -1, -1, -1, -1, -1, -1]"
150,29,5,0.0,None,1,237,"[{'cluster_no': -1, 'count': 237}]","[-1, -1, -1, -1, -1, -1, -1, -1, -1, -1, -1, -1, -1, -1, -1, -1, -1, -1, -1, -1, -1, -1, -1, -1, -1, -1, -1, -1, -1, -1, -1, -1, -1, -1, -1, -1, -1, -1, -1, -1, -1, -1, -1, -1, -1, -1, -1, -1, -1, -1, -1, -1, -1, -1, -1, -1, -1, -1, -1, -1, -1, -1, -1, -1, -1, -1, -1, -1, -1, -1, -1, -1, -1, -1, -1, -1, -1, -1, -1, -1, -1, -1, -1, -1, -1, -1, -1, -1, -1, -1, -1, -1, -1, -1, -1, -1, -1, -1, -1, -1, -1, -1, -1, -1, -1, -1, -1, -1, -1, -1, -1, -1, -1, -1, -1, -1, -1, -1, -1, -1, -1, -1, -1, -1, -1, -1, -1, -1, -1, -1, -1, -1, -1, -1, -1, -1, -1, -1, -1, -1, -1, -1, -1, -1, -1, -1, -1, -1, -1, -1, -1, -1, -1, -1, -1, -1, -1, -1, -1, -1, -1, -1, -1, -1, -1, -1, -1, -1, -1, -1, -1, -1, -1, -1, -1, -1, -1, -1, -1, -1, -1, -1, -1, -1, -1, -1, -1, -1, -1, -1, -1, -1, -1, -1, -1, -1, -1, -1, -1, -1, -1, -1, -1, -1, -1, -1, -1, -1, -1, -1, -1, -1, -1, -1, -1, -1, -1, -1, -1, -1, -1, -1, -1, -1, -1, -1, -1, -1, -1, -1, -1, -1, -1, -1, -1, -1, -1]"
150,29,5,0.5,None,1,237,"[{'cluster_no': -1, 'count': 237}]","[-1, -1, -1, -1, -1, -1, -1, -1, -1, -1, -1, -1, -1, -1, -1, -1, -1, -1, -1, -1, -1, -1, -1, -1, -1, -1, -1, -1, -1, -1, -1, -1, -1, -1, -1, -1, -1, -1, -1, -1, -1, -1, -1, -1, -1, -1, -1, -1, -1, -1, -1, -1, -1, -1, -1, -1, -1, -1, -1, -1, -1, -1, -1, -1, -1, -1, -1, -1, -1, -1, -1, -1, -1, -1, -1, -1, -1, -1, -1, -1, -1, -1, -1, -1, -1, -1, -1, -1, -1, -1, -1, -1, -1, -1, -1, -1, -1, -1, -1, -1, -1, -1, -1, -1, -1, -1, -1, -1, -1, -1, -1, -1, -1, -1, -1, -1, -1, -1, -1, -1, -1, -1, -1, -1, -1, -1, -1, -1, -1, -1, -1, -1, -1, -1, -1, -1, -1, -1, -1, -1, -1, -1, -1, -1, -1, -1, -1, -1, -1, -1, -1, -1, -1, -1, -1, -1, -1, -1, -1, -1, -1, -1, -1, -1, -1, -1, -1, -1, -1, -1, -1, -1, -1, -1, -1, -1, -1, -1, -1, -1, -1, -1, -1, -1, -1, -1, -1, -1, -1, -1, -1, -1, -1, -1, -1, -1, -1, -1, -1, -1, -1, -1, -1, -1, -1, -1, -1, -1, -1, -1, -1, -1, -1, -1, -1, -1, -1, -1, -1, -1, -1, -1, -1, -1, -1, -1, -1, -1, -1, -1, -1, -1, -1, -1, -1, -1, -1]"
150,29,5,1.0,None,1,237,"[{'cluster_no': -1, 'count': 237}]","[-1, -1, -1, -1, -1, -1, -1, -1, -1, -1, -1, -1, -1, -1, -1, -1, -1, -1, -1, -1, -1, -1, -1, -1, -1, -1, -1, -1, -1, -1, -1, -1, -1, -1, -1, -1, -1, -1, -1, -1, -1, -1, -1, -1, -1, -1, -1, -1, -1, -1, -1, -1, -1, -1, -1, -1, -1, -1, -1, -1, -1, -1, -1, -1, -1, -1, -1, -1, -1, -1, -1, -1, -1, -1, -1, -1, -1, -1, -1, -1, -1, -1, -1, -1, -1, -1, -1, -1, -1, -1, -1, -1, -1, -1, -1, -1, -1, -1, -1, -1, -1, -1, -1, -1, -1, -1, -1, -1, -1, -1, -1, -1, -1, -1, -1, -1, -1, -1, -1, -1, -1, -1, -1, -1, -1, -1, -1, -1, -1, -1, -1, -1, -1, -1, -1, -1, -1, -1, -1, -1, -1, -1, -1, -1, -1, -1, -1, -1, -1, -1, -1, -1, -1, -1, -1, -1, -1, -1, -1, -1, -1, -1, -1, -1, -1, -1, -1, -1, -1, -1, -1, -1, -1, -1, -1, -1, -1, -1, -1, -1, -1, -1, -1, -1, -1, -1, -1, -1, -1, -1, -1, -1, -1, -1, -1, -1, -1, -1, -1, -1, -1, -1, -1, -1, -1, -1, -1, -1, -1, -1, -1, -1, -1, -1, -1, -1, -1, -1, -1, -1, -1, -1, -1, -1, -1, -1, -1, -1, -1, -1, -1, -1, -1, -1, -1, -1, -1]"
150,29,6,0.0,None,1,237,"[{'cluster_no': -1, 'count': 237}]","[-1, -1, -1, -1, -1, -1, -1, -1, -1, -1, -1, -1, -1, -1, -1, -1, -1, -1, -1, -1, -1, -1, -1, -1, -1, -1, -1, -1, -1, -1, -1, -1, -1, -1, -1, -1, -1, -1, -1, -1, -1, -1, -1, -1, -1, -1, -1, -1, -1, -1, -1, -1, -1, -1, -1, -1, -1, -1, -1, -1, -1, -1, -1, -1, -1, -1, -1, -1, -1, -1, -1, -1, -1, -1, -1, -1, -1, -1, -1, -1, -1, -1, -1, -1, -1, -1, -1, -1, -1, -1, -1, -1, -1, -1, -1, -1, -1, -1, -1, -1, -1, -1, -1, -1, -1, -1, -1, -1, -1, -1, -1, -1, -1, -1, -1, -1, -1, -1, -1, -1, -1, -1, -1, -1, -1, -1, -1, -1, -1, -1, -1, -1, -1, -1, -1, -1, -1, -1, -1, -1, -1, -1, -1, -1, -1, -1, -1, -1, -1, -1, -1, -1, -1, -1, -1, -1, -1, -1, -1, -1, -1, -1, -1, -1, -1, -1, -1, -1, -1, -1, -1, -1, -1, -1, -1, -1, -1, -1, -1, -1, -1, -1, -1, -1, -1, -1, -1, -1, -1, -1, -1, -1, -1, -1, -1, -1, -1, -1, -1, -1, -1, -1, -1, -1, -1, -1, -1, -1, -1, -1, -1, -1, -1, -1, -1, -1, -1, -1, -1, -1, -1, -1, -1, -1, -1, -1, -1, -1, -1, -1, -1, -1, -1, -1, -1, -1, -1]"
150,29,6,0.5,None,1,237,"[{'cluster_no': -1, 'count': 237}]","[-1, -1, -1, -1, -1, -1, -1, -1, -1, -1, -1, -1, -1, -1, -1, -1, -1, -1, -1, -1, -1, -1, -1, -1, -1, -1, -1, -1, -1, -1, -1, -1, -1, -1, -1, -1, -1, -1, -1, -1, -1, -1, -1, -1, -1, -1, -1, -1, -1, -1, -1, -1, -1, -1, -1, -1, -1, -1, -1, -1, -1, -1, -1, -1, -1, -1, -1, -1, -1, -1, -1, -1, -1, -1, -1, -1, -1, -1, -1, -1, -1, -1, -1, -1, -1, -1, -1, -1, -1, -1, -1, -1, -1, -1, -1, -1, -1, -1, -1, -1, -1, -1, -1, -1, -1, -1, -1, -1, -1, -1, -1, -1, -1, -1, -1, -1, -1, -1, -1, -1, -1, -1, -1, -1, -1, -1, -1, -1, -1, -1, -1, -1, -1, -1, -1, -1, -1, -1, -1, -1, -1, -1, -1, -1, -1, -1, -1, -1, -1, -1, -1, -1, -1, -1, -1, -1, -1, -1, -1, -1, -1, -1, -1, -1, -1, -1, -1, -1, -1, -1, -1, -1, -1, -1, -1, -1, -1, -1, -1, -1, -1, -1, -1, -1, -1, -1, -1, -1, -1, -1, -1, -1, -1, -1, -1, -1, -1, -1, -1, -1, -1, -1, -1, -1, -1, -1, -1, -1, -1, -1, -1, -1, -1, -1, -1, -1, -1, -1, -1, -1, -1, -1, -1, -1, -1, -1, -1, -1, -1, -1, -1, -1, -1, -1, -1, -1, -1]"
150,29,6,1.0,None,1,237,"[{'cluster_no': -1, 'count': 237}]","[-1, -1, -1, -1, -1, -1, -1, -1, -1, -1, -1, -1, -1, -1, -1, -1, -1, -1, -1, -1, -1, -1, -1, -1, -1, -1, -1, -1, -1, -1, -1, -1, -1, -1, -1, -1, -1, -1, -1, -1, -1, -1, -1, -1, -1, -1, -1, -1, -1, -1, -1, -1, -1, -1, -1, -1, -1, -1, -1, -1, -1, -1, -1, -1, -1, -1, -1, -1, -1, -1, -1, -1, -1, -1, -1, -1, -1, -1, -1, -1, -1, -1, -1, -1, -1, -1, -1, -1, -1, -1, -1, -1, -1, -1, -1, -1, -1, -1, -1, -1, -1, -1, -1, -1, -1, -1, -1, -1, -1, -1, -1, -1, -1, -1, -1, -1, -1, -1, -1, -1, -1, -1, -1, -1, -1, -1, -1, -1, -1, -1, -1, -1, -1, -1, -1, -1, -1, -1, -1, -1, -1, -1, -1, -1, -1, -1, -1, -1, -1, -1, -1, -1, -1, -1, -1, -1, -1, -1, -1, -1, -1, -1, -1, -1, -1, -1, -1, -1, -1, -1, -1, -1, -1, -1, -1, -1, -1, -1, -1, -1, -1, -1, -1, -1, -1, -1, -1, -1, -1, -1, -1, -1, -1, -1, -1, -1, -1, -1, -1, -1, -1, -1, -1, -1, -1, -1, -1, -1, -1, -1, -1, -1, -1, -1, -1, -1, -1, -1, -1, -1, -1, -1, -1, -1, -1, -1, -1, -1, -1, -1, -1, -1, -1, -1, -1, -1, -1]"
150,29,7,0.0,None,1,237,"[{'cluster_no': -1, 'count': 237}]","[-1, -1, -1, -1, -1, -1, -1, -1, -1, -1, -1, -1, -1, -1, -1, -1, -1, -1, -1, -1, -1, -1, -1, -1, -1, -1, -1, -1, -1, -1, -1, -1, -1, -1, -1, -1, -1, -1, -1, -1, -1, -1, -1, -1, -1, -1, -1, -1, -1, -1, -1, -1, -1, -1, -1, -1, -1, -1, -1, -1, -1, -1, -1, -1, -1, -1, -1, -1, -1, -1, -1, -1, -1, -1, -1, -1, -1, -1, -1, -1, -1, -1, -1, -1, -1, -1, -1, -1, -1, -1, -1, -1, -1, -1, -1, -1, -1, -1, -1, -1, -1, -1, -1, -1, -1, -1, -1, -1, -1, -1, -1, -1, -1, -1, -1, -1, -1, -1, -1, -1, -1, -1, -1, -1, -1, -1, -1, -1, -1, -1, -1, -1, -1, -1, -1, -1, -1, -1, -1, -1, -1, -1, -1, -1, -1, -1, -1, -1, -1, -1, -1, -1, -1, -1, -1, -1, -1, -1, -1, -1, -1, -1, -1, -1, -1, -1, -1, -1, -1, -1, -1, -1, -1, -1, -1, -1, -1, -1, -1, -1, -1, -1, -1, -1, -1, -1, -1, -1, -1, -1, -1, -1, -1, -1, -1, -1, -1, -1, -1, -1, -1, -1, -1, -1, -1, -1, -1, -1, -1, -1, -1, -1, -1, -1, -1, -1, -1, -1, -1, -1, -1, -1, -1, -1, -1, -1, -1, -1, -1, -1, -1, -1, -1, -1, -1, -1, -1]"
150,29,7,0.5,None,1,237,"[{'cluster_no': -1, 'count': 237}]","[-1, -1, -1, -1, -1, -1, -1, -1, -1, -1, -1, -1, -1, -1, -1, -1, -1, -1, -1, -1, -1, -1, -1, -1, -1, -1, -1, -1, -1, -1, -1, -1, -1, -1, -1, -1, -1, -1, -1, -1, -1, -1, -1, -1, -1, -1, -1, -1, -1, -1, -1, -1, -1, -1, -1, -1, -1, -1, -1, -1, -1, -1, -1, -1, -1, -1, -1, -1, -1, -1, -1, -1, -1, -1, -1, -1, -1, -1, -1, -1, -1, -1, -1, -1, -1, -1, -1, -1, -1, -1, -1, -1, -1, -1, -1, -1, -1, -1, -1, -1, -1, -1, -1, -1, -1, -1, -1, -1, -1, -1, -1, -1, -1, -1, -1, -1, -1, -1, -1, -1, -1, -1, -1, -1, -1, -1, -1, -1, -1, -1, -1, -1, -1, -1, -1, -1, -1, -1, -1, -1, -1, -1, -1, -1, -1, -1, -1, -1, -1, -1, -1, -1, -1, -1, -1, -1, -1, -1, -1, -1, -1, -1, -1, -1, -1, -1, -1, -1, -1, -1, -1, -1, -1, -1, -1, -1, -1, -1, -1, -1, -1, -1, -1, -1, -1, -1, -1, -1, -1, -1, -1, -1, -1, -1, -1, -1, -1, -1, -1, -1, -1, -1, -1, -1, -1, -1, -1, -1, -1, -1, -1, -1, -1, -1, -1, -1, -1, -1, -1, -1, -1, -1, -1, -1, -1, -1, -1, -1, -1, -1, -1, -1, -1, -1, -1, -1, -1]"
150,29,7,1.0,None,1,237,"[{'cluster_no': -1, 'count': 237}]","[-1, -1, -1, -1, -1, -1, -1, -1, -1, -1, -1, -1, -1, -1, -1, -1, -1, -1, -1, -1, -1, -1, -1, -1, -1, -1, -1, -1, -1, -1, -1, -1, -1, -1, -1, -1, -1, -1, -1, -1, -1, -1, -1, -1, -1, -1, -1, -1, -1, -1, -1, -1, -1, -1, -1, -1, -1, -1, -1, -1, -1, -1, -1, -1, -1, -1, -1, -1, -1, -1, -1, -1, -1, -1, -1, -1, -1, -1, -1, -1, -1, -1, -1, -1, -1, -1, -1, -1, -1, -1, -1, -1, -1, -1, -1, -1, -1, -1, -1, -1, -1, -1, -1, -1, -1, -1, -1, -1, -1, -1, -1, -1, -1, -1, -1, -1, -1, -1, -1, -1, -1, -1, -1, -1, -1, -1, -1, -1, -1, -1, -1, -1, -1, -1, -1, -1, -1, -1, -1, -1, -1, -1, -1, -1, -1, -1, -1, -1, -1, -1, -1, -1, -1, -1, -1, -1, -1, -1, -1, -1, -1, -1, -1, -1, -1, -1, -1, -1, -1, -1, -1, -1, -1, -1, -1, -1, -1, -1, -1, -1, -1, -1, -1, -1, -1, -1, -1, -1, -1, -1, -1, -1, -1, -1, -1, -1, -1, -1, -1, -1, -1, -1, -1, -1, -1, -1, -1, -1, -1, -1, -1, -1, -1, -1, -1, -1, -1, -1, -1, -1, -1, -1, -1, -1, -1, -1, -1, -1, -1, -1, -1, -1, -1, -1, -1, -1, -1]"
150,29,8,0.0,None,1,237,"[{'cluster_no': -1, 'count': 237}]","[-1, -1, -1, -1, -1, -1, -1, -1, -1, -1, -1, -1, -1, -1, -1, -1, -1, -1, -1, -1, -1, -1, -1, -1, -1, -1, -1, -1, -1, -1, -1, -1, -1, -1, -1, -1, -1, -1, -1, -1, -1, -1, -1, -1, -1, -1, -1, -1, -1, -1, -1, -1, -1, -1, -1, -1, -1, -1, -1, -1, -1, -1, -1, -1, -1, -1, -1, -1, -1, -1, -1, -1, -1, -1, -1, -1, -1, -1, -1, -1, -1, -1, -1, -1, -1, -1, -1, -1, -1, -1, -1, -1, -1, -1, -1, -1, -1, -1, -1, -1, -1, -1, -1, -1, -1, -1, -1, -1, -1, -1, -1, -1, -1, -1, -1, -1, -1, -1, -1, -1, -1, -1, -1, -1, -1, -1, -1, -1, -1, -1, -1, -1, -1, -1, -1, -1, -1, -1, -1, -1, -1, -1, -1, -1, -1, -1, -1, -1, -1, -1, -1, -1, -1, -1, -1, -1, -1, -1, -1, -1, -1, -1, -1, -1, -1, -1, -1, -1, -1, -1, -1, -1, -1, -1, -1, -1, -1, -1, -1, -1, -1, -1, -1, -1, -1, -1, -1, -1, -1, -1, -1, -1, -1, -1, -1, -1, -1, -1, -1, -1, -1, -1, -1, -1, -1, -1, -1, -1, -1, -1, -1, -1, -1, -1, -1, -1, -1, -1, -1, -1, -1, -1, -1, -1, -1, -1, -1, -1, -1, -1, -1, -1, -1, -1, -1, -1, -1]"
150,29,8,0.5,None,1,237,"[{'cluster_no': -1, 'count': 237}]","[-1, -1, -1, -1, -1, -1, -1, -1, -1, -1, -1, -1, -1, -1, -1, -1, -1, -1, -1, -1, -1, -1, -1, -1, -1, -1, -1, -1, -1, -1, -1, -1, -1, -1, -1, -1, -1, -1, -1, -1, -1, -1, -1, -1, -1, -1, -1, -1, -1, -1, -1, -1, -1, -1, -1, -1, -1, -1, -1, -1, -1, -1, -1, -1, -1, -1, -1, -1, -1, -1, -1, -1, -1, -1, -1, -1, -1, -1, -1, -1, -1, -1, -1, -1, -1, -1, -1, -1, -1, -1, -1, -1, -1, -1, -1, -1, -1, -1, -1, -1, -1, -1, -1, -1, -1, -1, -1, -1, -1, -1, -1, -1, -1, -1, -1, -1, -1, -1, -1, -1, -1, -1, -1, -1, -1, -1, -1, -1, -1, -1, -1, -1, -1, -1, -1, -1, -1, -1, -1, -1, -1, -1, -1, -1, -1, -1, -1, -1, -1, -1, -1, -1, -1, -1, -1, -1, -1, -1, -1, -1, -1, -1, -1, -1, -1, -1, -1, -1, -1, -1, -1, -1, -1, -1, -1, -1, -1, -1, -1, -1, -1, -1, -1, -1, -1, -1, -1, -1, -1, -1, -1, -1, -1, -1, -1, -1, -1, -1, -1, -1, -1, -1, -1, -1, -1, -1, -1, -1, -1, -1, -1, -1, -1, -1, -1, -1, -1, -1, -1, -1, -1, -1, -1, -1, -1, -1, -1, -1, -1, -1, -1, -1, -1, -1, -1, -1, -1]"
150,29,8,1.0,None,1,237,"[{'cluster_no': -1, 'count': 237}]","[-1, -1, -1, -1, -1, -1, -1, -1, -1, -1, -1, -1, -1, -1, -1, -1, -1, -1, -1, -1, -1, -1, -1, -1, -1, -1, -1, -1, -1, -1, -1, -1, -1, -1, -1, -1, -1, -1, -1, -1, -1, -1, -1, -1, -1, -1, -1, -1, -1, -1, -1, -1, -1, -1, -1, -1, -1, -1, -1, -1, -1, -1, -1, -1, -1, -1, -1, -1, -1, -1, -1, -1, -1, -1, -1, -1, -1, -1, -1, -1, -1, -1, -1, -1, -1, -1, -1, -1, -1, -1, -1, -1, -1, -1, -1, -1, -1, -1, -1, -1, -1, -1, -1, -1, -1, -1, -1, -1, -1, -1, -1, -1, -1, -1, -1, -1, -1, -1, -1, -1, -1, -1, -1, -1, -1, -1, -1, -1, -1, -1, -1, -1, -1, -1, -1, -1, -1, -1, -1, -1, -1, -1, -1, -1, -1, -1, -1, -1, -1, -1, -1, -1, -1, -1, -1, -1, -1, -1, -1, -1, -1, -1, -1, -1, -1, -1, -1, -1, -1, -1, -1, -1, -1, -1, -1, -1, -1, -1, -1, -1, -1, -1, -1, -1, -1, -1, -1, -1, -1, -1, -1, -1, -1, -1, -1, -1, -1, -1, -1, -1, -1, -1, -1, -1, -1, -1, -1, -1, -1, -1, -1, -1, -1, -1, -1, -1, -1, -1, -1, -1, -1, -1, -1, -1, -1, -1, -1, -1, -1, -1, -1, -1, -1, -1, -1, -1, -1]"
150,29,9,0.0,None,1,237,"[{'cluster_no': -1, 'count': 237}]","[-1, -1, -1, -1, -1, -1, -1, -1, -1, -1, -1, -1, -1, -1, -1, -1, -1, -1, -1, -1, -1, -1, -1, -1, -1, -1, -1, -1, -1, -1, -1, -1, -1, -1, -1, -1, -1, -1, -1, -1, -1, -1, -1, -1, -1, -1, -1, -1, -1, -1, -1, -1, -1, -1, -1, -1, -1, -1, -1, -1, -1, -1, -1, -1, -1, -1, -1, -1, -1, -1, -1, -1, -1, -1, -1, -1, -1, -1, -1, -1, -1, -1, -1, -1, -1, -1, -1, -1, -1, -1, -1, -1, -1, -1, -1, -1, -1, -1, -1, -1, -1, -1, -1, -1, -1, -1, -1, -1, -1, -1, -1, -1, -1, -1, -1, -1, -1, -1, -1, -1, -1, -1, -1, -1, -1, -1, -1, -1, -1, -1, -1, -1, -1, -1, -1, -1, -1, -1, -1, -1, -1, -1, -1, -1, -1, -1, -1, -1, -1, -1, -1, -1, -1, -1, -1, -1, -1, -1, -1, -1, -1, -1, -1, -1, -1, -1, -1, -1, -1, -1, -1, -1, -1, -1, -1, -1, -1, -1, -1, -1, -1, -1, -1, -1, -1, -1, -1, -1, -1, -1, -1, -1, -1, -1, -1, -1, -1, -1, -1, -1, -1, -1, -1, -1, -1, -1, -1, -1, -1, -1, -1, -1, -1, -1, -1, -1, -1, -1, -1, -1, -1, -1, -1, -1, -1, -1, -1, -1, -1, -1, -1, -1, -1, -1, -1, -1, -1]"
150,29,9,0.5,None,1,237,"[{'cluster_no': -1, 'count': 237}]","[-1, -1, -1, -1, -1, -1, -1, -1, -1, -1, -1, -1, -1, -1, -1, -1, -1, -1, -1, -1, -1, -1, -1, -1, -1, -1, -1, -1, -1, -1, -1, -1, -1, -1, -1, -1, -1, -1, -1, -1, -1, -1, -1, -1, -1, -1, -1, -1, -1, -1, -1, -1, -1, -1, -1, -1, -1, -1, -1, -1, -1, -1, -1, -1, -1, -1, -1, -1, -1, -1, -1, -1, -1, -1, -1, -1, -1, -1, -1, -1, -1, -1, -1, -1, -1, -1, -1, -1, -1, -1, -1, -1, -1, -1, -1, -1, -1, -1, -1, -1, -1, -1, -1, -1, -1, -1, -1, -1, -1, -1, -1, -1, -1, -1, -1, -1, -1, -1, -1, -1, -1, -1, -1, -1, -1, -1, -1, -1, -1, -1, -1, -1, -1, -1, -1, -1, -1, -1, -1, -1, -1, -1, -1, -1, -1, -1, -1, -1, -1, -1, -1, -1, -1, -1, -1, -1, -1, -1, -1, -1, -1, -1, -1, -1, -1, -1, -1, -1, -1, -1, -1, -1, -1, -1, -1, -1, -1, -1, -1, -1, -1, -1, -1, -1, -1, -1, -1, -1, -1, -1, -1, -1, -1, -1, -1, -1, -1, -1, -1, -1, -1, -1, -1, -1, -1, -1, -1, -1, -1, -1, -1, -1, -1, -1, -1, -1, -1, -1, -1, -1, -1, -1, -1, -1, -1, -1, -1, -1, -1, -1, -1, -1, -1, -1, -1, -1, -1]"
150,29,9,1.0,None,1,237,"[{'cluster_no': -1, 'count': 237}]","[-1, -1, -1, -1, -1, -1, -1, -1, -1, -1, -1, -1, -1, -1, -1, -1, -1, -1, -1, -1, -1, -1, -1, -1, -1, -1, -1, -1, -1, -1, -1, -1, -1, -1, -1, -1, -1, -1, -1, -1, -1, -1, -1, -1, -1, -1, -1, -1, -1, -1, -1, -1, -1, -1, -1, -1, -1, -1, -1, -1, -1, -1, -1, -1, -1, -1, -1, -1, -1, -1, -1, -1, -1, -1, -1, -1, -1, -1, -1, -1, -1, -1, -1, -1, -1, -1, -1, -1, -1, -1, -1, -1, -1, -1, -1, -1, -1, -1, -1, -1, -1, -1, -1, -1, -1, -1, -1, -1, -1, -1, -1, -1, -1, -1, -1, -1, -1, -1, -1, -1, -1, -1, -1, -1, -1, -1, -1, -1, -1, -1, -1, -1, -1, -1, -1, -1, -1, -1, -1, -1, -1, -1, -1, -1, -1, -1, -1, -1, -1, -1, -1, -1, -1, -1, -1, -1, -1, -1, -1, -1, -1, -1, -1, -1, -1, -1, -1, -1, -1, -1, -1, -1, -1, -1, -1, -1, -1, -1, -1, -1, -1, -1, -1, -1, -1, -1, -1, -1, -1, -1, -1, -1, -1, -1, -1, -1, -1, -1, -1, -1, -1, -1, -1, -1, -1, -1, -1, -1, -1, -1, -1, -1, -1, -1, -1, -1, -1, -1, -1, -1, -1, -1, -1, -1, -1, -1, -1, -1, -1, -1, -1, -1, -1, -1, -1, -1, -1]"
150,29,10,0.0,None,1,237,"[{'cluster_no': -1, 'count': 237}]","[-1, -1, -1, -1, -1, -1, -1, -1, -1, -1, -1, -1, -1, -1, -1, -1, -1, -1, -1, -1, -1, -1, -1, -1, -1, -1, -1, -1, -1, -1, -1, -1, -1, -1, -1, -1, -1, -1, -1, -1, -1, -1, -1, -1, -1, -1, -1, -1, -1, -1, -1, -1, -1, -1, -1, -1, -1, -1, -1, -1, -1, -1, -1, -1, -1, -1, -1, -1, -1, -1, -1, -1, -1, -1, -1, -1, -1, -1, -1, -1, -1, -1, -1, -1, -1, -1, -1, -1, -1, -1, -1, -1, -1, -1, -1, -1, -1, -1, -1, -1, -1, -1, -1, -1, -1, -1, -1, -1, -1, -1, -1, -1, -1, -1, -1, -1, -1, -1, -1, -1, -1, -1, -1, -1, -1, -1, -1, -1, -1, -1, -1, -1, -1, -1, -1, -1, -1, -1, -1, -1, -1, -1, -1, -1, -1, -1, -1, -1, -1, -1, -1, -1, -1, -1, -1, -1, -1, -1, -1, -1, -1, -1, -1, -1, -1, -1, -1, -1, -1, -1, -1, -1, -1, -1, -1, -1, -1, -1, -1, -1, -1, -1, -1, -1, -1, -1, -1, -1, -1, -1, -1, -1, -1, -1, -1, -1, -1, -1, -1, -1, -1, -1, -1, -1, -1, -1, -1, -1, -1, -1, -1, -1, -1, -1, -1, -1, -1, -1, -1, -1, -1, -1, -1, -1, -1, -1, -1, -1, -1, -1, -1, -1, -1, -1, -1, -1, -1]"
150,29,10,0.5,None,1,237,"[{'cluster_no': -1, 'count': 237}]","[-1, -1, -1, -1, -1, -1, -1, -1, -1, -1, -1, -1, -1, -1, -1, -1, -1, -1, -1, -1, -1, -1, -1, -1, -1, -1, -1, -1, -1, -1, -1, -1, -1, -1, -1, -1, -1, -1, -1, -1, -1, -1, -1, -1, -1, -1, -1, -1, -1, -1, -1, -1, -1, -1, -1, -1, -1, -1, -1, -1, -1, -1, -1, -1, -1, -1, -1, -1, -1, -1, -1, -1, -1, -1, -1, -1, -1, -1, -1, -1, -1, -1, -1, -1, -1, -1, -1, -1, -1, -1, -1, -1, -1, -1, -1, -1, -1, -1, -1, -1, -1, -1, -1, -1, -1, -1, -1, -1, -1, -1, -1, -1, -1, -1, -1, -1, -1, -1, -1, -1, -1, -1, -1, -1, -1, -1, -1, -1, -1, -1, -1, -1, -1, -1, -1, -1, -1, -1, -1, -1, -1, -1, -1, -1, -1, -1, -1, -1, -1, -1, -1, -1, -1, -1, -1, -1, -1, -1, -1, -1, -1, -1, -1, -1, -1, -1, -1, -1, -1, -1, -1, -1, -1, -1, -1, -1, -1, -1, -1, -1, -1, -1, -1, -1, -1, -1, -1, -1, -1, -1, -1, -1, -1, -1, -1, -1, -1, -1, -1, -1, -1, -1, -1, -1, -1, -1, -1, -1, -1, -1, -1, -1, -1, -1, -1, -1, -1, -1, -1, -1, -1, -1, -1, -1, -1, -1, -1, -1, -1, -1, -1, -1, -1, -1, -1, -1, -1]"
150,29,10,1.0,None,1,237,"[{'cluster_no': -1, 'count': 237}]","[-1, -1, -1, -1, -1, -1, -1, -1, -1, -1, -1, -1, -1, -1, -1, -1, -1, -1, -1, -1, -1, -1, -1, -1, -1, -1, -1, -1, -1, -1, -1, -1, -1, -1, -1, -1, -1, -1, -1, -1, -1, -1, -1, -1, -1, -1, -1, -1, -1, -1, -1, -1, -1, -1, -1, -1, -1, -1, -1, -1, -1, -1, -1, -1, -1, -1, -1, -1, -1, -1, -1, -1, -1, -1, -1, -1, -1, -1, -1, -1, -1, -1, -1, -1, -1, -1, -1, -1, -1, -1, -1, -1, -1, -1, -1, -1, -1, -1, -1, -1, -1, -1, -1, -1, -1, -1, -1, -1, -1, -1, -1, -1, -1, -1, -1, -1, -1, -1, -1, -1, -1, -1, -1, -1, -1, -1, -1, -1, -1, -1, -1, -1, -1, -1, -1, -1, -1, -1, -1, -1, -1, -1, -1, -1, -1, -1, -1, -1, -1, -1, -1, -1, -1, -1, -1, -1, -1, -1, -1, -1, -1, -1, -1, -1, -1, -1, -1, -1, -1, -1, -1, -1, -1, -1, -1, -1, -1, -1, -1, -1, -1, -1, -1, -1, -1, -1, -1, -1, -1, -1, -1, -1, -1, -1, -1, -1, -1, -1, -1, -1, -1, -1, -1, -1, -1, -1, -1, -1, -1, -1, -1, -1, -1, -1, -1, -1, -1, -1, -1, -1, -1, -1, -1, -1, -1, -1, -1, -1, -1, -1, -1, -1, -1, -1, -1, -1, -1]"
150,29,11,0.0,None,1,237,"[{'cluster_no': -1, 'count': 237}]","[-1, -1, -1, -1, -1, -1, -1, -1, -1, -1, -1, -1, -1, -1, -1, -1, -1, -1, -1, -1, -1, -1, -1, -1, -1, -1, -1, -1, -1, -1, -1, -1, -1, -1, -1, -1, -1, -1, -1, -1, -1, -1, -1, -1, -1, -1, -1, -1, -1, -1, -1, -1, -1, -1, -1, -1, -1, -1, -1, -1, -1, -1, -1, -1, -1, -1, -1, -1, -1, -1, -1, -1, -1, -1, -1, -1, -1, -1, -1, -1, -1, -1, -1, -1, -1, -1, -1, -1, -1, -1, -1, -1, -1, -1, -1, -1, -1, -1, -1, -1, -1, -1, -1, -1, -1, -1, -1, -1, -1, -1, -1, -1, -1, -1, -1, -1, -1, -1, -1, -1, -1, -1, -1, -1, -1, -1, -1, -1, -1, -1, -1, -1, -1, -1, -1, -1, -1, -1, -1, -1, -1, -1, -1, -1, -1, -1, -1, -1, -1, -1, -1, -1, -1, -1, -1, -1, -1, -1, -1, -1, -1, -1, -1, -1, -1, -1, -1, -1, -1, -1, -1, -1, -1, -1, -1, -1, -1, -1, -1, -1, -1, -1, -1, -1, -1, -1, -1, -1, -1, -1, -1, -1, -1, -1, -1, -1, -1, -1, -1, -1, -1, -1, -1, -1, -1, -1, -1, -1, -1, -1, -1, -1, -1, -1, -1, -1, -1, -1, -1, -1, -1, -1, -1, -1, -1, -1, -1, -1, -1, -1, -1, -1, -1, -1, -1, -1, -1]"
150,29,11,0.5,None,1,237,"[{'cluster_no': -1, 'count': 237}]","[-1, -1, -1, -1, -1, -1, -1, -1, -1, -1, -1, -1, -1, -1, -1, -1, -1, -1, -1, -1, -1, -1, -1, -1, -1, -1, -1, -1, -1, -1, -1, -1, -1, -1, -1, -1, -1, -1, -1, -1, -1, -1, -1, -1, -1, -1, -1, -1, -1, -1, -1, -1, -1, -1, -1, -1, -1, -1, -1, -1, -1, -1, -1, -1, -1, -1, -1, -1, -1, -1, -1, -1, -1, -1, -1, -1, -1, -1, -1, -1, -1, -1, -1, -1, -1, -1, -1, -1, -1, -1, -1, -1, -1, -1, -1, -1, -1, -1, -1, -1, -1, -1, -1, -1, -1, -1, -1, -1, -1, -1, -1, -1, -1, -1, -1, -1, -1, -1, -1, -1, -1, -1, -1, -1, -1, -1, -1, -1, -1, -1, -1, -1, -1, -1, -1, -1, -1, -1, -1, -1, -1, -1, -1, -1, -1, -1, -1, -1, -1, -1, -1, -1, -1, -1, -1, -1, -1, -1, -1, -1, -1, -1, -1, -1, -1, -1, -1, -1, -1, -1, -1, -1, -1, -1, -1, -1, -1, -1, -1, -1, -1, -1, -1, -1, -1, -1, -1, -1, -1, -1, -1, -1, -1, -1, -1, -1, -1, -1, -1, -1, -1, -1, -1, -1, -1, -1, -1, -1, -1, -1, -1, -1, -1, -1, -1, -1, -1, -1, -1, -1, -1, -1, -1, -1, -1, -1, -1, -1, -1, -1, -1, -1, -1, -1, -1, -1, -1]"
150,29,11,1.0,None,1,237,"[{'cluster_no': -1, 'count': 237}]","[-1, -1, -1, -1, -1, -1, -1, -1, -1, -1, -1, -1, -1, -1, -1, -1, -1, -1, -1, -1, -1, -1, -1, -1, -1, -1, -1, -1, -1, -1, -1, -1, -1, -1, -1, -1, -1, -1, -1, -1, -1, -1, -1, -1, -1, -1, -1, -1, -1, -1, -1, -1, -1, -1, -1, -1, -1, -1, -1, -1, -1, -1, -1, -1, -1, -1, -1, -1, -1, -1, -1, -1, -1, -1, -1, -1, -1, -1, -1, -1, -1, -1, -1, -1, -1, -1, -1, -1, -1, -1, -1, -1, -1, -1, -1, -1, -1, -1, -1, -1, -1, -1, -1, -1, -1, -1, -1, -1, -1, -1, -1, -1, -1, -1, -1, -1, -1, -1, -1, -1, -1, -1, -1, -1, -1, -1, -1, -1, -1, -1, -1, -1, -1, -1, -1, -1, -1, -1, -1, -1, -1, -1, -1, -1, -1, -1, -1, -1, -1, -1, -1, -1, -1, -1, -1, -1, -1, -1, -1, -1, -1, -1, -1, -1, -1, -1, -1, -1, -1, -1, -1, -1, -1, -1, -1, -1, -1, -1, -1, -1, -1, -1, -1, -1, -1, -1, -1, -1, -1, -1, -1, -1, -1, -1, -1, -1, -1, -1, -1, -1, -1, -1, -1, -1, -1, -1, -1, -1, -1, -1, -1, -1, -1, -1, -1, -1, -1, -1, -1, -1, -1, -1, -1, -1, -1, -1, -1, -1, -1, -1, -1, -1, -1, -1, -1, -1, -1]"
150,29,12,0.0,None,1,237,"[{'cluster_no': -1, 'count': 237}]","[-1, -1, -1, -1, -1, -1, -1, -1, -1, -1, -1, -1, -1, -1, -1, -1, -1, -1, -1, -1, -1, -1, -1, -1, -1, -1, -1, -1, -1, -1, -1, -1, -1, -1, -1, -1, -1, -1, -1, -1, -1, -1, -1, -1, -1, -1, -1, -1, -1, -1, -1, -1, -1, -1, -1, -1, -1, -1, -1, -1, -1, -1, -1, -1, -1, -1, -1, -1, -1, -1, -1, -1, -1, -1, -1, -1, -1, -1, -1, -1, -1, -1, -1, -1, -1, -1, -1, -1, -1, -1, -1, -1, -1, -1, -1, -1, -1, -1, -1, -1, -1, -1, -1, -1, -1, -1, -1, -1, -1, -1, -1, -1, -1, -1, -1, -1, -1, -1, -1, -1, -1, -1, -1, -1, -1, -1, -1, -1, -1, -1, -1, -1, -1, -1, -1, -1, -1, -1, -1, -1, -1, -1, -1, -1, -1, -1, -1, -1, -1, -1, -1, -1, -1, -1, -1, -1, -1, -1, -1, -1, -1, -1, -1, -1, -1, -1, -1, -1, -1, -1, -1, -1, -1, -1, -1, -1, -1, -1, -1, -1, -1, -1, -1, -1, -1, -1, -1, -1, -1, -1, -1, -1, -1, -1, -1, -1, -1, -1, -1, -1, -1, -1, -1, -1, -1, -1, -1, -1, -1, -1, -1, -1, -1, -1, -1, -1, -1, -1, -1, -1, -1, -1, -1, -1, -1, -1, -1, -1, -1, -1, -1, -1, -1, -1, -1, -1, -1]"
150,29,12,0.5,None,1,237,"[{'cluster_no': -1, 'count': 237}]","[-1, -1, -1, -1, -1, -1, -1, -1, -1, -1, -1, -1, -1, -1, -1, -1, -1, -1, -1, -1, -1, -1, -1, -1, -1, -1, -1, -1, -1, -1, -1, -1, -1, -1, -1, -1, -1, -1, -1, -1, -1, -1, -1, -1, -1, -1, -1, -1, -1, -1, -1, -1, -1, -1, -1, -1, -1, -1, -1, -1, -1, -1, -1, -1, -1, -1, -1, -1, -1, -1, -1, -1, -1, -1, -1, -1, -1, -1, -1, -1, -1, -1, -1, -1, -1, -1, -1, -1, -1, -1, -1, -1, -1, -1, -1, -1, -1, -1, -1, -1, -1, -1, -1, -1, -1, -1, -1, -1, -1, -1, -1, -1, -1, -1, -1, -1, -1, -1, -1, -1, -1, -1, -1, -1, -1, -1, -1, -1, -1, -1, -1, -1, -1, -1, -1, -1, -1, -1, -1, -1, -1, -1, -1, -1, -1, -1, -1, -1, -1, -1, -1, -1, -1, -1, -1, -1, -1, -1, -1, -1, -1, -1, -1, -1, -1, -1, -1, -1, -1, -1, -1, -1, -1, -1, -1, -1, -1, -1, -1, -1, -1, -1, -1, -1, -1, -1, -1, -1, -1, -1, -1, -1, -1, -1, -1, -1, -1, -1, -1, -1, -1, -1, -1, -1, -1, -1, -1, -1, -1, -1, -1, -1, -1, -1, -1, -1, -1, -1, -1, -1, -1, -1, -1, -1, -1, -1, -1, -1, -1, -1, -1, -1, -1, -1, -1, -1, -1]"
150,29,12,1.0,None,1,237,"[{'cluster_no': -1, 'count': 237}]","[-1, -1, -1, -1, -1, -1, -1, -1, -1, -1, -1, -1, -1, -1, -1, -1, -1, -1, -1, -1, -1, -1, -1, -1, -1, -1, -1, -1, -1, -1, -1, -1, -1, -1, -1, -1, -1, -1, -1, -1, -1, -1, -1, -1, -1, -1, -1, -1, -1, -1, -1, -1, -1, -1, -1, -1, -1, -1, -1, -1, -1, -1, -1, -1, -1, -1, -1, -1, -1, -1, -1, -1, -1, -1, -1, -1, -1, -1, -1, -1, -1, -1, -1, -1, -1, -1, -1, -1, -1, -1, -1, -1, -1, -1, -1, -1, -1, -1, -1, -1, -1, -1, -1, -1, -1, -1, -1, -1, -1, -1, -1, -1, -1, -1, -1, -1, -1, -1, -1, -1, -1, -1, -1, -1, -1, -1, -1, -1, -1, -1, -1, -1, -1, -1, -1, -1, -1, -1, -1, -1, -1, -1, -1, -1, -1, -1, -1, -1, -1, -1, -1, -1, -1, -1, -1, -1, -1, -1, -1, -1, -1, -1, -1, -1, -1, -1, -1, -1, -1, -1, -1, -1, -1, -1, -1, -1, -1, -1, -1, -1, -1, -1, -1, -1, -1, -1, -1, -1, -1, -1, -1, -1, -1, -1, -1, -1, -1, -1, -1, -1, -1, -1, -1, -1, -1, -1, -1, -1, -1, -1, -1, -1, -1, -1, -1, -1, -1, -1, -1, -1, -1, -1, -1, -1, -1, -1, -1, -1, -1, -1, -1, -1, -1, -1, -1, -1, -1]"
150,29,13,0.0,None,1,237,"[{'cluster_no': -1, 'count': 237}]","[-1, -1, -1, -1, -1, -1, -1, -1, -1, -1, -1, -1, -1, -1, -1, -1, -1, -1, -1, -1, -1, -1, -1, -1, -1, -1, -1, -1, -1, -1, -1, -1, -1, -1, -1, -1, -1, -1, -1, -1, -1, -1, -1, -1, -1, -1, -1, -1, -1, -1, -1, -1, -1, -1, -1, -1, -1, -1, -1, -1, -1, -1, -1, -1, -1, -1, -1, -1, -1, -1, -1, -1, -1, -1, -1, -1, -1, -1, -1, -1, -1, -1, -1, -1, -1, -1, -1, -1, -1, -1, -1, -1, -1, -1, -1, -1, -1, -1, -1, -1, -1, -1, -1, -1, -1, -1, -1, -1, -1, -1, -1, -1, -1, -1, -1, -1, -1, -1, -1, -1, -1, -1, -1, -1, -1, -1, -1, -1, -1, -1, -1, -1, -1, -1, -1, -1, -1, -1, -1, -1, -1, -1, -1, -1, -1, -1, -1, -1, -1, -1, -1, -1, -1, -1, -1, -1, -1, -1, -1, -1, -1, -1, -1, -1, -1, -1, -1, -1, -1, -1, -1, -1, -1, -1, -1, -1, -1, -1, -1, -1, -1, -1, -1, -1, -1, -1, -1, -1, -1, -1, -1, -1, -1, -1, -1, -1, -1, -1, -1, -1, -1, -1, -1, -1, -1, -1, -1, -1, -1, -1, -1, -1, -1, -1, -1, -1, -1, -1, -1, -1, -1, -1, -1, -1, -1, -1, -1, -1, -1, -1, -1, -1, -1, -1, -1, -1, -1]"
150,29,13,0.5,None,1,237,"[{'cluster_no': -1, 'count': 237}]","[-1, -1, -1, -1, -1, -1, -1, -1, -1, -1, -1, -1, -1, -1, -1, -1, -1, -1, -1, -1, -1, -1, -1, -1, -1, -1, -1, -1, -1, -1, -1, -1, -1, -1, -1, -1, -1, -1, -1, -1, -1, -1, -1, -1, -1, -1, -1, -1, -1, -1, -1, -1, -1, -1, -1, -1, -1, -1, -1, -1, -1, -1, -1, -1, -1, -1, -1, -1, -1, -1, -1, -1, -1, -1, -1, -1, -1, -1, -1, -1, -1, -1, -1, -1, -1, -1, -1, -1, -1, -1, -1, -1, -1, -1, -1, -1, -1, -1, -1, -1, -1, -1, -1, -1, -1, -1, -1, -1, -1, -1, -1, -1, -1, -1, -1, -1, -1, -1, -1, -1, -1, -1, -1, -1, -1, -1, -1, -1, -1, -1, -1, -1, -1, -1, -1, -1, -1, -1, -1, -1, -1, -1, -1, -1, -1, -1, -1, -1, -1, -1, -1, -1, -1, -1, -1, -1, -1, -1, -1, -1, -1, -1, -1, -1, -1, -1, -1, -1, -1, -1, -1, -1, -1, -1, -1, -1, -1, -1, -1, -1, -1, -1, -1, -1, -1, -1, -1, -1, -1, -1, -1, -1, -1, -1, -1, -1, -1, -1, -1, -1, -1, -1, -1, -1, -1, -1, -1, -1, -1, -1, -1, -1, -1, -1, -1, -1, -1, -1, -1, -1, -1, -1, -1, -1, -1, -1, -1, -1, -1, -1, -1, -1, -1, -1, -1, -1, -1]"
150,29,13,1.0,None,1,237,"[{'cluster_no': -1, 'count': 237}]","[-1, -1, -1, -1, -1, -1, -1, -1, -1, -1, -1, -1, -1, -1, -1, -1, -1, -1, -1, -1, -1, -1, -1, -1, -1, -1, -1, -1, -1, -1, -1, -1, -1, -1, -1, -1, -1, -1, -1, -1, -1, -1, -1, -1, -1, -1, -1, -1, -1, -1, -1, -1, -1, -1, -1, -1, -1, -1, -1, -1, -1, -1, -1, -1, -1, -1, -1, -1, -1, -1, -1, -1, -1, -1, -1, -1, -1, -1, -1, -1, -1, -1, -1, -1, -1, -1, -1, -1, -1, -1, -1, -1, -1, -1, -1, -1, -1, -1, -1, -1, -1, -1, -1, -1, -1, -1, -1, -1, -1, -1, -1, -1, -1, -1, -1, -1, -1, -1, -1, -1, -1, -1, -1, -1, -1, -1, -1, -1, -1, -1, -1, -1, -1, -1, -1, -1, -1, -1, -1, -1, -1, -1, -1, -1, -1, -1, -1, -1, -1, -1, -1, -1, -1, -1, -1, -1, -1, -1, -1, -1, -1, -1, -1, -1, -1, -1, -1, -1, -1, -1, -1, -1, -1, -1, -1, -1, -1, -1, -1, -1, -1, -1, -1, -1, -1, -1, -1, -1, -1, -1, -1, -1, -1, -1, -1, -1, -1, -1, -1, -1, -1, -1, -1, -1, -1, -1, -1, -1, -1, -1, -1, -1, -1, -1, -1, -1, -1, -1, -1, -1, -1, -1, -1, -1, -1, -1, -1, -1, -1, -1, -1, -1, -1, -1, -1, -1, -1]"
150,29,14,0.0,None,1,237,"[{'cluster_no': -1, 'count': 237}]","[-1, -1, -1, -1, -1, -1, -1, -1, -1, -1, -1, -1, -1, -1, -1, -1, -1, -1, -1, -1, -1, -1, -1, -1, -1, -1, -1, -1, -1, -1, -1, -1, -1, -1, -1, -1, -1, -1, -1, -1, -1, -1, -1, -1, -1, -1, -1, -1, -1, -1, -1, -1, -1, -1, -1, -1, -1, -1, -1, -1, -1, -1, -1, -1, -1, -1, -1, -1, -1, -1, -1, -1, -1, -1, -1, -1, -1, -1, -1, -1, -1, -1, -1, -1, -1, -1, -1, -1, -1, -1, -1, -1, -1, -1, -1, -1, -1, -1, -1, -1, -1, -1, -1, -1, -1, -1, -1, -1, -1, -1, -1, -1, -1, -1, -1, -1, -1, -1, -1, -1, -1, -1, -1, -1, -1, -1, -1, -1, -1, -1, -1, -1, -1, -1, -1, -1, -1, -1, -1, -1, -1, -1, -1, -1, -1, -1, -1, -1, -1, -1, -1, -1, -1, -1, -1, -1, -1, -1, -1, -1, -1, -1, -1, -1, -1, -1, -1, -1, -1, -1, -1, -1, -1, -1, -1, -1, -1, -1, -1, -1, -1, -1, -1, -1, -1, -1, -1, -1, -1, -1, -1, -1, -1, -1, -1, -1, -1, -1, -1, -1, -1, -1, -1, -1, -1, -1, -1, -1, -1, -1, -1, -1, -1, -1, -1, -1, -1, -1, -1, -1, -1, -1, -1, -1, -1, -1, -1, -1, -1, -1, -1, -1, -1, -1, -1, -1, -1]"
150,29,14,0.5,None,1,237,"[{'cluster_no': -1, 'count': 237}]","[-1, -1, -1, -1, -1, -1, -1, -1, -1, -1, -1, -1, -1, -1, -1, -1, -1, -1, -1, -1, -1, -1, -1, -1, -1, -1, -1, -1, -1, -1, -1, -1, -1, -1, -1, -1, -1, -1, -1, -1, -1, -1, -1, -1, -1, -1, -1, -1, -1, -1, -1, -1, -1, -1, -1, -1, -1, -1, -1, -1, -1, -1, -1, -1, -1, -1, -1, -1, -1, -1, -1, -1, -1, -1, -1, -1, -1, -1, -1, -1, -1, -1, -1, -1, -1, -1, -1, -1, -1, -1, -1, -1, -1, -1, -1, -1, -1, -1, -1, -1, -1, -1, -1, -1, -1, -1, -1, -1, -1, -1, -1, -1, -1, -1, -1, -1, -1, -1, -1, -1, -1, -1, -1, -1, -1, -1, -1, -1, -1, -1, -1, -1, -1, -1, -1, -1, -1, -1, -1, -1, -1, -1, -1, -1, -1, -1, -1, -1, -1, -1, -1, -1, -1, -1, -1, -1, -1, -1, -1, -1, -1, -1, -1, -1, -1, -1, -1, -1, -1, -1, -1, -1, -1, -1, -1, -1, -1, -1, -1, -1, -1, -1, -1, -1, -1, -1, -1, -1, -1, -1, -1, -1, -1, -1, -1, -1, -1, -1, -1, -1, -1, -1, -1, -1, -1, -1, -1, -1, -1, -1, -1, -1, -1, -1, -1, -1, -1, -1, -1, -1, -1, -1, -1, -1, -1, -1, -1, -1, -1, -1, -1, -1, -1, -1, -1, -1, -1]"
150,29,14,1.0,None,1,237,"[{'cluster_no': -1, 'count': 237}]","[-1, -1, -1, -1, -1, -1, -1, -1, -1, -1, -1, -1, -1, -1, -1, -1, -1, -1, -1, -1, -1, -1, -1, -1, -1, -1, -1, -1, -1, -1, -1, -1, -1, -1, -1, -1, -1, -1, -1, -1, -1, -1, -1, -1, -1, -1, -1, -1, -1, -1, -1, -1, -1, -1, -1, -1, -1, -1, -1, -1, -1, -1, -1, -1, -1, -1, -1, -1, -1, -1, -1, -1, -1, -1, -1, -1, -1, -1, -1, -1, -1, -1, -1, -1, -1, -1, -1, -1, -1, -1, -1, -1, -1, -1, -1, -1, -1, -1, -1, -1, -1, -1, -1, -1, -1, -1, -1, -1, -1, -1, -1, -1, -1, -1, -1, -1, -1, -1, -1, -1, -1, -1, -1, -1, -1, -1, -1, -1, -1, -1, -1, -1, -1, -1, -1, -1, -1, -1, -1, -1, -1, -1, -1, -1, -1, -1, -1, -1, -1, -1, -1, -1, -1, -1, -1, -1, -1, -1, -1, -1, -1, -1, -1, -1, -1, -1, -1, -1, -1, -1, -1, -1, -1, -1, -1, -1, -1, -1, -1, -1, -1, -1, -1, -1, -1, -1, -1, -1, -1, -1, -1, -1, -1, -1, -1, -1, -1, -1, -1, -1, -1, -1, -1, -1, -1, -1, -1, -1, -1, -1, -1, -1, -1, -1, -1, -1, -1, -1, -1, -1, -1, -1, -1, -1, -1, -1, -1, -1, -1, -1, -1, -1, -1, -1, -1, -1, -1]"
150,29,15,0.0,None,1,237,"[{'cluster_no': -1, 'count': 237}]","[-1, -1, -1, -1, -1, -1, -1, -1, -1, -1, -1, -1, -1, -1, -1, -1, -1, -1, -1, -1, -1, -1, -1, -1, -1, -1, -1, -1, -1, -1, -1, -1, -1, -1, -1, -1, -1, -1, -1, -1, -1, -1, -1, -1, -1, -1, -1, -1, -1, -1, -1, -1, -1, -1, -1, -1, -1, -1, -1, -1, -1, -1, -1, -1, -1, -1, -1, -1, -1, -1, -1, -1, -1, -1, -1, -1, -1, -1, -1, -1, -1, -1, -1, -1, -1, -1, -1, -1, -1, -1, -1, -1, -1, -1, -1, -1, -1, -1, -1, -1, -1, -1, -1, -1, -1, -1, -1, -1, -1, -1, -1, -1, -1, -1, -1, -1, -1, -1, -1, -1, -1, -1, -1, -1, -1, -1, -1, -1, -1, -1, -1, -1, -1, -1, -1, -1, -1, -1, -1, -1, -1, -1, -1, -1, -1, -1, -1, -1, -1, -1, -1, -1, -1, -1, -1, -1, -1, -1, -1, -1, -1, -1, -1, -1, -1, -1, -1, -1, -1, -1, -1, -1, -1, -1, -1, -1, -1, -1, -1, -1, -1, -1, -1, -1, -1, -1, -1, -1, -1, -1, -1, -1, -1, -1, -1, -1, -1, -1, -1, -1, -1, -1, -1, -1, -1, -1, -1, -1, -1, -1, -1, -1, -1, -1, -1, -1, -1, -1, -1, -1, -1, -1, -1, -1, -1, -1, -1, -1, -1, -1, -1, -1, -1, -1, -1, -1, -1]"
150,29,15,0.5,None,1,237,"[{'cluster_no': -1, 'count': 237}]","[-1, -1, -1, -1, -1, -1, -1, -1, -1, -1, -1, -1, -1, -1, -1, -1, -1, -1, -1, -1, -1, -1, -1, -1, -1, -1, -1, -1, -1, -1, -1, -1, -1, -1, -1, -1, -1, -1, -1, -1, -1, -1, -1, -1, -1, -1, -1, -1, -1, -1, -1, -1, -1, -1, -1, -1, -1, -1, -1, -1, -1, -1, -1, -1, -1, -1, -1, -1, -1, -1, -1, -1, -1, -1, -1, -1, -1, -1, -1, -1, -1, -1, -1, -1, -1, -1, -1, -1, -1, -1, -1, -1, -1, -1, -1, -1, -1, -1, -1, -1, -1, -1, -1, -1, -1, -1, -1, -1, -1, -1, -1, -1, -1, -1, -1, -1, -1, -1, -1, -1, -1, -1, -1, -1, -1, -1, -1, -1, -1, -1, -1, -1, -1, -1, -1, -1, -1, -1, -1, -1, -1, -1, -1, -1, -1, -1, -1, -1, -1, -1, -1, -1, -1, -1, -1, -1, -1, -1, -1, -1, -1, -1, -1, -1, -1, -1, -1, -1, -1, -1, -1, -1, -1, -1, -1, -1, -1, -1, -1, -1, -1, -1, -1, -1, -1, -1, -1, -1, -1, -1, -1, -1, -1, -1, -1, -1, -1, -1, -1, -1, -1, -1, -1, -1, -1, -1, -1, -1, -1, -1, -1, -1, -1, -1, -1, -1, -1, -1, -1, -1, -1, -1, -1, -1, -1, -1, -1, -1, -1, -1, -1, -1, -1, -1, -1, -1, -1]"
150,29,15,1.0,None,1,237,"[{'cluster_no': -1, 'count': 237}]","[-1, -1, -1, -1, -1, -1, -1, -1, -1, -1, -1, -1, -1, -1, -1, -1, -1, -1, -1, -1, -1, -1, -1, -1, -1, -1, -1, -1, -1, -1, -1, -1, -1, -1, -1, -1, -1, -1, -1, -1, -1, -1, -1, -1, -1, -1, -1, -1, -1, -1, -1, -1, -1, -1, -1, -1, -1, -1, -1, -1, -1, -1, -1, -1, -1, -1, -1, -1, -1, -1, -1, -1, -1, -1, -1, -1, -1, -1, -1, -1, -1, -1, -1, -1, -1, -1, -1, -1, -1, -1, -1, -1, -1, -1, -1, -1, -1, -1, -1, -1, -1, -1, -1, -1, -1, -1, -1, -1, -1, -1, -1, -1, -1, -1, -1, -1, -1, -1, -1, -1, -1, -1, -1, -1, -1, -1, -1, -1, -1, -1, -1, -1, -1, -1, -1, -1, -1, -1, -1, -1, -1, -1, -1, -1, -1, -1, -1, -1, -1, -1, -1, -1, -1, -1, -1, -1, -1, -1, -1, -1, -1, -1, -1, -1, -1, -1, -1, -1, -1, -1, -1, -1, -1, -1, -1, -1, -1, -1, -1, -1, -1, -1, -1, -1, -1, -1, -1, -1, -1, -1, -1, -1, -1, -1, -1, -1, -1, -1, -1, -1, -1, -1, -1, -1, -1, -1, -1, -1, -1, -1, -1, -1, -1, -1, -1, -1, -1, -1, -1, -1, -1, -1, -1, -1, -1, -1, -1, -1, -1, -1, -1, -1, -1, -1, -1, -1, -1]"
150,29,16,0.0,None,1,237,"[{'cluster_no': -1, 'count': 237}]","[-1, -1, -1, -1, -1, -1, -1, -1, -1, -1, -1, -1, -1, -1, -1, -1, -1, -1, -1, -1, -1, -1, -1, -1, -1, -1, -1, -1, -1, -1, -1, -1, -1, -1, -1, -1, -1, -1, -1, -1, -1, -1, -1, -1, -1, -1, -1, -1, -1, -1, -1, -1, -1, -1, -1, -1, -1, -1, -1, -1, -1, -1, -1, -1, -1, -1, -1, -1, -1, -1, -1, -1, -1, -1, -1, -1, -1, -1, -1, -1, -1, -1, -1, -1, -1, -1, -1, -1, -1, -1, -1, -1, -1, -1, -1, -1, -1, -1, -1, -1, -1, -1, -1, -1, -1, -1, -1, -1, -1, -1, -1, -1, -1, -1, -1, -1, -1, -1, -1, -1, -1, -1, -1, -1, -1, -1, -1, -1, -1, -1, -1, -1, -1, -1, -1, -1, -1, -1, -1, -1, -1, -1, -1, -1, -1, -1, -1, -1, -1, -1, -1, -1, -1, -1, -1, -1, -1, -1, -1, -1, -1, -1, -1, -1, -1, -1, -1, -1, -1, -1, -1, -1, -1, -1, -1, -1, -1, -1, -1, -1, -1, -1, -1, -1, -1, -1, -1, -1, -1, -1, -1, -1, -1, -1, -1, -1, -1, -1, -1, -1, -1, -1, -1, -1, -1, -1, -1, -1, -1, -1, -1, -1, -1, -1, -1, -1, -1, -1, -1, -1, -1, -1, -1, -1, -1, -1, -1, -1, -1, -1, -1, -1, -1, -1, -1, -1, -1]"
150,29,16,0.5,None,1,237,"[{'cluster_no': -1, 'count': 237}]","[-1, -1, -1, -1, -1, -1, -1, -1, -1, -1, -1, -1, -1, -1, -1, -1, -1, -1, -1, -1, -1, -1, -1, -1, -1, -1, -1, -1, -1, -1, -1, -1, -1, -1, -1, -1, -1, -1, -1, -1, -1, -1, -1, -1, -1, -1, -1, -1, -1, -1, -1, -1, -1, -1, -1, -1, -1, -1, -1, -1, -1, -1, -1, -1, -1, -1, -1, -1, -1, -1, -1, -1, -1, -1, -1, -1, -1, -1, -1, -1, -1, -1, -1, -1, -1, -1, -1, -1, -1, -1, -1, -1, -1, -1, -1, -1, -1, -1, -1, -1, -1, -1, -1, -1, -1, -1, -1, -1, -1, -1, -1, -1, -1, -1, -1, -1, -1, -1, -1, -1, -1, -1, -1, -1, -1, -1, -1, -1, -1, -1, -1, -1, -1, -1, -1, -1, -1, -1, -1, -1, -1, -1, -1, -1, -1, -1, -1, -1, -1, -1, -1, -1, -1, -1, -1, -1, -1, -1, -1, -1, -1, -1, -1, -1, -1, -1, -1, -1, -1, -1, -1, -1, -1, -1, -1, -1, -1, -1, -1, -1, -1, -1, -1, -1, -1, -1, -1, -1, -1, -1, -1, -1, -1, -1, -1, -1, -1, -1, -1, -1, -1, -1, -1, -1, -1, -1, -1, -1, -1, -1, -1, -1, -1, -1, -1, -1, -1, -1, -1, -1, -1, -1, -1, -1, -1, -1, -1, -1, -1, -1, -1, -1, -1, -1, -1, -1, -1]"
150,29,16,1.0,None,1,237,"[{'cluster_no': -1, 'count': 237}]","[-1, -1, -1, -1, -1, -1, -1, -1, -1, -1, -1, -1, -1, -1, -1, -1, -1, -1, -1, -1, -1, -1, -1, -1, -1, -1, -1, -1, -1, -1, -1, -1, -1, -1, -1, -1, -1, -1, -1, -1, -1, -1, -1, -1, -1, -1, -1, -1, -1, -1, -1, -1, -1, -1, -1, -1, -1, -1, -1, -1, -1, -1, -1, -1, -1, -1, -1, -1, -1, -1, -1, -1, -1, -1, -1, -1, -1, -1, -1, -1, -1, -1, -1, -1, -1, -1, -1, -1, -1, -1, -1, -1, -1, -1, -1, -1, -1, -1, -1, -1, -1, -1, -1, -1, -1, -1, -1, -1, -1, -1, -1, -1, -1, -1, -1, -1, -1, -1, -1, -1, -1, -1, -1, -1, -1, -1, -1, -1, -1, -1, -1, -1, -1, -1, -1, -1, -1, -1, -1, -1, -1, -1, -1, -1, -1, -1, -1, -1, -1, -1, -1, -1, -1, -1, -1, -1, -1, -1, -1, -1, -1, -1, -1, -1, -1, -1, -1, -1, -1, -1, -1, -1, -1, -1, -1, -1, -1, -1, -1, -1, -1, -1, -1, -1, -1, -1, -1, -1, -1, -1, -1, -1, -1, -1, -1, -1, -1, -1, -1, -1, -1, -1, -1, -1, -1, -1, -1, -1, -1, -1, -1, -1, -1, -1, -1, -1, -1, -1, -1, -1, -1, -1, -1, -1, -1, -1, -1, -1, -1, -1, -1, -1, -1, -1, -1, -1, -1]"
150,29,17,0.0,None,1,237,"[{'cluster_no': -1, 'count': 237}]","[-1, -1, -1, -1, -1, -1, -1, -1, -1, -1, -1, -1, -1, -1, -1, -1, -1, -1, -1, -1, -1, -1, -1, -1, -1, -1, -1, -1, -1, -1, -1, -1, -1, -1, -1, -1, -1, -1, -1, -1, -1, -1, -1, -1, -1, -1, -1, -1, -1, -1, -1, -1, -1, -1, -1, -1, -1, -1, -1, -1, -1, -1, -1, -1, -1, -1, -1, -1, -1, -1, -1, -1, -1, -1, -1, -1, -1, -1, -1, -1, -1, -1, -1, -1, -1, -1, -1, -1, -1, -1, -1, -1, -1, -1, -1, -1, -1, -1, -1, -1, -1, -1, -1, -1, -1, -1, -1, -1, -1, -1, -1, -1, -1, -1, -1, -1, -1, -1, -1, -1, -1, -1, -1, -1, -1, -1, -1, -1, -1, -1, -1, -1, -1, -1, -1, -1, -1, -1, -1, -1, -1, -1, -1, -1, -1, -1, -1, -1, -1, -1, -1, -1, -1, -1, -1, -1, -1, -1, -1, -1, -1, -1, -1, -1, -1, -1, -1, -1, -1, -1, -1, -1, -1, -1, -1, -1, -1, -1, -1, -1, -1, -1, -1, -1, -1, -1, -1, -1, -1, -1, -1, -1, -1, -1, -1, -1, -1, -1, -1, -1, -1, -1, -1, -1, -1, -1, -1, -1, -1, -1, -1, -1, -1, -1, -1, -1, -1, -1, -1, -1, -1, -1, -1, -1, -1, -1, -1, -1, -1, -1, -1, -1, -1, -1, -1, -1, -1]"
150,29,17,0.5,None,1,237,"[{'cluster_no': -1, 'count': 237}]","[-1, -1, -1, -1, -1, -1, -1, -1, -1, -1, -1, -1, -1, -1, -1, -1, -1, -1, -1, -1, -1, -1, -1, -1, -1, -1, -1, -1, -1, -1, -1, -1, -1, -1, -1, -1, -1, -1, -1, -1, -1, -1, -1, -1, -1, -1, -1, -1, -1, -1, -1, -1, -1, -1, -1, -1, -1, -1, -1, -1, -1, -1, -1, -1, -1, -1, -1, -1, -1, -1, -1, -1, -1, -1, -1, -1, -1, -1, -1, -1, -1, -1, -1, -1, -1, -1, -1, -1, -1, -1, -1, -1, -1, -1, -1, -1, -1, -1, -1, -1, -1, -1, -1, -1, -1, -1, -1, -1, -1, -1, -1, -1, -1, -1, -1, -1, -1, -1, -1, -1, -1, -1, -1, -1, -1, -1, -1, -1, -1, -1, -1, -1, -1, -1, -1, -1, -1, -1, -1, -1, -1, -1, -1, -1, -1, -1, -1, -1, -1, -1, -1, -1, -1, -1, -1, -1, -1, -1, -1, -1, -1, -1, -1, -1, -1, -1, -1, -1, -1, -1, -1, -1, -1, -1, -1, -1, -1, -1, -1, -1, -1, -1, -1, -1, -1, -1, -1, -1, -1, -1, -1, -1, -1, -1, -1, -1, -1, -1, -1, -1, -1, -1, -1, -1, -1, -1, -1, -1, -1, -1, -1, -1, -1, -1, -1, -1, -1, -1, -1, -1, -1, -1, -1, -1, -1, -1, -1, -1, -1, -1, -1, -1, -1, -1, -1, -1, -1]"
150,29,17,1.0,None,1,237,"[{'cluster_no': -1, 'count': 237}]","[-1, -1, -1, -1, -1, -1, -1, -1, -1, -1, -1, -1, -1, -1, -1, -1, -1, -1, -1, -1, -1, -1, -1, -1, -1, -1, -1, -1, -1, -1, -1, -1, -1, -1, -1, -1, -1, -1, -1, -1, -1, -1, -1, -1, -1, -1, -1, -1, -1, -1, -1, -1, -1, -1, -1, -1, -1, -1, -1, -1, -1, -1, -1, -1, -1, -1, -1, -1, -1, -1, -1, -1, -1, -1, -1, -1, -1, -1, -1, -1, -1, -1, -1, -1, -1, -1, -1, -1, -1, -1, -1, -1, -1, -1, -1, -1, -1, -1, -1, -1, -1, -1, -1, -1, -1, -1, -1, -1, -1, -1, -1, -1, -1, -1, -1, -1, -1, -1, -1, -1, -1, -1, -1, -1, -1, -1, -1, -1, -1, -1, -1, -1, -1, -1, -1, -1, -1, -1, -1, -1, -1, -1, -1, -1, -1, -1, -1, -1, -1, -1, -1, -1, -1, -1, -1, -1, -1, -1, -1, -1, -1, -1, -1, -1, -1, -1, -1, -1, -1, -1, -1, -1, -1, -1, -1, -1, -1, -1, -1, -1, -1, -1, -1, -1, -1, -1, -1, -1, -1, -1, -1, -1, -1, -1, -1, -1, -1, -1, -1, -1, -1, -1, -1, -1, -1, -1, -1, -1, -1, -1, -1, -1, -1, -1, -1, -1, -1, -1, -1, -1, -1, -1, -1, -1, -1, -1, -1, -1, -1, -1, -1, -1, -1, -1, -1, -1, -1]"
150,29,18,0.0,None,1,237,"[{'cluster_no': -1, 'count': 237}]","[-1, -1, -1, -1, -1, -1, -1, -1, -1, -1, -1, -1, -1, -1, -1, -1, -1, -1, -1, -1, -1, -1, -1, -1, -1, -1, -1, -1, -1, -1, -1, -1, -1, -1, -1, -1, -1, -1, -1, -1, -1, -1, -1, -1, -1, -1, -1, -1, -1, -1, -1, -1, -1, -1, -1, -1, -1, -1, -1, -1, -1, -1, -1, -1, -1, -1, -1, -1, -1, -1, -1, -1, -1, -1, -1, -1, -1, -1, -1, -1, -1, -1, -1, -1, -1, -1, -1, -1, -1, -1, -1, -1, -1, -1, -1, -1, -1, -1, -1, -1, -1, -1, -1, -1, -1, -1, -1, -1, -1, -1, -1, -1, -1, -1, -1, -1, -1, -1, -1, -1, -1, -1, -1, -1, -1, -1, -1, -1, -1, -1, -1, -1, -1, -1, -1, -1, -1, -1, -1, -1, -1, -1, -1, -1, -1, -1, -1, -1, -1, -1, -1, -1, -1, -1, -1, -1, -1, -1, -1, -1, -1, -1, -1, -1, -1, -1, -1, -1, -1, -1, -1, -1, -1, -1, -1, -1, -1, -1, -1, -1, -1, -1, -1, -1, -1, -1, -1, -1, -1, -1, -1, -1, -1, -1, -1, -1, -1, -1, -1, -1, -1, -1, -1, -1, -1, -1, -1, -1, -1, -1, -1, -1, -1, -1, -1, -1, -1, -1, -1, -1, -1, -1, -1, -1, -1, -1, -1, -1, -1, -1, -1, -1, -1, -1, -1, -1, -1]"
150,29,18,0.5,None,1,237,"[{'cluster_no': -1, 'count': 237}]","[-1, -1, -1, -1, -1, -1, -1, -1, -1, -1, -1, -1, -1, -1, -1, -1, -1, -1, -1, -1, -1, -1, -1, -1, -1, -1, -1, -1, -1, -1, -1, -1, -1, -1, -1, -1, -1, -1, -1, -1, -1, -1, -1, -1, -1, -1, -1, -1, -1, -1, -1, -1, -1, -1, -1, -1, -1, -1, -1, -1, -1, -1, -1, -1, -1, -1, -1, -1, -1, -1, -1, -1, -1, -1, -1, -1, -1, -1, -1, -1, -1, -1, -1, -1, -1, -1, -1, -1, -1, -1, -1, -1, -1, -1, -1, -1, -1, -1, -1, -1, -1, -1, -1, -1, -1, -1, -1, -1, -1, -1, -1, -1, -1, -1, -1, -1, -1, -1, -1, -1, -1, -1, -1, -1, -1, -1, -1, -1, -1, -1, -1, -1, -1, -1, -1, -1, -1, -1, -1, -1, -1, -1, -1, -1, -1, -1, -1, -1, -1, -1, -1, -1, -1, -1, -1, -1, -1, -1, -1, -1, -1, -1, -1, -1, -1, -1, -1, -1, -1, -1, -1, -1, -1, -1, -1, -1, -1, -1, -1, -1, -1, -1, -1, -1, -1, -1, -1, -1, -1, -1, -1, -1, -1, -1, -1, -1, -1, -1, -1, -1, -1, -1, -1, -1, -1, -1, -1, -1, -1, -1, -1, -1, -1, -1, -1, -1, -1, -1, -1, -1, -1, -1, -1, -1, -1, -1, -1, -1, -1, -1, -1, -1, -1, -1, -1, -1, -1]"
150,29,18,1.0,None,1,237,"[{'cluster_no': -1, 'count': 237}]","[-1, -1, -1, -1, -1, -1, -1, -1, -1, -1, -1, -1, -1, -1, -1, -1, -1, -1, -1, -1, -1, -1, -1, -1, -1, -1, -1, -1, -1, -1, -1, -1, -1, -1, -1, -1, -1, -1, -1, -1, -1, -1, -1, -1, -1, -1, -1, -1, -1, -1, -1, -1, -1, -1, -1, -1, -1, -1, -1, -1, -1, -1, -1, -1, -1, -1, -1, -1, -1, -1, -1, -1, -1, -1, -1, -1, -1, -1, -1, -1, -1, -1, -1, -1, -1, -1, -1, -1, -1, -1, -1, -1, -1, -1, -1, -1, -1, -1, -1, -1, -1, -1, -1, -1, -1, -1, -1, -1, -1, -1, -1, -1, -1, -1, -1, -1, -1, -1, -1, -1, -1, -1, -1, -1, -1, -1, -1, -1, -1, -1, -1, -1, -1, -1, -1, -1, -1, -1, -1, -1, -1, -1, -1, -1, -1, -1, -1, -1, -1, -1, -1, -1, -1, -1, -1, -1, -1, -1, -1, -1, -1, -1, -1, -1, -1, -1, -1, -1, -1, -1, -1, -1, -1, -1, -1, -1, -1, -1, -1, -1, -1, -1, -1, -1, -1, -1, -1, -1, -1, -1, -1, -1, -1, -1, -1, -1, -1, -1, -1, -1, -1, -1, -1, -1, -1, -1, -1, -1, -1, -1, -1, -1, -1, -1, -1, -1, -1, -1, -1, -1, -1, -1, -1, -1, -1, -1, -1, -1, -1, -1, -1, -1, -1, -1, -1, -1, -1]"
150,29,19,0.0,None,1,237,"[{'cluster_no': -1, 'count': 237}]","[-1, -1, -1, -1, -1, -1, -1, -1, -1, -1, -1, -1, -1, -1, -1, -1, -1, -1, -1, -1, -1, -1, -1, -1, -1, -1, -1, -1, -1, -1, -1, -1, -1, -1, -1, -1, -1, -1, -1, -1, -1, -1, -1, -1, -1, -1, -1, -1, -1, -1, -1, -1, -1, -1, -1, -1, -1, -1, -1, -1, -1, -1, -1, -1, -1, -1, -1, -1, -1, -1, -1, -1, -1, -1, -1, -1, -1, -1, -1, -1, -1, -1, -1, -1, -1, -1, -1, -1, -1, -1, -1, -1, -1, -1, -1, -1, -1, -1, -1, -1, -1, -1, -1, -1, -1, -1, -1, -1, -1, -1, -1, -1, -1, -1, -1, -1, -1, -1, -1, -1, -1, -1, -1, -1, -1, -1, -1, -1, -1, -1, -1, -1, -1, -1, -1, -1, -1, -1, -1, -1, -1, -1, -1, -1, -1, -1, -1, -1, -1, -1, -1, -1, -1, -1, -1, -1, -1, -1, -1, -1, -1, -1, -1, -1, -1, -1, -1, -1, -1, -1, -1, -1, -1, -1, -1, -1, -1, -1, -1, -1, -1, -1, -1, -1, -1, -1, -1, -1, -1, -1, -1, -1, -1, -1, -1, -1, -1, -1, -1, -1, -1, -1, -1, -1, -1, -1, -1, -1, -1, -1, -1, -1, -1, -1, -1, -1, -1, -1, -1, -1, -1, -1, -1, -1, -1, -1, -1, -1, -1, -1, -1, -1, -1, -1, -1, -1, -1]"
150,29,19,0.5,None,1,237,"[{'cluster_no': -1, 'count': 237}]","[-1, -1, -1, -1, -1, -1, -1, -1, -1, -1, -1, -1, -1, -1, -1, -1, -1, -1, -1, -1, -1, -1, -1, -1, -1, -1, -1, -1, -1, -1, -1, -1, -1, -1, -1, -1, -1, -1, -1, -1, -1, -1, -1, -1, -1, -1, -1, -1, -1, -1, -1, -1, -1, -1, -1, -1, -1, -1, -1, -1, -1, -1, -1, -1, -1, -1, -1, -1, -1, -1, -1, -1, -1, -1, -1, -1, -1, -1, -1, -1, -1, -1, -1, -1, -1, -1, -1, -1, -1, -1, -1, -1, -1, -1, -1, -1, -1, -1, -1, -1, -1, -1, -1, -1, -1, -1, -1, -1, -1, -1, -1, -1, -1, -1, -1, -1, -1, -1, -1, -1, -1, -1, -1, -1, -1, -1, -1, -1, -1, -1, -1, -1, -1, -1, -1, -1, -1, -1, -1, -1, -1, -1, -1, -1, -1, -1, -1, -1, -1, -1, -1, -1, -1, -1, -1, -1, -1, -1, -1, -1, -1, -1, -1, -1, -1, -1, -1, -1, -1, -1, -1, -1, -1, -1, -1, -1, -1, -1, -1, -1, -1, -1, -1, -1, -1, -1, -1, -1, -1, -1, -1, -1, -1, -1, -1, -1, -1, -1, -1, -1, -1, -1, -1, -1, -1, -1, -1, -1, -1, -1, -1, -1, -1, -1, -1, -1, -1, -1, -1, -1, -1, -1, -1, -1, -1, -1, -1, -1, -1, -1, -1, -1, -1, -1, -1, -1, -1]"
150,29,19,1.0,None,1,237,"[{'cluster_no': -1, 'count': 237}]","[-1, -1, -1, -1, -1, -1, -1, -1, -1, -1, -1, -1, -1, -1, -1, -1, -1, -1, -1, -1, -1, -1, -1, -1, -1, -1, -1, -1, -1, -1, -1, -1, -1, -1, -1, -1, -1, -1, -1, -1, -1, -1, -1, -1, -1, -1, -1, -1, -1, -1, -1, -1, -1, -1, -1, -1, -1, -1, -1, -1, -1, -1, -1, -1, -1, -1, -1, -1, -1, -1, -1, -1, -1, -1, -1, -1, -1, -1, -1, -1, -1, -1, -1, -1, -1, -1, -1, -1, -1, -1, -1, -1, -1, -1, -1, -1, -1, -1, -1, -1, -1, -1, -1, -1, -1, -1, -1, -1, -1, -1, -1, -1, -1, -1, -1, -1, -1, -1, -1, -1, -1, -1, -1, -1, -1, -1, -1, -1, -1, -1, -1, -1, -1, -1, -1, -1, -1, -1, -1, -1, -1, -1, -1, -1, -1, -1, -1, -1, -1, -1, -1, -1, -1, -1, -1, -1, -1, -1, -1, -1, -1, -1, -1, -1, -1, -1, -1, -1, -1, -1, -1, -1, -1, -1, -1, -1, -1, -1, -1, -1, -1, -1, -1, -1, -1, -1, -1, -1, -1, -1, -1, -1, -1, -1, -1, -1, -1, -1, -1, -1, -1, -1, -1, -1, -1, -1, -1, -1, -1, -1, -1, -1, -1, -1, -1, -1, -1, -1, -1, -1, -1, -1, -1, -1, -1, -1, -1, -1, -1, -1, -1, -1, -1, -1, -1, -1, -1]"
150,29,20,0.0,None,1,237,"[{'cluster_no': -1, 'count': 237}]","[-1, -1, -1, -1, -1, -1, -1, -1, -1, -1, -1, -1, -1, -1, -1, -1, -1, -1, -1, -1, -1, -1, -1, -1, -1, -1, -1, -1, -1, -1, -1, -1, -1, -1, -1, -1, -1, -1, -1, -1, -1, -1, -1, -1, -1, -1, -1, -1, -1, -1, -1, -1, -1, -1, -1, -1, -1, -1, -1, -1, -1, -1, -1, -1, -1, -1, -1, -1, -1, -1, -1, -1, -1, -1, -1, -1, -1, -1, -1, -1, -1, -1, -1, -1, -1, -1, -1, -1, -1, -1, -1, -1, -1, -1, -1, -1, -1, -1, -1, -1, -1, -1, -1, -1, -1, -1, -1, -1, -1, -1, -1, -1, -1, -1, -1, -1, -1, -1, -1, -1, -1, -1, -1, -1, -1, -1, -1, -1, -1, -1, -1, -1, -1, -1, -1, -1, -1, -1, -1, -1, -1, -1, -1, -1, -1, -1, -1, -1, -1, -1, -1, -1, -1, -1, -1, -1, -1, -1, -1, -1, -1, -1, -1, -1, -1, -1, -1, -1, -1, -1, -1, -1, -1, -1, -1, -1, -1, -1, -1, -1, -1, -1, -1, -1, -1, -1, -1, -1, -1, -1, -1, -1, -1, -1, -1, -1, -1, -1, -1, -1, -1, -1, -1, -1, -1, -1, -1, -1, -1, -1, -1, -1, -1, -1, -1, -1, -1, -1, -1, -1, -1, -1, -1, -1, -1, -1, -1, -1, -1, -1, -1, -1, -1, -1, -1, -1, -1]"
150,29,20,0.5,None,1,237,"[{'cluster_no': -1, 'count': 237}]","[-1, -1, -1, -1, -1, -1, -1, -1, -1, -1, -1, -1, -1, -1, -1, -1, -1, -1, -1, -1, -1, -1, -1, -1, -1, -1, -1, -1, -1, -1, -1, -1, -1, -1, -1, -1, -1, -1, -1, -1, -1, -1, -1, -1, -1, -1, -1, -1, -1, -1, -1, -1, -1, -1, -1, -1, -1, -1, -1, -1, -1, -1, -1, -1, -1, -1, -1, -1, -1, -1, -1, -1, -1, -1, -1, -1, -1, -1, -1, -1, -1, -1, -1, -1, -1, -1, -1, -1, -1, -1, -1, -1, -1, -1, -1, -1, -1, -1, -1, -1, -1, -1, -1, -1, -1, -1, -1, -1, -1, -1, -1, -1, -1, -1, -1, -1, -1, -1, -1, -1, -1, -1, -1, -1, -1, -1, -1, -1, -1, -1, -1, -1, -1, -1, -1, -1, -1, -1, -1, -1, -1, -1, -1, -1, -1, -1, -1, -1, -1, -1, -1, -1, -1, -1, -1, -1, -1, -1, -1, -1, -1, -1, -1, -1, -1, -1, -1, -1, -1, -1, -1, -1, -1, -1, -1, -1, -1, -1, -1, -1, -1, -1, -1, -1, -1, -1, -1, -1, -1, -1, -1, -1, -1, -1, -1, -1, -1, -1, -1, -1, -1, -1, -1, -1, -1, -1, -1, -1, -1, -1, -1, -1, -1, -1, -1, -1, -1, -1, -1, -1, -1, -1, -1, -1, -1, -1, -1, -1, -1, -1, -1, -1, -1, -1, -1, -1, -1]"
150,29,20,1.0,None,1,237,"[{'cluster_no': -1, 'count': 237}]","[-1, -1, -1, -1, -1, -1, -1, -1, -1, -1, -1, -1, -1, -1, -1, -1, -1, -1, -1, -1, -1, -1, -1, -1, -1, -1, -1, -1, -1, -1, -1, -1, -1, -1, -1, -1, -1, -1, -1, -1, -1, -1, -1, -1, -1, -1, -1, -1, -1, -1, -1, -1, -1, -1, -1, -1, -1, -1, -1, -1, -1, -1, -1, -1, -1, -1, -1, -1, -1, -1, -1, -1, -1, -1, -1, -1, -1, -1, -1, -1, -1, -1, -1, -1, -1, -1, -1, -1, -1, -1, -1, -1, -1, -1, -1, -1, -1, -1, -1, -1, -1, -1, -1, -1, -1, -1, -1, -1, -1, -1, -1, -1, -1, -1, -1, -1, -1, -1, -1, -1, -1, -1, -1, -1, -1, -1, -1, -1, -1, -1, -1, -1, -1, -1, -1, -1, -1, -1, -1, -1, -1, -1, -1, -1, -1, -1, -1, -1, -1, -1, -1, -1, -1, -1, -1, -1, -1, -1, -1, -1, -1, -1, -1, -1, -1, -1, -1, -1, -1, -1, -1, -1, -1, -1, -1, -1, -1, -1, -1, -1, -1, -1, -1, -1, -1, -1, -1, -1, -1, -1, -1, -1, -1, -1, -1, -1, -1, -1, -1, -1, -1, -1, -1, -1, -1, -1, -1, -1, -1, -1, -1, -1, -1, -1, -1, -1, -1, -1, -1, -1, -1, -1, -1, -1, -1, -1, -1, -1, -1, -1, -1, -1, -1, -1, -1, -1, -1]"
150,29,21,0.0,None,1,237,"[{'cluster_no': -1, 'count': 237}]","[-1, -1, -1, -1, -1, -1, -1, -1, -1, -1, -1, -1, -1, -1, -1, -1, -1, -1, -1, -1, -1, -1, -1, -1, -1, -1, -1, -1, -1, -1, -1, -1, -1, -1, -1, -1, -1, -1, -1, -1, -1, -1, -1, -1, -1, -1, -1, -1, -1, -1, -1, -1, -1, -1, -1, -1, -1, -1, -1, -1, -1, -1, -1, -1, -1, -1, -1, -1, -1, -1, -1, -1, -1, -1, -1, -1, -1, -1, -1, -1, -1, -1, -1, -1, -1, -1, -1, -1, -1, -1, -1, -1, -1, -1, -1, -1, -1, -1, -1, -1, -1, -1, -1, -1, -1, -1, -1, -1, -1, -1, -1, -1, -1, -1, -1, -1, -1, -1, -1, -1, -1, -1, -1, -1, -1, -1, -1, -1, -1, -1, -1, -1, -1, -1, -1, -1, -1, -1, -1, -1, -1, -1, -1, -1, -1, -1, -1, -1, -1, -1, -1, -1, -1, -1, -1, -1, -1, -1, -1, -1, -1, -1, -1, -1, -1, -1, -1, -1, -1, -1, -1, -1, -1, -1, -1, -1, -1, -1, -1, -1, -1, -1, -1, -1, -1, -1, -1, -1, -1, -1, -1, -1, -1, -1, -1, -1, -1, -1, -1, -1, -1, -1, -1, -1, -1, -1, -1, -1, -1, -1, -1, -1, -1, -1, -1, -1, -1, -1, -1, -1, -1, -1, -1, -1, -1, -1, -1, -1, -1, -1, -1, -1, -1, -1, -1, -1, -1]"
150,29,21,0.5,None,1,237,"[{'cluster_no': -1, 'count': 237}]","[-1, -1, -1, -1, -1, -1, -1, -1, -1, -1, -1, -1, -1, -1, -1, -1, -1, -1, -1, -1, -1, -1, -1, -1, -1, -1, -1, -1, -1, -1, -1, -1, -1, -1, -1, -1, -1, -1, -1, -1, -1, -1, -1, -1, -1, -1, -1, -1, -1, -1, -1, -1, -1, -1, -1, -1, -1, -1, -1, -1, -1, -1, -1, -1, -1, -1, -1, -1, -1, -1, -1, -1, -1, -1, -1, -1, -1, -1, -1, -1, -1, -1, -1, -1, -1, -1, -1, -1, -1, -1, -1, -1, -1, -1, -1, -1, -1, -1, -1, -1, -1, -1, -1, -1, -1, -1, -1, -1, -1, -1, -1, -1, -1, -1, -1, -1, -1, -1, -1, -1, -1, -1, -1, -1, -1, -1, -1, -1, -1, -1, -1, -1, -1, -1, -1, -1, -1, -1, -1, -1, -1, -1, -1, -1, -1, -1, -1, -1, -1, -1, -1, -1, -1, -1, -1, -1, -1, -1, -1, -1, -1, -1, -1, -1, -1, -1, -1, -1, -1, -1, -1, -1, -1, -1, -1, -1, -1, -1, -1, -1, -1, -1, -1, -1, -1, -1, -1, -1, -1, -1, -1, -1, -1, -1, -1, -1, -1, -1, -1, -1, -1, -1, -1, -1, -1, -1, -1, -1, -1, -1, -1, -1, -1, -1, -1, -1, -1, -1, -1, -1, -1, -1, -1, -1, -1, -1, -1, -1, -1, -1, -1, -1, -1, -1, -1, -1, -1]"
150,29,21,1.0,None,1,237,"[{'cluster_no': -1, 'count': 237}]","[-1, -1, -1, -1, -1, -1, -1, -1, -1, -1, -1, -1, -1, -1, -1, -1, -1, -1, -1, -1, -1, -1, -1, -1, -1, -1, -1, -1, -1, -1, -1, -1, -1, -1, -1, -1, -1, -1, -1, -1, -1, -1, -1, -1, -1, -1, -1, -1, -1, -1, -1, -1, -1, -1, -1, -1, -1, -1, -1, -1, -1, -1, -1, -1, -1, -1, -1, -1, -1, -1, -1, -1, -1, -1, -1, -1, -1, -1, -1, -1, -1, -1, -1, -1, -1, -1, -1, -1, -1, -1, -1, -1, -1, -1, -1, -1, -1, -1, -1, -1, -1, -1, -1, -1, -1, -1, -1, -1, -1, -1, -1, -1, -1, -1, -1, -1, -1, -1, -1, -1, -1, -1, -1, -1, -1, -1, -1, -1, -1, -1, -1, -1, -1, -1, -1, -1, -1, -1, -1, -1, -1, -1, -1, -1, -1, -1, -1, -1, -1, -1, -1, -1, -1, -1, -1, -1, -1, -1, -1, -1, -1, -1, -1, -1, -1, -1, -1, -1, -1, -1, -1, -1, -1, -1, -1, -1, -1, -1, -1, -1, -1, -1, -1, -1, -1, -1, -1, -1, -1, -1, -1, -1, -1, -1, -1, -1, -1, -1, -1, -1, -1, -1, -1, -1, -1, -1, -1, -1, -1, -1, -1, -1, -1, -1, -1, -1, -1, -1, -1, -1, -1, -1, -1, -1, -1, -1, -1, -1, -1, -1, -1, -1, -1, -1, -1, -1, -1]"
150,29,22,0.0,None,1,237,"[{'cluster_no': -1, 'count': 237}]","[-1, -1, -1, -1, -1, -1, -1, -1, -1, -1, -1, -1, -1, -1, -1, -1, -1, -1, -1, -1, -1, -1, -1, -1, -1, -1, -1, -1, -1, -1, -1, -1, -1, -1, -1, -1, -1, -1, -1, -1, -1, -1, -1, -1, -1, -1, -1, -1, -1, -1, -1, -1, -1, -1, -1, -1, -1, -1, -1, -1, -1, -1, -1, -1, -1, -1, -1, -1, -1, -1, -1, -1, -1, -1, -1, -1, -1, -1, -1, -1, -1, -1, -1, -1, -1, -1, -1, -1, -1, -1, -1, -1, -1, -1, -1, -1, -1, -1, -1, -1, -1, -1, -1, -1, -1, -1, -1, -1, -1, -1, -1, -1, -1, -1, -1, -1, -1, -1, -1, -1, -1, -1, -1, -1, -1, -1, -1, -1, -1, -1, -1, -1, -1, -1, -1, -1, -1, -1, -1, -1, -1, -1, -1, -1, -1, -1, -1, -1, -1, -1, -1, -1, -1, -1, -1, -1, -1, -1, -1, -1, -1, -1, -1, -1, -1, -1, -1, -1, -1, -1, -1, -1, -1, -1, -1, -1, -1, -1, -1, -1, -1, -1, -1, -1, -1, -1, -1, -1, -1, -1, -1, -1, -1, -1, -1, -1, -1, -1, -1, -1, -1, -1, -1, -1, -1, -1, -1, -1, -1, -1, -1, -1, -1, -1, -1, -1, -1, -1, -1, -1, -1, -1, -1, -1, -1, -1, -1, -1, -1, -1, -1, -1, -1, -1, -1, -1, -1]"
150,29,22,0.5,None,1,237,"[{'cluster_no': -1, 'count': 237}]","[-1, -1, -1, -1, -1, -1, -1, -1, -1, -1, -1, -1, -1, -1, -1, -1, -1, -1, -1, -1, -1, -1, -1, -1, -1, -1, -1, -1, -1, -1, -1, -1, -1, -1, -1, -1, -1, -1, -1, -1, -1, -1, -1, -1, -1, -1, -1, -1, -1, -1, -1, -1, -1, -1, -1, -1, -1, -1, -1, -1, -1, -1, -1, -1, -1, -1, -1, -1, -1, -1, -1, -1, -1, -1, -1, -1, -1, -1, -1, -1, -1, -1, -1, -1, -1, -1, -1, -1, -1, -1, -1, -1, -1, -1, -1, -1, -1, -1, -1, -1, -1, -1, -1, -1, -1, -1, -1, -1, -1, -1, -1, -1, -1, -1, -1, -1, -1, -1, -1, -1, -1, -1, -1, -1, -1, -1, -1, -1, -1, -1, -1, -1, -1, -1, -1, -1, -1, -1, -1, -1, -1, -1, -1, -1, -1, -1, -1, -1, -1, -1, -1, -1, -1, -1, -1, -1, -1, -1, -1, -1, -1, -1, -1, -1, -1, -1, -1, -1, -1, -1, -1, -1, -1, -1, -1, -1, -1, -1, -1, -1, -1, -1, -1, -1, -1, -1, -1, -1, -1, -1, -1, -1, -1, -1, -1, -1, -1, -1, -1, -1, -1, -1, -1, -1, -1, -1, -1, -1, -1, -1, -1, -1, -1, -1, -1, -1, -1, -1, -1, -1, -1, -1, -1, -1, -1, -1, -1, -1, -1, -1, -1, -1, -1, -1, -1, -1, -1]"
150,29,22,1.0,None,1,237,"[{'cluster_no': -1, 'count': 237}]","[-1, -1, -1, -1, -1, -1, -1, -1, -1, -1, -1, -1, -1, -1, -1, -1, -1, -1, -1, -1, -1, -1, -1, -1, -1, -1, -1, -1, -1, -1, -1, -1, -1, -1, -1, -1, -1, -1, -1, -1, -1, -1, -1, -1, -1, -1, -1, -1, -1, -1, -1, -1, -1, -1, -1, -1, -1, -1, -1, -1, -1, -1, -1, -1, -1, -1, -1, -1, -1, -1, -1, -1, -1, -1, -1, -1, -1, -1, -1, -1, -1, -1, -1, -1, -1, -1, -1, -1, -1, -1, -1, -1, -1, -1, -1, -1, -1, -1, -1, -1, -1, -1, -1, -1, -1, -1, -1, -1, -1, -1, -1, -1, -1, -1, -1, -1, -1, -1, -1, -1, -1, -1, -1, -1, -1, -1, -1, -1, -1, -1, -1, -1, -1, -1, -1, -1, -1, -1, -1, -1, -1, -1, -1, -1, -1, -1, -1, -1, -1, -1, -1, -1, -1, -1, -1, -1, -1, -1, -1, -1, -1, -1, -1, -1, -1, -1, -1, -1, -1, -1, -1, -1, -1, -1, -1, -1, -1, -1, -1, -1, -1, -1, -1, -1, -1, -1, -1, -1, -1, -1, -1, -1, -1, -1, -1, -1, -1, -1, -1, -1, -1, -1, -1, -1, -1, -1, -1, -1, -1, -1, -1, -1, -1, -1, -1, -1, -1, -1, -1, -1, -1, -1, -1, -1, -1, -1, -1, -1, -1, -1, -1, -1, -1, -1, -1, -1, -1]"
150,29,23,0.0,None,1,237,"[{'cluster_no': -1, 'count': 237}]","[-1, -1, -1, -1, -1, -1, -1, -1, -1, -1, -1, -1, -1, -1, -1, -1, -1, -1, -1, -1, -1, -1, -1, -1, -1, -1, -1, -1, -1, -1, -1, -1, -1, -1, -1, -1, -1, -1, -1, -1, -1, -1, -1, -1, -1, -1, -1, -1, -1, -1, -1, -1, -1, -1, -1, -1, -1, -1, -1, -1, -1, -1, -1, -1, -1, -1, -1, -1, -1, -1, -1, -1, -1, -1, -1, -1, -1, -1, -1, -1, -1, -1, -1, -1, -1, -1, -1, -1, -1, -1, -1, -1, -1, -1, -1, -1, -1, -1, -1, -1, -1, -1, -1, -1, -1, -1, -1, -1, -1, -1, -1, -1, -1, -1, -1, -1, -1, -1, -1, -1, -1, -1, -1, -1, -1, -1, -1, -1, -1, -1, -1, -1, -1, -1, -1, -1, -1, -1, -1, -1, -1, -1, -1, -1, -1, -1, -1, -1, -1, -1, -1, -1, -1, -1, -1, -1, -1, -1, -1, -1, -1, -1, -1, -1, -1, -1, -1, -1, -1, -1, -1, -1, -1, -1, -1, -1, -1, -1, -1, -1, -1, -1, -1, -1, -1, -1, -1, -1, -1, -1, -1, -1, -1, -1, -1, -1, -1, -1, -1, -1, -1, -1, -1, -1, -1, -1, -1, -1, -1, -1, -1, -1, -1, -1, -1, -1, -1, -1, -1, -1, -1, -1, -1, -1, -1, -1, -1, -1, -1, -1, -1, -1, -1, -1, -1, -1, -1]"
150,29,23,0.5,None,1,237,"[{'cluster_no': -1, 'count': 237}]","[-1, -1, -1, -1, -1, -1, -1, -1, -1, -1, -1, -1, -1, -1, -1, -1, -1, -1, -1, -1, -1, -1, -1, -1, -1, -1, -1, -1, -1, -1, -1, -1, -1, -1, -1, -1, -1, -1, -1, -1, -1, -1, -1, -1, -1, -1, -1, -1, -1, -1, -1, -1, -1, -1, -1, -1, -1, -1, -1, -1, -1, -1, -1, -1, -1, -1, -1, -1, -1, -1, -1, -1, -1, -1, -1, -1, -1, -1, -1, -1, -1, -1, -1, -1, -1, -1, -1, -1, -1, -1, -1, -1, -1, -1, -1, -1, -1, -1, -1, -1, -1, -1, -1, -1, -1, -1, -1, -1, -1, -1, -1, -1, -1, -1, -1, -1, -1, -1, -1, -1, -1, -1, -1, -1, -1, -1, -1, -1, -1, -1, -1, -1, -1, -1, -1, -1, -1, -1, -1, -1, -1, -1, -1, -1, -1, -1, -1, -1, -1, -1, -1, -1, -1, -1, -1, -1, -1, -1, -1, -1, -1, -1, -1, -1, -1, -1, -1, -1, -1, -1, -1, -1, -1, -1, -1, -1, -1, -1, -1, -1, -1, -1, -1, -1, -1, -1, -1, -1, -1, -1, -1, -1, -1, -1, -1, -1, -1, -1, -1, -1, -1, -1, -1, -1, -1, -1, -1, -1, -1, -1, -1, -1, -1, -1, -1, -1, -1, -1, -1, -1, -1, -1, -1, -1, -1, -1, -1, -1, -1, -1, -1, -1, -1, -1, -1, -1, -1]"
150,29,23,1.0,None,1,237,"[{'cluster_no': -1, 'count': 237}]","[-1, -1, -1, -1, -1, -1, -1, -1, -1, -1, -1, -1, -1, -1, -1, -1, -1, -1, -1, -1, -1, -1, -1, -1, -1, -1, -1, -1, -1, -1, -1, -1, -1, -1, -1, -1, -1, -1, -1, -1, -1, -1, -1, -1, -1, -1, -1, -1, -1, -1, -1, -1, -1, -1, -1, -1, -1, -1, -1, -1, -1, -1, -1, -1, -1, -1, -1, -1, -1, -1, -1, -1, -1, -1, -1, -1, -1, -1, -1, -1, -1, -1, -1, -1, -1, -1, -1, -1, -1, -1, -1, -1, -1, -1, -1, -1, -1, -1, -1, -1, -1, -1, -1, -1, -1, -1, -1, -1, -1, -1, -1, -1, -1, -1, -1, -1, -1, -1, -1, -1, -1, -1, -1, -1, -1, -1, -1, -1, -1, -1, -1, -1, -1, -1, -1, -1, -1, -1, -1, -1, -1, -1, -1, -1, -1, -1, -1, -1, -1, -1, -1, -1, -1, -1, -1, -1, -1, -1, -1, -1, -1, -1, -1, -1, -1, -1, -1, -1, -1, -1, -1, -1, -1, -1, -1, -1, -1, -1, -1, -1, -1, -1, -1, -1, -1, -1, -1, -1, -1, -1, -1, -1, -1, -1, -1, -1, -1, -1, -1, -1, -1, -1, -1, -1, -1, -1, -1, -1, -1, -1, -1, -1, -1, -1, -1, -1, -1, -1, -1, -1, -1, -1, -1, -1, -1, -1, -1, -1, -1, -1, -1, -1, -1, -1, -1, -1, -1]"
150,29,24,0.0,None,1,237,"[{'cluster_no': -1, 'count': 237}]","[-1, -1, -1, -1, -1, -1, -1, -1, -1, -1, -1, -1, -1, -1, -1, -1, -1, -1, -1, -1, -1, -1, -1, -1, -1, -1, -1, -1, -1, -1, -1, -1, -1, -1, -1, -1, -1, -1, -1, -1, -1, -1, -1, -1, -1, -1, -1, -1, -1, -1, -1, -1, -1, -1, -1, -1, -1, -1, -1, -1, -1, -1, -1, -1, -1, -1, -1, -1, -1, -1, -1, -1, -1, -1, -1, -1, -1, -1, -1, -1, -1, -1, -1, -1, -1, -1, -1, -1, -1, -1, -1, -1, -1, -1, -1, -1, -1, -1, -1, -1, -1, -1, -1, -1, -1, -1, -1, -1, -1, -1, -1, -1, -1, -1, -1, -1, -1, -1, -1, -1, -1, -1, -1, -1, -1, -1, -1, -1, -1, -1, -1, -1, -1, -1, -1, -1, -1, -1, -1, -1, -1, -1, -1, -1, -1, -1, -1, -1, -1, -1, -1, -1, -1, -1, -1, -1, -1, -1, -1, -1, -1, -1, -1, -1, -1, -1, -1, -1, -1, -1, -1, -1, -1, -1, -1, -1, -1, -1, -1, -1, -1, -1, -1, -1, -1, -1, -1, -1, -1, -1, -1, -1, -1, -1, -1, -1, -1, -1, -1, -1, -1, -1, -1, -1, -1, -1, -1, -1, -1, -1, -1, -1, -1, -1, -1, -1, -1, -1, -1, -1, -1, -1, -1, -1, -1, -1, -1, -1, -1, -1, -1, -1, -1, -1, -1, -1, -1]"
150,29,24,0.5,None,1,237,"[{'cluster_no': -1, 'count': 237}]","[-1, -1, -1, -1, -1, -1, -1, -1, -1, -1, -1, -1, -1, -1, -1, -1, -1, -1, -1, -1, -1, -1, -1, -1, -1, -1, -1, -1, -1, -1, -1, -1, -1, -1, -1, -1, -1, -1, -1, -1, -1, -1, -1, -1, -1, -1, -1, -1, -1, -1, -1, -1, -1, -1, -1, -1, -1, -1, -1, -1, -1, -1, -1, -1, -1, -1, -1, -1, -1, -1, -1, -1, -1, -1, -1, -1, -1, -1, -1, -1, -1, -1, -1, -1, -1, -1, -1, -1, -1, -1, -1, -1, -1, -1, -1, -1, -1, -1, -1, -1, -1, -1, -1, -1, -1, -1, -1, -1, -1, -1, -1, -1, -1, -1, -1, -1, -1, -1, -1, -1, -1, -1, -1, -1, -1, -1, -1, -1, -1, -1, -1, -1, -1, -1, -1, -1, -1, -1, -1, -1, -1, -1, -1, -1, -1, -1, -1, -1, -1, -1, -1, -1, -1, -1, -1, -1, -1, -1, -1, -1, -1, -1, -1, -1, -1, -1, -1, -1, -1, -1, -1, -1, -1, -1, -1, -1, -1, -1, -1, -1, -1, -1, -1, -1, -1, -1, -1, -1, -1, -1, -1, -1, -1, -1, -1, -1, -1, -1, -1, -1, -1, -1, -1, -1, -1, -1, -1, -1, -1, -1, -1, -1, -1, -1, -1, -1, -1, -1, -1, -1, -1, -1, -1, -1, -1, -1, -1, -1, -1, -1, -1, -1, -1, -1, -1, -1, -1]"
150,29,24,1.0,None,1,237,"[{'cluster_no': -1, 'count': 237}]","[-1, -1, -1, -1, -1, -1, -1, -1, -1, -1, -1, -1, -1, -1, -1, -1, -1, -1, -1, -1, -1, -1, -1, -1, -1, -1, -1, -1, -1, -1, -1, -1, -1, -1, -1, -1, -1, -1, -1, -1, -1, -1, -1, -1, -1, -1, -1, -1, -1, -1, -1, -1, -1, -1, -1, -1, -1, -1, -1, -1, -1, -1, -1, -1, -1, -1, -1, -1, -1, -1, -1, -1, -1, -1, -1, -1, -1, -1, -1, -1, -1, -1, -1, -1, -1, -1, -1, -1, -1, -1, -1, -1, -1, -1, -1, -1, -1, -1, -1, -1, -1, -1, -1, -1, -1, -1, -1, -1, -1, -1, -1, -1, -1, -1, -1, -1, -1, -1, -1, -1, -1, -1, -1, -1, -1, -1, -1, -1, -1, -1, -1, -1, -1, -1, -1, -1, -1, -1, -1, -1, -1, -1, -1, -1, -1, -1, -1, -1, -1, -1, -1, -1, -1, -1, -1, -1, -1, -1, -1, -1, -1, -1, -1, -1, -1, -1, -1, -1, -1, -1, -1, -1, -1, -1, -1, -1, -1, -1, -1, -1, -1, -1, -1, -1, -1, -1, -1, -1, -1, -1, -1, -1, -1, -1, -1, -1, -1, -1, -1, -1, -1, -1, -1, -1, -1, -1, -1, -1, -1, -1, -1, -1, -1, -1, -1, -1, -1, -1, -1, -1, -1, -1, -1, -1, -1, -1, -1, -1, -1, -1, -1, -1, -1, -1, -1, -1, -1]"
150,29,25,0.0,None,1,237,"[{'cluster_no': -1, 'count': 237}]","[-1, -1, -1, -1, -1, -1, -1, -1, -1, -1, -1, -1, -1, -1, -1, -1, -1, -1, -1, -1, -1, -1, -1, -1, -1, -1, -1, -1, -1, -1, -1, -1, -1, -1, -1, -1, -1, -1, -1, -1, -1, -1, -1, -1, -1, -1, -1, -1, -1, -1, -1, -1, -1, -1, -1, -1, -1, -1, -1, -1, -1, -1, -1, -1, -1, -1, -1, -1, -1, -1, -1, -1, -1, -1, -1, -1, -1, -1, -1, -1, -1, -1, -1, -1, -1, -1, -1, -1, -1, -1, -1, -1, -1, -1, -1, -1, -1, -1, -1, -1, -1, -1, -1, -1, -1, -1, -1, -1, -1, -1, -1, -1, -1, -1, -1, -1, -1, -1, -1, -1, -1, -1, -1, -1, -1, -1, -1, -1, -1, -1, -1, -1, -1, -1, -1, -1, -1, -1, -1, -1, -1, -1, -1, -1, -1, -1, -1, -1, -1, -1, -1, -1, -1, -1, -1, -1, -1, -1, -1, -1, -1, -1, -1, -1, -1, -1, -1, -1, -1, -1, -1, -1, -1, -1, -1, -1, -1, -1, -1, -1, -1, -1, -1, -1, -1, -1, -1, -1, -1, -1, -1, -1, -1, -1, -1, -1, -1, -1, -1, -1, -1, -1, -1, -1, -1, -1, -1, -1, -1, -1, -1, -1, -1, -1, -1, -1, -1, -1, -1, -1, -1, -1, -1, -1, -1, -1, -1, -1, -1, -1, -1, -1, -1, -1, -1, -1, -1]"
150,29,25,0.5,None,1,237,"[{'cluster_no': -1, 'count': 237}]","[-1, -1, -1, -1, -1, -1, -1, -1, -1, -1, -1, -1, -1, -1, -1, -1, -1, -1, -1, -1, -1, -1, -1, -1, -1, -1, -1, -1, -1, -1, -1, -1, -1, -1, -1, -1, -1, -1, -1, -1, -1, -1, -1, -1, -1, -1, -1, -1, -1, -1, -1, -1, -1, -1, -1, -1, -1, -1, -1, -1, -1, -1, -1, -1, -1, -1, -1, -1, -1, -1, -1, -1, -1, -1, -1, -1, -1, -1, -1, -1, -1, -1, -1, -1, -1, -1, -1, -1, -1, -1, -1, -1, -1, -1, -1, -1, -1, -1, -1, -1, -1, -1, -1, -1, -1, -1, -1, -1, -1, -1, -1, -1, -1, -1, -1, -1, -1, -1, -1, -1, -1, -1, -1, -1, -1, -1, -1, -1, -1, -1, -1, -1, -1, -1, -1, -1, -1, -1, -1, -1, -1, -1, -1, -1, -1, -1, -1, -1, -1, -1, -1, -1, -1, -1, -1, -1, -1, -1, -1, -1, -1, -1, -1, -1, -1, -1, -1, -1, -1, -1, -1, -1, -1, -1, -1, -1, -1, -1, -1, -1, -1, -1, -1, -1, -1, -1, -1, -1, -1, -1, -1, -1, -1, -1, -1, -1, -1, -1, -1, -1, -1, -1, -1, -1, -1, -1, -1, -1, -1, -1, -1, -1, -1, -1, -1, -1, -1, -1, -1, -1, -1, -1, -1, -1, -1, -1, -1, -1, -1, -1, -1, -1, -1, -1, -1, -1, -1]"
150,29,25,1.0,None,1,237,"[{'cluster_no': -1, 'count': 237}]","[-1, -1, -1, -1, -1, -1, -1, -1, -1, -1, -1, -1, -1, -1, -1, -1, -1, -1, -1, -1, -1, -1, -1, -1, -1, -1, -1, -1, -1, -1, -1, -1, -1, -1, -1, -1, -1, -1, -1, -1, -1, -1, -1, -1, -1, -1, -1, -1, -1, -1, -1, -1, -1, -1, -1, -1, -1, -1, -1, -1, -1, -1, -1, -1, -1, -1, -1, -1, -1, -1, -1, -1, -1, -1, -1, -1, -1, -1, -1, -1, -1, -1, -1, -1, -1, -1, -1, -1, -1, -1, -1, -1, -1, -1, -1, -1, -1, -1, -1, -1, -1, -1, -1, -1, -1, -1, -1, -1, -1, -1, -1, -1, -1, -1, -1, -1, -1, -1, -1, -1, -1, -1, -1, -1, -1, -1, -1, -1, -1, -1, -1, -1, -1, -1, -1, -1, -1, -1, -1, -1, -1, -1, -1, -1, -1, -1, -1, -1, -1, -1, -1, -1, -1, -1, -1, -1, -1, -1, -1, -1, -1, -1, -1, -1, -1, -1, -1, -1, -1, -1, -1, -1, -1, -1, -1, -1, -1, -1, -1, -1, -1, -1, -1, -1, -1, -1, -1, -1, -1, -1, -1, -1, -1, -1, -1, -1, -1, -1, -1, -1, -1, -1, -1, -1, -1, -1, -1, -1, -1, -1, -1, -1, -1, -1, -1, -1, -1, -1, -1, -1, -1, -1, -1, -1, -1, -1, -1, -1, -1, -1, -1, -1, -1, -1, -1, -1, -1]"
150,29,26,0.0,None,1,237,"[{'cluster_no': -1, 'count': 237}]","[-1, -1, -1, -1, -1, -1, -1, -1, -1, -1, -1, -1, -1, -1, -1, -1, -1, -1, -1, -1, -1, -1, -1, -1, -1, -1, -1, -1, -1, -1, -1, -1, -1, -1, -1, -1, -1, -1, -1, -1, -1, -1, -1, -1, -1, -1, -1, -1, -1, -1, -1, -1, -1, -1, -1, -1, -1, -1, -1, -1, -1, -1, -1, -1, -1, -1, -1, -1, -1, -1, -1, -1, -1, -1, -1, -1, -1, -1, -1, -1, -1, -1, -1, -1, -1, -1, -1, -1, -1, -1, -1, -1, -1, -1, -1, -1, -1, -1, -1, -1, -1, -1, -1, -1, -1, -1, -1, -1, -1, -1, -1, -1, -1, -1, -1, -1, -1, -1, -1, -1, -1, -1, -1, -1, -1, -1, -1, -1, -1, -1, -1, -1, -1, -1, -1, -1, -1, -1, -1, -1, -1, -1, -1, -1, -1, -1, -1, -1, -1, -1, -1, -1, -1, -1, -1, -1, -1, -1, -1, -1, -1, -1, -1, -1, -1, -1, -1, -1, -1, -1, -1, -1, -1, -1, -1, -1, -1, -1, -1, -1, -1, -1, -1, -1, -1, -1, -1, -1, -1, -1, -1, -1, -1, -1, -1, -1, -1, -1, -1, -1, -1, -1, -1, -1, -1, -1, -1, -1, -1, -1, -1, -1, -1, -1, -1, -1, -1, -1, -1, -1, -1, -1, -1, -1, -1, -1, -1, -1, -1, -1, -1, -1, -1, -1, -1, -1, -1]"
150,29,26,0.5,None,1,237,"[{'cluster_no': -1, 'count': 237}]","[-1, -1, -1, -1, -1, -1, -1, -1, -1, -1, -1, -1, -1, -1, -1, -1, -1, -1, -1, -1, -1, -1, -1, -1, -1, -1, -1, -1, -1, -1, -1, -1, -1, -1, -1, -1, -1, -1, -1, -1, -1, -1, -1, -1, -1, -1, -1, -1, -1, -1, -1, -1, -1, -1, -1, -1, -1, -1, -1, -1, -1, -1, -1, -1, -1, -1, -1, -1, -1, -1, -1, -1, -1, -1, -1, -1, -1, -1, -1, -1, -1, -1, -1, -1, -1, -1, -1, -1, -1, -1, -1, -1, -1, -1, -1, -1, -1, -1, -1, -1, -1, -1, -1, -1, -1, -1, -1, -1, -1, -1, -1, -1, -1, -1, -1, -1, -1, -1, -1, -1, -1, -1, -1, -1, -1, -1, -1, -1, -1, -1, -1, -1, -1, -1, -1, -1, -1, -1, -1, -1, -1, -1, -1, -1, -1, -1, -1, -1, -1, -1, -1, -1, -1, -1, -1, -1, -1, -1, -1, -1, -1, -1, -1, -1, -1, -1, -1, -1, -1, -1, -1, -1, -1, -1, -1, -1, -1, -1, -1, -1, -1, -1, -1, -1, -1, -1, -1, -1, -1, -1, -1, -1, -1, -1, -1, -1, -1, -1, -1, -1, -1, -1, -1, -1, -1, -1, -1, -1, -1, -1, -1, -1, -1, -1, -1, -1, -1, -1, -1, -1, -1, -1, -1, -1, -1, -1, -1, -1, -1, -1, -1, -1, -1, -1, -1, -1, -1]"
150,29,26,1.0,None,1,237,"[{'cluster_no': -1, 'count': 237}]","[-1, -1, -1, -1, -1, -1, -1, -1, -1, -1, -1, -1, -1, -1, -1, -1, -1, -1, -1, -1, -1, -1, -1, -1, -1, -1, -1, -1, -1, -1, -1, -1, -1, -1, -1, -1, -1, -1, -1, -1, -1, -1, -1, -1, -1, -1, -1, -1, -1, -1, -1, -1, -1, -1, -1, -1, -1, -1, -1, -1, -1, -1, -1, -1, -1, -1, -1, -1, -1, -1, -1, -1, -1, -1, -1, -1, -1, -1, -1, -1, -1, -1, -1, -1, -1, -1, -1, -1, -1, -1, -1, -1, -1, -1, -1, -1, -1, -1, -1, -1, -1, -1, -1, -1, -1, -1, -1, -1, -1, -1, -1, -1, -1, -1, -1, -1, -1, -1, -1, -1, -1, -1, -1, -1, -1, -1, -1, -1, -1, -1, -1, -1, -1, -1, -1, -1, -1, -1, -1, -1, -1, -1, -1, -1, -1, -1, -1, -1, -1, -1, -1, -1, -1, -1, -1, -1, -1, -1, -1, -1, -1, -1, -1, -1, -1, -1, -1, -1, -1, -1, -1, -1, -1, -1, -1, -1, -1, -1, -1, -1, -1, -1, -1, -1, -1, -1, -1, -1, -1, -1, -1, -1, -1, -1, -1, -1, -1, -1, -1, -1, -1, -1, -1, -1, -1, -1, -1, -1, -1, -1, -1, -1, -1, -1, -1, -1, -1, -1, -1, -1, -1, -1, -1, -1, -1, -1, -1, -1, -1, -1, -1, -1, -1, -1, -1, -1, -1]"
150,29,27,0.0,None,1,237,"[{'cluster_no': -1, 'count': 237}]","[-1, -1, -1, -1, -1, -1, -1, -1, -1, -1, -1, -1, -1, -1, -1, -1, -1, -1, -1, -1, -1, -1, -1, -1, -1, -1, -1, -1, -1, -1, -1, -1, -1, -1, -1, -1, -1, -1, -1, -1, -1, -1, -1, -1, -1, -1, -1, -1, -1, -1, -1, -1, -1, -1, -1, -1, -1, -1, -1, -1, -1, -1, -1, -1, -1, -1, -1, -1, -1, -1, -1, -1, -1, -1, -1, -1, -1, -1, -1, -1, -1, -1, -1, -1, -1, -1, -1, -1, -1, -1, -1, -1, -1, -1, -1, -1, -1, -1, -1, -1, -1, -1, -1, -1, -1, -1, -1, -1, -1, -1, -1, -1, -1, -1, -1, -1, -1, -1, -1, -1, -1, -1, -1, -1, -1, -1, -1, -1, -1, -1, -1, -1, -1, -1, -1, -1, -1, -1, -1, -1, -1, -1, -1, -1, -1, -1, -1, -1, -1, -1, -1, -1, -1, -1, -1, -1, -1, -1, -1, -1, -1, -1, -1, -1, -1, -1, -1, -1, -1, -1, -1, -1, -1, -1, -1, -1, -1, -1, -1, -1, -1, -1, -1, -1, -1, -1, -1, -1, -1, -1, -1, -1, -1, -1, -1, -1, -1, -1, -1, -1, -1, -1, -1, -1, -1, -1, -1, -1, -1, -1, -1, -1, -1, -1, -1, -1, -1, -1, -1, -1, -1, -1, -1, -1, -1, -1, -1, -1, -1, -1, -1, -1, -1, -1, -1, -1, -1]"
150,29,27,0.5,None,1,237,"[{'cluster_no': -1, 'count': 237}]","[-1, -1, -1, -1, -1, -1, -1, -1, -1, -1, -1, -1, -1, -1, -1, -1, -1, -1, -1, -1, -1, -1, -1, -1, -1, -1, -1, -1, -1, -1, -1, -1, -1, -1, -1, -1, -1, -1, -1, -1, -1, -1, -1, -1, -1, -1, -1, -1, -1, -1, -1, -1, -1, -1, -1, -1, -1, -1, -1, -1, -1, -1, -1, -1, -1, -1, -1, -1, -1, -1, -1, -1, -1, -1, -1, -1, -1, -1, -1, -1, -1, -1, -1, -1, -1, -1, -1, -1, -1, -1, -1, -1, -1, -1, -1, -1, -1, -1, -1, -1, -1, -1, -1, -1, -1, -1, -1, -1, -1, -1, -1, -1, -1, -1, -1, -1, -1, -1, -1, -1, -1, -1, -1, -1, -1, -1, -1, -1, -1, -1, -1, -1, -1, -1, -1, -1, -1, -1, -1, -1, -1, -1, -1, -1, -1, -1, -1, -1, -1, -1, -1, -1, -1, -1, -1, -1, -1, -1, -1, -1, -1, -1, -1, -1, -1, -1, -1, -1, -1, -1, -1, -1, -1, -1, -1, -1, -1, -1, -1, -1, -1, -1, -1, -1, -1, -1, -1, -1, -1, -1, -1, -1, -1, -1, -1, -1, -1, -1, -1, -1, -1, -1, -1, -1, -1, -1, -1, -1, -1, -1, -1, -1, -1, -1, -1, -1, -1, -1, -1, -1, -1, -1, -1, -1, -1, -1, -1, -1, -1, -1, -1, -1, -1, -1, -1, -1, -1]"
150,29,27,1.0,None,1,237,"[{'cluster_no': -1, 'count': 237}]","[-1, -1, -1, -1, -1, -1, -1, -1, -1, -1, -1, -1, -1, -1, -1, -1, -1, -1, -1, -1, -1, -1, -1, -1, -1, -1, -1, -1, -1, -1, -1, -1, -1, -1, -1, -1, -1, -1, -1, -1, -1, -1, -1, -1, -1, -1, -1, -1, -1, -1, -1, -1, -1, -1, -1, -1, -1, -1, -1, -1, -1, -1, -1, -1, -1, -1, -1, -1, -1, -1, -1, -1, -1, -1, -1, -1, -1, -1, -1, -1, -1, -1, -1, -1, -1, -1, -1, -1, -1, -1, -1, -1, -1, -1, -1, -1, -1, -1, -1, -1, -1, -1, -1, -1, -1, -1, -1, -1, -1, -1, -1, -1, -1, -1, -1, -1, -1, -1, -1, -1, -1, -1, -1, -1, -1, -1, -1, -1, -1, -1, -1, -1, -1, -1, -1, -1, -1, -1, -1, -1, -1, -1, -1, -1, -1, -1, -1, -1, -1, -1, -1, -1, -1, -1, -1, -1, -1, -1, -1, -1, -1, -1, -1, -1, -1, -1, -1, -1, -1, -1, -1, -1, -1, -1, -1, -1, -1, -1, -1, -1, -1, -1, -1, -1, -1, -1, -1, -1, -1, -1, -1, -1, -1, -1, -1, -1, -1, -1, -1, -1, -1, -1, -1, -1, -1, -1, -1, -1, -1, -1, -1, -1, -1, -1, -1, -1, -1, -1, -1, -1, -1, -1, -1, -1, -1, -1, -1, -1, -1, -1, -1, -1, -1, -1, -1, -1, -1]"
150,29,28,0.0,None,1,237,"[{'cluster_no': -1, 'count': 237}]","[-1, -1, -1, -1, -1, -1, -1, -1, -1, -1, -1, -1, -1, -1, -1, -1, -1, -1, -1, -1, -1, -1, -1, -1, -1, -1, -1, -1, -1, -1, -1, -1, -1, -1, -1, -1, -1, -1, -1, -1, -1, -1, -1, -1, -1, -1, -1, -1, -1, -1, -1, -1, -1, -1, -1, -1, -1, -1, -1, -1, -1, -1, -1, -1, -1, -1, -1, -1, -1, -1, -1, -1, -1, -1, -1, -1, -1, -1, -1, -1, -1, -1, -1, -1, -1, -1, -1, -1, -1, -1, -1, -1, -1, -1, -1, -1, -1, -1, -1, -1, -1, -1, -1, -1, -1, -1, -1, -1, -1, -1, -1, -1, -1, -1, -1, -1, -1, -1, -1, -1, -1, -1, -1, -1, -1, -1, -1, -1, -1, -1, -1, -1, -1, -1, -1, -1, -1, -1, -1, -1, -1, -1, -1, -1, -1, -1, -1, -1, -1, -1, -1, -1, -1, -1, -1, -1, -1, -1, -1, -1, -1, -1, -1, -1, -1, -1, -1, -1, -1, -1, -1, -1, -1, -1, -1, -1, -1, -1, -1, -1, -1, -1, -1, -1, -1, -1, -1, -1, -1, -1, -1, -1, -1, -1, -1, -1, -1, -1, -1, -1, -1, -1, -1, -1, -1, -1, -1, -1, -1, -1, -1, -1, -1, -1, -1, -1, -1, -1, -1, -1, -1, -1, -1, -1, -1, -1, -1, -1, -1, -1, -1, -1, -1, -1, -1, -1, -1]"
150,29,28,0.5,None,1,237,"[{'cluster_no': -1, 'count': 237}]","[-1, -1, -1, -1, -1, -1, -1, -1, -1, -1, -1, -1, -1, -1, -1, -1, -1, -1, -1, -1, -1, -1, -1, -1, -1, -1, -1, -1, -1, -1, -1, -1, -1, -1, -1, -1, -1, -1, -1, -1, -1, -1, -1, -1, -1, -1, -1, -1, -1, -1, -1, -1, -1, -1, -1, -1, -1, -1, -1, -1, -1, -1, -1, -1, -1, -1, -1, -1, -1, -1, -1, -1, -1, -1, -1, -1, -1, -1, -1, -1, -1, -1, -1, -1, -1, -1, -1, -1, -1, -1, -1, -1, -1, -1, -1, -1, -1, -1, -1, -1, -1, -1, -1, -1, -1, -1, -1, -1, -1, -1, -1, -1, -1, -1, -1, -1, -1, -1, -1, -1, -1, -1, -1, -1, -1, -1, -1, -1, -1, -1, -1, -1, -1, -1, -1, -1, -1, -1, -1, -1, -1, -1, -1, -1, -1, -1, -1, -1, -1, -1, -1, -1, -1, -1, -1, -1, -1, -1, -1, -1, -1, -1, -1, -1, -1, -1, -1, -1, -1, -1, -1, -1, -1, -1, -1, -1, -1, -1, -1, -1, -1, -1, -1, -1, -1, -1, -1, -1, -1, -1, -1, -1, -1, -1, -1, -1, -1, -1, -1, -1, -1, -1, -1, -1, -1, -1, -1, -1, -1, -1, -1, -1, -1, -1, -1, -1, -1, -1, -1, -1, -1, -1, -1, -1, -1, -1, -1, -1, -1, -1, -1, -1, -1, -1, -1, -1, -1]"
150,29,28,1.0,None,1,237,"[{'cluster_no': -1, 'count': 237}]","[-1, -1, -1, -1, -1, -1, -1, -1, -1, -1, -1, -1, -1, -1, -1, -1, -1, -1, -1, -1, -1, -1, -1, -1, -1, -1, -1, -1, -1, -1, -1, -1, -1, -1, -1, -1, -1, -1, -1, -1, -1, -1, -1, -1, -1, -1, -1, -1, -1, -1, -1, -1, -1, -1, -1, -1, -1, -1, -1, -1, -1, -1, -1, -1, -1, -1, -1, -1, -1, -1, -1, -1, -1, -1, -1, -1, -1, -1, -1, -1, -1, -1, -1, -1, -1, -1, -1, -1, -1, -1, -1, -1, -1, -1, -1, -1, -1, -1, -1, -1, -1, -1, -1, -1, -1, -1, -1, -1, -1, -1, -1, -1, -1, -1, -1, -1, -1, -1, -1, -1, -1, -1, -1, -1, -1, -1, -1, -1, -1, -1, -1, -1, -1, -1, -1, -1, -1, -1, -1, -1, -1, -1, -1, -1, -1, -1, -1, -1, -1, -1, -1, -1, -1, -1, -1, -1, -1, -1, -1, -1, -1, -1, -1, -1, -1, -1, -1, -1, -1, -1, -1, -1, -1, -1, -1, -1, -1, -1, -1, -1, -1, -1, -1, -1, -1, -1, -1, -1, -1, -1, -1, -1, -1, -1, -1, -1, -1, -1, -1, -1, -1, -1, -1, -1, -1, -1, -1, -1, -1, -1, -1, -1, -1, -1, -1, -1, -1, -1, -1, -1, -1, -1, -1, -1, -1, -1, -1, -1, -1, -1, -1, -1, -1, -1, -1, -1, -1]"
150,29,29,0.0,None,1,237,"[{'cluster_no': -1, 'count': 237}]","[-1, -1, -1, -1, -1, -1, -1, -1, -1, -1, -1, -1, -1, -1, -1, -1, -1, -1, -1, -1, -1, -1, -1, -1, -1, -1, -1, -1, -1, -1, -1, -1, -1, -1, -1, -1, -1, -1, -1, -1, -1, -1, -1, -1, -1, -1, -1, -1, -1, -1, -1, -1, -1, -1, -1, -1, -1, -1, -1, -1, -1, -1, -1, -1, -1, -1, -1, -1, -1, -1, -1, -1, -1, -1, -1, -1, -1, -1, -1, -1, -1, -1, -1, -1, -1, -1, -1, -1, -1, -1, -1, -1, -1, -1, -1, -1, -1, -1, -1, -1, -1, -1, -1, -1, -1, -1, -1, -1, -1, -1, -1, -1, -1, -1, -1, -1, -1, -1, -1, -1, -1, -1, -1, -1, -1, -1, -1, -1, -1, -1, -1, -1, -1, -1, -1, -1, -1, -1, -1, -1, -1, -1, -1, -1, -1, -1, -1, -1, -1, -1, -1, -1, -1, -1, -1, -1, -1, -1, -1, -1, -1, -1, -1, -1, -1, -1, -1, -1, -1, -1, -1, -1, -1, -1, -1, -1, -1, -1, -1, -1, -1, -1, -1, -1, -1, -1, -1, -1, -1, -1, -1, -1, -1, -1, -1, -1, -1, -1, -1, -1, -1, -1, -1, -1, -1, -1, -1, -1, -1, -1, -1, -1, -1, -1, -1, -1, -1, -1, -1, -1, -1, -1, -1, -1, -1, -1, -1, -1, -1, -1, -1, -1, -1, -1, -1, -1, -1]"
150,29,29,0.5,None,1,237,"[{'cluster_no': -1, 'count': 237}]","[-1, -1, -1, -1, -1, -1, -1, -1, -1, -1, -1, -1, -1, -1, -1, -1, -1, -1, -1, -1, -1, -1, -1, -1, -1, -1, -1, -1, -1, -1, -1, -1, -1, -1, -1, -1, -1, -1, -1, -1, -1, -1, -1, -1, -1, -1, -1, -1, -1, -1, -1, -1, -1, -1, -1, -1, -1, -1, -1, -1, -1, -1, -1, -1, -1, -1, -1, -1, -1, -1, -1, -1, -1, -1, -1, -1, -1, -1, -1, -1, -1, -1, -1, -1, -1, -1, -1, -1, -1, -1, -1, -1, -1, -1, -1, -1, -1, -1, -1, -1, -1, -1, -1, -1, -1, -1, -1, -1, -1, -1, -1, -1, -1, -1, -1, -1, -1, -1, -1, -1, -1, -1, -1, -1, -1, -1, -1, -1, -1, -1, -1, -1, -1, -1, -1, -1, -1, -1, -1, -1, -1, -1, -1, -1, -1, -1, -1, -1, -1, -1, -1, -1, -1, -1, -1, -1, -1, -1, -1, -1, -1, -1, -1, -1, -1, -1, -1, -1, -1, -1, -1, -1, -1, -1, -1, -1, -1, -1, -1, -1, -1, -1, -1, -1, -1, -1, -1, -1, -1, -1, -1, -1, -1, -1, -1, -1, -1, -1, -1, -1, -1, -1, -1, -1, -1, -1, -1, -1, -1, -1, -1, -1, -1, -1, -1, -1, -1, -1, -1, -1, -1, -1, -1, -1, -1, -1, -1, -1, -1, -1, -1, -1, -1, -1, -1, -1, -1]"
150,29,29,1.0,None,1,237,"[{'cluster_no': -1, 'count': 237}]","[-1, -1, -1, -1, -1, -1, -1, -1, -1, -1, -1, -1, -1, -1, -1, -1, -1, -1, -1, -1, -1, -1, -1, -1, -1, -1, -1, -1, -1, -1, -1, -1, -1, -1, -1, -1, -1, -1, -1, -1, -1, -1, -1, -1, -1, -1, -1, -1, -1, -1, -1, -1, -1, -1, -1, -1, -1, -1, -1, -1, -1, -1, -1, -1, -1, -1, -1, -1, -1, -1, -1, -1, -1, -1, -1, -1, -1, -1, -1, -1, -1, -1, -1, -1, -1, -1, -1, -1, -1, -1, -1, -1, -1, -1, -1, -1, -1, -1, -1, -1, -1, -1, -1, -1, -1, -1, -1, -1, -1, -1, -1, -1, -1, -1, -1, -1, -1, -1, -1, -1, -1, -1, -1, -1, -1, -1, -1, -1, -1, -1, -1, -1, -1, -1, -1, -1, -1, -1, -1, -1, -1, -1, -1, -1, -1, -1, -1, -1, -1, -1, -1, -1, -1, -1, -1, -1, -1, -1, -1, -1, -1, -1, -1, -1, -1, -1, -1, -1, -1, -1, -1, -1, -1, -1, -1, -1, -1, -1, -1, -1, -1, -1, -1, -1, -1, -1, -1, -1, -1, -1, -1, -1, -1, -1, -1, -1, -1, -1, -1, -1, -1, -1, -1, -1, -1, -1, -1, -1, -1, -1, -1, -1, -1, -1, -1, -1, -1, -1, -1, -1, -1, -1, -1, -1, -1, -1, -1, -1, -1, -1, -1, -1, -1, -1, -1, -1, -1]"
150,29,30,0.0,None,1,237,"[{'cluster_no': -1, 'count': 237}]","[-1, -1, -1, -1, -1, -1, -1, -1, -1, -1, -1, -1, -1, -1, -1, -1, -1, -1, -1, -1, -1, -1, -1, -1, -1, -1, -1, -1, -1, -1, -1, -1, -1, -1, -1, -1, -1, -1, -1, -1, -1, -1, -1, -1, -1, -1, -1, -1, -1, -1, -1, -1, -1, -1, -1, -1, -1, -1, -1, -1, -1, -1, -1, -1, -1, -1, -1, -1, -1, -1, -1, -1, -1, -1, -1, -1, -1, -1, -1, -1, -1, -1, -1, -1, -1, -1, -1, -1, -1, -1, -1, -1, -1, -1, -1, -1, -1, -1, -1, -1, -1, -1, -1, -1, -1, -1, -1, -1, -1, -1, -1, -1, -1, -1, -1, -1, -1, -1, -1, -1, -1, -1, -1, -1, -1, -1, -1, -1, -1, -1, -1, -1, -1, -1, -1, -1, -1, -1, -1, -1, -1, -1, -1, -1, -1, -1, -1, -1, -1, -1, -1, -1, -1, -1, -1, -1, -1, -1, -1, -1, -1, -1, -1, -1, -1, -1, -1, -1, -1, -1, -1, -1, -1, -1, -1, -1, -1, -1, -1, -1, -1, -1, -1, -1, -1, -1, -1, -1, -1, -1, -1, -1, -1, -1, -1, -1, -1, -1, -1, -1, -1, -1, -1, -1, -1, -1, -1, -1, -1, -1, -1, -1, -1, -1, -1, -1, -1, -1, -1, -1, -1, -1, -1, -1, -1, -1, -1, -1, -1, -1, -1, -1, -1, -1, -1, -1, -1]"
150,29,30,0.5,None,1,237,"[{'cluster_no': -1, 'count': 237}]","[-1, -1, -1, -1, -1, -1, -1, -1, -1, -1, -1, -1, -1, -1, -1, -1, -1, -1, -1, -1, -1, -1, -1, -1, -1, -1, -1, -1, -1, -1, -1, -1, -1, -1, -1, -1, -1, -1, -1, -1, -1, -1, -1, -1, -1, -1, -1, -1, -1, -1, -1, -1, -1, -1, -1, -1, -1, -1, -1, -1, -1, -1, -1, -1, -1, -1, -1, -1, -1, -1, -1, -1, -1, -1, -1, -1, -1, -1, -1, -1, -1, -1, -1, -1, -1, -1, -1, -1, -1, -1, -1, -1, -1, -1, -1, -1, -1, -1, -1, -1, -1, -1, -1, -1, -1, -1, -1, -1, -1, -1, -1, -1, -1, -1, -1, -1, -1, -1, -1, -1, -1, -1, -1, -1, -1, -1, -1, -1, -1, -1, -1, -1, -1, -1, -1, -1, -1, -1, -1, -1, -1, -1, -1, -1, -1, -1, -1, -1, -1, -1, -1, -1, -1, -1, -1, -1, -1, -1, -1, -1, -1, -1, -1, -1, -1, -1, -1, -1, -1, -1, -1, -1, -1, -1, -1, -1, -1, -1, -1, -1, -1, -1, -1, -1, -1, -1, -1, -1, -1, -1, -1, -1, -1, -1, -1, -1, -1, -1, -1, -1, -1, -1, -1, -1, -1, -1, -1, -1, -1, -1, -1, -1, -1, -1, -1, -1, -1, -1, -1, -1, -1, -1, -1, -1, -1, -1, -1, -1, -1, -1, -1, -1, -1, -1, -1, -1, -1]"
150,29,30,1.0,None,1,237,"[{'cluster_no': -1, 'count': 237}]","[-1, -1, -1, -1, -1, -1, -1, -1, -1, -1, -1, -1, -1, -1, -1, -1, -1, -1, -1, -1, -1, -1, -1, -1, -1, -1, -1, -1, -1, -1, -1, -1, -1, -1, -1, -1, -1, -1, -1, -1, -1, -1, -1, -1, -1, -1, -1, -1, -1, -1, -1, -1, -1, -1, -1, -1, -1, -1, -1, -1, -1, -1, -1, -1, -1, -1, -1, -1, -1, -1, -1, -1, -1, -1, -1, -1, -1, -1, -1, -1, -1, -1, -1, -1, -1, -1, -1, -1, -1, -1, -1, -1, -1, -1, -1, -1, -1, -1, -1, -1, -1, -1, -1, -1, -1, -1, -1, -1, -1, -1, -1, -1, -1, -1, -1, -1, -1, -1, -1, -1, -1, -1, -1, -1, -1, -1, -1, -1, -1, -1, -1, -1, -1, -1, -1, -1, -1, -1, -1, -1, -1, -1, -1, -1, -1, -1, -1, -1, -1, -1, -1, -1, -1, -1, -1, -1, -1, -1, -1, -1, -1, -1, -1, -1, -1, -1, -1, -1, -1, -1, -1, -1, -1, -1, -1, -1, -1, -1, -1, -1, -1, -1, -1, -1, -1, -1, -1, -1, -1, -1, -1, -1, -1, -1, -1, -1, -1, -1, -1, -1, -1, -1, -1, -1, -1, -1, -1, -1, -1, -1, -1, -1, -1, -1, -1, -1, -1, -1, -1, -1, -1, -1, -1, -1, -1, -1, -1, -1, -1, -1, -1, -1, -1, -1, -1, -1, -1]"
150,30,5,0.0,None,1,237,"[{'cluster_no': -1, 'count': 237}]","[-1, -1, -1, -1, -1, -1, -1, -1, -1, -1, -1, -1, -1, -1, -1, -1, -1, -1, -1, -1, -1, -1, -1, -1, -1, -1, -1, -1, -1, -1, -1, -1, -1, -1, -1, -1, -1, -1, -1, -1, -1, -1, -1, -1, -1, -1, -1, -1, -1, -1, -1, -1, -1, -1, -1, -1, -1, -1, -1, -1, -1, -1, -1, -1, -1, -1, -1, -1, -1, -1, -1, -1, -1, -1, -1, -1, -1, -1, -1, -1, -1, -1, -1, -1, -1, -1, -1, -1, -1, -1, -1, -1, -1, -1, -1, -1, -1, -1, -1, -1, -1, -1, -1, -1, -1, -1, -1, -1, -1, -1, -1, -1, -1, -1, -1, -1, -1, -1, -1, -1, -1, -1, -1, -1, -1, -1, -1, -1, -1, -1, -1, -1, -1, -1, -1, -1, -1, -1, -1, -1, -1, -1, -1, -1, -1, -1, -1, -1, -1, -1, -1, -1, -1, -1, -1, -1, -1, -1, -1, -1, -1, -1, -1, -1, -1, -1, -1, -1, -1, -1, -1, -1, -1, -1, -1, -1, -1, -1, -1, -1, -1, -1, -1, -1, -1, -1, -1, -1, -1, -1, -1, -1, -1, -1, -1, -1, -1, -1, -1, -1, -1, -1, -1, -1, -1, -1, -1, -1, -1, -1, -1, -1, -1, -1, -1, -1, -1, -1, -1, -1, -1, -1, -1, -1, -1, -1, -1, -1, -1, -1, -1, -1, -1, -1, -1, -1, -1]"
150,30,5,0.5,None,1,237,"[{'cluster_no': -1, 'count': 237}]","[-1, -1, -1, -1, -1, -1, -1, -1, -1, -1, -1, -1, -1, -1, -1, -1, -1, -1, -1, -1, -1, -1, -1, -1, -1, -1, -1, -1, -1, -1, -1, -1, -1, -1, -1, -1, -1, -1, -1, -1, -1, -1, -1, -1, -1, -1, -1, -1, -1, -1, -1, -1, -1, -1, -1, -1, -1, -1, -1, -1, -1, -1, -1, -1, -1, -1, -1, -1, -1, -1, -1, -1, -1, -1, -1, -1, -1, -1, -1, -1, -1, -1, -1, -1, -1, -1, -1, -1, -1, -1, -1, -1, -1, -1, -1, -1, -1, -1, -1, -1, -1, -1, -1, -1, -1, -1, -1, -1, -1, -1, -1, -1, -1, -1, -1, -1, -1, -1, -1, -1, -1, -1, -1, -1, -1, -1, -1, -1, -1, -1, -1, -1, -1, -1, -1, -1, -1, -1, -1, -1, -1, -1, -1, -1, -1, -1, -1, -1, -1, -1, -1, -1, -1, -1, -1, -1, -1, -1, -1, -1, -1, -1, -1, -1, -1, -1, -1, -1, -1, -1, -1, -1, -1, -1, -1, -1, -1, -1, -1, -1, -1, -1, -1, -1, -1, -1, -1, -1, -1, -1, -1, -1, -1, -1, -1, -1, -1, -1, -1, -1, -1, -1, -1, -1, -1, -1, -1, -1, -1, -1, -1, -1, -1, -1, -1, -1, -1, -1, -1, -1, -1, -1, -1, -1, -1, -1, -1, -1, -1, -1, -1, -1, -1, -1, -1, -1, -1]"
150,30,5,1.0,None,1,237,"[{'cluster_no': -1, 'count': 237}]","[-1, -1, -1, -1, -1, -1, -1, -1, -1, -1, -1, -1, -1, -1, -1, -1, -1, -1, -1, -1, -1, -1, -1, -1, -1, -1, -1, -1, -1, -1, -1, -1, -1, -1, -1, -1, -1, -1, -1, -1, -1, -1, -1, -1, -1, -1, -1, -1, -1, -1, -1, -1, -1, -1, -1, -1, -1, -1, -1, -1, -1, -1, -1, -1, -1, -1, -1, -1, -1, -1, -1, -1, -1, -1, -1, -1, -1, -1, -1, -1, -1, -1, -1, -1, -1, -1, -1, -1, -1, -1, -1, -1, -1, -1, -1, -1, -1, -1, -1, -1, -1, -1, -1, -1, -1, -1, -1, -1, -1, -1, -1, -1, -1, -1, -1, -1, -1, -1, -1, -1, -1, -1, -1, -1, -1, -1, -1, -1, -1, -1, -1, -1, -1, -1, -1, -1, -1, -1, -1, -1, -1, -1, -1, -1, -1, -1, -1, -1, -1, -1, -1, -1, -1, -1, -1, -1, -1, -1, -1, -1, -1, -1, -1, -1, -1, -1, -1, -1, -1, -1, -1, -1, -1, -1, -1, -1, -1, -1, -1, -1, -1, -1, -1, -1, -1, -1, -1, -1, -1, -1, -1, -1, -1, -1, -1, -1, -1, -1, -1, -1, -1, -1, -1, -1, -1, -1, -1, -1, -1, -1, -1, -1, -1, -1, -1, -1, -1, -1, -1, -1, -1, -1, -1, -1, -1, -1, -1, -1, -1, -1, -1, -1, -1, -1, -1, -1, -1]"
150,30,6,0.0,None,1,237,"[{'cluster_no': -1, 'count': 237}]","[-1, -1, -1, -1, -1, -1, -1, -1, -1, -1, -1, -1, -1, -1, -1, -1, -1, -1, -1, -1, -1, -1, -1, -1, -1, -1, -1, -1, -1, -1, -1, -1, -1, -1, -1, -1, -1, -1, -1, -1, -1, -1, -1, -1, -1, -1, -1, -1, -1, -1, -1, -1, -1, -1, -1, -1, -1, -1, -1, -1, -1, -1, -1, -1, -1, -1, -1, -1, -1, -1, -1, -1, -1, -1, -1, -1, -1, -1, -1, -1, -1, -1, -1, -1, -1, -1, -1, -1, -1, -1, -1, -1, -1, -1, -1, -1, -1, -1, -1, -1, -1, -1, -1, -1, -1, -1, -1, -1, -1, -1, -1, -1, -1, -1, -1, -1, -1, -1, -1, -1, -1, -1, -1, -1, -1, -1, -1, -1, -1, -1, -1, -1, -1, -1, -1, -1, -1, -1, -1, -1, -1, -1, -1, -1, -1, -1, -1, -1, -1, -1, -1, -1, -1, -1, -1, -1, -1, -1, -1, -1, -1, -1, -1, -1, -1, -1, -1, -1, -1, -1, -1, -1, -1, -1, -1, -1, -1, -1, -1, -1, -1, -1, -1, -1, -1, -1, -1, -1, -1, -1, -1, -1, -1, -1, -1, -1, -1, -1, -1, -1, -1, -1, -1, -1, -1, -1, -1, -1, -1, -1, -1, -1, -1, -1, -1, -1, -1, -1, -1, -1, -1, -1, -1, -1, -1, -1, -1, -1, -1, -1, -1, -1, -1, -1, -1, -1, -1]"
150,30,6,0.5,None,1,237,"[{'cluster_no': -1, 'count': 237}]","[-1, -1, -1, -1, -1, -1, -1, -1, -1, -1, -1, -1, -1, -1, -1, -1, -1, -1, -1, -1, -1, -1, -1, -1, -1, -1, -1, -1, -1, -1, -1, -1, -1, -1, -1, -1, -1, -1, -1, -1, -1, -1, -1, -1, -1, -1, -1, -1, -1, -1, -1, -1, -1, -1, -1, -1, -1, -1, -1, -1, -1, -1, -1, -1, -1, -1, -1, -1, -1, -1, -1, -1, -1, -1, -1, -1, -1, -1, -1, -1, -1, -1, -1, -1, -1, -1, -1, -1, -1, -1, -1, -1, -1, -1, -1, -1, -1, -1, -1, -1, -1, -1, -1, -1, -1, -1, -1, -1, -1, -1, -1, -1, -1, -1, -1, -1, -1, -1, -1, -1, -1, -1, -1, -1, -1, -1, -1, -1, -1, -1, -1, -1, -1, -1, -1, -1, -1, -1, -1, -1, -1, -1, -1, -1, -1, -1, -1, -1, -1, -1, -1, -1, -1, -1, -1, -1, -1, -1, -1, -1, -1, -1, -1, -1, -1, -1, -1, -1, -1, -1, -1, -1, -1, -1, -1, -1, -1, -1, -1, -1, -1, -1, -1, -1, -1, -1, -1, -1, -1, -1, -1, -1, -1, -1, -1, -1, -1, -1, -1, -1, -1, -1, -1, -1, -1, -1, -1, -1, -1, -1, -1, -1, -1, -1, -1, -1, -1, -1, -1, -1, -1, -1, -1, -1, -1, -1, -1, -1, -1, -1, -1, -1, -1, -1, -1, -1, -1]"
150,30,6,1.0,None,1,237,"[{'cluster_no': -1, 'count': 237}]","[-1, -1, -1, -1, -1, -1, -1, -1, -1, -1, -1, -1, -1, -1, -1, -1, -1, -1, -1, -1, -1, -1, -1, -1, -1, -1, -1, -1, -1, -1, -1, -1, -1, -1, -1, -1, -1, -1, -1, -1, -1, -1, -1, -1, -1, -1, -1, -1, -1, -1, -1, -1, -1, -1, -1, -1, -1, -1, -1, -1, -1, -1, -1, -1, -1, -1, -1, -1, -1, -1, -1, -1, -1, -1, -1, -1, -1, -1, -1, -1, -1, -1, -1, -1, -1, -1, -1, -1, -1, -1, -1, -1, -1, -1, -1, -1, -1, -1, -1, -1, -1, -1, -1, -1, -1, -1, -1, -1, -1, -1, -1, -1, -1, -1, -1, -1, -1, -1, -1, -1, -1, -1, -1, -1, -1, -1, -1, -1, -1, -1, -1, -1, -1, -1, -1, -1, -1, -1, -1, -1, -1, -1, -1, -1, -1, -1, -1, -1, -1, -1, -1, -1, -1, -1, -1, -1, -1, -1, -1, -1, -1, -1, -1, -1, -1, -1, -1, -1, -1, -1, -1, -1, -1, -1, -1, -1, -1, -1, -1, -1, -1, -1, -1, -1, -1, -1, -1, -1, -1, -1, -1, -1, -1, -1, -1, -1, -1, -1, -1, -1, -1, -1, -1, -1, -1, -1, -1, -1, -1, -1, -1, -1, -1, -1, -1, -1, -1, -1, -1, -1, -1, -1, -1, -1, -1, -1, -1, -1, -1, -1, -1, -1, -1, -1, -1, -1, -1]"
150,30,7,0.0,None,1,237,"[{'cluster_no': -1, 'count': 237}]","[-1, -1, -1, -1, -1, -1, -1, -1, -1, -1, -1, -1, -1, -1, -1, -1, -1, -1, -1, -1, -1, -1, -1, -1, -1, -1, -1, -1, -1, -1, -1, -1, -1, -1, -1, -1, -1, -1, -1, -1, -1, -1, -1, -1, -1, -1, -1, -1, -1, -1, -1, -1, -1, -1, -1, -1, -1, -1, -1, -1, -1, -1, -1, -1, -1, -1, -1, -1, -1, -1, -1, -1, -1, -1, -1, -1, -1, -1, -1, -1, -1, -1, -1, -1, -1, -1, -1, -1, -1, -1, -1, -1, -1, -1, -1, -1, -1, -1, -1, -1, -1, -1, -1, -1, -1, -1, -1, -1, -1, -1, -1, -1, -1, -1, -1, -1, -1, -1, -1, -1, -1, -1, -1, -1, -1, -1, -1, -1, -1, -1, -1, -1, -1, -1, -1, -1, -1, -1, -1, -1, -1, -1, -1, -1, -1, -1, -1, -1, -1, -1, -1, -1, -1, -1, -1, -1, -1, -1, -1, -1, -1, -1, -1, -1, -1, -1, -1, -1, -1, -1, -1, -1, -1, -1, -1, -1, -1, -1, -1, -1, -1, -1, -1, -1, -1, -1, -1, -1, -1, -1, -1, -1, -1, -1, -1, -1, -1, -1, -1, -1, -1, -1, -1, -1, -1, -1, -1, -1, -1, -1, -1, -1, -1, -1, -1, -1, -1, -1, -1, -1, -1, -1, -1, -1, -1, -1, -1, -1, -1, -1, -1, -1, -1, -1, -1, -1, -1]"
150,30,7,0.5,None,1,237,"[{'cluster_no': -1, 'count': 237}]","[-1, -1, -1, -1, -1, -1, -1, -1, -1, -1, -1, -1, -1, -1, -1, -1, -1, -1, -1, -1, -1, -1, -1, -1, -1, -1, -1, -1, -1, -1, -1, -1, -1, -1, -1, -1, -1, -1, -1, -1, -1, -1, -1, -1, -1, -1, -1, -1, -1, -1, -1, -1, -1, -1, -1, -1, -1, -1, -1, -1, -1, -1, -1, -1, -1, -1, -1, -1, -1, -1, -1, -1, -1, -1, -1, -1, -1, -1, -1, -1, -1, -1, -1, -1, -1, -1, -1, -1, -1, -1, -1, -1, -1, -1, -1, -1, -1, -1, -1, -1, -1, -1, -1, -1, -1, -1, -1, -1, -1, -1, -1, -1, -1, -1, -1, -1, -1, -1, -1, -1, -1, -1, -1, -1, -1, -1, -1, -1, -1, -1, -1, -1, -1, -1, -1, -1, -1, -1, -1, -1, -1, -1, -1, -1, -1, -1, -1, -1, -1, -1, -1, -1, -1, -1, -1, -1, -1, -1, -1, -1, -1, -1, -1, -1, -1, -1, -1, -1, -1, -1, -1, -1, -1, -1, -1, -1, -1, -1, -1, -1, -1, -1, -1, -1, -1, -1, -1, -1, -1, -1, -1, -1, -1, -1, -1, -1, -1, -1, -1, -1, -1, -1, -1, -1, -1, -1, -1, -1, -1, -1, -1, -1, -1, -1, -1, -1, -1, -1, -1, -1, -1, -1, -1, -1, -1, -1, -1, -1, -1, -1, -1, -1, -1, -1, -1, -1, -1]"
150,30,7,1.0,None,1,237,"[{'cluster_no': -1, 'count': 237}]","[-1, -1, -1, -1, -1, -1, -1, -1, -1, -1, -1, -1, -1, -1, -1, -1, -1, -1, -1, -1, -1, -1, -1, -1, -1, -1, -1, -1, -1, -1, -1, -1, -1, -1, -1, -1, -1, -1, -1, -1, -1, -1, -1, -1, -1, -1, -1, -1, -1, -1, -1, -1, -1, -1, -1, -1, -1, -1, -1, -1, -1, -1, -1, -1, -1, -1, -1, -1, -1, -1, -1, -1, -1, -1, -1, -1, -1, -1, -1, -1, -1, -1, -1, -1, -1, -1, -1, -1, -1, -1, -1, -1, -1, -1, -1, -1, -1, -1, -1, -1, -1, -1, -1, -1, -1, -1, -1, -1, -1, -1, -1, -1, -1, -1, -1, -1, -1, -1, -1, -1, -1, -1, -1, -1, -1, -1, -1, -1, -1, -1, -1, -1, -1, -1, -1, -1, -1, -1, -1, -1, -1, -1, -1, -1, -1, -1, -1, -1, -1, -1, -1, -1, -1, -1, -1, -1, -1, -1, -1, -1, -1, -1, -1, -1, -1, -1, -1, -1, -1, -1, -1, -1, -1, -1, -1, -1, -1, -1, -1, -1, -1, -1, -1, -1, -1, -1, -1, -1, -1, -1, -1, -1, -1, -1, -1, -1, -1, -1, -1, -1, -1, -1, -1, -1, -1, -1, -1, -1, -1, -1, -1, -1, -1, -1, -1, -1, -1, -1, -1, -1, -1, -1, -1, -1, -1, -1, -1, -1, -1, -1, -1, -1, -1, -1, -1, -1, -1]"
150,30,8,0.0,None,1,237,"[{'cluster_no': -1, 'count': 237}]","[-1, -1, -1, -1, -1, -1, -1, -1, -1, -1, -1, -1, -1, -1, -1, -1, -1, -1, -1, -1, -1, -1, -1, -1, -1, -1, -1, -1, -1, -1, -1, -1, -1, -1, -1, -1, -1, -1, -1, -1, -1, -1, -1, -1, -1, -1, -1, -1, -1, -1, -1, -1, -1, -1, -1, -1, -1, -1, -1, -1, -1, -1, -1, -1, -1, -1, -1, -1, -1, -1, -1, -1, -1, -1, -1, -1, -1, -1, -1, -1, -1, -1, -1, -1, -1, -1, -1, -1, -1, -1, -1, -1, -1, -1, -1, -1, -1, -1, -1, -1, -1, -1, -1, -1, -1, -1, -1, -1, -1, -1, -1, -1, -1, -1, -1, -1, -1, -1, -1, -1, -1, -1, -1, -1, -1, -1, -1, -1, -1, -1, -1, -1, -1, -1, -1, -1, -1, -1, -1, -1, -1, -1, -1, -1, -1, -1, -1, -1, -1, -1, -1, -1, -1, -1, -1, -1, -1, -1, -1, -1, -1, -1, -1, -1, -1, -1, -1, -1, -1, -1, -1, -1, -1, -1, -1, -1, -1, -1, -1, -1, -1, -1, -1, -1, -1, -1, -1, -1, -1, -1, -1, -1, -1, -1, -1, -1, -1, -1, -1, -1, -1, -1, -1, -1, -1, -1, -1, -1, -1, -1, -1, -1, -1, -1, -1, -1, -1, -1, -1, -1, -1, -1, -1, -1, -1, -1, -1, -1, -1, -1, -1, -1, -1, -1, -1, -1, -1]"
150,30,8,0.5,None,1,237,"[{'cluster_no': -1, 'count': 237}]","[-1, -1, -1, -1, -1, -1, -1, -1, -1, -1, -1, -1, -1, -1, -1, -1, -1, -1, -1, -1, -1, -1, -1, -1, -1, -1, -1, -1, -1, -1, -1, -1, -1, -1, -1, -1, -1, -1, -1, -1, -1, -1, -1, -1, -1, -1, -1, -1, -1, -1, -1, -1, -1, -1, -1, -1, -1, -1, -1, -1, -1, -1, -1, -1, -1, -1, -1, -1, -1, -1, -1, -1, -1, -1, -1, -1, -1, -1, -1, -1, -1, -1, -1, -1, -1, -1, -1, -1, -1, -1, -1, -1, -1, -1, -1, -1, -1, -1, -1, -1, -1, -1, -1, -1, -1, -1, -1, -1, -1, -1, -1, -1, -1, -1, -1, -1, -1, -1, -1, -1, -1, -1, -1, -1, -1, -1, -1, -1, -1, -1, -1, -1, -1, -1, -1, -1, -1, -1, -1, -1, -1, -1, -1, -1, -1, -1, -1, -1, -1, -1, -1, -1, -1, -1, -1, -1, -1, -1, -1, -1, -1, -1, -1, -1, -1, -1, -1, -1, -1, -1, -1, -1, -1, -1, -1, -1, -1, -1, -1, -1, -1, -1, -1, -1, -1, -1, -1, -1, -1, -1, -1, -1, -1, -1, -1, -1, -1, -1, -1, -1, -1, -1, -1, -1, -1, -1, -1, -1, -1, -1, -1, -1, -1, -1, -1, -1, -1, -1, -1, -1, -1, -1, -1, -1, -1, -1, -1, -1, -1, -1, -1, -1, -1, -1, -1, -1, -1]"
150,30,8,1.0,None,1,237,"[{'cluster_no': -1, 'count': 237}]","[-1, -1, -1, -1, -1, -1, -1, -1, -1, -1, -1, -1, -1, -1, -1, -1, -1, -1, -1, -1, -1, -1, -1, -1, -1, -1, -1, -1, -1, -1, -1, -1, -1, -1, -1, -1, -1, -1, -1, -1, -1, -1, -1, -1, -1, -1, -1, -1, -1, -1, -1, -1, -1, -1, -1, -1, -1, -1, -1, -1, -1, -1, -1, -1, -1, -1, -1, -1, -1, -1, -1, -1, -1, -1, -1, -1, -1, -1, -1, -1, -1, -1, -1, -1, -1, -1, -1, -1, -1, -1, -1, -1, -1, -1, -1, -1, -1, -1, -1, -1, -1, -1, -1, -1, -1, -1, -1, -1, -1, -1, -1, -1, -1, -1, -1, -1, -1, -1, -1, -1, -1, -1, -1, -1, -1, -1, -1, -1, -1, -1, -1, -1, -1, -1, -1, -1, -1, -1, -1, -1, -1, -1, -1, -1, -1, -1, -1, -1, -1, -1, -1, -1, -1, -1, -1, -1, -1, -1, -1, -1, -1, -1, -1, -1, -1, -1, -1, -1, -1, -1, -1, -1, -1, -1, -1, -1, -1, -1, -1, -1, -1, -1, -1, -1, -1, -1, -1, -1, -1, -1, -1, -1, -1, -1, -1, -1, -1, -1, -1, -1, -1, -1, -1, -1, -1, -1, -1, -1, -1, -1, -1, -1, -1, -1, -1, -1, -1, -1, -1, -1, -1, -1, -1, -1, -1, -1, -1, -1, -1, -1, -1, -1, -1, -1, -1, -1, -1]"
150,30,9,0.0,None,1,237,"[{'cluster_no': -1, 'count': 237}]","[-1, -1, -1, -1, -1, -1, -1, -1, -1, -1, -1, -1, -1, -1, -1, -1, -1, -1, -1, -1, -1, -1, -1, -1, -1, -1, -1, -1, -1, -1, -1, -1, -1, -1, -1, -1, -1, -1, -1, -1, -1, -1, -1, -1, -1, -1, -1, -1, -1, -1, -1, -1, -1, -1, -1, -1, -1, -1, -1, -1, -1, -1, -1, -1, -1, -1, -1, -1, -1, -1, -1, -1, -1, -1, -1, -1, -1, -1, -1, -1, -1, -1, -1, -1, -1, -1, -1, -1, -1, -1, -1, -1, -1, -1, -1, -1, -1, -1, -1, -1, -1, -1, -1, -1, -1, -1, -1, -1, -1, -1, -1, -1, -1, -1, -1, -1, -1, -1, -1, -1, -1, -1, -1, -1, -1, -1, -1, -1, -1, -1, -1, -1, -1, -1, -1, -1, -1, -1, -1, -1, -1, -1, -1, -1, -1, -1, -1, -1, -1, -1, -1, -1, -1, -1, -1, -1, -1, -1, -1, -1, -1, -1, -1, -1, -1, -1, -1, -1, -1, -1, -1, -1, -1, -1, -1, -1, -1, -1, -1, -1, -1, -1, -1, -1, -1, -1, -1, -1, -1, -1, -1, -1, -1, -1, -1, -1, -1, -1, -1, -1, -1, -1, -1, -1, -1, -1, -1, -1, -1, -1, -1, -1, -1, -1, -1, -1, -1, -1, -1, -1, -1, -1, -1, -1, -1, -1, -1, -1, -1, -1, -1, -1, -1, -1, -1, -1, -1]"
150,30,9,0.5,None,1,237,"[{'cluster_no': -1, 'count': 237}]","[-1, -1, -1, -1, -1, -1, -1, -1, -1, -1, -1, -1, -1, -1, -1, -1, -1, -1, -1, -1, -1, -1, -1, -1, -1, -1, -1, -1, -1, -1, -1, -1, -1, -1, -1, -1, -1, -1, -1, -1, -1, -1, -1, -1, -1, -1, -1, -1, -1, -1, -1, -1, -1, -1, -1, -1, -1, -1, -1, -1, -1, -1, -1, -1, -1, -1, -1, -1, -1, -1, -1, -1, -1, -1, -1, -1, -1, -1, -1, -1, -1, -1, -1, -1, -1, -1, -1, -1, -1, -1, -1, -1, -1, -1, -1, -1, -1, -1, -1, -1, -1, -1, -1, -1, -1, -1, -1, -1, -1, -1, -1, -1, -1, -1, -1, -1, -1, -1, -1, -1, -1, -1, -1, -1, -1, -1, -1, -1, -1, -1, -1, -1, -1, -1, -1, -1, -1, -1, -1, -1, -1, -1, -1, -1, -1, -1, -1, -1, -1, -1, -1, -1, -1, -1, -1, -1, -1, -1, -1, -1, -1, -1, -1, -1, -1, -1, -1, -1, -1, -1, -1, -1, -1, -1, -1, -1, -1, -1, -1, -1, -1, -1, -1, -1, -1, -1, -1, -1, -1, -1, -1, -1, -1, -1, -1, -1, -1, -1, -1, -1, -1, -1, -1, -1, -1, -1, -1, -1, -1, -1, -1, -1, -1, -1, -1, -1, -1, -1, -1, -1, -1, -1, -1, -1, -1, -1, -1, -1, -1, -1, -1, -1, -1, -1, -1, -1, -1]"
150,30,9,1.0,None,1,237,"[{'cluster_no': -1, 'count': 237}]","[-1, -1, -1, -1, -1, -1, -1, -1, -1, -1, -1, -1, -1, -1, -1, -1, -1, -1, -1, -1, -1, -1, -1, -1, -1, -1, -1, -1, -1, -1, -1, -1, -1, -1, -1, -1, -1, -1, -1, -1, -1, -1, -1, -1, -1, -1, -1, -1, -1, -1, -1, -1, -1, -1, -1, -1, -1, -1, -1, -1, -1, -1, -1, -1, -1, -1, -1, -1, -1, -1, -1, -1, -1, -1, -1, -1, -1, -1, -1, -1, -1, -1, -1, -1, -1, -1, -1, -1, -1, -1, -1, -1, -1, -1, -1, -1, -1, -1, -1, -1, -1, -1, -1, -1, -1, -1, -1, -1, -1, -1, -1, -1, -1, -1, -1, -1, -1, -1, -1, -1, -1, -1, -1, -1, -1, -1, -1, -1, -1, -1, -1, -1, -1, -1, -1, -1, -1, -1, -1, -1, -1, -1, -1, -1, -1, -1, -1, -1, -1, -1, -1, -1, -1, -1, -1, -1, -1, -1, -1, -1, -1, -1, -1, -1, -1, -1, -1, -1, -1, -1, -1, -1, -1, -1, -1, -1, -1, -1, -1, -1, -1, -1, -1, -1, -1, -1, -1, -1, -1, -1, -1, -1, -1, -1, -1, -1, -1, -1, -1, -1, -1, -1, -1, -1, -1, -1, -1, -1, -1, -1, -1, -1, -1, -1, -1, -1, -1, -1, -1, -1, -1, -1, -1, -1, -1, -1, -1, -1, -1, -1, -1, -1, -1, -1, -1, -1, -1]"
150,30,10,0.0,None,1,237,"[{'cluster_no': -1, 'count': 237}]","[-1, -1, -1, -1, -1, -1, -1, -1, -1, -1, -1, -1, -1, -1, -1, -1, -1, -1, -1, -1, -1, -1, -1, -1, -1, -1, -1, -1, -1, -1, -1, -1, -1, -1, -1, -1, -1, -1, -1, -1, -1, -1, -1, -1, -1, -1, -1, -1, -1, -1, -1, -1, -1, -1, -1, -1, -1, -1, -1, -1, -1, -1, -1, -1, -1, -1, -1, -1, -1, -1, -1, -1, -1, -1, -1, -1, -1, -1, -1, -1, -1, -1, -1, -1, -1, -1, -1, -1, -1, -1, -1, -1, -1, -1, -1, -1, -1, -1, -1, -1, -1, -1, -1, -1, -1, -1, -1, -1, -1, -1, -1, -1, -1, -1, -1, -1, -1, -1, -1, -1, -1, -1, -1, -1, -1, -1, -1, -1, -1, -1, -1, -1, -1, -1, -1, -1, -1, -1, -1, -1, -1, -1, -1, -1, -1, -1, -1, -1, -1, -1, -1, -1, -1, -1, -1, -1, -1, -1, -1, -1, -1, -1, -1, -1, -1, -1, -1, -1, -1, -1, -1, -1, -1, -1, -1, -1, -1, -1, -1, -1, -1, -1, -1, -1, -1, -1, -1, -1, -1, -1, -1, -1, -1, -1, -1, -1, -1, -1, -1, -1, -1, -1, -1, -1, -1, -1, -1, -1, -1, -1, -1, -1, -1, -1, -1, -1, -1, -1, -1, -1, -1, -1, -1, -1, -1, -1, -1, -1, -1, -1, -1, -1, -1, -1, -1, -1, -1]"
150,30,10,0.5,None,1,237,"[{'cluster_no': -1, 'count': 237}]","[-1, -1, -1, -1, -1, -1, -1, -1, -1, -1, -1, -1, -1, -1, -1, -1, -1, -1, -1, -1, -1, -1, -1, -1, -1, -1, -1, -1, -1, -1, -1, -1, -1, -1, -1, -1, -1, -1, -1, -1, -1, -1, -1, -1, -1, -1, -1, -1, -1, -1, -1, -1, -1, -1, -1, -1, -1, -1, -1, -1, -1, -1, -1, -1, -1, -1, -1, -1, -1, -1, -1, -1, -1, -1, -1, -1, -1, -1, -1, -1, -1, -1, -1, -1, -1, -1, -1, -1, -1, -1, -1, -1, -1, -1, -1, -1, -1, -1, -1, -1, -1, -1, -1, -1, -1, -1, -1, -1, -1, -1, -1, -1, -1, -1, -1, -1, -1, -1, -1, -1, -1, -1, -1, -1, -1, -1, -1, -1, -1, -1, -1, -1, -1, -1, -1, -1, -1, -1, -1, -1, -1, -1, -1, -1, -1, -1, -1, -1, -1, -1, -1, -1, -1, -1, -1, -1, -1, -1, -1, -1, -1, -1, -1, -1, -1, -1, -1, -1, -1, -1, -1, -1, -1, -1, -1, -1, -1, -1, -1, -1, -1, -1, -1, -1, -1, -1, -1, -1, -1, -1, -1, -1, -1, -1, -1, -1, -1, -1, -1, -1, -1, -1, -1, -1, -1, -1, -1, -1, -1, -1, -1, -1, -1, -1, -1, -1, -1, -1, -1, -1, -1, -1, -1, -1, -1, -1, -1, -1, -1, -1, -1, -1, -1, -1, -1, -1, -1]"
150,30,10,1.0,None,1,237,"[{'cluster_no': -1, 'count': 237}]","[-1, -1, -1, -1, -1, -1, -1, -1, -1, -1, -1, -1, -1, -1, -1, -1, -1, -1, -1, -1, -1, -1, -1, -1, -1, -1, -1, -1, -1, -1, -1, -1, -1, -1, -1, -1, -1, -1, -1, -1, -1, -1, -1, -1, -1, -1, -1, -1, -1, -1, -1, -1, -1, -1, -1, -1, -1, -1, -1, -1, -1, -1, -1, -1, -1, -1, -1, -1, -1, -1, -1, -1, -1, -1, -1, -1, -1, -1, -1, -1, -1, -1, -1, -1, -1, -1, -1, -1, -1, -1, -1, -1, -1, -1, -1, -1, -1, -1, -1, -1, -1, -1, -1, -1, -1, -1, -1, -1, -1, -1, -1, -1, -1, -1, -1, -1, -1, -1, -1, -1, -1, -1, -1, -1, -1, -1, -1, -1, -1, -1, -1, -1, -1, -1, -1, -1, -1, -1, -1, -1, -1, -1, -1, -1, -1, -1, -1, -1, -1, -1, -1, -1, -1, -1, -1, -1, -1, -1, -1, -1, -1, -1, -1, -1, -1, -1, -1, -1, -1, -1, -1, -1, -1, -1, -1, -1, -1, -1, -1, -1, -1, -1, -1, -1, -1, -1, -1, -1, -1, -1, -1, -1, -1, -1, -1, -1, -1, -1, -1, -1, -1, -1, -1, -1, -1, -1, -1, -1, -1, -1, -1, -1, -1, -1, -1, -1, -1, -1, -1, -1, -1, -1, -1, -1, -1, -1, -1, -1, -1, -1, -1, -1, -1, -1, -1, -1, -1]"
150,30,11,0.0,None,1,237,"[{'cluster_no': -1, 'count': 237}]","[-1, -1, -1, -1, -1, -1, -1, -1, -1, -1, -1, -1, -1, -1, -1, -1, -1, -1, -1, -1, -1, -1, -1, -1, -1, -1, -1, -1, -1, -1, -1, -1, -1, -1, -1, -1, -1, -1, -1, -1, -1, -1, -1, -1, -1, -1, -1, -1, -1, -1, -1, -1, -1, -1, -1, -1, -1, -1, -1, -1, -1, -1, -1, -1, -1, -1, -1, -1, -1, -1, -1, -1, -1, -1, -1, -1, -1, -1, -1, -1, -1, -1, -1, -1, -1, -1, -1, -1, -1, -1, -1, -1, -1, -1, -1, -1, -1, -1, -1, -1, -1, -1, -1, -1, -1, -1, -1, -1, -1, -1, -1, -1, -1, -1, -1, -1, -1, -1, -1, -1, -1, -1, -1, -1, -1, -1, -1, -1, -1, -1, -1, -1, -1, -1, -1, -1, -1, -1, -1, -1, -1, -1, -1, -1, -1, -1, -1, -1, -1, -1, -1, -1, -1, -1, -1, -1, -1, -1, -1, -1, -1, -1, -1, -1, -1, -1, -1, -1, -1, -1, -1, -1, -1, -1, -1, -1, -1, -1, -1, -1, -1, -1, -1, -1, -1, -1, -1, -1, -1, -1, -1, -1, -1, -1, -1, -1, -1, -1, -1, -1, -1, -1, -1, -1, -1, -1, -1, -1, -1, -1, -1, -1, -1, -1, -1, -1, -1, -1, -1, -1, -1, -1, -1, -1, -1, -1, -1, -1, -1, -1, -1, -1, -1, -1, -1, -1, -1]"
150,30,11,0.5,None,1,237,"[{'cluster_no': -1, 'count': 237}]","[-1, -1, -1, -1, -1, -1, -1, -1, -1, -1, -1, -1, -1, -1, -1, -1, -1, -1, -1, -1, -1, -1, -1, -1, -1, -1, -1, -1, -1, -1, -1, -1, -1, -1, -1, -1, -1, -1, -1, -1, -1, -1, -1, -1, -1, -1, -1, -1, -1, -1, -1, -1, -1, -1, -1, -1, -1, -1, -1, -1, -1, -1, -1, -1, -1, -1, -1, -1, -1, -1, -1, -1, -1, -1, -1, -1, -1, -1, -1, -1, -1, -1, -1, -1, -1, -1, -1, -1, -1, -1, -1, -1, -1, -1, -1, -1, -1, -1, -1, -1, -1, -1, -1, -1, -1, -1, -1, -1, -1, -1, -1, -1, -1, -1, -1, -1, -1, -1, -1, -1, -1, -1, -1, -1, -1, -1, -1, -1, -1, -1, -1, -1, -1, -1, -1, -1, -1, -1, -1, -1, -1, -1, -1, -1, -1, -1, -1, -1, -1, -1, -1, -1, -1, -1, -1, -1, -1, -1, -1, -1, -1, -1, -1, -1, -1, -1, -1, -1, -1, -1, -1, -1, -1, -1, -1, -1, -1, -1, -1, -1, -1, -1, -1, -1, -1, -1, -1, -1, -1, -1, -1, -1, -1, -1, -1, -1, -1, -1, -1, -1, -1, -1, -1, -1, -1, -1, -1, -1, -1, -1, -1, -1, -1, -1, -1, -1, -1, -1, -1, -1, -1, -1, -1, -1, -1, -1, -1, -1, -1, -1, -1, -1, -1, -1, -1, -1, -1]"
150,30,11,1.0,None,1,237,"[{'cluster_no': -1, 'count': 237}]","[-1, -1, -1, -1, -1, -1, -1, -1, -1, -1, -1, -1, -1, -1, -1, -1, -1, -1, -1, -1, -1, -1, -1, -1, -1, -1, -1, -1, -1, -1, -1, -1, -1, -1, -1, -1, -1, -1, -1, -1, -1, -1, -1, -1, -1, -1, -1, -1, -1, -1, -1, -1, -1, -1, -1, -1, -1, -1, -1, -1, -1, -1, -1, -1, -1, -1, -1, -1, -1, -1, -1, -1, -1, -1, -1, -1, -1, -1, -1, -1, -1, -1, -1, -1, -1, -1, -1, -1, -1, -1, -1, -1, -1, -1, -1, -1, -1, -1, -1, -1, -1, -1, -1, -1, -1, -1, -1, -1, -1, -1, -1, -1, -1, -1, -1, -1, -1, -1, -1, -1, -1, -1, -1, -1, -1, -1, -1, -1, -1, -1, -1, -1, -1, -1, -1, -1, -1, -1, -1, -1, -1, -1, -1, -1, -1, -1, -1, -1, -1, -1, -1, -1, -1, -1, -1, -1, -1, -1, -1, -1, -1, -1, -1, -1, -1, -1, -1, -1, -1, -1, -1, -1, -1, -1, -1, -1, -1, -1, -1, -1, -1, -1, -1, -1, -1, -1, -1, -1, -1, -1, -1, -1, -1, -1, -1, -1, -1, -1, -1, -1, -1, -1, -1, -1, -1, -1, -1, -1, -1, -1, -1, -1, -1, -1, -1, -1, -1, -1, -1, -1, -1, -1, -1, -1, -1, -1, -1, -1, -1, -1, -1, -1, -1, -1, -1, -1, -1]"
150,30,12,0.0,None,1,237,"[{'cluster_no': -1, 'count': 237}]","[-1, -1, -1, -1, -1, -1, -1, -1, -1, -1, -1, -1, -1, -1, -1, -1, -1, -1, -1, -1, -1, -1, -1, -1, -1, -1, -1, -1, -1, -1, -1, -1, -1, -1, -1, -1, -1, -1, -1, -1, -1, -1, -1, -1, -1, -1, -1, -1, -1, -1, -1, -1, -1, -1, -1, -1, -1, -1, -1, -1, -1, -1, -1, -1, -1, -1, -1, -1, -1, -1, -1, -1, -1, -1, -1, -1, -1, -1, -1, -1, -1, -1, -1, -1, -1, -1, -1, -1, -1, -1, -1, -1, -1, -1, -1, -1, -1, -1, -1, -1, -1, -1, -1, -1, -1, -1, -1, -1, -1, -1, -1, -1, -1, -1, -1, -1, -1, -1, -1, -1, -1, -1, -1, -1, -1, -1, -1, -1, -1, -1, -1, -1, -1, -1, -1, -1, -1, -1, -1, -1, -1, -1, -1, -1, -1, -1, -1, -1, -1, -1, -1, -1, -1, -1, -1, -1, -1, -1, -1, -1, -1, -1, -1, -1, -1, -1, -1, -1, -1, -1, -1, -1, -1, -1, -1, -1, -1, -1, -1, -1, -1, -1, -1, -1, -1, -1, -1, -1, -1, -1, -1, -1, -1, -1, -1, -1, -1, -1, -1, -1, -1, -1, -1, -1, -1, -1, -1, -1, -1, -1, -1, -1, -1, -1, -1, -1, -1, -1, -1, -1, -1, -1, -1, -1, -1, -1, -1, -1, -1, -1, -1, -1, -1, -1, -1, -1, -1]"
150,30,12,0.5,None,1,237,"[{'cluster_no': -1, 'count': 237}]","[-1, -1, -1, -1, -1, -1, -1, -1, -1, -1, -1, -1, -1, -1, -1, -1, -1, -1, -1, -1, -1, -1, -1, -1, -1, -1, -1, -1, -1, -1, -1, -1, -1, -1, -1, -1, -1, -1, -1, -1, -1, -1, -1, -1, -1, -1, -1, -1, -1, -1, -1, -1, -1, -1, -1, -1, -1, -1, -1, -1, -1, -1, -1, -1, -1, -1, -1, -1, -1, -1, -1, -1, -1, -1, -1, -1, -1, -1, -1, -1, -1, -1, -1, -1, -1, -1, -1, -1, -1, -1, -1, -1, -1, -1, -1, -1, -1, -1, -1, -1, -1, -1, -1, -1, -1, -1, -1, -1, -1, -1, -1, -1, -1, -1, -1, -1, -1, -1, -1, -1, -1, -1, -1, -1, -1, -1, -1, -1, -1, -1, -1, -1, -1, -1, -1, -1, -1, -1, -1, -1, -1, -1, -1, -1, -1, -1, -1, -1, -1, -1, -1, -1, -1, -1, -1, -1, -1, -1, -1, -1, -1, -1, -1, -1, -1, -1, -1, -1, -1, -1, -1, -1, -1, -1, -1, -1, -1, -1, -1, -1, -1, -1, -1, -1, -1, -1, -1, -1, -1, -1, -1, -1, -1, -1, -1, -1, -1, -1, -1, -1, -1, -1, -1, -1, -1, -1, -1, -1, -1, -1, -1, -1, -1, -1, -1, -1, -1, -1, -1, -1, -1, -1, -1, -1, -1, -1, -1, -1, -1, -1, -1, -1, -1, -1, -1, -1, -1]"
150,30,12,1.0,None,1,237,"[{'cluster_no': -1, 'count': 237}]","[-1, -1, -1, -1, -1, -1, -1, -1, -1, -1, -1, -1, -1, -1, -1, -1, -1, -1, -1, -1, -1, -1, -1, -1, -1, -1, -1, -1, -1, -1, -1, -1, -1, -1, -1, -1, -1, -1, -1, -1, -1, -1, -1, -1, -1, -1, -1, -1, -1, -1, -1, -1, -1, -1, -1, -1, -1, -1, -1, -1, -1, -1, -1, -1, -1, -1, -1, -1, -1, -1, -1, -1, -1, -1, -1, -1, -1, -1, -1, -1, -1, -1, -1, -1, -1, -1, -1, -1, -1, -1, -1, -1, -1, -1, -1, -1, -1, -1, -1, -1, -1, -1, -1, -1, -1, -1, -1, -1, -1, -1, -1, -1, -1, -1, -1, -1, -1, -1, -1, -1, -1, -1, -1, -1, -1, -1, -1, -1, -1, -1, -1, -1, -1, -1, -1, -1, -1, -1, -1, -1, -1, -1, -1, -1, -1, -1, -1, -1, -1, -1, -1, -1, -1, -1, -1, -1, -1, -1, -1, -1, -1, -1, -1, -1, -1, -1, -1, -1, -1, -1, -1, -1, -1, -1, -1, -1, -1, -1, -1, -1, -1, -1, -1, -1, -1, -1, -1, -1, -1, -1, -1, -1, -1, -1, -1, -1, -1, -1, -1, -1, -1, -1, -1, -1, -1, -1, -1, -1, -1, -1, -1, -1, -1, -1, -1, -1, -1, -1, -1, -1, -1, -1, -1, -1, -1, -1, -1, -1, -1, -1, -1, -1, -1, -1, -1, -1, -1]"
150,30,13,0.0,None,1,237,"[{'cluster_no': -1, 'count': 237}]","[-1, -1, -1, -1, -1, -1, -1, -1, -1, -1, -1, -1, -1, -1, -1, -1, -1, -1, -1, -1, -1, -1, -1, -1, -1, -1, -1, -1, -1, -1, -1, -1, -1, -1, -1, -1, -1, -1, -1, -1, -1, -1, -1, -1, -1, -1, -1, -1, -1, -1, -1, -1, -1, -1, -1, -1, -1, -1, -1, -1, -1, -1, -1, -1, -1, -1, -1, -1, -1, -1, -1, -1, -1, -1, -1, -1, -1, -1, -1, -1, -1, -1, -1, -1, -1, -1, -1, -1, -1, -1, -1, -1, -1, -1, -1, -1, -1, -1, -1, -1, -1, -1, -1, -1, -1, -1, -1, -1, -1, -1, -1, -1, -1, -1, -1, -1, -1, -1, -1, -1, -1, -1, -1, -1, -1, -1, -1, -1, -1, -1, -1, -1, -1, -1, -1, -1, -1, -1, -1, -1, -1, -1, -1, -1, -1, -1, -1, -1, -1, -1, -1, -1, -1, -1, -1, -1, -1, -1, -1, -1, -1, -1, -1, -1, -1, -1, -1, -1, -1, -1, -1, -1, -1, -1, -1, -1, -1, -1, -1, -1, -1, -1, -1, -1, -1, -1, -1, -1, -1, -1, -1, -1, -1, -1, -1, -1, -1, -1, -1, -1, -1, -1, -1, -1, -1, -1, -1, -1, -1, -1, -1, -1, -1, -1, -1, -1, -1, -1, -1, -1, -1, -1, -1, -1, -1, -1, -1, -1, -1, -1, -1, -1, -1, -1, -1, -1, -1]"
150,30,13,0.5,None,1,237,"[{'cluster_no': -1, 'count': 237}]","[-1, -1, -1, -1, -1, -1, -1, -1, -1, -1, -1, -1, -1, -1, -1, -1, -1, -1, -1, -1, -1, -1, -1, -1, -1, -1, -1, -1, -1, -1, -1, -1, -1, -1, -1, -1, -1, -1, -1, -1, -1, -1, -1, -1, -1, -1, -1, -1, -1, -1, -1, -1, -1, -1, -1, -1, -1, -1, -1, -1, -1, -1, -1, -1, -1, -1, -1, -1, -1, -1, -1, -1, -1, -1, -1, -1, -1, -1, -1, -1, -1, -1, -1, -1, -1, -1, -1, -1, -1, -1, -1, -1, -1, -1, -1, -1, -1, -1, -1, -1, -1, -1, -1, -1, -1, -1, -1, -1, -1, -1, -1, -1, -1, -1, -1, -1, -1, -1, -1, -1, -1, -1, -1, -1, -1, -1, -1, -1, -1, -1, -1, -1, -1, -1, -1, -1, -1, -1, -1, -1, -1, -1, -1, -1, -1, -1, -1, -1, -1, -1, -1, -1, -1, -1, -1, -1, -1, -1, -1, -1, -1, -1, -1, -1, -1, -1, -1, -1, -1, -1, -1, -1, -1, -1, -1, -1, -1, -1, -1, -1, -1, -1, -1, -1, -1, -1, -1, -1, -1, -1, -1, -1, -1, -1, -1, -1, -1, -1, -1, -1, -1, -1, -1, -1, -1, -1, -1, -1, -1, -1, -1, -1, -1, -1, -1, -1, -1, -1, -1, -1, -1, -1, -1, -1, -1, -1, -1, -1, -1, -1, -1, -1, -1, -1, -1, -1, -1]"
150,30,13,1.0,None,1,237,"[{'cluster_no': -1, 'count': 237}]","[-1, -1, -1, -1, -1, -1, -1, -1, -1, -1, -1, -1, -1, -1, -1, -1, -1, -1, -1, -1, -1, -1, -1, -1, -1, -1, -1, -1, -1, -1, -1, -1, -1, -1, -1, -1, -1, -1, -1, -1, -1, -1, -1, -1, -1, -1, -1, -1, -1, -1, -1, -1, -1, -1, -1, -1, -1, -1, -1, -1, -1, -1, -1, -1, -1, -1, -1, -1, -1, -1, -1, -1, -1, -1, -1, -1, -1, -1, -1, -1, -1, -1, -1, -1, -1, -1, -1, -1, -1, -1, -1, -1, -1, -1, -1, -1, -1, -1, -1, -1, -1, -1, -1, -1, -1, -1, -1, -1, -1, -1, -1, -1, -1, -1, -1, -1, -1, -1, -1, -1, -1, -1, -1, -1, -1, -1, -1, -1, -1, -1, -1, -1, -1, -1, -1, -1, -1, -1, -1, -1, -1, -1, -1, -1, -1, -1, -1, -1, -1, -1, -1, -1, -1, -1, -1, -1, -1, -1, -1, -1, -1, -1, -1, -1, -1, -1, -1, -1, -1, -1, -1, -1, -1, -1, -1, -1, -1, -1, -1, -1, -1, -1, -1, -1, -1, -1, -1, -1, -1, -1, -1, -1, -1, -1, -1, -1, -1, -1, -1, -1, -1, -1, -1, -1, -1, -1, -1, -1, -1, -1, -1, -1, -1, -1, -1, -1, -1, -1, -1, -1, -1, -1, -1, -1, -1, -1, -1, -1, -1, -1, -1, -1, -1, -1, -1, -1, -1]"
150,30,14,0.0,None,1,237,"[{'cluster_no': -1, 'count': 237}]","[-1, -1, -1, -1, -1, -1, -1, -1, -1, -1, -1, -1, -1, -1, -1, -1, -1, -1, -1, -1, -1, -1, -1, -1, -1, -1, -1, -1, -1, -1, -1, -1, -1, -1, -1, -1, -1, -1, -1, -1, -1, -1, -1, -1, -1, -1, -1, -1, -1, -1, -1, -1, -1, -1, -1, -1, -1, -1, -1, -1, -1, -1, -1, -1, -1, -1, -1, -1, -1, -1, -1, -1, -1, -1, -1, -1, -1, -1, -1, -1, -1, -1, -1, -1, -1, -1, -1, -1, -1, -1, -1, -1, -1, -1, -1, -1, -1, -1, -1, -1, -1, -1, -1, -1, -1, -1, -1, -1, -1, -1, -1, -1, -1, -1, -1, -1, -1, -1, -1, -1, -1, -1, -1, -1, -1, -1, -1, -1, -1, -1, -1, -1, -1, -1, -1, -1, -1, -1, -1, -1, -1, -1, -1, -1, -1, -1, -1, -1, -1, -1, -1, -1, -1, -1, -1, -1, -1, -1, -1, -1, -1, -1, -1, -1, -1, -1, -1, -1, -1, -1, -1, -1, -1, -1, -1, -1, -1, -1, -1, -1, -1, -1, -1, -1, -1, -1, -1, -1, -1, -1, -1, -1, -1, -1, -1, -1, -1, -1, -1, -1, -1, -1, -1, -1, -1, -1, -1, -1, -1, -1, -1, -1, -1, -1, -1, -1, -1, -1, -1, -1, -1, -1, -1, -1, -1, -1, -1, -1, -1, -1, -1, -1, -1, -1, -1, -1, -1]"
150,30,14,0.5,None,1,237,"[{'cluster_no': -1, 'count': 237}]","[-1, -1, -1, -1, -1, -1, -1, -1, -1, -1, -1, -1, -1, -1, -1, -1, -1, -1, -1, -1, -1, -1, -1, -1, -1, -1, -1, -1, -1, -1, -1, -1, -1, -1, -1, -1, -1, -1, -1, -1, -1, -1, -1, -1, -1, -1, -1, -1, -1, -1, -1, -1, -1, -1, -1, -1, -1, -1, -1, -1, -1, -1, -1, -1, -1, -1, -1, -1, -1, -1, -1, -1, -1, -1, -1, -1, -1, -1, -1, -1, -1, -1, -1, -1, -1, -1, -1, -1, -1, -1, -1, -1, -1, -1, -1, -1, -1, -1, -1, -1, -1, -1, -1, -1, -1, -1, -1, -1, -1, -1, -1, -1, -1, -1, -1, -1, -1, -1, -1, -1, -1, -1, -1, -1, -1, -1, -1, -1, -1, -1, -1, -1, -1, -1, -1, -1, -1, -1, -1, -1, -1, -1, -1, -1, -1, -1, -1, -1, -1, -1, -1, -1, -1, -1, -1, -1, -1, -1, -1, -1, -1, -1, -1, -1, -1, -1, -1, -1, -1, -1, -1, -1, -1, -1, -1, -1, -1, -1, -1, -1, -1, -1, -1, -1, -1, -1, -1, -1, -1, -1, -1, -1, -1, -1, -1, -1, -1, -1, -1, -1, -1, -1, -1, -1, -1, -1, -1, -1, -1, -1, -1, -1, -1, -1, -1, -1, -1, -1, -1, -1, -1, -1, -1, -1, -1, -1, -1, -1, -1, -1, -1, -1, -1, -1, -1, -1, -1]"
150,30,14,1.0,None,1,237,"[{'cluster_no': -1, 'count': 237}]","[-1, -1, -1, -1, -1, -1, -1, -1, -1, -1, -1, -1, -1, -1, -1, -1, -1, -1, -1, -1, -1, -1, -1, -1, -1, -1, -1, -1, -1, -1, -1, -1, -1, -1, -1, -1, -1, -1, -1, -1, -1, -1, -1, -1, -1, -1, -1, -1, -1, -1, -1, -1, -1, -1, -1, -1, -1, -1, -1, -1, -1, -1, -1, -1, -1, -1, -1, -1, -1, -1, -1, -1, -1, -1, -1, -1, -1, -1, -1, -1, -1, -1, -1, -1, -1, -1, -1, -1, -1, -1, -1, -1, -1, -1, -1, -1, -1, -1, -1, -1, -1, -1, -1, -1, -1, -1, -1, -1, -1, -1, -1, -1, -1, -1, -1, -1, -1, -1, -1, -1, -1, -1, -1, -1, -1, -1, -1, -1, -1, -1, -1, -1, -1, -1, -1, -1, -1, -1, -1, -1, -1, -1, -1, -1, -1, -1, -1, -1, -1, -1, -1, -1, -1, -1, -1, -1, -1, -1, -1, -1, -1, -1, -1, -1, -1, -1, -1, -1, -1, -1, -1, -1, -1, -1, -1, -1, -1, -1, -1, -1, -1, -1, -1, -1, -1, -1, -1, -1, -1, -1, -1, -1, -1, -1, -1, -1, -1, -1, -1, -1, -1, -1, -1, -1, -1, -1, -1, -1, -1, -1, -1, -1, -1, -1, -1, -1, -1, -1, -1, -1, -1, -1, -1, -1, -1, -1, -1, -1, -1, -1, -1, -1, -1, -1, -1, -1, -1]"
150,30,15,0.0,None,1,237,"[{'cluster_no': -1, 'count': 237}]","[-1, -1, -1, -1, -1, -1, -1, -1, -1, -1, -1, -1, -1, -1, -1, -1, -1, -1, -1, -1, -1, -1, -1, -1, -1, -1, -1, -1, -1, -1, -1, -1, -1, -1, -1, -1, -1, -1, -1, -1, -1, -1, -1, -1, -1, -1, -1, -1, -1, -1, -1, -1, -1, -1, -1, -1, -1, -1, -1, -1, -1, -1, -1, -1, -1, -1, -1, -1, -1, -1, -1, -1, -1, -1, -1, -1, -1, -1, -1, -1, -1, -1, -1, -1, -1, -1, -1, -1, -1, -1, -1, -1, -1, -1, -1, -1, -1, -1, -1, -1, -1, -1, -1, -1, -1, -1, -1, -1, -1, -1, -1, -1, -1, -1, -1, -1, -1, -1, -1, -1, -1, -1, -1, -1, -1, -1, -1, -1, -1, -1, -1, -1, -1, -1, -1, -1, -1, -1, -1, -1, -1, -1, -1, -1, -1, -1, -1, -1, -1, -1, -1, -1, -1, -1, -1, -1, -1, -1, -1, -1, -1, -1, -1, -1, -1, -1, -1, -1, -1, -1, -1, -1, -1, -1, -1, -1, -1, -1, -1, -1, -1, -1, -1, -1, -1, -1, -1, -1, -1, -1, -1, -1, -1, -1, -1, -1, -1, -1, -1, -1, -1, -1, -1, -1, -1, -1, -1, -1, -1, -1, -1, -1, -1, -1, -1, -1, -1, -1, -1, -1, -1, -1, -1, -1, -1, -1, -1, -1, -1, -1, -1, -1, -1, -1, -1, -1, -1]"
150,30,15,0.5,None,1,237,"[{'cluster_no': -1, 'count': 237}]","[-1, -1, -1, -1, -1, -1, -1, -1, -1, -1, -1, -1, -1, -1, -1, -1, -1, -1, -1, -1, -1, -1, -1, -1, -1, -1, -1, -1, -1, -1, -1, -1, -1, -1, -1, -1, -1, -1, -1, -1, -1, -1, -1, -1, -1, -1, -1, -1, -1, -1, -1, -1, -1, -1, -1, -1, -1, -1, -1, -1, -1, -1, -1, -1, -1, -1, -1, -1, -1, -1, -1, -1, -1, -1, -1, -1, -1, -1, -1, -1, -1, -1, -1, -1, -1, -1, -1, -1, -1, -1, -1, -1, -1, -1, -1, -1, -1, -1, -1, -1, -1, -1, -1, -1, -1, -1, -1, -1, -1, -1, -1, -1, -1, -1, -1, -1, -1, -1, -1, -1, -1, -1, -1, -1, -1, -1, -1, -1, -1, -1, -1, -1, -1, -1, -1, -1, -1, -1, -1, -1, -1, -1, -1, -1, -1, -1, -1, -1, -1, -1, -1, -1, -1, -1, -1, -1, -1, -1, -1, -1, -1, -1, -1, -1, -1, -1, -1, -1, -1, -1, -1, -1, -1, -1, -1, -1, -1, -1, -1, -1, -1, -1, -1, -1, -1, -1, -1, -1, -1, -1, -1, -1, -1, -1, -1, -1, -1, -1, -1, -1, -1, -1, -1, -1, -1, -1, -1, -1, -1, -1, -1, -1, -1, -1, -1, -1, -1, -1, -1, -1, -1, -1, -1, -1, -1, -1, -1, -1, -1, -1, -1, -1, -1, -1, -1, -1, -1]"
150,30,15,1.0,None,1,237,"[{'cluster_no': -1, 'count': 237}]","[-1, -1, -1, -1, -1, -1, -1, -1, -1, -1, -1, -1, -1, -1, -1, -1, -1, -1, -1, -1, -1, -1, -1, -1, -1, -1, -1, -1, -1, -1, -1, -1, -1, -1, -1, -1, -1, -1, -1, -1, -1, -1, -1, -1, -1, -1, -1, -1, -1, -1, -1, -1, -1, -1, -1, -1, -1, -1, -1, -1, -1, -1, -1, -1, -1, -1, -1, -1, -1, -1, -1, -1, -1, -1, -1, -1, -1, -1, -1, -1, -1, -1, -1, -1, -1, -1, -1, -1, -1, -1, -1, -1, -1, -1, -1, -1, -1, -1, -1, -1, -1, -1, -1, -1, -1, -1, -1, -1, -1, -1, -1, -1, -1, -1, -1, -1, -1, -1, -1, -1, -1, -1, -1, -1, -1, -1, -1, -1, -1, -1, -1, -1, -1, -1, -1, -1, -1, -1, -1, -1, -1, -1, -1, -1, -1, -1, -1, -1, -1, -1, -1, -1, -1, -1, -1, -1, -1, -1, -1, -1, -1, -1, -1, -1, -1, -1, -1, -1, -1, -1, -1, -1, -1, -1, -1, -1, -1, -1, -1, -1, -1, -1, -1, -1, -1, -1, -1, -1, -1, -1, -1, -1, -1, -1, -1, -1, -1, -1, -1, -1, -1, -1, -1, -1, -1, -1, -1, -1, -1, -1, -1, -1, -1, -1, -1, -1, -1, -1, -1, -1, -1, -1, -1, -1, -1, -1, -1, -1, -1, -1, -1, -1, -1, -1, -1, -1, -1]"
150,30,16,0.0,None,1,237,"[{'cluster_no': -1, 'count': 237}]","[-1, -1, -1, -1, -1, -1, -1, -1, -1, -1, -1, -1, -1, -1, -1, -1, -1, -1, -1, -1, -1, -1, -1, -1, -1, -1, -1, -1, -1, -1, -1, -1, -1, -1, -1, -1, -1, -1, -1, -1, -1, -1, -1, -1, -1, -1, -1, -1, -1, -1, -1, -1, -1, -1, -1, -1, -1, -1, -1, -1, -1, -1, -1, -1, -1, -1, -1, -1, -1, -1, -1, -1, -1, -1, -1, -1, -1, -1, -1, -1, -1, -1, -1, -1, -1, -1, -1, -1, -1, -1, -1, -1, -1, -1, -1, -1, -1, -1, -1, -1, -1, -1, -1, -1, -1, -1, -1, -1, -1, -1, -1, -1, -1, -1, -1, -1, -1, -1, -1, -1, -1, -1, -1, -1, -1, -1, -1, -1, -1, -1, -1, -1, -1, -1, -1, -1, -1, -1, -1, -1, -1, -1, -1, -1, -1, -1, -1, -1, -1, -1, -1, -1, -1, -1, -1, -1, -1, -1, -1, -1, -1, -1, -1, -1, -1, -1, -1, -1, -1, -1, -1, -1, -1, -1, -1, -1, -1, -1, -1, -1, -1, -1, -1, -1, -1, -1, -1, -1, -1, -1, -1, -1, -1, -1, -1, -1, -1, -1, -1, -1, -1, -1, -1, -1, -1, -1, -1, -1, -1, -1, -1, -1, -1, -1, -1, -1, -1, -1, -1, -1, -1, -1, -1, -1, -1, -1, -1, -1, -1, -1, -1, -1, -1, -1, -1, -1, -1]"
150,30,16,0.5,None,1,237,"[{'cluster_no': -1, 'count': 237}]","[-1, -1, -1, -1, -1, -1, -1, -1, -1, -1, -1, -1, -1, -1, -1, -1, -1, -1, -1, -1, -1, -1, -1, -1, -1, -1, -1, -1, -1, -1, -1, -1, -1, -1, -1, -1, -1, -1, -1, -1, -1, -1, -1, -1, -1, -1, -1, -1, -1, -1, -1, -1, -1, -1, -1, -1, -1, -1, -1, -1, -1, -1, -1, -1, -1, -1, -1, -1, -1, -1, -1, -1, -1, -1, -1, -1, -1, -1, -1, -1, -1, -1, -1, -1, -1, -1, -1, -1, -1, -1, -1, -1, -1, -1, -1, -1, -1, -1, -1, -1, -1, -1, -1, -1, -1, -1, -1, -1, -1, -1, -1, -1, -1, -1, -1, -1, -1, -1, -1, -1, -1, -1, -1, -1, -1, -1, -1, -1, -1, -1, -1, -1, -1, -1, -1, -1, -1, -1, -1, -1, -1, -1, -1, -1, -1, -1, -1, -1, -1, -1, -1, -1, -1, -1, -1, -1, -1, -1, -1, -1, -1, -1, -1, -1, -1, -1, -1, -1, -1, -1, -1, -1, -1, -1, -1, -1, -1, -1, -1, -1, -1, -1, -1, -1, -1, -1, -1, -1, -1, -1, -1, -1, -1, -1, -1, -1, -1, -1, -1, -1, -1, -1, -1, -1, -1, -1, -1, -1, -1, -1, -1, -1, -1, -1, -1, -1, -1, -1, -1, -1, -1, -1, -1, -1, -1, -1, -1, -1, -1, -1, -1, -1, -1, -1, -1, -1, -1]"
150,30,16,1.0,None,1,237,"[{'cluster_no': -1, 'count': 237}]","[-1, -1, -1, -1, -1, -1, -1, -1, -1, -1, -1, -1, -1, -1, -1, -1, -1, -1, -1, -1, -1, -1, -1, -1, -1, -1, -1, -1, -1, -1, -1, -1, -1, -1, -1, -1, -1, -1, -1, -1, -1, -1, -1, -1, -1, -1, -1, -1, -1, -1, -1, -1, -1, -1, -1, -1, -1, -1, -1, -1, -1, -1, -1, -1, -1, -1, -1, -1, -1, -1, -1, -1, -1, -1, -1, -1, -1, -1, -1, -1, -1, -1, -1, -1, -1, -1, -1, -1, -1, -1, -1, -1, -1, -1, -1, -1, -1, -1, -1, -1, -1, -1, -1, -1, -1, -1, -1, -1, -1, -1, -1, -1, -1, -1, -1, -1, -1, -1, -1, -1, -1, -1, -1, -1, -1, -1, -1, -1, -1, -1, -1, -1, -1, -1, -1, -1, -1, -1, -1, -1, -1, -1, -1, -1, -1, -1, -1, -1, -1, -1, -1, -1, -1, -1, -1, -1, -1, -1, -1, -1, -1, -1, -1, -1, -1, -1, -1, -1, -1, -1, -1, -1, -1, -1, -1, -1, -1, -1, -1, -1, -1, -1, -1, -1, -1, -1, -1, -1, -1, -1, -1, -1, -1, -1, -1, -1, -1, -1, -1, -1, -1, -1, -1, -1, -1, -1, -1, -1, -1, -1, -1, -1, -1, -1, -1, -1, -1, -1, -1, -1, -1, -1, -1, -1, -1, -1, -1, -1, -1, -1, -1, -1, -1, -1, -1, -1, -1]"
150,30,17,0.0,None,1,237,"[{'cluster_no': -1, 'count': 237}]","[-1, -1, -1, -1, -1, -1, -1, -1, -1, -1, -1, -1, -1, -1, -1, -1, -1, -1, -1, -1, -1, -1, -1, -1, -1, -1, -1, -1, -1, -1, -1, -1, -1, -1, -1, -1, -1, -1, -1, -1, -1, -1, -1, -1, -1, -1, -1, -1, -1, -1, -1, -1, -1, -1, -1, -1, -1, -1, -1, -1, -1, -1, -1, -1, -1, -1, -1, -1, -1, -1, -1, -1, -1, -1, -1, -1, -1, -1, -1, -1, -1, -1, -1, -1, -1, -1, -1, -1, -1, -1, -1, -1, -1, -1, -1, -1, -1, -1, -1, -1, -1, -1, -1, -1, -1, -1, -1, -1, -1, -1, -1, -1, -1, -1, -1, -1, -1, -1, -1, -1, -1, -1, -1, -1, -1, -1, -1, -1, -1, -1, -1, -1, -1, -1, -1, -1, -1, -1, -1, -1, -1, -1, -1, -1, -1, -1, -1, -1, -1, -1, -1, -1, -1, -1, -1, -1, -1, -1, -1, -1, -1, -1, -1, -1, -1, -1, -1, -1, -1, -1, -1, -1, -1, -1, -1, -1, -1, -1, -1, -1, -1, -1, -1, -1, -1, -1, -1, -1, -1, -1, -1, -1, -1, -1, -1, -1, -1, -1, -1, -1, -1, -1, -1, -1, -1, -1, -1, -1, -1, -1, -1, -1, -1, -1, -1, -1, -1, -1, -1, -1, -1, -1, -1, -1, -1, -1, -1, -1, -1, -1, -1, -1, -1, -1, -1, -1, -1]"
150,30,17,0.5,None,1,237,"[{'cluster_no': -1, 'count': 237}]","[-1, -1, -1, -1, -1, -1, -1, -1, -1, -1, -1, -1, -1, -1, -1, -1, -1, -1, -1, -1, -1, -1, -1, -1, -1, -1, -1, -1, -1, -1, -1, -1, -1, -1, -1, -1, -1, -1, -1, -1, -1, -1, -1, -1, -1, -1, -1, -1, -1, -1, -1, -1, -1, -1, -1, -1, -1, -1, -1, -1, -1, -1, -1, -1, -1, -1, -1, -1, -1, -1, -1, -1, -1, -1, -1, -1, -1, -1, -1, -1, -1, -1, -1, -1, -1, -1, -1, -1, -1, -1, -1, -1, -1, -1, -1, -1, -1, -1, -1, -1, -1, -1, -1, -1, -1, -1, -1, -1, -1, -1, -1, -1, -1, -1, -1, -1, -1, -1, -1, -1, -1, -1, -1, -1, -1, -1, -1, -1, -1, -1, -1, -1, -1, -1, -1, -1, -1, -1, -1, -1, -1, -1, -1, -1, -1, -1, -1, -1, -1, -1, -1, -1, -1, -1, -1, -1, -1, -1, -1, -1, -1, -1, -1, -1, -1, -1, -1, -1, -1, -1, -1, -1, -1, -1, -1, -1, -1, -1, -1, -1, -1, -1, -1, -1, -1, -1, -1, -1, -1, -1, -1, -1, -1, -1, -1, -1, -1, -1, -1, -1, -1, -1, -1, -1, -1, -1, -1, -1, -1, -1, -1, -1, -1, -1, -1, -1, -1, -1, -1, -1, -1, -1, -1, -1, -1, -1, -1, -1, -1, -1, -1, -1, -1, -1, -1, -1, -1]"
150,30,17,1.0,None,1,237,"[{'cluster_no': -1, 'count': 237}]","[-1, -1, -1, -1, -1, -1, -1, -1, -1, -1, -1, -1, -1, -1, -1, -1, -1, -1, -1, -1, -1, -1, -1, -1, -1, -1, -1, -1, -1, -1, -1, -1, -1, -1, -1, -1, -1, -1, -1, -1, -1, -1, -1, -1, -1, -1, -1, -1, -1, -1, -1, -1, -1, -1, -1, -1, -1, -1, -1, -1, -1, -1, -1, -1, -1, -1, -1, -1, -1, -1, -1, -1, -1, -1, -1, -1, -1, -1, -1, -1, -1, -1, -1, -1, -1, -1, -1, -1, -1, -1, -1, -1, -1, -1, -1, -1, -1, -1, -1, -1, -1, -1, -1, -1, -1, -1, -1, -1, -1, -1, -1, -1, -1, -1, -1, -1, -1, -1, -1, -1, -1, -1, -1, -1, -1, -1, -1, -1, -1, -1, -1, -1, -1, -1, -1, -1, -1, -1, -1, -1, -1, -1, -1, -1, -1, -1, -1, -1, -1, -1, -1, -1, -1, -1, -1, -1, -1, -1, -1, -1, -1, -1, -1, -1, -1, -1, -1, -1, -1, -1, -1, -1, -1, -1, -1, -1, -1, -1, -1, -1, -1, -1, -1, -1, -1, -1, -1, -1, -1, -1, -1, -1, -1, -1, -1, -1, -1, -1, -1, -1, -1, -1, -1, -1, -1, -1, -1, -1, -1, -1, -1, -1, -1, -1, -1, -1, -1, -1, -1, -1, -1, -1, -1, -1, -1, -1, -1, -1, -1, -1, -1, -1, -1, -1, -1, -1, -1]"
150,30,18,0.0,None,1,237,"[{'cluster_no': -1, 'count': 237}]","[-1, -1, -1, -1, -1, -1, -1, -1, -1, -1, -1, -1, -1, -1, -1, -1, -1, -1, -1, -1, -1, -1, -1, -1, -1, -1, -1, -1, -1, -1, -1, -1, -1, -1, -1, -1, -1, -1, -1, -1, -1, -1, -1, -1, -1, -1, -1, -1, -1, -1, -1, -1, -1, -1, -1, -1, -1, -1, -1, -1, -1, -1, -1, -1, -1, -1, -1, -1, -1, -1, -1, -1, -1, -1, -1, -1, -1, -1, -1, -1, -1, -1, -1, -1, -1, -1, -1, -1, -1, -1, -1, -1, -1, -1, -1, -1, -1, -1, -1, -1, -1, -1, -1, -1, -1, -1, -1, -1, -1, -1, -1, -1, -1, -1, -1, -1, -1, -1, -1, -1, -1, -1, -1, -1, -1, -1, -1, -1, -1, -1, -1, -1, -1, -1, -1, -1, -1, -1, -1, -1, -1, -1, -1, -1, -1, -1, -1, -1, -1, -1, -1, -1, -1, -1, -1, -1, -1, -1, -1, -1, -1, -1, -1, -1, -1, -1, -1, -1, -1, -1, -1, -1, -1, -1, -1, -1, -1, -1, -1, -1, -1, -1, -1, -1, -1, -1, -1, -1, -1, -1, -1, -1, -1, -1, -1, -1, -1, -1, -1, -1, -1, -1, -1, -1, -1, -1, -1, -1, -1, -1, -1, -1, -1, -1, -1, -1, -1, -1, -1, -1, -1, -1, -1, -1, -1, -1, -1, -1, -1, -1, -1, -1, -1, -1, -1, -1, -1]"
150,30,18,0.5,None,1,237,"[{'cluster_no': -1, 'count': 237}]","[-1, -1, -1, -1, -1, -1, -1, -1, -1, -1, -1, -1, -1, -1, -1, -1, -1, -1, -1, -1, -1, -1, -1, -1, -1, -1, -1, -1, -1, -1, -1, -1, -1, -1, -1, -1, -1, -1, -1, -1, -1, -1, -1, -1, -1, -1, -1, -1, -1, -1, -1, -1, -1, -1, -1, -1, -1, -1, -1, -1, -1, -1, -1, -1, -1, -1, -1, -1, -1, -1, -1, -1, -1, -1, -1, -1, -1, -1, -1, -1, -1, -1, -1, -1, -1, -1, -1, -1, -1, -1, -1, -1, -1, -1, -1, -1, -1, -1, -1, -1, -1, -1, -1, -1, -1, -1, -1, -1, -1, -1, -1, -1, -1, -1, -1, -1, -1, -1, -1, -1, -1, -1, -1, -1, -1, -1, -1, -1, -1, -1, -1, -1, -1, -1, -1, -1, -1, -1, -1, -1, -1, -1, -1, -1, -1, -1, -1, -1, -1, -1, -1, -1, -1, -1, -1, -1, -1, -1, -1, -1, -1, -1, -1, -1, -1, -1, -1, -1, -1, -1, -1, -1, -1, -1, -1, -1, -1, -1, -1, -1, -1, -1, -1, -1, -1, -1, -1, -1, -1, -1, -1, -1, -1, -1, -1, -1, -1, -1, -1, -1, -1, -1, -1, -1, -1, -1, -1, -1, -1, -1, -1, -1, -1, -1, -1, -1, -1, -1, -1, -1, -1, -1, -1, -1, -1, -1, -1, -1, -1, -1, -1, -1, -1, -1, -1, -1, -1]"
150,30,18,1.0,None,1,237,"[{'cluster_no': -1, 'count': 237}]","[-1, -1, -1, -1, -1, -1, -1, -1, -1, -1, -1, -1, -1, -1, -1, -1, -1, -1, -1, -1, -1, -1, -1, -1, -1, -1, -1, -1, -1, -1, -1, -1, -1, -1, -1, -1, -1, -1, -1, -1, -1, -1, -1, -1, -1, -1, -1, -1, -1, -1, -1, -1, -1, -1, -1, -1, -1, -1, -1, -1, -1, -1, -1, -1, -1, -1, -1, -1, -1, -1, -1, -1, -1, -1, -1, -1, -1, -1, -1, -1, -1, -1, -1, -1, -1, -1, -1, -1, -1, -1, -1, -1, -1, -1, -1, -1, -1, -1, -1, -1, -1, -1, -1, -1, -1, -1, -1, -1, -1, -1, -1, -1, -1, -1, -1, -1, -1, -1, -1, -1, -1, -1, -1, -1, -1, -1, -1, -1, -1, -1, -1, -1, -1, -1, -1, -1, -1, -1, -1, -1, -1, -1, -1, -1, -1, -1, -1, -1, -1, -1, -1, -1, -1, -1, -1, -1, -1, -1, -1, -1, -1, -1, -1, -1, -1, -1, -1, -1, -1, -1, -1, -1, -1, -1, -1, -1, -1, -1, -1, -1, -1, -1, -1, -1, -1, -1, -1, -1, -1, -1, -1, -1, -1, -1, -1, -1, -1, -1, -1, -1, -1, -1, -1, -1, -1, -1, -1, -1, -1, -1, -1, -1, -1, -1, -1, -1, -1, -1, -1, -1, -1, -1, -1, -1, -1, -1, -1, -1, -1, -1, -1, -1, -1, -1, -1, -1, -1]"
150,30,19,0.0,None,1,237,"[{'cluster_no': -1, 'count': 237}]","[-1, -1, -1, -1, -1, -1, -1, -1, -1, -1, -1, -1, -1, -1, -1, -1, -1, -1, -1, -1, -1, -1, -1, -1, -1, -1, -1, -1, -1, -1, -1, -1, -1, -1, -1, -1, -1, -1, -1, -1, -1, -1, -1, -1, -1, -1, -1, -1, -1, -1, -1, -1, -1, -1, -1, -1, -1, -1, -1, -1, -1, -1, -1, -1, -1, -1, -1, -1, -1, -1, -1, -1, -1, -1, -1, -1, -1, -1, -1, -1, -1, -1, -1, -1, -1, -1, -1, -1, -1, -1, -1, -1, -1, -1, -1, -1, -1, -1, -1, -1, -1, -1, -1, -1, -1, -1, -1, -1, -1, -1, -1, -1, -1, -1, -1, -1, -1, -1, -1, -1, -1, -1, -1, -1, -1, -1, -1, -1, -1, -1, -1, -1, -1, -1, -1, -1, -1, -1, -1, -1, -1, -1, -1, -1, -1, -1, -1, -1, -1, -1, -1, -1, -1, -1, -1, -1, -1, -1, -1, -1, -1, -1, -1, -1, -1, -1, -1, -1, -1, -1, -1, -1, -1, -1, -1, -1, -1, -1, -1, -1, -1, -1, -1, -1, -1, -1, -1, -1, -1, -1, -1, -1, -1, -1, -1, -1, -1, -1, -1, -1, -1, -1, -1, -1, -1, -1, -1, -1, -1, -1, -1, -1, -1, -1, -1, -1, -1, -1, -1, -1, -1, -1, -1, -1, -1, -1, -1, -1, -1, -1, -1, -1, -1, -1, -1, -1, -1]"
150,30,19,0.5,None,1,237,"[{'cluster_no': -1, 'count': 237}]","[-1, -1, -1, -1, -1, -1, -1, -1, -1, -1, -1, -1, -1, -1, -1, -1, -1, -1, -1, -1, -1, -1, -1, -1, -1, -1, -1, -1, -1, -1, -1, -1, -1, -1, -1, -1, -1, -1, -1, -1, -1, -1, -1, -1, -1, -1, -1, -1, -1, -1, -1, -1, -1, -1, -1, -1, -1, -1, -1, -1, -1, -1, -1, -1, -1, -1, -1, -1, -1, -1, -1, -1, -1, -1, -1, -1, -1, -1, -1, -1, -1, -1, -1, -1, -1, -1, -1, -1, -1, -1, -1, -1, -1, -1, -1, -1, -1, -1, -1, -1, -1, -1, -1, -1, -1, -1, -1, -1, -1, -1, -1, -1, -1, -1, -1, -1, -1, -1, -1, -1, -1, -1, -1, -1, -1, -1, -1, -1, -1, -1, -1, -1, -1, -1, -1, -1, -1, -1, -1, -1, -1, -1, -1, -1, -1, -1, -1, -1, -1, -1, -1, -1, -1, -1, -1, -1, -1, -1, -1, -1, -1, -1, -1, -1, -1, -1, -1, -1, -1, -1, -1, -1, -1, -1, -1, -1, -1, -1, -1, -1, -1, -1, -1, -1, -1, -1, -1, -1, -1, -1, -1, -1, -1, -1, -1, -1, -1, -1, -1, -1, -1, -1, -1, -1, -1, -1, -1, -1, -1, -1, -1, -1, -1, -1, -1, -1, -1, -1, -1, -1, -1, -1, -1, -1, -1, -1, -1, -1, -1, -1, -1, -1, -1, -1, -1, -1, -1]"
150,30,19,1.0,None,1,237,"[{'cluster_no': -1, 'count': 237}]","[-1, -1, -1, -1, -1, -1, -1, -1, -1, -1, -1, -1, -1, -1, -1, -1, -1, -1, -1, -1, -1, -1, -1, -1, -1, -1, -1, -1, -1, -1, -1, -1, -1, -1, -1, -1, -1, -1, -1, -1, -1, -1, -1, -1, -1, -1, -1, -1, -1, -1, -1, -1, -1, -1, -1, -1, -1, -1, -1, -1, -1, -1, -1, -1, -1, -1, -1, -1, -1, -1, -1, -1, -1, -1, -1, -1, -1, -1, -1, -1, -1, -1, -1, -1, -1, -1, -1, -1, -1, -1, -1, -1, -1, -1, -1, -1, -1, -1, -1, -1, -1, -1, -1, -1, -1, -1, -1, -1, -1, -1, -1, -1, -1, -1, -1, -1, -1, -1, -1, -1, -1, -1, -1, -1, -1, -1, -1, -1, -1, -1, -1, -1, -1, -1, -1, -1, -1, -1, -1, -1, -1, -1, -1, -1, -1, -1, -1, -1, -1, -1, -1, -1, -1, -1, -1, -1, -1, -1, -1, -1, -1, -1, -1, -1, -1, -1, -1, -1, -1, -1, -1, -1, -1, -1, -1, -1, -1, -1, -1, -1, -1, -1, -1, -1, -1, -1, -1, -1, -1, -1, -1, -1, -1, -1, -1, -1, -1, -1, -1, -1, -1, -1, -1, -1, -1, -1, -1, -1, -1, -1, -1, -1, -1, -1, -1, -1, -1, -1, -1, -1, -1, -1, -1, -1, -1, -1, -1, -1, -1, -1, -1, -1, -1, -1, -1, -1, -1]"
150,30,20,0.0,None,1,237,"[{'cluster_no': -1, 'count': 237}]","[-1, -1, -1, -1, -1, -1, -1, -1, -1, -1, -1, -1, -1, -1, -1, -1, -1, -1, -1, -1, -1, -1, -1, -1, -1, -1, -1, -1, -1, -1, -1, -1, -1, -1, -1, -1, -1, -1, -1, -1, -1, -1, -1, -1, -1, -1, -1, -1, -1, -1, -1, -1, -1, -1, -1, -1, -1, -1, -1, -1, -1, -1, -1, -1, -1, -1, -1, -1, -1, -1, -1, -1, -1, -1, -1, -1, -1, -1, -1, -1, -1, -1, -1, -1, -1, -1, -1, -1, -1, -1, -1, -1, -1, -1, -1, -1, -1, -1, -1, -1, -1, -1, -1, -1, -1, -1, -1, -1, -1, -1, -1, -1, -1, -1, -1, -1, -1, -1, -1, -1, -1, -1, -1, -1, -1, -1, -1, -1, -1, -1, -1, -1, -1, -1, -1, -1, -1, -1, -1, -1, -1, -1, -1, -1, -1, -1, -1, -1, -1, -1, -1, -1, -1, -1, -1, -1, -1, -1, -1, -1, -1, -1, -1, -1, -1, -1, -1, -1, -1, -1, -1, -1, -1, -1, -1, -1, -1, -1, -1, -1, -1, -1, -1, -1, -1, -1, -1, -1, -1, -1, -1, -1, -1, -1, -1, -1, -1, -1, -1, -1, -1, -1, -1, -1, -1, -1, -1, -1, -1, -1, -1, -1, -1, -1, -1, -1, -1, -1, -1, -1, -1, -1, -1, -1, -1, -1, -1, -1, -1, -1, -1, -1, -1, -1, -1, -1, -1]"
150,30,20,0.5,None,1,237,"[{'cluster_no': -1, 'count': 237}]","[-1, -1, -1, -1, -1, -1, -1, -1, -1, -1, -1, -1, -1, -1, -1, -1, -1, -1, -1, -1, -1, -1, -1, -1, -1, -1, -1, -1, -1, -1, -1, -1, -1, -1, -1, -1, -1, -1, -1, -1, -1, -1, -1, -1, -1, -1, -1, -1, -1, -1, -1, -1, -1, -1, -1, -1, -1, -1, -1, -1, -1, -1, -1, -1, -1, -1, -1, -1, -1, -1, -1, -1, -1, -1, -1, -1, -1, -1, -1, -1, -1, -1, -1, -1, -1, -1, -1, -1, -1, -1, -1, -1, -1, -1, -1, -1, -1, -1, -1, -1, -1, -1, -1, -1, -1, -1, -1, -1, -1, -1, -1, -1, -1, -1, -1, -1, -1, -1, -1, -1, -1, -1, -1, -1, -1, -1, -1, -1, -1, -1, -1, -1, -1, -1, -1, -1, -1, -1, -1, -1, -1, -1, -1, -1, -1, -1, -1, -1, -1, -1, -1, -1, -1, -1, -1, -1, -1, -1, -1, -1, -1, -1, -1, -1, -1, -1, -1, -1, -1, -1, -1, -1, -1, -1, -1, -1, -1, -1, -1, -1, -1, -1, -1, -1, -1, -1, -1, -1, -1, -1, -1, -1, -1, -1, -1, -1, -1, -1, -1, -1, -1, -1, -1, -1, -1, -1, -1, -1, -1, -1, -1, -1, -1, -1, -1, -1, -1, -1, -1, -1, -1, -1, -1, -1, -1, -1, -1, -1, -1, -1, -1, -1, -1, -1, -1, -1, -1]"
150,30,20,1.0,None,1,237,"[{'cluster_no': -1, 'count': 237}]","[-1, -1, -1, -1, -1, -1, -1, -1, -1, -1, -1, -1, -1, -1, -1, -1, -1, -1, -1, -1, -1, -1, -1, -1, -1, -1, -1, -1, -1, -1, -1, -1, -1, -1, -1, -1, -1, -1, -1, -1, -1, -1, -1, -1, -1, -1, -1, -1, -1, -1, -1, -1, -1, -1, -1, -1, -1, -1, -1, -1, -1, -1, -1, -1, -1, -1, -1, -1, -1, -1, -1, -1, -1, -1, -1, -1, -1, -1, -1, -1, -1, -1, -1, -1, -1, -1, -1, -1, -1, -1, -1, -1, -1, -1, -1, -1, -1, -1, -1, -1, -1, -1, -1, -1, -1, -1, -1, -1, -1, -1, -1, -1, -1, -1, -1, -1, -1, -1, -1, -1, -1, -1, -1, -1, -1, -1, -1, -1, -1, -1, -1, -1, -1, -1, -1, -1, -1, -1, -1, -1, -1, -1, -1, -1, -1, -1, -1, -1, -1, -1, -1, -1, -1, -1, -1, -1, -1, -1, -1, -1, -1, -1, -1, -1, -1, -1, -1, -1, -1, -1, -1, -1, -1, -1, -1, -1, -1, -1, -1, -1, -1, -1, -1, -1, -1, -1, -1, -1, -1, -1, -1, -1, -1, -1, -1, -1, -1, -1, -1, -1, -1, -1, -1, -1, -1, -1, -1, -1, -1, -1, -1, -1, -1, -1, -1, -1, -1, -1, -1, -1, -1, -1, -1, -1, -1, -1, -1, -1, -1, -1, -1, -1, -1, -1, -1, -1, -1]"
150,30,21,0.0,None,1,237,"[{'cluster_no': -1, 'count': 237}]","[-1, -1, -1, -1, -1, -1, -1, -1, -1, -1, -1, -1, -1, -1, -1, -1, -1, -1, -1, -1, -1, -1, -1, -1, -1, -1, -1, -1, -1, -1, -1, -1, -1, -1, -1, -1, -1, -1, -1, -1, -1, -1, -1, -1, -1, -1, -1, -1, -1, -1, -1, -1, -1, -1, -1, -1, -1, -1, -1, -1, -1, -1, -1, -1, -1, -1, -1, -1, -1, -1, -1, -1, -1, -1, -1, -1, -1, -1, -1, -1, -1, -1, -1, -1, -1, -1, -1, -1, -1, -1, -1, -1, -1, -1, -1, -1, -1, -1, -1, -1, -1, -1, -1, -1, -1, -1, -1, -1, -1, -1, -1, -1, -1, -1, -1, -1, -1, -1, -1, -1, -1, -1, -1, -1, -1, -1, -1, -1, -1, -1, -1, -1, -1, -1, -1, -1, -1, -1, -1, -1, -1, -1, -1, -1, -1, -1, -1, -1, -1, -1, -1, -1, -1, -1, -1, -1, -1, -1, -1, -1, -1, -1, -1, -1, -1, -1, -1, -1, -1, -1, -1, -1, -1, -1, -1, -1, -1, -1, -1, -1, -1, -1, -1, -1, -1, -1, -1, -1, -1, -1, -1, -1, -1, -1, -1, -1, -1, -1, -1, -1, -1, -1, -1, -1, -1, -1, -1, -1, -1, -1, -1, -1, -1, -1, -1, -1, -1, -1, -1, -1, -1, -1, -1, -1, -1, -1, -1, -1, -1, -1, -1, -1, -1, -1, -1, -1, -1]"
150,30,21,0.5,None,1,237,"[{'cluster_no': -1, 'count': 237}]","[-1, -1, -1, -1, -1, -1, -1, -1, -1, -1, -1, -1, -1, -1, -1, -1, -1, -1, -1, -1, -1, -1, -1, -1, -1, -1, -1, -1, -1, -1, -1, -1, -1, -1, -1, -1, -1, -1, -1, -1, -1, -1, -1, -1, -1, -1, -1, -1, -1, -1, -1, -1, -1, -1, -1, -1, -1, -1, -1, -1, -1, -1, -1, -1, -1, -1, -1, -1, -1, -1, -1, -1, -1, -1, -1, -1, -1, -1, -1, -1, -1, -1, -1, -1, -1, -1, -1, -1, -1, -1, -1, -1, -1, -1, -1, -1, -1, -1, -1, -1, -1, -1, -1, -1, -1, -1, -1, -1, -1, -1, -1, -1, -1, -1, -1, -1, -1, -1, -1, -1, -1, -1, -1, -1, -1, -1, -1, -1, -1, -1, -1, -1, -1, -1, -1, -1, -1, -1, -1, -1, -1, -1, -1, -1, -1, -1, -1, -1, -1, -1, -1, -1, -1, -1, -1, -1, -1, -1, -1, -1, -1, -1, -1, -1, -1, -1, -1, -1, -1, -1, -1, -1, -1, -1, -1, -1, -1, -1, -1, -1, -1, -1, -1, -1, -1, -1, -1, -1, -1, -1, -1, -1, -1, -1, -1, -1, -1, -1, -1, -1, -1, -1, -1, -1, -1, -1, -1, -1, -1, -1, -1, -1, -1, -1, -1, -1, -1, -1, -1, -1, -1, -1, -1, -1, -1, -1, -1, -1, -1, -1, -1, -1, -1, -1, -1, -1, -1]"
150,30,21,1.0,None,1,237,"[{'cluster_no': -1, 'count': 237}]","[-1, -1, -1, -1, -1, -1, -1, -1, -1, -1, -1, -1, -1, -1, -1, -1, -1, -1, -1, -1, -1, -1, -1, -1, -1, -1, -1, -1, -1, -1, -1, -1, -1, -1, -1, -1, -1, -1, -1, -1, -1, -1, -1, -1, -1, -1, -1, -1, -1, -1, -1, -1, -1, -1, -1, -1, -1, -1, -1, -1, -1, -1, -1, -1, -1, -1, -1, -1, -1, -1, -1, -1, -1, -1, -1, -1, -1, -1, -1, -1, -1, -1, -1, -1, -1, -1, -1, -1, -1, -1, -1, -1, -1, -1, -1, -1, -1, -1, -1, -1, -1, -1, -1, -1, -1, -1, -1, -1, -1, -1, -1, -1, -1, -1, -1, -1, -1, -1, -1, -1, -1, -1, -1, -1, -1, -1, -1, -1, -1, -1, -1, -1, -1, -1, -1, -1, -1, -1, -1, -1, -1, -1, -1, -1, -1, -1, -1, -1, -1, -1, -1, -1, -1, -1, -1, -1, -1, -1, -1, -1, -1, -1, -1, -1, -1, -1, -1, -1, -1, -1, -1, -1, -1, -1, -1, -1, -1, -1, -1, -1, -1, -1, -1, -1, -1, -1, -1, -1, -1, -1, -1, -1, -1, -1, -1, -1, -1, -1, -1, -1, -1, -1, -1, -1, -1, -1, -1, -1, -1, -1, -1, -1, -1, -1, -1, -1, -1, -1, -1, -1, -1, -1, -1, -1, -1, -1, -1, -1, -1, -1, -1, -1, -1, -1, -1, -1, -1]"
150,30,22,0.0,None,1,237,"[{'cluster_no': -1, 'count': 237}]","[-1, -1, -1, -1, -1, -1, -1, -1, -1, -1, -1, -1, -1, -1, -1, -1, -1, -1, -1, -1, -1, -1, -1, -1, -1, -1, -1, -1, -1, -1, -1, -1, -1, -1, -1, -1, -1, -1, -1, -1, -1, -1, -1, -1, -1, -1, -1, -1, -1, -1, -1, -1, -1, -1, -1, -1, -1, -1, -1, -1, -1, -1, -1, -1, -1, -1, -1, -1, -1, -1, -1, -1, -1, -1, -1, -1, -1, -1, -1, -1, -1, -1, -1, -1, -1, -1, -1, -1, -1, -1, -1, -1, -1, -1, -1, -1, -1, -1, -1, -1, -1, -1, -1, -1, -1, -1, -1, -1, -1, -1, -1, -1, -1, -1, -1, -1, -1, -1, -1, -1, -1, -1, -1, -1, -1, -1, -1, -1, -1, -1, -1, -1, -1, -1, -1, -1, -1, -1, -1, -1, -1, -1, -1, -1, -1, -1, -1, -1, -1, -1, -1, -1, -1, -1, -1, -1, -1, -1, -1, -1, -1, -1, -1, -1, -1, -1, -1, -1, -1, -1, -1, -1, -1, -1, -1, -1, -1, -1, -1, -1, -1, -1, -1, -1, -1, -1, -1, -1, -1, -1, -1, -1, -1, -1, -1, -1, -1, -1, -1, -1, -1, -1, -1, -1, -1, -1, -1, -1, -1, -1, -1, -1, -1, -1, -1, -1, -1, -1, -1, -1, -1, -1, -1, -1, -1, -1, -1, -1, -1, -1, -1, -1, -1, -1, -1, -1, -1]"
150,30,22,0.5,None,1,237,"[{'cluster_no': -1, 'count': 237}]","[-1, -1, -1, -1, -1, -1, -1, -1, -1, -1, -1, -1, -1, -1, -1, -1, -1, -1, -1, -1, -1, -1, -1, -1, -1, -1, -1, -1, -1, -1, -1, -1, -1, -1, -1, -1, -1, -1, -1, -1, -1, -1, -1, -1, -1, -1, -1, -1, -1, -1, -1, -1, -1, -1, -1, -1, -1, -1, -1, -1, -1, -1, -1, -1, -1, -1, -1, -1, -1, -1, -1, -1, -1, -1, -1, -1, -1, -1, -1, -1, -1, -1, -1, -1, -1, -1, -1, -1, -1, -1, -1, -1, -1, -1, -1, -1, -1, -1, -1, -1, -1, -1, -1, -1, -1, -1, -1, -1, -1, -1, -1, -1, -1, -1, -1, -1, -1, -1, -1, -1, -1, -1, -1, -1, -1, -1, -1, -1, -1, -1, -1, -1, -1, -1, -1, -1, -1, -1, -1, -1, -1, -1, -1, -1, -1, -1, -1, -1, -1, -1, -1, -1, -1, -1, -1, -1, -1, -1, -1, -1, -1, -1, -1, -1, -1, -1, -1, -1, -1, -1, -1, -1, -1, -1, -1, -1, -1, -1, -1, -1, -1, -1, -1, -1, -1, -1, -1, -1, -1, -1, -1, -1, -1, -1, -1, -1, -1, -1, -1, -1, -1, -1, -1, -1, -1, -1, -1, -1, -1, -1, -1, -1, -1, -1, -1, -1, -1, -1, -1, -1, -1, -1, -1, -1, -1, -1, -1, -1, -1, -1, -1, -1, -1, -1, -1, -1, -1]"
150,30,22,1.0,None,1,237,"[{'cluster_no': -1, 'count': 237}]","[-1, -1, -1, -1, -1, -1, -1, -1, -1, -1, -1, -1, -1, -1, -1, -1, -1, -1, -1, -1, -1, -1, -1, -1, -1, -1, -1, -1, -1, -1, -1, -1, -1, -1, -1, -1, -1, -1, -1, -1, -1, -1, -1, -1, -1, -1, -1, -1, -1, -1, -1, -1, -1, -1, -1, -1, -1, -1, -1, -1, -1, -1, -1, -1, -1, -1, -1, -1, -1, -1, -1, -1, -1, -1, -1, -1, -1, -1, -1, -1, -1, -1, -1, -1, -1, -1, -1, -1, -1, -1, -1, -1, -1, -1, -1, -1, -1, -1, -1, -1, -1, -1, -1, -1, -1, -1, -1, -1, -1, -1, -1, -1, -1, -1, -1, -1, -1, -1, -1, -1, -1, -1, -1, -1, -1, -1, -1, -1, -1, -1, -1, -1, -1, -1, -1, -1, -1, -1, -1, -1, -1, -1, -1, -1, -1, -1, -1, -1, -1, -1, -1, -1, -1, -1, -1, -1, -1, -1, -1, -1, -1, -1, -1, -1, -1, -1, -1, -1, -1, -1, -1, -1, -1, -1, -1, -1, -1, -1, -1, -1, -1, -1, -1, -1, -1, -1, -1, -1, -1, -1, -1, -1, -1, -1, -1, -1, -1, -1, -1, -1, -1, -1, -1, -1, -1, -1, -1, -1, -1, -1, -1, -1, -1, -1, -1, -1, -1, -1, -1, -1, -1, -1, -1, -1, -1, -1, -1, -1, -1, -1, -1, -1, -1, -1, -1, -1, -1]"
150,30,23,0.0,None,1,237,"[{'cluster_no': -1, 'count': 237}]","[-1, -1, -1, -1, -1, -1, -1, -1, -1, -1, -1, -1, -1, -1, -1, -1, -1, -1, -1, -1, -1, -1, -1, -1, -1, -1, -1, -1, -1, -1, -1, -1, -1, -1, -1, -1, -1, -1, -1, -1, -1, -1, -1, -1, -1, -1, -1, -1, -1, -1, -1, -1, -1, -1, -1, -1, -1, -1, -1, -1, -1, -1, -1, -1, -1, -1, -1, -1, -1, -1, -1, -1, -1, -1, -1, -1, -1, -1, -1, -1, -1, -1, -1, -1, -1, -1, -1, -1, -1, -1, -1, -1, -1, -1, -1, -1, -1, -1, -1, -1, -1, -1, -1, -1, -1, -1, -1, -1, -1, -1, -1, -1, -1, -1, -1, -1, -1, -1, -1, -1, -1, -1, -1, -1, -1, -1, -1, -1, -1, -1, -1, -1, -1, -1, -1, -1, -1, -1, -1, -1, -1, -1, -1, -1, -1, -1, -1, -1, -1, -1, -1, -1, -1, -1, -1, -1, -1, -1, -1, -1, -1, -1, -1, -1, -1, -1, -1, -1, -1, -1, -1, -1, -1, -1, -1, -1, -1, -1, -1, -1, -1, -1, -1, -1, -1, -1, -1, -1, -1, -1, -1, -1, -1, -1, -1, -1, -1, -1, -1, -1, -1, -1, -1, -1, -1, -1, -1, -1, -1, -1, -1, -1, -1, -1, -1, -1, -1, -1, -1, -1, -1, -1, -1, -1, -1, -1, -1, -1, -1, -1, -1, -1, -1, -1, -1, -1, -1]"
150,30,23,0.5,None,1,237,"[{'cluster_no': -1, 'count': 237}]","[-1, -1, -1, -1, -1, -1, -1, -1, -1, -1, -1, -1, -1, -1, -1, -1, -1, -1, -1, -1, -1, -1, -1, -1, -1, -1, -1, -1, -1, -1, -1, -1, -1, -1, -1, -1, -1, -1, -1, -1, -1, -1, -1, -1, -1, -1, -1, -1, -1, -1, -1, -1, -1, -1, -1, -1, -1, -1, -1, -1, -1, -1, -1, -1, -1, -1, -1, -1, -1, -1, -1, -1, -1, -1, -1, -1, -1, -1, -1, -1, -1, -1, -1, -1, -1, -1, -1, -1, -1, -1, -1, -1, -1, -1, -1, -1, -1, -1, -1, -1, -1, -1, -1, -1, -1, -1, -1, -1, -1, -1, -1, -1, -1, -1, -1, -1, -1, -1, -1, -1, -1, -1, -1, -1, -1, -1, -1, -1, -1, -1, -1, -1, -1, -1, -1, -1, -1, -1, -1, -1, -1, -1, -1, -1, -1, -1, -1, -1, -1, -1, -1, -1, -1, -1, -1, -1, -1, -1, -1, -1, -1, -1, -1, -1, -1, -1, -1, -1, -1, -1, -1, -1, -1, -1, -1, -1, -1, -1, -1, -1, -1, -1, -1, -1, -1, -1, -1, -1, -1, -1, -1, -1, -1, -1, -1, -1, -1, -1, -1, -1, -1, -1, -1, -1, -1, -1, -1, -1, -1, -1, -1, -1, -1, -1, -1, -1, -1, -1, -1, -1, -1, -1, -1, -1, -1, -1, -1, -1, -1, -1, -1, -1, -1, -1, -1, -1, -1]"
150,30,23,1.0,None,1,237,"[{'cluster_no': -1, 'count': 237}]","[-1, -1, -1, -1, -1, -1, -1, -1, -1, -1, -1, -1, -1, -1, -1, -1, -1, -1, -1, -1, -1, -1, -1, -1, -1, -1, -1, -1, -1, -1, -1, -1, -1, -1, -1, -1, -1, -1, -1, -1, -1, -1, -1, -1, -1, -1, -1, -1, -1, -1, -1, -1, -1, -1, -1, -1, -1, -1, -1, -1, -1, -1, -1, -1, -1, -1, -1, -1, -1, -1, -1, -1, -1, -1, -1, -1, -1, -1, -1, -1, -1, -1, -1, -1, -1, -1, -1, -1, -1, -1, -1, -1, -1, -1, -1, -1, -1, -1, -1, -1, -1, -1, -1, -1, -1, -1, -1, -1, -1, -1, -1, -1, -1, -1, -1, -1, -1, -1, -1, -1, -1, -1, -1, -1, -1, -1, -1, -1, -1, -1, -1, -1, -1, -1, -1, -1, -1, -1, -1, -1, -1, -1, -1, -1, -1, -1, -1, -1, -1, -1, -1, -1, -1, -1, -1, -1, -1, -1, -1, -1, -1, -1, -1, -1, -1, -1, -1, -1, -1, -1, -1, -1, -1, -1, -1, -1, -1, -1, -1, -1, -1, -1, -1, -1, -1, -1, -1, -1, -1, -1, -1, -1, -1, -1, -1, -1, -1, -1, -1, -1, -1, -1, -1, -1, -1, -1, -1, -1, -1, -1, -1, -1, -1, -1, -1, -1, -1, -1, -1, -1, -1, -1, -1, -1, -1, -1, -1, -1, -1, -1, -1, -1, -1, -1, -1, -1, -1]"
150,30,24,0.0,None,1,237,"[{'cluster_no': -1, 'count': 237}]","[-1, -1, -1, -1, -1, -1, -1, -1, -1, -1, -1, -1, -1, -1, -1, -1, -1, -1, -1, -1, -1, -1, -1, -1, -1, -1, -1, -1, -1, -1, -1, -1, -1, -1, -1, -1, -1, -1, -1, -1, -1, -1, -1, -1, -1, -1, -1, -1, -1, -1, -1, -1, -1, -1, -1, -1, -1, -1, -1, -1, -1, -1, -1, -1, -1, -1, -1, -1, -1, -1, -1, -1, -1, -1, -1, -1, -1, -1, -1, -1, -1, -1, -1, -1, -1, -1, -1, -1, -1, -1, -1, -1, -1, -1, -1, -1, -1, -1, -1, -1, -1, -1, -1, -1, -1, -1, -1, -1, -1, -1, -1, -1, -1, -1, -1, -1, -1, -1, -1, -1, -1, -1, -1, -1, -1, -1, -1, -1, -1, -1, -1, -1, -1, -1, -1, -1, -1, -1, -1, -1, -1, -1, -1, -1, -1, -1, -1, -1, -1, -1, -1, -1, -1, -1, -1, -1, -1, -1, -1, -1, -1, -1, -1, -1, -1, -1, -1, -1, -1, -1, -1, -1, -1, -1, -1, -1, -1, -1, -1, -1, -1, -1, -1, -1, -1, -1, -1, -1, -1, -1, -1, -1, -1, -1, -1, -1, -1, -1, -1, -1, -1, -1, -1, -1, -1, -1, -1, -1, -1, -1, -1, -1, -1, -1, -1, -1, -1, -1, -1, -1, -1, -1, -1, -1, -1, -1, -1, -1, -1, -1, -1, -1, -1, -1, -1, -1, -1]"
150,30,24,0.5,None,1,237,"[{'cluster_no': -1, 'count': 237}]","[-1, -1, -1, -1, -1, -1, -1, -1, -1, -1, -1, -1, -1, -1, -1, -1, -1, -1, -1, -1, -1, -1, -1, -1, -1, -1, -1, -1, -1, -1, -1, -1, -1, -1, -1, -1, -1, -1, -1, -1, -1, -1, -1, -1, -1, -1, -1, -1, -1, -1, -1, -1, -1, -1, -1, -1, -1, -1, -1, -1, -1, -1, -1, -1, -1, -1, -1, -1, -1, -1, -1, -1, -1, -1, -1, -1, -1, -1, -1, -1, -1, -1, -1, -1, -1, -1, -1, -1, -1, -1, -1, -1, -1, -1, -1, -1, -1, -1, -1, -1, -1, -1, -1, -1, -1, -1, -1, -1, -1, -1, -1, -1, -1, -1, -1, -1, -1, -1, -1, -1, -1, -1, -1, -1, -1, -1, -1, -1, -1, -1, -1, -1, -1, -1, -1, -1, -1, -1, -1, -1, -1, -1, -1, -1, -1, -1, -1, -1, -1, -1, -1, -1, -1, -1, -1, -1, -1, -1, -1, -1, -1, -1, -1, -1, -1, -1, -1, -1, -1, -1, -1, -1, -1, -1, -1, -1, -1, -1, -1, -1, -1, -1, -1, -1, -1, -1, -1, -1, -1, -1, -1, -1, -1, -1, -1, -1, -1, -1, -1, -1, -1, -1, -1, -1, -1, -1, -1, -1, -1, -1, -1, -1, -1, -1, -1, -1, -1, -1, -1, -1, -1, -1, -1, -1, -1, -1, -1, -1, -1, -1, -1, -1, -1, -1, -1, -1, -1]"
150,30,24,1.0,None,1,237,"[{'cluster_no': -1, 'count': 237}]","[-1, -1, -1, -1, -1, -1, -1, -1, -1, -1, -1, -1, -1, -1, -1, -1, -1, -1, -1, -1, -1, -1, -1, -1, -1, -1, -1, -1, -1, -1, -1, -1, -1, -1, -1, -1, -1, -1, -1, -1, -1, -1, -1, -1, -1, -1, -1, -1, -1, -1, -1, -1, -1, -1, -1, -1, -1, -1, -1, -1, -1, -1, -1, -1, -1, -1, -1, -1, -1, -1, -1, -1, -1, -1, -1, -1, -1, -1, -1, -1, -1, -1, -1, -1, -1, -1, -1, -1, -1, -1, -1, -1, -1, -1, -1, -1, -1, -1, -1, -1, -1, -1, -1, -1, -1, -1, -1, -1, -1, -1, -1, -1, -1, -1, -1, -1, -1, -1, -1, -1, -1, -1, -1, -1, -1, -1, -1, -1, -1, -1, -1, -1, -1, -1, -1, -1, -1, -1, -1, -1, -1, -1, -1, -1, -1, -1, -1, -1, -1, -1, -1, -1, -1, -1, -1, -1, -1, -1, -1, -1, -1, -1, -1, -1, -1, -1, -1, -1, -1, -1, -1, -1, -1, -1, -1, -1, -1, -1, -1, -1, -1, -1, -1, -1, -1, -1, -1, -1, -1, -1, -1, -1, -1, -1, -1, -1, -1, -1, -1, -1, -1, -1, -1, -1, -1, -1, -1, -1, -1, -1, -1, -1, -1, -1, -1, -1, -1, -1, -1, -1, -1, -1, -1, -1, -1, -1, -1, -1, -1, -1, -1, -1, -1, -1, -1, -1, -1]"
150,30,25,0.0,None,1,237,"[{'cluster_no': -1, 'count': 237}]","[-1, -1, -1, -1, -1, -1, -1, -1, -1, -1, -1, -1, -1, -1, -1, -1, -1, -1, -1, -1, -1, -1, -1, -1, -1, -1, -1, -1, -1, -1, -1, -1, -1, -1, -1, -1, -1, -1, -1, -1, -1, -1, -1, -1, -1, -1, -1, -1, -1, -1, -1, -1, -1, -1, -1, -1, -1, -1, -1, -1, -1, -1, -1, -1, -1, -1, -1, -1, -1, -1, -1, -1, -1, -1, -1, -1, -1, -1, -1, -1, -1, -1, -1, -1, -1, -1, -1, -1, -1, -1, -1, -1, -1, -1, -1, -1, -1, -1, -1, -1, -1, -1, -1, -1, -1, -1, -1, -1, -1, -1, -1, -1, -1, -1, -1, -1, -1, -1, -1, -1, -1, -1, -1, -1, -1, -1, -1, -1, -1, -1, -1, -1, -1, -1, -1, -1, -1, -1, -1, -1, -1, -1, -1, -1, -1, -1, -1, -1, -1, -1, -1, -1, -1, -1, -1, -1, -1, -1, -1, -1, -1, -1, -1, -1, -1, -1, -1, -1, -1, -1, -1, -1, -1, -1, -1, -1, -1, -1, -1, -1, -1, -1, -1, -1, -1, -1, -1, -1, -1, -1, -1, -1, -1, -1, -1, -1, -1, -1, -1, -1, -1, -1, -1, -1, -1, -1, -1, -1, -1, -1, -1, -1, -1, -1, -1, -1, -1, -1, -1, -1, -1, -1, -1, -1, -1, -1, -1, -1, -1, -1, -1, -1, -1, -1, -1, -1, -1]"
150,30,25,0.5,None,1,237,"[{'cluster_no': -1, 'count': 237}]","[-1, -1, -1, -1, -1, -1, -1, -1, -1, -1, -1, -1, -1, -1, -1, -1, -1, -1, -1, -1, -1, -1, -1, -1, -1, -1, -1, -1, -1, -1, -1, -1, -1, -1, -1, -1, -1, -1, -1, -1, -1, -1, -1, -1, -1, -1, -1, -1, -1, -1, -1, -1, -1, -1, -1, -1, -1, -1, -1, -1, -1, -1, -1, -1, -1, -1, -1, -1, -1, -1, -1, -1, -1, -1, -1, -1, -1, -1, -1, -1, -1, -1, -1, -1, -1, -1, -1, -1, -1, -1, -1, -1, -1, -1, -1, -1, -1, -1, -1, -1, -1, -1, -1, -1, -1, -1, -1, -1, -1, -1, -1, -1, -1, -1, -1, -1, -1, -1, -1, -1, -1, -1, -1, -1, -1, -1, -1, -1, -1, -1, -1, -1, -1, -1, -1, -1, -1, -1, -1, -1, -1, -1, -1, -1, -1, -1, -1, -1, -1, -1, -1, -1, -1, -1, -1, -1, -1, -1, -1, -1, -1, -1, -1, -1, -1, -1, -1, -1, -1, -1, -1, -1, -1, -1, -1, -1, -1, -1, -1, -1, -1, -1, -1, -1, -1, -1, -1, -1, -1, -1, -1, -1, -1, -1, -1, -1, -1, -1, -1, -1, -1, -1, -1, -1, -1, -1, -1, -1, -1, -1, -1, -1, -1, -1, -1, -1, -1, -1, -1, -1, -1, -1, -1, -1, -1, -1, -1, -1, -1, -1, -1, -1, -1, -1, -1, -1, -1]"
150,30,25,1.0,None,1,237,"[{'cluster_no': -1, 'count': 237}]","[-1, -1, -1, -1, -1, -1, -1, -1, -1, -1, -1, -1, -1, -1, -1, -1, -1, -1, -1, -1, -1, -1, -1, -1, -1, -1, -1, -1, -1, -1, -1, -1, -1, -1, -1, -1, -1, -1, -1, -1, -1, -1, -1, -1, -1, -1, -1, -1, -1, -1, -1, -1, -1, -1, -1, -1, -1, -1, -1, -1, -1, -1, -1, -1, -1, -1, -1, -1, -1, -1, -1, -1, -1, -1, -1, -1, -1, -1, -1, -1, -1, -1, -1, -1, -1, -1, -1, -1, -1, -1, -1, -1, -1, -1, -1, -1, -1, -1, -1, -1, -1, -1, -1, -1, -1, -1, -1, -1, -1, -1, -1, -1, -1, -1, -1, -1, -1, -1, -1, -1, -1, -1, -1, -1, -1, -1, -1, -1, -1, -1, -1, -1, -1, -1, -1, -1, -1, -1, -1, -1, -1, -1, -1, -1, -1, -1, -1, -1, -1, -1, -1, -1, -1, -1, -1, -1, -1, -1, -1, -1, -1, -1, -1, -1, -1, -1, -1, -1, -1, -1, -1, -1, -1, -1, -1, -1, -1, -1, -1, -1, -1, -1, -1, -1, -1, -1, -1, -1, -1, -1, -1, -1, -1, -1, -1, -1, -1, -1, -1, -1, -1, -1, -1, -1, -1, -1, -1, -1, -1, -1, -1, -1, -1, -1, -1, -1, -1, -1, -1, -1, -1, -1, -1, -1, -1, -1, -1, -1, -1, -1, -1, -1, -1, -1, -1, -1, -1]"
150,30,26,0.0,None,1,237,"[{'cluster_no': -1, 'count': 237}]","[-1, -1, -1, -1, -1, -1, -1, -1, -1, -1, -1, -1, -1, -1, -1, -1, -1, -1, -1, -1, -1, -1, -1, -1, -1, -1, -1, -1, -1, -1, -1, -1, -1, -1, -1, -1, -1, -1, -1, -1, -1, -1, -1, -1, -1, -1, -1, -1, -1, -1, -1, -1, -1, -1, -1, -1, -1, -1, -1, -1, -1, -1, -1, -1, -1, -1, -1, -1, -1, -1, -1, -1, -1, -1, -1, -1, -1, -1, -1, -1, -1, -1, -1, -1, -1, -1, -1, -1, -1, -1, -1, -1, -1, -1, -1, -1, -1, -1, -1, -1, -1, -1, -1, -1, -1, -1, -1, -1, -1, -1, -1, -1, -1, -1, -1, -1, -1, -1, -1, -1, -1, -1, -1, -1, -1, -1, -1, -1, -1, -1, -1, -1, -1, -1, -1, -1, -1, -1, -1, -1, -1, -1, -1, -1, -1, -1, -1, -1, -1, -1, -1, -1, -1, -1, -1, -1, -1, -1, -1, -1, -1, -1, -1, -1, -1, -1, -1, -1, -1, -1, -1, -1, -1, -1, -1, -1, -1, -1, -1, -1, -1, -1, -1, -1, -1, -1, -1, -1, -1, -1, -1, -1, -1, -1, -1, -1, -1, -1, -1, -1, -1, -1, -1, -1, -1, -1, -1, -1, -1, -1, -1, -1, -1, -1, -1, -1, -1, -1, -1, -1, -1, -1, -1, -1, -1, -1, -1, -1, -1, -1, -1, -1, -1, -1, -1, -1, -1]"
150,30,26,0.5,None,1,237,"[{'cluster_no': -1, 'count': 237}]","[-1, -1, -1, -1, -1, -1, -1, -1, -1, -1, -1, -1, -1, -1, -1, -1, -1, -1, -1, -1, -1, -1, -1, -1, -1, -1, -1, -1, -1, -1, -1, -1, -1, -1, -1, -1, -1, -1, -1, -1, -1, -1, -1, -1, -1, -1, -1, -1, -1, -1, -1, -1, -1, -1, -1, -1, -1, -1, -1, -1, -1, -1, -1, -1, -1, -1, -1, -1, -1, -1, -1, -1, -1, -1, -1, -1, -1, -1, -1, -1, -1, -1, -1, -1, -1, -1, -1, -1, -1, -1, -1, -1, -1, -1, -1, -1, -1, -1, -1, -1, -1, -1, -1, -1, -1, -1, -1, -1, -1, -1, -1, -1, -1, -1, -1, -1, -1, -1, -1, -1, -1, -1, -1, -1, -1, -1, -1, -1, -1, -1, -1, -1, -1, -1, -1, -1, -1, -1, -1, -1, -1, -1, -1, -1, -1, -1, -1, -1, -1, -1, -1, -1, -1, -1, -1, -1, -1, -1, -1, -1, -1, -1, -1, -1, -1, -1, -1, -1, -1, -1, -1, -1, -1, -1, -1, -1, -1, -1, -1, -1, -1, -1, -1, -1, -1, -1, -1, -1, -1, -1, -1, -1, -1, -1, -1, -1, -1, -1, -1, -1, -1, -1, -1, -1, -1, -1, -1, -1, -1, -1, -1, -1, -1, -1, -1, -1, -1, -1, -1, -1, -1, -1, -1, -1, -1, -1, -1, -1, -1, -1, -1, -1, -1, -1, -1, -1, -1]"
150,30,26,1.0,None,1,237,"[{'cluster_no': -1, 'count': 237}]","[-1, -1, -1, -1, -1, -1, -1, -1, -1, -1, -1, -1, -1, -1, -1, -1, -1, -1, -1, -1, -1, -1, -1, -1, -1, -1, -1, -1, -1, -1, -1, -1, -1, -1, -1, -1, -1, -1, -1, -1, -1, -1, -1, -1, -1, -1, -1, -1, -1, -1, -1, -1, -1, -1, -1, -1, -1, -1, -1, -1, -1, -1, -1, -1, -1, -1, -1, -1, -1, -1, -1, -1, -1, -1, -1, -1, -1, -1, -1, -1, -1, -1, -1, -1, -1, -1, -1, -1, -1, -1, -1, -1, -1, -1, -1, -1, -1, -1, -1, -1, -1, -1, -1, -1, -1, -1, -1, -1, -1, -1, -1, -1, -1, -1, -1, -1, -1, -1, -1, -1, -1, -1, -1, -1, -1, -1, -1, -1, -1, -1, -1, -1, -1, -1, -1, -1, -1, -1, -1, -1, -1, -1, -1, -1, -1, -1, -1, -1, -1, -1, -1, -1, -1, -1, -1, -1, -1, -1, -1, -1, -1, -1, -1, -1, -1, -1, -1, -1, -1, -1, -1, -1, -1, -1, -1, -1, -1, -1, -1, -1, -1, -1, -1, -1, -1, -1, -1, -1, -1, -1, -1, -1, -1, -1, -1, -1, -1, -1, -1, -1, -1, -1, -1, -1, -1, -1, -1, -1, -1, -1, -1, -1, -1, -1, -1, -1, -1, -1, -1, -1, -1, -1, -1, -1, -1, -1, -1, -1, -1, -1, -1, -1, -1, -1, -1, -1, -1]"
150,30,27,0.0,None,1,237,"[{'cluster_no': -1, 'count': 237}]","[-1, -1, -1, -1, -1, -1, -1, -1, -1, -1, -1, -1, -1, -1, -1, -1, -1, -1, -1, -1, -1, -1, -1, -1, -1, -1, -1, -1, -1, -1, -1, -1, -1, -1, -1, -1, -1, -1, -1, -1, -1, -1, -1, -1, -1, -1, -1, -1, -1, -1, -1, -1, -1, -1, -1, -1, -1, -1, -1, -1, -1, -1, -1, -1, -1, -1, -1, -1, -1, -1, -1, -1, -1, -1, -1, -1, -1, -1, -1, -1, -1, -1, -1, -1, -1, -1, -1, -1, -1, -1, -1, -1, -1, -1, -1, -1, -1, -1, -1, -1, -1, -1, -1, -1, -1, -1, -1, -1, -1, -1, -1, -1, -1, -1, -1, -1, -1, -1, -1, -1, -1, -1, -1, -1, -1, -1, -1, -1, -1, -1, -1, -1, -1, -1, -1, -1, -1, -1, -1, -1, -1, -1, -1, -1, -1, -1, -1, -1, -1, -1, -1, -1, -1, -1, -1, -1, -1, -1, -1, -1, -1, -1, -1, -1, -1, -1, -1, -1, -1, -1, -1, -1, -1, -1, -1, -1, -1, -1, -1, -1, -1, -1, -1, -1, -1, -1, -1, -1, -1, -1, -1, -1, -1, -1, -1, -1, -1, -1, -1, -1, -1, -1, -1, -1, -1, -1, -1, -1, -1, -1, -1, -1, -1, -1, -1, -1, -1, -1, -1, -1, -1, -1, -1, -1, -1, -1, -1, -1, -1, -1, -1, -1, -1, -1, -1, -1, -1]"
150,30,27,0.5,None,1,237,"[{'cluster_no': -1, 'count': 237}]","[-1, -1, -1, -1, -1, -1, -1, -1, -1, -1, -1, -1, -1, -1, -1, -1, -1, -1, -1, -1, -1, -1, -1, -1, -1, -1, -1, -1, -1, -1, -1, -1, -1, -1, -1, -1, -1, -1, -1, -1, -1, -1, -1, -1, -1, -1, -1, -1, -1, -1, -1, -1, -1, -1, -1, -1, -1, -1, -1, -1, -1, -1, -1, -1, -1, -1, -1, -1, -1, -1, -1, -1, -1, -1, -1, -1, -1, -1, -1, -1, -1, -1, -1, -1, -1, -1, -1, -1, -1, -1, -1, -1, -1, -1, -1, -1, -1, -1, -1, -1, -1, -1, -1, -1, -1, -1, -1, -1, -1, -1, -1, -1, -1, -1, -1, -1, -1, -1, -1, -1, -1, -1, -1, -1, -1, -1, -1, -1, -1, -1, -1, -1, -1, -1, -1, -1, -1, -1, -1, -1, -1, -1, -1, -1, -1, -1, -1, -1, -1, -1, -1, -1, -1, -1, -1, -1, -1, -1, -1, -1, -1, -1, -1, -1, -1, -1, -1, -1, -1, -1, -1, -1, -1, -1, -1, -1, -1, -1, -1, -1, -1, -1, -1, -1, -1, -1, -1, -1, -1, -1, -1, -1, -1, -1, -1, -1, -1, -1, -1, -1, -1, -1, -1, -1, -1, -1, -1, -1, -1, -1, -1, -1, -1, -1, -1, -1, -1, -1, -1, -1, -1, -1, -1, -1, -1, -1, -1, -1, -1, -1, -1, -1, -1, -1, -1, -1, -1]"
150,30,27,1.0,None,1,237,"[{'cluster_no': -1, 'count': 237}]","[-1, -1, -1, -1, -1, -1, -1, -1, -1, -1, -1, -1, -1, -1, -1, -1, -1, -1, -1, -1, -1, -1, -1, -1, -1, -1, -1, -1, -1, -1, -1, -1, -1, -1, -1, -1, -1, -1, -1, -1, -1, -1, -1, -1, -1, -1, -1, -1, -1, -1, -1, -1, -1, -1, -1, -1, -1, -1, -1, -1, -1, -1, -1, -1, -1, -1, -1, -1, -1, -1, -1, -1, -1, -1, -1, -1, -1, -1, -1, -1, -1, -1, -1, -1, -1, -1, -1, -1, -1, -1, -1, -1, -1, -1, -1, -1, -1, -1, -1, -1, -1, -1, -1, -1, -1, -1, -1, -1, -1, -1, -1, -1, -1, -1, -1, -1, -1, -1, -1, -1, -1, -1, -1, -1, -1, -1, -1, -1, -1, -1, -1, -1, -1, -1, -1, -1, -1, -1, -1, -1, -1, -1, -1, -1, -1, -1, -1, -1, -1, -1, -1, -1, -1, -1, -1, -1, -1, -1, -1, -1, -1, -1, -1, -1, -1, -1, -1, -1, -1, -1, -1, -1, -1, -1, -1, -1, -1, -1, -1, -1, -1, -1, -1, -1, -1, -1, -1, -1, -1, -1, -1, -1, -1, -1, -1, -1, -1, -1, -1, -1, -1, -1, -1, -1, -1, -1, -1, -1, -1, -1, -1, -1, -1, -1, -1, -1, -1, -1, -1, -1, -1, -1, -1, -1, -1, -1, -1, -1, -1, -1, -1, -1, -1, -1, -1, -1, -1]"
150,30,28,0.0,None,1,237,"[{'cluster_no': -1, 'count': 237}]","[-1, -1, -1, -1, -1, -1, -1, -1, -1, -1, -1, -1, -1, -1, -1, -1, -1, -1, -1, -1, -1, -1, -1, -1, -1, -1, -1, -1, -1, -1, -1, -1, -1, -1, -1, -1, -1, -1, -1, -1, -1, -1, -1, -1, -1, -1, -1, -1, -1, -1, -1, -1, -1, -1, -1, -1, -1, -1, -1, -1, -1, -1, -1, -1, -1, -1, -1, -1, -1, -1, -1, -1, -1, -1, -1, -1, -1, -1, -1, -1, -1, -1, -1, -1, -1, -1, -1, -1, -1, -1, -1, -1, -1, -1, -1, -1, -1, -1, -1, -1, -1, -1, -1, -1, -1, -1, -1, -1, -1, -1, -1, -1, -1, -1, -1, -1, -1, -1, -1, -1, -1, -1, -1, -1, -1, -1, -1, -1, -1, -1, -1, -1, -1, -1, -1, -1, -1, -1, -1, -1, -1, -1, -1, -1, -1, -1, -1, -1, -1, -1, -1, -1, -1, -1, -1, -1, -1, -1, -1, -1, -1, -1, -1, -1, -1, -1, -1, -1, -1, -1, -1, -1, -1, -1, -1, -1, -1, -1, -1, -1, -1, -1, -1, -1, -1, -1, -1, -1, -1, -1, -1, -1, -1, -1, -1, -1, -1, -1, -1, -1, -1, -1, -1, -1, -1, -1, -1, -1, -1, -1, -1, -1, -1, -1, -1, -1, -1, -1, -1, -1, -1, -1, -1, -1, -1, -1, -1, -1, -1, -1, -1, -1, -1, -1, -1, -1, -1]"
150,30,28,0.5,None,1,237,"[{'cluster_no': -1, 'count': 237}]","[-1, -1, -1, -1, -1, -1, -1, -1, -1, -1, -1, -1, -1, -1, -1, -1, -1, -1, -1, -1, -1, -1, -1, -1, -1, -1, -1, -1, -1, -1, -1, -1, -1, -1, -1, -1, -1, -1, -1, -1, -1, -1, -1, -1, -1, -1, -1, -1, -1, -1, -1, -1, -1, -1, -1, -1, -1, -1, -1, -1, -1, -1, -1, -1, -1, -1, -1, -1, -1, -1, -1, -1, -1, -1, -1, -1, -1, -1, -1, -1, -1, -1, -1, -1, -1, -1, -1, -1, -1, -1, -1, -1, -1, -1, -1, -1, -1, -1, -1, -1, -1, -1, -1, -1, -1, -1, -1, -1, -1, -1, -1, -1, -1, -1, -1, -1, -1, -1, -1, -1, -1, -1, -1, -1, -1, -1, -1, -1, -1, -1, -1, -1, -1, -1, -1, -1, -1, -1, -1, -1, -1, -1, -1, -1, -1, -1, -1, -1, -1, -1, -1, -1, -1, -1, -1, -1, -1, -1, -1, -1, -1, -1, -1, -1, -1, -1, -1, -1, -1, -1, -1, -1, -1, -1, -1, -1, -1, -1, -1, -1, -1, -1, -1, -1, -1, -1, -1, -1, -1, -1, -1, -1, -1, -1, -1, -1, -1, -1, -1, -1, -1, -1, -1, -1, -1, -1, -1, -1, -1, -1, -1, -1, -1, -1, -1, -1, -1, -1, -1, -1, -1, -1, -1, -1, -1, -1, -1, -1, -1, -1, -1, -1, -1, -1, -1, -1, -1]"
150,30,28,1.0,None,1,237,"[{'cluster_no': -1, 'count': 237}]","[-1, -1, -1, -1, -1, -1, -1, -1, -1, -1, -1, -1, -1, -1, -1, -1, -1, -1, -1, -1, -1, -1, -1, -1, -1, -1, -1, -1, -1, -1, -1, -1, -1, -1, -1, -1, -1, -1, -1, -1, -1, -1, -1, -1, -1, -1, -1, -1, -1, -1, -1, -1, -1, -1, -1, -1, -1, -1, -1, -1, -1, -1, -1, -1, -1, -1, -1, -1, -1, -1, -1, -1, -1, -1, -1, -1, -1, -1, -1, -1, -1, -1, -1, -1, -1, -1, -1, -1, -1, -1, -1, -1, -1, -1, -1, -1, -1, -1, -1, -1, -1, -1, -1, -1, -1, -1, -1, -1, -1, -1, -1, -1, -1, -1, -1, -1, -1, -1, -1, -1, -1, -1, -1, -1, -1, -1, -1, -1, -1, -1, -1, -1, -1, -1, -1, -1, -1, -1, -1, -1, -1, -1, -1, -1, -1, -1, -1, -1, -1, -1, -1, -1, -1, -1, -1, -1, -1, -1, -1, -1, -1, -1, -1, -1, -1, -1, -1, -1, -1, -1, -1, -1, -1, -1, -1, -1, -1, -1, -1, -1, -1, -1, -1, -1, -1, -1, -1, -1, -1, -1, -1, -1, -1, -1, -1, -1, -1, -1, -1, -1, -1, -1, -1, -1, -1, -1, -1, -1, -1, -1, -1, -1, -1, -1, -1, -1, -1, -1, -1, -1, -1, -1, -1, -1, -1, -1, -1, -1, -1, -1, -1, -1, -1, -1, -1, -1, -1]"
150,30,29,0.0,None,1,237,"[{'cluster_no': -1, 'count': 237}]","[-1, -1, -1, -1, -1, -1, -1, -1, -1, -1, -1, -1, -1, -1, -1, -1, -1, -1, -1, -1, -1, -1, -1, -1, -1, -1, -1, -1, -1, -1, -1, -1, -1, -1, -1, -1, -1, -1, -1, -1, -1, -1, -1, -1, -1, -1, -1, -1, -1, -1, -1, -1, -1, -1, -1, -1, -1, -1, -1, -1, -1, -1, -1, -1, -1, -1, -1, -1, -1, -1, -1, -1, -1, -1, -1, -1, -1, -1, -1, -1, -1, -1, -1, -1, -1, -1, -1, -1, -1, -1, -1, -1, -1, -1, -1, -1, -1, -1, -1, -1, -1, -1, -1, -1, -1, -1, -1, -1, -1, -1, -1, -1, -1, -1, -1, -1, -1, -1, -1, -1, -1, -1, -1, -1, -1, -1, -1, -1, -1, -1, -1, -1, -1, -1, -1, -1, -1, -1, -1, -1, -1, -1, -1, -1, -1, -1, -1, -1, -1, -1, -1, -1, -1, -1, -1, -1, -1, -1, -1, -1, -1, -1, -1, -1, -1, -1, -1, -1, -1, -1, -1, -1, -1, -1, -1, -1, -1, -1, -1, -1, -1, -1, -1, -1, -1, -1, -1, -1, -1, -1, -1, -1, -1, -1, -1, -1, -1, -1, -1, -1, -1, -1, -1, -1, -1, -1, -1, -1, -1, -1, -1, -1, -1, -1, -1, -1, -1, -1, -1, -1, -1, -1, -1, -1, -1, -1, -1, -1, -1, -1, -1, -1, -1, -1, -1, -1, -1]"
150,30,29,0.5,None,1,237,"[{'cluster_no': -1, 'count': 237}]","[-1, -1, -1, -1, -1, -1, -1, -1, -1, -1, -1, -1, -1, -1, -1, -1, -1, -1, -1, -1, -1, -1, -1, -1, -1, -1, -1, -1, -1, -1, -1, -1, -1, -1, -1, -1, -1, -1, -1, -1, -1, -1, -1, -1, -1, -1, -1, -1, -1, -1, -1, -1, -1, -1, -1, -1, -1, -1, -1, -1, -1, -1, -1, -1, -1, -1, -1, -1, -1, -1, -1, -1, -1, -1, -1, -1, -1, -1, -1, -1, -1, -1, -1, -1, -1, -1, -1, -1, -1, -1, -1, -1, -1, -1, -1, -1, -1, -1, -1, -1, -1, -1, -1, -1, -1, -1, -1, -1, -1, -1, -1, -1, -1, -1, -1, -1, -1, -1, -1, -1, -1, -1, -1, -1, -1, -1, -1, -1, -1, -1, -1, -1, -1, -1, -1, -1, -1, -1, -1, -1, -1, -1, -1, -1, -1, -1, -1, -1, -1, -1, -1, -1, -1, -1, -1, -1, -1, -1, -1, -1, -1, -1, -1, -1, -1, -1, -1, -1, -1, -1, -1, -1, -1, -1, -1, -1, -1, -1, -1, -1, -1, -1, -1, -1, -1, -1, -1, -1, -1, -1, -1, -1, -1, -1, -1, -1, -1, -1, -1, -1, -1, -1, -1, -1, -1, -1, -1, -1, -1, -1, -1, -1, -1, -1, -1, -1, -1, -1, -1, -1, -1, -1, -1, -1, -1, -1, -1, -1, -1, -1, -1, -1, -1, -1, -1, -1, -1]"
150,30,29,1.0,None,1,237,"[{'cluster_no': -1, 'count': 237}]","[-1, -1, -1, -1, -1, -1, -1, -1, -1, -1, -1, -1, -1, -1, -1, -1, -1, -1, -1, -1, -1, -1, -1, -1, -1, -1, -1, -1, -1, -1, -1, -1, -1, -1, -1, -1, -1, -1, -1, -1, -1, -1, -1, -1, -1, -1, -1, -1, -1, -1, -1, -1, -1, -1, -1, -1, -1, -1, -1, -1, -1, -1, -1, -1, -1, -1, -1, -1, -1, -1, -1, -1, -1, -1, -1, -1, -1, -1, -1, -1, -1, -1, -1, -1, -1, -1, -1, -1, -1, -1, -1, -1, -1, -1, -1, -1, -1, -1, -1, -1, -1, -1, -1, -1, -1, -1, -1, -1, -1, -1, -1, -1, -1, -1, -1, -1, -1, -1, -1, -1, -1, -1, -1, -1, -1, -1, -1, -1, -1, -1, -1, -1, -1, -1, -1, -1, -1, -1, -1, -1, -1, -1, -1, -1, -1, -1, -1, -1, -1, -1, -1, -1, -1, -1, -1, -1, -1, -1, -1, -1, -1, -1, -1, -1, -1, -1, -1, -1, -1, -1, -1, -1, -1, -1, -1, -1, -1, -1, -1, -1, -1, -1, -1, -1, -1, -1, -1, -1, -1, -1, -1, -1, -1, -1, -1, -1, -1, -1, -1, -1, -1, -1, -1, -1, -1, -1, -1, -1, -1, -1, -1, -1, -1, -1, -1, -1, -1, -1, -1, -1, -1, -1, -1, -1, -1, -1, -1, -1, -1, -1, -1, -1, -1, -1, -1, -1, -1]"
150,30,30,0.0,None,1,237,"[{'cluster_no': -1, 'count': 237}]","[-1, -1, -1, -1, -1, -1, -1, -1, -1, -1, -1, -1, -1, -1, -1, -1, -1, -1, -1, -1, -1, -1, -1, -1, -1, -1, -1, -1, -1, -1, -1, -1, -1, -1, -1, -1, -1, -1, -1, -1, -1, -1, -1, -1, -1, -1, -1, -1, -1, -1, -1, -1, -1, -1, -1, -1, -1, -1, -1, -1, -1, -1, -1, -1, -1, -1, -1, -1, -1, -1, -1, -1, -1, -1, -1, -1, -1, -1, -1, -1, -1, -1, -1, -1, -1, -1, -1, -1, -1, -1, -1, -1, -1, -1, -1, -1, -1, -1, -1, -1, -1, -1, -1, -1, -1, -1, -1, -1, -1, -1, -1, -1, -1, -1, -1, -1, -1, -1, -1, -1, -1, -1, -1, -1, -1, -1, -1, -1, -1, -1, -1, -1, -1, -1, -1, -1, -1, -1, -1, -1, -1, -1, -1, -1, -1, -1, -1, -1, -1, -1, -1, -1, -1, -1, -1, -1, -1, -1, -1, -1, -1, -1, -1, -1, -1, -1, -1, -1, -1, -1, -1, -1, -1, -1, -1, -1, -1, -1, -1, -1, -1, -1, -1, -1, -1, -1, -1, -1, -1, -1, -1, -1, -1, -1, -1, -1, -1, -1, -1, -1, -1, -1, -1, -1, -1, -1, -1, -1, -1, -1, -1, -1, -1, -1, -1, -1, -1, -1, -1, -1, -1, -1, -1, -1, -1, -1, -1, -1, -1, -1, -1, -1, -1, -1, -1, -1, -1]"
150,30,30,0.5,None,1,237,"[{'cluster_no': -1, 'count': 237}]","[-1, -1, -1, -1, -1, -1, -1, -1, -1, -1, -1, -1, -1, -1, -1, -1, -1, -1, -1, -1, -1, -1, -1, -1, -1, -1, -1, -1, -1, -1, -1, -1, -1, -1, -1, -1, -1, -1, -1, -1, -1, -1, -1, -1, -1, -1, -1, -1, -1, -1, -1, -1, -1, -1, -1, -1, -1, -1, -1, -1, -1, -1, -1, -1, -1, -1, -1, -1, -1, -1, -1, -1, -1, -1, -1, -1, -1, -1, -1, -1, -1, -1, -1, -1, -1, -1, -1, -1, -1, -1, -1, -1, -1, -1, -1, -1, -1, -1, -1, -1, -1, -1, -1, -1, -1, -1, -1, -1, -1, -1, -1, -1, -1, -1, -1, -1, -1, -1, -1, -1, -1, -1, -1, -1, -1, -1, -1, -1, -1, -1, -1, -1, -1, -1, -1, -1, -1, -1, -1, -1, -1, -1, -1, -1, -1, -1, -1, -1, -1, -1, -1, -1, -1, -1, -1, -1, -1, -1, -1, -1, -1, -1, -1, -1, -1, -1, -1, -1, -1, -1, -1, -1, -1, -1, -1, -1, -1, -1, -1, -1, -1, -1, -1, -1, -1, -1, -1, -1, -1, -1, -1, -1, -1, -1, -1, -1, -1, -1, -1, -1, -1, -1, -1, -1, -1, -1, -1, -1, -1, -1, -1, -1, -1, -1, -1, -1, -1, -1, -1, -1, -1, -1, -1, -1, -1, -1, -1, -1, -1, -1, -1, -1, -1, -1, -1, -1, -1]"
150,30,30,1.0,None,1,237,"[{'cluster_no': -1, 'count': 237}]","[-1, -1, -1, -1, -1, -1, -1, -1, -1, -1, -1, -1, -1, -1, -1, -1, -1, -1, -1, -1, -1, -1, -1, -1, -1, -1, -1, -1, -1, -1, -1, -1, -1, -1, -1, -1, -1, -1, -1, -1, -1, -1, -1, -1, -1, -1, -1, -1, -1, -1, -1, -1, -1, -1, -1, -1, -1, -1, -1, -1, -1, -1, -1, -1, -1, -1, -1, -1, -1, -1, -1, -1, -1, -1, -1, -1, -1, -1, -1, -1, -1, -1, -1, -1, -1, -1, -1, -1, -1, -1, -1, -1, -1, -1, -1, -1, -1, -1, -1, -1, -1, -1, -1, -1, -1, -1, -1, -1, -1, -1, -1, -1, -1, -1, -1, -1, -1, -1, -1, -1, -1, -1, -1, -1, -1, -1, -1, -1, -1, -1, -1, -1, -1, -1, -1, -1, -1, -1, -1, -1, -1, -1, -1, -1, -1, -1, -1, -1, -1, -1, -1, -1, -1, -1, -1, -1, -1, -1, -1, -1, -1, -1, -1, -1, -1, -1, -1, -1, -1, -1, -1, -1, -1, -1, -1, -1, -1, -1, -1, -1, -1, -1, -1, -1, -1, -1, -1, -1, -1, -1, -1, -1, -1, -1, -1, -1, -1, -1, -1, -1, -1, -1, -1, -1, -1, -1, -1, -1, -1, -1, -1, -1, -1, -1, -1, -1, -1, -1, -1, -1, -1, -1, -1, -1, -1, -1, -1, -1, -1, -1, -1, -1, -1, -1, -1, -1, -1]"
